/*--------------------------------*- C++ -*----------------------------------*\
| =========                 |                                                 |
| \\      /  F ield         | OpenFOAM: The Open Source CFD Toolbox           |
|  \\    /   O peration     | Version:  v1806                                 |
|   \\  /    A nd           | Web:      www.OpenFOAM.com                      |
|    \\/     M anipulation  |                                                 |
\*---------------------------------------------------------------------------*/
FoamFile
{
    version     2.0;
    format      ascii;
    class       volScalarField;
    location    "5";
    object      epsilon;
}
// * * * * * * * * * * * * * * * * * * * * * * * * * * * * * * * * * * * * * //

dimensions      [0 2 -3 0 0 0 0];


internalField   nonuniform List<scalar> 
8000
(
0.0812171
0.0712355
0.0486309
0.0266554
0.0270419
0.0573584
0.0618082
0.0497068
0.0391802
0.0318041
0.0266128
0.0228038
0.019993
0.0181524
0.0171874
0.0170961
0.0178381
0.0193309
0.0216294
0.0248898
0.0291547
0.0345301
0.0414416
0.0513016
0.0646353
0.0790256
0.0937423
0.108885
0.123808
0.137855
0.149894
0.158584
0.163132
0.164696
0.163907
0.158846
0.148906
0.135476
0.122724
0.119375
0.1277
0.139733
0.150873
0.159674
0.165823
0.16945
0.171006
0.171244
0.170741
0.169584
0.167584
0.164601
0.160712
0.156129
0.15108
0.145766
0.140344
0.134929
0.129606
0.124432
0.119447
0.114674
0.110128
0.105812
0.101735
0.0978909
0.0942918
0.0909269
0.087827
0.0849731
0.0824712
0.0802748
0.0786081
0.0773283
0.0770342
0.0771888
0.0793272
0.0865403
0.0939761
0.101139
0.108122
0.115444
0.123321
0.130874
0.137336
0.142605
0.145819
0.146852
0.148747
0.152518
0.159732
0.175467
0.201587
0.234777
0.277776
0.304721
0.245028
0.162506
0.10588
0.0784255
0.268828
0.234281
0.158249
0.0847645
0.0731851
0.132246
0.127328
0.0979094
0.0760256
0.0614582
0.0516314
0.0445465
0.0395193
0.0363711
0.0349307
0.0352113
0.0371526
0.0406412
0.045858
0.053066
0.0622567
0.073607
0.088151
0.109006
0.135517
0.161008
0.184326
0.204789
0.221458
0.233381
0.239749
0.239907
0.233805
0.222434
0.207126
0.18845
0.167489
0.14646
0.129939
0.125996
0.13593
0.151881
0.16894
0.185194
0.199893
0.212744
0.22371
0.232934
0.240509
0.246408
0.250607
0.253128
0.254097
0.253706
0.252157
0.249641
0.246334
0.242387
0.237933
0.233089
0.227953
0.222608
0.217124
0.211562
0.205971
0.200394
0.194873
0.189451
0.184166
0.179072
0.174263
0.169827
0.165867
0.162501
0.159906
0.158018
0.156339
0.161161
0.172031
0.186153
0.203368
0.223515
0.247053
0.272335
0.297008
0.319933
0.338946
0.352498
0.366292
0.383916
0.41021
0.458517
0.538285
0.646783
0.793572
0.916481
0.814222
0.572047
0.378017
0.276303
0.596681
0.517544
0.344155
0.182918
0.144132
0.242342
0.222187
0.166706
0.128166
0.103243
0.0868294
0.07513
0.0670037
0.0620537
0.0600303
0.060993
0.0648514
0.0713312
0.0804924
0.0924184
0.106791
0.123704
0.144973
0.175046
0.209002
0.235606
0.254903
0.266702
0.271841
0.270808
0.264461
0.253487
0.238836
0.221811
0.203639
0.184724
0.16559
0.14749
0.133614
0.130231
0.138417
0.151986
0.16707
0.182202
0.196837
0.210755
0.223893
0.236286
0.247913
0.258646
0.268354
0.276925
0.284328
0.290585
0.295739
0.299837
0.302928
0.305059
0.306277
0.306632
0.306171
0.304949
0.303013
0.300421
0.297218
0.293471
0.289207
0.284514
0.279394
0.274008
0.26831
0.26263
0.25665
0.25103
0.244701
0.238851
0.228983
0.224216
0.234191
0.254262
0.284111
0.323286
0.373065
0.431299
0.492806
0.553578
0.608934
0.654324
0.697778
0.746778
0.811024
0.916213
1.08534
1.31973
1.63731
1.92293
1.78704
1.28175
0.85551
0.630745
1.14654
0.992937
0.656445
0.345268
0.253265
0.391918
0.33401
0.244191
0.186356
0.149898
0.126509
0.110069
0.0989306
0.0922812
0.0896504
0.0910014
0.0959489
0.103624
0.113435
0.124854
0.13738
0.151767
0.170555
0.195835
0.220537
0.237627
0.248664
0.254141
0.255164
0.252199
0.245821
0.236377
0.22437
0.210558
0.195712
0.180093
0.164106
0.148813
0.136982
0.133959
0.140681
0.152022
0.164668
0.177335
0.189559
0.201175
0.212154
0.22255
0.232371
0.241557
0.250043
0.257776
0.264753
0.271002
0.276561
0.281466
0.285745
0.289421
0.292507
0.295014
0.296949
0.298317
0.299113
0.299344
0.298996
0.298078
0.296558
0.294463
0.29172
0.288413
0.284389
0.279908
0.274493
0.26876
0.261329
0.253593
0.241512
0.232182
0.238159
0.256894
0.2881
0.332537
0.393306
0.471372
0.564035
0.667235
0.77505
0.880056
0.986647
1.10266
1.24123
1.43554
1.71956
2.09678
2.57019
2.98628
2.93496
2.27991
1.61289
1.23956
1.85582
1.61119
1.09736
0.599252
0.42006
0.556021
0.425693
0.29978
0.22543
0.180402
0.152461
0.133427
0.121048
0.113823
0.110679
0.111077
0.114167
0.118836
0.124647
0.131644
0.140109
0.151199
0.166664
0.186333
0.205063
0.218924
0.228438
0.23381
0.235681
0.234313
0.23005
0.223112
0.213848
0.20282
0.190627
0.177522
0.163889
0.150701
0.140425
0.137667
0.143231
0.152824
0.163562
0.174284
0.184565
0.194257
0.203338
0.211855
0.219821
0.227199
0.233958
0.240071
0.24555
0.250429
0.25475
0.258553
0.26187
0.264727
0.267143
0.269133
0.270706
0.271869
0.272619
0.272958
0.272872
0.272358
0.271387
0.269959
0.268013
0.265576
0.262532
0.259
0.254684
0.249888
0.243808
0.237264
0.228535
0.221467
0.225727
0.241504
0.268674
0.308193
0.362781
0.434087
0.521825
0.624819
0.740744
0.867421
1.00955
1.1744
1.37522
1.63693
1.97989
2.39521
2.84119
3.17613
3.24457
2.95931
2.42013
2.03684
2.37452
2.08011
1.53922
0.936836
0.657723
0.710706
0.497306
0.335031
0.244886
0.192683
0.161032
0.140138
0.126845
0.119075
0.115213
0.114243
0.115265
0.117586
0.121185
0.126407
0.133657
0.143796
0.157765
0.174641
0.19091
0.203787
0.213133
0.219023
0.221859
0.221831
0.219183
0.214088
0.206823
0.197838
0.187624
0.176427
0.164615
0.15309
0.144062
0.141506
0.146105
0.154256
0.163442
0.172603
0.18134
0.189515
0.197109
0.204159
0.210679
0.216646
0.222047
0.226869
0.231129
0.234862
0.238108
0.240907
0.24329
0.245285
0.246912
0.248189
0.249127
0.249735
0.250017
0.249975
0.249605
0.248902
0.247851
0.246445
0.244653
0.24248
0.239867
0.236862
0.233334
0.229408
0.224751
0.2198
0.21432
0.210109
0.213841
0.227348
0.250776
0.284967
0.331763
0.392142
0.465928
0.552486
0.650798
0.761978
0.892015
1.04823
1.24298
1.49136
1.79295
2.12544
2.42667
2.59936
2.64427
2.74378
2.71515
2.59856
2.43666
2.1829
1.78976
1.28008
0.951007
0.869136
0.571146
0.368526
0.260609
0.20042
0.1645
0.141219
0.126357
0.117417
0.11256
0.110594
0.110651
0.112225
0.115324
0.120246
0.127328
0.137196
0.150353
0.165726
0.180721
0.193089
0.202417
0.20872
0.212267
0.213211
0.211741
0.208006
0.202239
0.194813
0.18614
0.176455
0.166114
0.155953
0.147962
0.145559
0.149321
0.156236
0.164102
0.17195
0.179406
0.186337
0.192721
0.198591
0.203957
0.208808
0.213142
0.216953
0.220262
0.223102
0.225511
0.227526
0.229178
0.230492
0.231491
0.232192
0.232608
0.232749
0.232621
0.23223
0.231574
0.230654
0.229461
0.22799
0.226227
0.22417
0.221804
0.219143
0.216158
0.212901
0.209313
0.205674
0.202522
0.200546
0.204211
0.216118
0.236687
0.266663
0.307237
0.358794
0.420931
0.492936
0.574001
0.665962
0.774288
0.905094
1.06814
1.27217
1.50743
1.7502
1.94888
2.04729
2.06728
2.19256
2.42201
2.59673
2.17832
2.01351
1.80689
1.51936
1.24312
1.03985
0.657234
0.408082
0.279261
0.20964
0.168752
0.142595
0.125794
0.115408
0.10946
0.106684
0.106197
0.107497
0.11051
0.115432
0.122527
0.132256
0.144879
0.159345
0.173579
0.185625
0.194969
0.201585
0.205668
0.207346
0.206775
0.204089
0.199493
0.193303
0.185871
0.177425
0.168307
0.159293
0.152178
0.149885
0.152903
0.158726
0.165435
0.172144
0.178497
0.184367
0.18973
0.194611
0.199021
0.202954
0.206415
0.209407
0.211948
0.214071
0.215812
0.217203
0.218275
0.219052
0.219555
0.219802
0.219806
0.219579
0.219127
0.218457
0.217571
0.216471
0.215155
0.213619
0.211861
0.209877
0.207678
0.205269
0.202676
0.199932
0.197137
0.194523
0.19301
0.192695
0.196494
0.207269
0.225666
0.252376
0.288155
0.33301
0.38638
0.447493
0.515648
0.592747
0.683434
0.79263
0.927747
1.09393
1.27982
1.46516
1.61199
1.68582
1.70398
1.78798
1.99278
2.24414
1.84887
1.75665
1.68014
1.61169
1.46749
1.21534
0.759644
0.457035
0.303061
0.222028
0.175255
0.145701
0.126662
0.114667
0.10756
0.103992
0.103025
0.104106
0.107069
0.112016
0.119136
0.128766
0.141019
0.154921
0.168695
0.180548
0.18994
0.19682
0.201333
0.203594
0.203739
0.201894
0.198243
0.193061
0.186655
0.179245
0.171161
0.163124
0.156757
0.154537
0.156881
0.161721
0.167391
0.173083
0.178461
0.1834
0.187873
0.191901
0.195489
0.198641
0.201365
0.203666
0.205565
0.207091
0.208276
0.209152
0.209747
0.210084
0.210183
0.21006
0.20973
0.209203
0.208488
0.207592
0.206519
0.205272
0.203853
0.202261
0.200499
0.198567
0.19649
0.194273
0.191978
0.189637
0.187446
0.185641
0.185303
0.186227
0.190256
0.200223
0.216944
0.241077
0.273094
0.312767
0.359461
0.412402
0.47102
0.537156
0.614774
0.707946
0.822443
0.96139
1.11414
1.26386
1.38188
1.44459
1.46434
1.52237
1.66432
1.86391
1.56941
1.51811
1.50779
1.58649
1.59566
1.37798
0.880436
0.51802
0.3335
0.238424
0.184525
0.150899
0.129246
0.115428
0.107043
0.102619
0.101132
0.101953
0.104831
0.10978
0.116916
0.126476
0.138479
0.152051
0.165579
0.177344
0.186824
0.193947
0.19883
0.201577
0.202312
0.20116
0.19829
0.193948
0.188404
0.181873
0.174673
0.167477
0.161746
0.159562
0.161287
0.165229
0.16995
0.174718
0.179214
0.183316
0.186994
0.190265
0.193129
0.195597
0.197678
0.19938
0.200723
0.201734
0.202442
0.202878
0.203066
0.203028
0.202784
0.202348
0.201736
0.200957
0.20002
0.198933
0.197701
0.196328
0.19482
0.193175
0.191404
0.189508
0.187522
0.185456
0.183392
0.181375
0.179657
0.178497
0.179018
0.180876
0.185178
0.194572
0.209981
0.232042
0.261036
0.296602
0.338073
0.384715
0.4361
0.493982
0.561811
0.643066
0.742389
0.861678
0.991431
1.11736
1.21683
1.27236
1.2929
1.33562
1.4336
1.57032
1.35548
1.32459
1.34248
1.49436
1.63412
1.51106
1.01548
0.593627
0.372224
0.259704
0.197034
0.158447
0.133671
0.117729
0.10788
0.102481
0.10039
0.100884
0.103629
0.108551
0.115694
0.125214
0.137069
0.150486
0.163932
0.175704
0.185317
0.192683
0.1979
0.201067
0.202305
0.201736
0.199524
0.195889
0.191077
0.185297
0.178857
0.172386
0.167194
0.165012
0.166161
0.169271
0.173113
0.177026
0.18071
0.184045
0.186999
0.189582
0.191794
0.193649
0.195155
0.196323
0.197171
0.197725
0.198012
0.198058
0.197888
0.19752
0.196975
0.196265
0.195405
0.194404
0.193272
0.192017
0.190644
0.189158
0.187567
0.185871
0.184084
0.182211
0.180292
0.178345
0.176465
0.174712
0.173372
0.172731
0.173887
0.176452
0.181041
0.190035
0.204407
0.224778
0.251301
0.283537
0.320824
0.362484
0.408228
0.459726
0.520026
0.592184
0.680023
0.784636
0.897577
1.00641
1.09258
1.14241
1.16262
1.19532
1.26497
1.35603
1.19253
1.17182
1.20009
1.37583
1.60414
1.60188
1.15544
0.686191
0.421253
0.286997
0.213408
0.168702
0.140133
0.121654
0.110078
0.103533
0.100722
0.100807
0.10336
0.108224
0.115369
0.12488
0.136678
0.150081
0.163578
0.175445
0.185238
0.192855
0.198387
0.201931
0.203606
0.203538
0.201886
0.198853
0.194666
0.18953
0.183742
0.177896
0.173151
0.170938
0.171545
0.173878
0.176895
0.180007
0.182931
0.185552
0.187834
0.189781
0.191394
0.192685
0.193666
0.194346
0.194744
0.194882
0.194786
0.194479
0.193984
0.193318
0.192499
0.191541
0.190456
0.189254
0.187944
0.186534
0.185031
0.183439
0.181767
0.180019
0.178209
0.176347
0.174476
0.172622
0.170888
0.169352
0.168319
0.168098
0.169721
0.172824
0.177695
0.186419
0.19997
0.218947
0.24342
0.272912
0.306781
0.34442
0.385666
0.432109
0.486479
0.551509
0.630399
0.723669
0.823741
0.919552
0.995401
1.04019
1.05916
1.08465
1.13541
1.19598
1.06558
1.05017
1.08097
1.25451
1.52926
1.64415
1.28733
0.796584
0.483
0.321787
0.234507
0.182179
0.148943
0.127382
0.113725
0.105802
0.102118
0.101688
0.103983
0.108754
0.115894
0.125427
0.13725
0.150757
0.164422
0.176465
0.186484
0.19437
0.200209
0.204098
0.206161
0.206527
0.205354
0.202836
0.199182
0.194596
0.189366
0.184057
0.179672
0.177395
0.177486
0.179085
0.181323
0.183674
0.185879
0.187824
0.189472
0.190821
0.191872
0.192638
0.193128
0.193354
0.193332
0.193084
0.192631
0.191996
0.191198
0.190255
0.189182
0.187992
0.186697
0.185306
0.183828
0.182272
0.180643
0.178948
0.177195
0.17539
0.173551
0.171688
0.169848
0.168065
0.166449
0.165091
0.164309
0.164426
0.166392
0.169898
0.175037
0.183589
0.196489
0.21431
0.237064
0.264266
0.295303
0.329644
0.367241
0.409607
0.459215
0.518534
0.590269
0.674498
0.764324
0.849716
0.917066
0.957107
0.974205
0.994121
1.0317
1.07196
0.963955
0.951501
0.981336
1.14104
1.42934
1.63858
1.3993
0.920213
0.560031
0.365978
0.261488
0.199595
0.160555
0.135199
0.118997
0.109391
0.104631
0.103554
0.105508
0.11014
0.117267
0.12685
0.138773
0.15249
0.166423
0.178717
0.18901
0.197184
0.203328
0.20754
0.209951
0.210697
0.209936
0.207855
0.204654
0.200534
0.195778
0.190919
0.186814
0.184441
0.184035
0.184937
0.186429
0.188052
0.189566
0.190864
0.191905
0.192683
0.1932
0.193466
0.19349
0.193285
0.192865
0.19225
0.191458
0.190511
0.189425
0.188217
0.186901
0.18549
0.183993
0.182421
0.180781
0.179081
0.177328
0.175529
0.173693
0.171827
0.169949
0.168074
0.166251
0.164521
0.162998
0.161787
0.161209
0.161596
0.163808
0.167613
0.172996
0.181448
0.193836
0.210693
0.231997
0.257267
0.285932
0.317535
0.352132
0.391164
0.436887
0.491546
0.557428
0.634246
0.715623
0.792316
0.852315
0.887753
0.90254
0.917954
0.945984
0.972516
0.880506
0.869847
0.897228
1.03892
1.31883
1.59151
1.48064
1.04811
0.654604
0.421929
0.295875
0.22192
0.175607
0.145529
0.126173
0.11448
0.108381
0.106486
0.107992
0.112427
0.119522
0.129181
0.141273
0.155294
0.169586
0.182201
0.192812
0.201295
0.207744
0.212263
0.214989
0.216067
0.215658
0.213946
0.211125
0.207392
0.203036
0.198542
0.19464
0.192136
0.191248
0.191481
0.192255
0.193173
0.194018
0.194687
0.19514
0.195366
0.195366
0.195149
0.194725
0.194103
0.193298
0.192327
0.191208
0.189958
0.188593
0.187127
0.185575
0.183947
0.182253
0.180501
0.1787
0.176857
0.174979
0.173073
0.171149
0.169215
0.167291
0.165394
0.163575
0.161881
0.16043
0.159339
0.158924
0.159525
0.161906
0.165925
0.171524
0.179928
0.191915
0.207968
0.228041
0.251671
0.278332
0.307642
0.339747
0.376022
0.418533
0.469324
0.530315
0.600895
0.675072
0.744223
0.797608
0.828517
0.840729
0.852401
0.873324
0.890465
0.810427
0.800982
0.825363
0.948431
1.20712
1.51252
1.52383
1.16996
0.76488
0.492274
0.339624
0.25044
0.194959
0.158955
0.135652
0.121347
0.113562
0.110624
0.11154
0.1157
0.122734
0.132486
0.14481
0.159223
0.173952
0.186951
0.19792
0.206733
0.213488
0.218297
0.221308
0.222674
0.222562
0.221155
0.218644
0.215228
0.211198
0.206986
0.203214
0.200545
0.199182
0.198769
0.198845
0.199076
0.199266
0.19932
0.199195
0.19888
0.198374
0.197684
0.196819
0.195789
0.194607
0.193286
0.191844
0.190295
0.188654
0.186934
0.185147
0.183303
0.181411
0.17948
0.177516
0.175527
0.173521
0.171503
0.169485
0.167477
0.165497
0.163568
0.16174
0.160068
0.15867
0.157673
0.15739
0.158154
0.160642
0.164808
0.170591
0.178984
0.190657
0.206039
0.225063
0.247292
0.272249
0.299625
0.329644
0.363615
0.403437
0.450966
0.507778
0.572965
0.640813
0.7032
0.750455
0.77689
0.7864
0.794915
0.810448
0.821118
0.750403
0.741879
0.763187
0.868638
1.09981
1.41212
1.52592
1.27438
0.884546
0.579495
0.395156
0.28683
0.219759
0.176276
0.147991
0.130383
0.120456
0.116177
0.116316
0.120093
0.127019
0.136869
0.149479
0.164365
0.179599
0.193035
0.204395
0.213551
0.220611
0.225694
0.228959
0.23057
0.230702
0.229538
0.227269
0.224106
0.220326
0.216315
0.212602
0.209731
0.207896
0.206855
0.20625
0.205804
0.205348
0.204792
0.204095
0.203244
0.202236
0.201078
0.199776
0.19834
0.196781
0.195112
0.193347
0.191499
0.189581
0.187605
0.185581
0.183519
0.181427
0.179312
0.177181
0.175042
0.172901
0.170766
0.168647
0.166556
0.164513
0.162541
0.160692
0.159028
0.157666
0.156743
0.15656
0.157444
0.15999
0.164247
0.17018
0.178583
0.190012
0.204832
0.222959
0.243987
0.267487
0.293221
0.32148
0.35351
0.391052
0.435776
0.488936
0.549331
0.611445
0.667589
0.70904
0.731071
0.737865
0.743704
0.755101
0.76131
0.698086
0.690339
0.708738
0.798279
0.999864
1.30007
1.48881
1.35048
1.00525
0.682244
0.46516
0.333219
0.251517
0.198559
0.16395
0.14213
0.129457
0.123442
0.122552
0.125795
0.132539
0.142478
0.155417
0.170847
0.186637
0.20055
0.212325
0.221831
0.229187
0.234522
0.238007
0.239818
0.240139
0.239156
0.237066
0.234088
0.230483
0.226593
0.222868
0.219759
0.217451
0.215792
0.214517
0.213402
0.212303
0.211139
0.209871
0.208483
0.206972
0.205343
0.203603
0.201759
0.199821
0.197801
0.195709
0.193558
0.191359
0.189122
0.186856
0.184571
0.182272
0.179968
0.177664
0.175368
0.173086
0.170826
0.168599
0.166416
0.1643
0.162275
0.160394
0.158725
0.157385
0.156513
0.156404
0.157369
0.159933
0.164234
0.170284
0.178706
0.189943
0.204291
0.221648
0.24164
0.263887
0.28822
0.314983
0.345359
0.380937
0.4232
0.473083
0.529098
0.585871
0.636117
0.672001
0.689736
0.693891
0.697464
0.705672
0.70883
0.651774
0.644731
0.660498
0.736076
0.908626
1.18437
1.41855
1.38998
1.11611
0.795549
0.551393
0.39216
0.292173
0.227219
0.184553
0.157331
0.141112
0.13283
0.130572
0.133071
0.139519
0.14951
0.162805
0.178831
0.195216
0.209628
0.221822
0.231672
0.239305
0.244862
0.248526
0.250487
0.250938
0.250073
0.248101
0.245237
0.241727
0.237879
0.234075
0.23069
0.227902
0.225632
0.223694
0.221914
0.220172
0.218397
0.216553
0.214624
0.212605
0.2105
0.208316
0.206058
0.203734
0.201355
0.19893
0.196468
0.193981
0.191475
0.188961
0.186444
0.183932
0.181431
0.178946
0.176485
0.174054
0.17166
0.169316
0.167033
0.164834
0.162746
0.160823
0.159136
0.157803
0.156965
0.156904
0.157917
0.160464
0.16477
0.170902
0.179343
0.190425
0.20437
0.221063
0.240156
0.261321
0.284449
0.309929
0.338874
0.372727
0.412773
0.45963
0.51153
0.563208
0.607786
0.638299
0.651894
0.653561
0.655228
0.66098
0.662085
0.610205
0.603827
0.617284
0.680848
0.826433
1.071
1.32379
1.38894
1.2051
0.911934
0.651626
0.466304
0.34414
0.264094
0.211166
0.176992
0.156167
0.144906
0.140815
0.142279
0.148262
0.158231
0.171886
0.188535
0.205527
0.220432
0.233028
0.243194
0.251067
0.256802
0.260593
0.262645
0.263162
0.262352
0.260429
0.257605
0.254113
0.250228
0.246277
0.242575
0.239297
0.23642
0.233823
0.231378
0.228989
0.226597
0.22417
0.221692
0.219156
0.216567
0.213929
0.211248
0.20853
0.205782
0.203013
0.200232
0.197446
0.194663
0.19189
0.189133
0.186398
0.183691
0.181016
0.178381
0.175792
0.173256
0.170785
0.168392
0.166101
0.163941
0.161965
0.160248
0.158908
0.158086
0.15805
0.159081
0.161582
0.16586
0.172039
0.180489
0.191439
0.205036
0.221148
0.239456
0.259677
0.281759
0.306121
0.333805
0.366103
0.404092
0.448069
0.495998
0.542721
0.581792
0.607125
0.616794
0.616185
0.616261
0.620133
0.619903
0.572427
0.566688
0.578158
0.631539
0.753023
0.963989
1.21405
1.34863
1.26134
1.02064
0.761435
0.555284
0.410083
0.311501
0.245582
0.202461
0.175636
0.160443
0.153885
0.153904
0.159172
0.168988
0.182977
0.200234
0.217804
0.23316
0.246104
0.256531
0.264582
0.270432
0.274283
0.276354
0.276867
0.276042
0.274094
0.271233
0.267677
0.263677
0.259512
0.255454
0.251671
0.248186
0.244931
0.241819
0.238779
0.235763
0.232743
0.229705
0.226642
0.223558
0.220456
0.217339
0.214214
0.211087
0.207964
0.204851
0.201756
0.198684
0.195642
0.192634
0.189666
0.186742
0.183868
0.181049
0.178292
0.175604
0.172998
0.170487
0.168094
0.165851
0.163813
0.162056
0.160695
0.159872
0.159839
0.16086
0.163293
0.167513
0.173704
0.182146
0.192972
0.206259
0.221856
0.239467
0.258854
0.280015
0.303383
0.329923
0.360772
0.396785
0.43794
0.481953
0.52379
0.557486
0.577853
0.583865
0.581233
0.579998
0.582451
0.581398
0.537709
0.532585
0.542376
0.58722
0.687784
0.865732
1.09823
1.27507
1.27755
1.10897
0.872723
0.656462
0.490677
0.372081
0.290084
0.235515
0.200883
0.180484
0.170599
0.168602
0.172791
0.18224
0.196476
0.214278
0.232338
0.248046
0.261234
0.271825
0.279959
0.285834
0.289651
0.291658
0.29209
0.291173
0.289119
0.286137
0.282436
0.278241
0.273798
0.269343
0.265038
0.260941
0.257028
0.253247
0.24955
0.245901
0.242279
0.23867
0.235068
0.231476
0.227897
0.224333
0.220789
0.217269
0.213779
0.210323
0.206907
0.203535
0.200212
0.196942
0.19373
0.19058
0.187496
0.184483
0.181549
0.1787
0.175949
0.173311
0.170808
0.168474
0.166364
0.164555
0.163161
0.162321
0.162272
0.163258
0.165601
0.169739
0.175906
0.184314
0.195013
0.208012
0.223139
0.240121
0.258757
0.279085
0.301544
0.327009
0.356455
0.390503
0.428819
0.468901
0.505883
0.534338
0.549994
0.552672
0.548302
0.546018
0.547408
0.545892
0.505485
0.500952
0.50934
0.547086
0.629911
0.777338
0.983582
1.17754
1.25204
1.16485
0.973851
0.763975
0.584384
0.44685
0.347313
0.278425
0.233709
0.206433
0.192056
0.187249
0.189835
0.198584
0.212883
0.231096
0.249469
0.265356
0.278616
0.289221
0.297296
0.303054
0.306732
0.30858
0.308839
0.307737
0.305489
0.302299
0.298367
0.2939
0.289114
0.28422
0.279377
0.274663
0.27009
0.265639
0.261281
0.256992
0.252758
0.248568
0.244416
0.240305
0.236237
0.232214
0.228239
0.224315
0.220446
0.216634
0.212885
0.209202
0.205587
0.202045
0.198579
0.195192
0.191889
0.188674
0.185553
0.182535
0.179632
0.176858
0.174238
0.171804
0.169614
0.167744
0.166305
0.165433
0.165348
0.166279
0.168514
0.172545
0.178654
0.186998
0.197553
0.210268
0.224952
0.241347
0.259287
0.278839
0.30043
0.324842
0.352873
0.384905
0.420304
0.456398
0.488546
0.511924
0.523173
0.522886
0.517078
0.514006
0.514587
0.512859
0.475311
0.471341
0.478571
0.510445
0.57851
0.698965
0.875323
1.0665
1.1891
1.17988
1.05135
0.867844
0.686761
0.534944
0.418225
0.333797
0.276411
0.240132
0.219719
0.211012
0.211252
0.218798
0.232845
0.25121
0.269592
0.28538
0.298448
0.308812
0.316635
0.322126
0.325529
0.327094
0.327066
0.325674
0.323132
0.319641
0.315392
0.310576
0.305388
0.300017
0.294617
0.289282
0.284051
0.278931
0.27391
0.268978
0.264127
0.259349
0.254639
0.250001
0.245435
0.240943
0.236527
0.232188
0.22793
0.223753
0.219662
0.215657
0.211742
0.207919
0.20419
0.200559
0.197028
0.193602
0.190289
0.187094
0.184031
0.181115
0.178371
0.175833
0.173555
0.171615
0.170122
0.169204
0.169067
0.169923
0.172035
0.175937
0.181951
0.190192
0.200575
0.212995
0.227241
0.24307
0.260339
0.279136
0.299861
0.32319
0.34974
0.37965
0.41201
0.44404
0.471394
0.489909
0.497112
0.494262
0.487318
0.483674
0.483654
0.481884
0.446838
0.443398
0.449679
0.47671
0.532676
0.630122
0.776627
0.951686
1.09791
1.15188
1.093
0.954822
0.789109
0.632674
0.502409
0.402539
0.331204
0.283868
0.255472
0.241402
0.238266
0.243878
0.257164
0.275233
0.293132
0.308331
0.320848
0.330688
0.338013
0.343028
0.345975
0.347101
0.346648
0.344844
0.341899
0.338009
0.333357
0.328119
0.322473
0.31659
0.310618
0.304662
0.298779
0.292996
0.287319
0.281747
0.27628
0.270913
0.265643
0.260474
0.255406
0.250441
0.245579
0.24082
0.236167
0.231619
0.227179
0.222848
0.218626
0.214516
0.210519
0.206637
0.202874
0.199234
0.195722
0.192347
0.18912
0.186059
0.183188
0.180539
0.178169
0.176154
0.174596
0.173621
0.173418
0.174182
0.176157
0.179911
0.185793
0.193887
0.204057
0.216152
0.229945
0.2452
0.261793
0.279818
0.299637
0.321808
0.346762
0.374399
0.403572
0.431471
0.454114
0.468039
0.471609
0.466617
0.458828
0.454794
0.454339
0.452638
0.41979
0.416846
0.422355
0.445392
0.491544
0.569911
0.688932
0.84073
0.990077
1.08574
1.09149
1.01104
0.878731
0.732037
0.596395
0.484238
0.399095
0.339406
0.301322
0.280276
0.272405
0.275061
0.286735
0.303672
0.320406
0.334474
0.345962
0.354881
0.361374
0.365635
0.367894
0.368386
0.367344
0.364989
0.361524
0.357135
0.351995
0.346268
0.340116
0.333695
0.327145
0.320575
0.314054
0.307625
0.301307
0.29511
0.289038
0.283092
0.27727
0.271576
0.266011
0.260576
0.25527
0.250094
0.245047
0.240129
0.235341
0.230682
0.226154
0.221757
0.217491
0.213359
0.209363
0.205507
0.201798
0.198242
0.194852
0.191645
0.188645
0.185887
0.183423
0.181329
0.179701
0.17866
0.178378
0.179037
0.180864
0.184449
0.190161
0.198056
0.20796
0.219683
0.232984
0.24763
0.26351
0.28071
0.299538
0.32043
0.343629
0.368813
0.394651
0.418381
0.43646
0.446135
0.446528
0.439817
0.431456
0.427181
0.426422
0.424859
0.39395
0.391464
0.396345
0.416086
0.454331
0.517233
0.612368
0.738681
0.876967
0.991972
1.04708
1.02599
0.941122
0.820648
0.69229
0.575203
0.479299
0.407567
0.358738
0.329216
0.315142
0.31355
0.322378
0.337115
0.351773
0.363965
0.373795
0.381271
0.386501
0.389658
0.390942
0.390567
0.388748
0.38569
0.38158
0.376594
0.37089
0.364619
0.357926
0.350953
0.343832
0.336668
0.329539
0.322495
0.315568
0.308775
0.302126
0.295626
0.289274
0.283076
0.277032
0.271144
0.265409
0.259828
0.254399
0.249122
0.243996
0.239019
0.234192
0.229515
0.224988
0.220613
0.216391
0.212326
0.208424
0.204694
0.201146
0.197798
0.194676
0.191811
0.189257
0.187084
0.185384
0.18427
0.183902
0.184446
0.186117
0.189514
0.195016
0.202655
0.212226
0.22351
0.236256
0.25023
0.265324
0.281606
0.299319
0.318772
0.340027
0.362567
0.384941
0.404522
0.418255
0.424087
0.421785
0.413767
0.405079
0.400687
0.399723
0.398337
0.369145
0.367078
0.371452
0.388462
0.420353
0.47093
0.546185
0.648107
0.767627
0.883633
0.967738
0.9964
0.964044
0.883693
0.7776
0.667118
0.567432
0.486789
0.427794
0.389035
0.367474
0.360222
0.364708
0.375884
0.387315
0.39669
0.404079
0.409471
0.412919
0.414552
0.414526
0.413022
0.41022
0.4063
0.401427
0.395755
0.389426
0.382574
0.375327
0.367812
0.360145
0.352429
0.344742
0.337138
0.329657
0.32232
0.315145
0.308137
0.301298
0.294635
0.28815
0.281842
0.275711
0.269754
0.263971
0.258359
0.252918
0.247645
0.242541
0.237603
0.232833
0.228231
0.2238
0.219541
0.215463
0.211571
0.207879
0.204404
0.201169
0.198209
0.195573
0.193327
0.191558
0.190372
0.189913
0.190338
0.191847
0.195038
0.200289
0.207605
0.216764
0.227526
0.239628
0.252837
0.267038
0.282271
0.298708
0.316532
0.335638
0.355356
0.374182
0.389705
0.399393
0.40184
0.397338
0.388399
0.379597
0.375188
0.374096
0.372904
0.34524
0.343553
0.347514
0.362253
0.389032
0.429901
0.489147
0.569616
0.667888
0.772926
0.866629
0.927886
0.942122
0.908107
0.837204
0.746944
0.654222
0.571474
0.50564
0.458572
0.429077
0.414947
0.413577
0.419633
0.426508
0.43199
0.436056
0.438646
0.439736
0.439388
0.437699
0.434792
0.430805
0.425875
0.420137
0.413717
0.406732
0.399294
0.391513
0.383494
0.375342
0.367146
0.358981
0.350903
0.342952
0.335156
0.327533
0.320093
0.31284
0.30578
0.298916
0.292247
0.285773
0.279492
0.273402
0.267501
0.261787
0.256258
0.250912
0.24575
0.24077
0.235972
0.23136
0.226937
0.222707
0.21868
0.214868
0.211287
0.207963
0.204926
0.202225
0.19992
0.198091
0.196838
0.196293
0.196598
0.197944
0.200913
0.205872
0.212789
0.221444
0.23158
0.242927
0.255247
0.268417
0.28244
0.297414
0.313402
0.33016
0.346909
0.362173
0.373814
0.379832
0.379394
0.373177
0.363667
0.354931
0.350584
0.349422
0.348428
0.322128
0.320784
0.324406
0.337246
0.359895
0.393162
0.439827
0.502501
0.580483
0.668836
0.757887
0.833133
0.879533
0.887688
0.857838
0.799254
0.725755
0.650909
0.584891
0.533074
0.496931
0.475658
0.467254
0.466706
0.467738
0.468281
0.468171
0.467269
0.465452
0.462696
0.459019
0.454474
0.449137
0.443094
0.436435
0.42925
0.421625
0.413646
0.405396
0.396962
0.388426
0.379866
0.371346
0.36292
0.354627
0.346495
0.338545
0.330786
0.323226
0.31587
0.308723
0.301784
0.295052
0.288526
0.282204
0.276084
0.270163
0.264439
0.258912
0.253579
0.248441
0.243498
0.238752
0.234207
0.22987
0.225747
0.221852
0.218201
0.214818
0.211736
0.208996
0.206655
0.204786
0.203481
0.202859
0.203053
0.204241
0.206974
0.211591
0.218035
0.226083
0.235473
0.245931
0.257216
0.269189
0.281818
0.295127
0.309077
0.323314
0.33701
0.348777
0.356802
0.359588
0.356781
0.349311
0.339535
0.331012
0.326791
0.325604
0.324801
0.299727
0.29869
0.302031
0.313271
0.332559
0.359878
0.396818
0.44534
0.505784
0.576399
0.652946
0.727381
0.788766
0.82637
0.833645
0.811252
0.766503
0.710211
0.653084
0.602904
0.563829
0.536929
0.521351
0.513324
0.507668
0.502569
0.497702
0.492833
0.487737
0.482294
0.47643
0.470118
0.463364
0.456192
0.44864
0.440752
0.432578
0.42417
0.415586
0.406884
0.398127
0.389374
0.380678
0.372083
0.363625
0.355331
0.347219
0.339302
0.331587
0.324081
0.316787
0.309706
0.302838
0.296182
0.289736
0.283498
0.277466
0.271638
0.266013
0.260591
0.25537
0.250354
0.245542
0.240941
0.236555
0.232394
0.22847
0.2248
0.221408
0.218323
0.215585
0.213242
0.211362
0.21003
0.209354
0.209453
0.210495
0.212983
0.217211
0.2231
0.230431
0.238944
0.248363
0.258447
0.269044
0.280086
0.291534
0.303269
0.314866
0.3255
0.333932
0.338689
0.338728
0.334065
0.325761
0.315979
0.307786
0.303739
0.302563
0.301939
0.277973
0.277207
0.28031
0.290193
0.306722
0.329367
0.358858
0.396453
0.442699
0.497257
0.558782
0.623692
0.685806
0.737097
0.769589
0.778692
0.765138
0.734469
0.694823
0.654067
0.617911
0.589113
0.567983
0.552913
0.540733
0.530069
0.520477
0.511652
0.503292
0.495189
0.487192
0.479195
0.471132
0.462965
0.454676
0.446262
0.437732
0.429104
0.420402
0.411661
0.402917
0.394209
0.385577
0.377053
0.368665
0.360437
0.352386
0.344524
0.336856
0.329392
0.322135
0.315086
0.308245
0.301614
0.29519
0.288972
0.282959
0.27715
0.271545
0.266142
0.260944
0.255952
0.251168
0.246597
0.242247
0.238126
0.234248
0.230628
0.22729
0.224262
0.221581
0.219285
0.217439
0.216118
0.21542
0.215454
0.216372
0.21861
0.222405
0.227658
0.23416
0.241658
0.249882
0.258594
0.267637
0.276911
0.286332
0.295725
0.304638
0.312297
0.317648
0.319551
0.317351
0.31132
0.302556
0.292979
0.285205
0.281372
0.280235
0.279774
0.256813
0.256287
0.259184
0.267907
0.282149
0.301089
0.324883
0.354203
0.389456
0.430788
0.47812
0.530308
0.584613
0.636496
0.679815
0.708851
0.720514
0.715372
0.697346
0.672074
0.644913
0.619369
0.596233
0.576381
0.55933
0.544356
0.531012
0.518994
0.507983
0.497733
0.488041
0.47875
0.469739
0.460918
0.452222
0.443604
0.435036
0.426501
0.417995
0.409525
0.401103
0.392749
0.384485
0.376331
0.368307
0.360431
0.352716
0.345172
0.337806
0.330625
0.323634
0.316836
0.31023
0.30382
0.297604
0.291582
0.285755
0.280123
0.274687
0.269446
0.264404
0.259563
0.254927
0.250501
0.246294
0.242315
0.238577
0.235097
0.231897
0.229004
0.226449
0.224266
0.222512
0.221255
0.220585
0.220595
0.221422
0.223416
0.226741
0.231281
0.236847
0.243199
0.25008
0.257265
0.264595
0.271958
0.27924
0.286241
0.292518
0.297387
0.299996
0.299509
0.295576
0.288628
0.27972
0.270517
0.26323
0.259641
0.258565
0.258252
0.236209
0.235892
0.238607
0.246327
0.258655
0.274625
0.294042
0.317151
0.344138
0.375216
0.410718
0.450566
0.493909
0.538757
0.581476
0.617618
0.643336
0.65652
0.657505
0.648837
0.633975
0.615855
0.59522
0.574382
0.555533
0.538701
0.523579
0.50996
0.497592
0.486253
0.475747
0.465907
0.456592
0.447684
0.43909
0.430736
0.422565
0.414535
0.406617
0.398796
0.391065
0.383423
0.375878
0.368437
0.361111
0.353912
0.346846
0.339924
0.333151
0.326534
0.320076
0.313783
0.307656
0.301698
0.295911
0.290296
0.284855
0.279589
0.274502
0.269594
0.26487
0.260334
0.255991
0.251849
0.247915
0.244201
0.240721
0.23749
0.234531
0.231867
0.229526
0.227534
0.225946
0.224823
0.224241
0.224283
0.225066
0.226835
0.229665
0.233434
0.237974
0.243071
0.248489
0.254025
0.259536
0.264907
0.270018
0.274671
0.278464
0.280824
0.281098
0.27871
0.273529
0.266064
0.257274
0.248577
0.241826
0.238505
0.23751
0.237329
0.216129
0.215994
0.218542
0.22539
0.236096
0.249655
0.265673
0.284122
0.304995
0.328426
0.354787
0.38434
0.417043
0.452278
0.488254
0.522232
0.551209
0.572585
0.584945
0.588529
0.584665
0.574944
0.559954
0.541925
0.524722
0.508963
0.494542
0.481393
0.46939
0.458393
0.448263
0.438868
0.430086
0.421806
0.413935
0.406391
0.399108
0.39203
0.385117
0.378336
0.371667
0.365096
0.358618
0.35223
0.345935
0.339735
0.333636
0.327642
0.32176
0.315994
0.310349
0.304829
0.299439
0.294181
0.28906
0.284079
0.279241
0.274549
0.270009
0.265624
0.261399
0.25734
0.253455
0.249752
0.246239
0.242931
0.23984
0.236982
0.234379
0.232054
0.230024
0.228318
0.226983
0.226074
0.225656
0.225799
0.226598
0.228174
0.230505
0.233469
0.236929
0.240704
0.244591
0.248423
0.252081
0.255469
0.258478
0.260936
0.262498
0.262715
0.261108
0.257307
0.251329
0.243692
0.235236
0.227145
0.220965
0.217932
0.217034
0.216969
0.19655
0.196572
0.198965
0.205045
0.214362
0.225934
0.239276
0.2542
0.270571
0.288425
0.308046
0.329727
0.353671
0.379828
0.407414
0.434931
0.460448
0.481881
0.497521
0.50661
0.509133
0.505532
0.496303
0.482969
0.46961
0.45704
0.445276
0.434349
0.424239
0.414896
0.406255
0.398242
0.390778
0.383788
0.377197
0.37094
0.364956
0.359194
0.35361
0.348169
0.342844
0.337614
0.332465
0.327387
0.322376
0.31743
0.312548
0.307732
0.302988
0.298317
0.293724
0.289213
0.284789
0.280457
0.276221
0.272085
0.268056
0.264138
0.260338
0.25666
0.253113
0.249703
0.24644
0.243332
0.240391
0.23763
0.235063
0.232707
0.23058
0.228704
0.227088
0.225764
0.224775
0.224167
0.223995
0.224316
0.2252
0.226632
0.228486
0.230653
0.233032
0.235483
0.23785
0.24001
0.241887
0.24341
0.2445
0.245024
0.244705
0.243206
0.240196
0.235456
0.229084
0.221568
0.213618
0.206209
0.200627
0.197898
0.197109
0.197149
0.177462
0.177616
0.179859
0.185256
0.193371
0.203282
0.214479
0.226699
0.239735
0.253552
0.268332
0.2843
0.30167
0.320556
0.340626
0.361079
0.380754
0.398214
0.412056
0.421375
0.425669
0.424826
0.419319
0.41022
0.40085
0.391892
0.383369
0.375322
0.367768
0.360705
0.354115
0.347971
0.342236
0.33687
0.331829
0.327071
0.322554
0.318238
0.314089
0.310075
0.30617
0.302353
0.298606
0.294916
0.291275
0.287675
0.284112
0.280585
0.277097
0.273648
0.270239
0.266876
0.26356
0.260297
0.257092
0.25395
0.250878
0.24788
0.244965
0.242139
0.23941
0.236786
0.234278
0.231896
0.229652
0.227559
0.225632
0.223886
0.222338
0.221005
0.219893
0.219039
0.218479
0.218253
0.218406
0.21898
0.220018
0.221365
0.222798
0.224226
0.225593
0.226807
0.227765
0.228401
0.228684
0.228581
0.228051
0.227001
0.225224
0.222477
0.218545
0.213305
0.206894
0.199744
0.192438
0.18577
0.180804
0.178392
0.177723
0.177852
0.158868
0.15913
0.161224
0.166007
0.173068
0.181569
0.191015
0.201118
0.211649
0.222527
0.233859
0.245792
0.258486
0.272057
0.286349
0.300906
0.315027
0.327766
0.338114
0.345332
0.348899
0.348567
0.344751
0.338401
0.331885
0.325665
0.319736
0.314107
0.308786
0.303773
0.299065
0.294651
0.290519
0.286649
0.28302
0.279609
0.276393
0.273346
0.270445
0.267667
0.264993
0.262403
0.259882
0.257416
0.254995
0.25261
0.250253
0.247919
0.245612
0.243325
0.241059
0.238816
0.236597
0.234406
0.232246
0.230121
0.228038
0.226002
0.224019
0.222096
0.220242
0.218465
0.216775
0.215182
0.213698
0.212336
0.21111
0.210034
0.20912
0.208375
0.207826
0.207499
0.207424
0.207634
0.208164
0.209045
0.21029
0.211613
0.21271
0.213519
0.214025
0.21419
0.213967
0.213346
0.212345
0.210971
0.209217
0.207031
0.204265
0.200751
0.196354
0.191011
0.184867
0.178283
0.171732
0.165848
0.161511
0.159422
0.158876
0.159081
0.140792
0.141139
0.143084
0.147308
0.153435
0.160722
0.16871
0.177119
0.185724
0.194428
0.203287
0.212391
0.221842
0.231719
0.241926
0.252176
0.262026
0.270857
0.277985
0.282885
0.285159
0.284597
0.281506
0.276757
0.271959
0.267415
0.263109
0.259033
0.255181
0.25155
0.248133
0.244923
0.241913
0.239094
0.236455
0.233983
0.231667
0.229493
0.227446
0.225513
0.223681
0.221936
0.220266
0.21866
0.217109
0.215604
0.214136
0.2127
0.211295
0.209915
0.208557
0.20722
0.205904
0.20461
0.203339
0.202095
0.200879
0.199697
0.198553
0.197453
0.196404
0.195414
0.19449
0.193642
0.192881
0.192217
0.191664
0.191232
0.19093
0.190757
0.190756
0.190945
0.19135
0.191994
0.192905
0.1941
0.195568
0.196911
0.19778
0.19814
0.198018
0.197421
0.196352
0.194852
0.19298
0.190774
0.188258
0.185413
0.182135
0.178315
0.173868
0.168766
0.16314
0.157284
0.151568
0.1465
0.142793
0.141024
0.140597
0.140861
0.123287
0.1237
0.125497
0.129213
0.13451
0.140739
0.147494
0.154519
0.161606
0.168661
0.175711
0.182809
0.190016
0.197378
0.204818
0.212138
0.219042
0.225123
0.229926
0.233103
0.234384
0.233631
0.231058
0.227391
0.223697
0.220186
0.216853
0.213692
0.210701
0.207874
0.205208
0.202697
0.200336
0.198119
0.19604
0.194094
0.192272
0.190569
0.188976
0.187485
0.18609
0.184783
0.183556
0.182402
0.181313
0.180284
0.179308
0.178378
0.177496
0.176653
0.175846
0.175074
0.174335
0.173627
0.17295
0.172305
0.171694
0.171118
0.170581
0.170085
0.169637
0.169241
0.168903
0.168631
0.168432
0.168317
0.168294
0.168369
0.168539
0.168838
0.169286
0.169899
0.170695
0.171693
0.172912
0.174358
0.176001
0.177367
0.178119
0.178244
0.177787
0.176786
0.17528
0.173342
0.171058
0.16849
0.165681
0.162635
0.159286
0.155564
0.151416
0.146831
0.141916
0.136901
0.132073
0.127828
0.124735
0.123264
0.122935
0.12324
0.107099
0.107573
0.109249
0.112542
0.117146
0.122499
0.128249
0.134171
0.140084
0.145904
0.151645
0.157341
0.163029
0.168735
0.174391
0.179847
0.184893
0.189246
0.192598
0.194717
0.195425
0.194634
0.192495
0.189585
0.186648
0.18383
0.181134
0.178559
0.176107
0.173773
0.171558
0.169457
0.167468
0.165588
0.163814
0.162142
0.160568
0.159089
0.1577
0.156398
0.15518
0.154042
0.152979
0.151988
0.151063
0.150203
0.149402
0.148659
0.147969
0.14733
0.14674
0.146197
0.145699
0.145244
0.144833
0.144464
0.144139
0.143858
0.143622
0.143435
0.143299
0.143217
0.143193
0.143233
0.143341
0.143528
0.143798
0.144153
0.144594
0.14516
0.145861
0.146709
0.147717
0.148898
0.150265
0.151817
0.153508
0.154833
0.155512
0.155553
0.155002
0.153908
0.152324
0.150338
0.148046
0.145519
0.14281
0.139938
0.136861
0.133534
0.129923
0.126024
0.121921
0.117792
0.113856
0.110421
0.107938
0.106785
0.106584
0.106946
0.0932488
0.0937654
0.0953183
0.0982348
0.102248
0.106876
0.111814
0.116867
0.12188
0.126777
0.131569
0.136278
0.140932
0.145544
0.150055
0.154346
0.158257
0.16158
0.164091
0.165631
0.166077
0.165369
0.163613
0.161261
0.15888
0.156579
0.154361
0.152225
0.150175
0.148208
0.146325
0.144525
0.142807
0.141169
0.139609
0.138126
0.136718
0.135383
0.134118
0.132921
0.131793
0.130731
0.129732
0.128794
0.127917
0.127097
0.126333
0.125624
0.124967
0.124363
0.123809
0.123305
0.122849
0.122442
0.122082
0.121771
0.121507
0.121293
0.121129
0.121017
0.120958
0.120956
0.121013
0.121133
0.121319
0.121579
0.121915
0.122322
0.122833
0.123457
0.124202
0.125077
0.126094
0.127261
0.128588
0.130071
0.131657
0.132852
0.133442
0.133448
0.132913
0.131887
0.130426
0.128618
0.126553
0.124302
0.121919
0.119425
0.116793
0.113993
0.111002
0.107817
0.104505
0.101204
0.0980844
0.0953861
0.0934681
0.0926364
0.0925787
0.0930039
0.0818896
0.0824137
0.0838125
0.0863505
0.089812
0.0937938
0.0980343
0.102364
0.106647
0.110818
0.114881
0.118854
0.122755
0.126594
0.130319
0.133834
0.137012
0.139692
0.141707
0.142938
0.143297
0.14274
0.141339
0.139449
0.137523
0.135646
0.133823
0.132055
0.130343
0.128689
0.127093
0.125555
0.124076
0.122653
0.121288
0.119979
0.118725
0.117525
0.116379
0.115284
0.114243
0.113252
0.112312
0.11142
0.110577
0.109782
0.109034
0.108333
0.107678
0.107068
0.106503
0.105984
0.10551
0.105081
0.104698
0.104361
0.10407
0.103827
0.103632
0.103487
0.103395
0.103356
0.103374
0.103451
0.10359
0.103797
0.104073
0.104421
0.104864
0.105407
0.106058
0.106823
0.107712
0.108732
0.109889
0.11118
0.112554
0.113569
0.11406
0.11405
0.113577
0.112686
0.11143
0.109886
0.108136
0.106242
0.104252
0.102189
0.100033
0.0977612
0.0953585
0.0928228
0.0902063
0.0876178
0.0851879
0.0831063
0.0816558
0.081084
0.0811299
0.0815858
0.0726802
0.0731845
0.0744173
0.0765897
0.0795361
0.0829276
0.0865453
0.0902435
0.0939037
0.0974671
0.100934
0.104318
0.10763
0.110878
0.114018
0.116969
0.119629
0.12187
0.12356
0.124606
0.124941
0.12453
0.123425
0.121911
0.120357
0.118833
0.117344
0.115889
0.114472
0.113093
0.111754
0.110455
0.109196
0.107978
0.1068
0.105663
0.104565
0.103507
0.102488
0.101507
0.100566
0.0996635
0.0987987
0.0979715
0.0971818
0.0964294
0.0957142
0.095036
0.0943951
0.0937915
0.0932253
0.0926968
0.0922065
0.0917549
0.0913424
0.09097
0.0906384
0.0903487
0.0901023
0.0899004
0.0897449
0.0896376
0.0895806
0.0895762
0.0896267
0.0897366
0.0899039
0.0901467
0.09047
0.0908796
0.0913813
0.0919815
0.0926869
0.0935042
0.0944388
0.0954869
0.0966054
0.097418
0.0977984
0.0977695
0.0973618
0.0966142
0.0955712
0.0942994
0.0928669
0.0913266
0.0897185
0.0880624
0.0863446
0.0845486
0.0826624
0.0806849
0.0786566
0.0766625
0.0748032
0.0732268
0.0721528
0.0717804
0.0718916
0.0723496
0.0653233
0.0657892
0.0668539
0.0686822
0.0711529
0.0740044
0.0770576
0.08019
0.0832996
0.0863336
0.0892898
0.0921754
0.0949999
0.0977664
0.100438
0.102947
0.105209
0.107119
0.108571
0.109489
0.109819
0.109532
0.108666
0.107455
0.106206
0.104975
0.103765
0.102577
0.101414
0.100275
0.0991634
0.0980785
0.0970212
0.0959918
0.0949907
0.0940179
0.0930734
0.0921571
0.0912688
0.0904081
0.0895765
0.0887729
0.0879972
0.0872496
0.0865299
0.0858383
0.085175
0.08454
0.0839338
0.0833565
0.0828088
0.0822909
0.0818035
0.0813474
0.0809231
0.0805316
0.0801739
0.0798511
0.0795644
0.0793152
0.0791051
0.0789357
0.078809
0.0787269
0.0786915
0.0787066
0.0787731
0.0789036
0.0791021
0.0793731
0.0797215
0.0801524
0.0806715
0.0812841
0.081995
0.0828014
0.0836678
0.0842842
0.0845553
0.0845021
0.0841492
0.0835285
0.0826768
0.0816486
0.0804995
0.0792722
0.0779997
0.0766984
0.0753583
0.0739669
0.0725155
0.0710032
0.0694615
0.0679561
0.0665635
0.0653977
0.0646248
0.0644032
0.0645506
0.0649904
0.0595579
0.0599744
0.0608757
0.0623863
0.0644229
0.0667832
0.0693244
0.0719456
0.0745604
0.0771224
0.0796268
0.082077
0.0844791
0.0868344
0.0891108
0.0912513
0.0931857
0.0948267
0.0960854
0.0969008
0.0972267
0.0970378
0.0963637
0.0953995
0.0944001
0.0934108
0.092434
0.0914709
0.0905231
0.0895914
0.0886769
0.0877802
0.0869019
0.0860425
0.0852023
0.0843815
0.0835803
0.0827988
0.0820369
0.0812944
0.0805726
0.0798709
0.0791892
0.0785277
0.0778866
0.077266
0.0766662
0.0760875
0.0755303
0.0749949
0.0744818
0.0739917
0.0735251
0.0730827
0.0726653
0.0722738
0.0719092
0.0715724
0.0712648
0.0709874
0.0707418
0.0705295
0.0703521
0.0702113
0.0701088
0.0700472
0.0700315
0.0700682
0.0701606
0.0703126
0.0705281
0.0708115
0.0711673
0.0716001
0.0721138
0.0727068
0.0733507
0.0737954
0.0739697
0.0738923
0.0735835
0.0730692
0.0723792
0.0715573
0.0706479
0.0696853
0.0686955
0.067692
0.0666673
0.0656123
0.0645205
0.0633914
0.0622495
0.0611448
0.0601343
0.0593035
0.0587726
0.0586655
0.0588293
0.0592386
0.0551611
0.0555231
0.0562697
0.0574905
0.0591347
0.0610514
0.0631297
0.0652888
0.0674568
0.0695934
0.071692
0.0737534
0.0757806
0.0777734
0.0797041
0.0815244
0.0831754
0.0845839
0.0856755
0.0863989
0.0867149
0.0866011
0.0860807
0.0853176
0.0845229
0.0837331
0.0829502
0.0821752
0.0814091
0.0806529
0.0799073
0.079173
0.0784505
0.0777402
0.0770424
0.0763575
0.0756857
0.0750272
0.0743818
0.0737498
0.0731319
0.0725279
0.0719378
0.0713619
0.0708003
0.0702533
0.0697211
0.0692041
0.0687027
0.0682172
0.0677482
0.0672963
0.066862
0.066446
0.0660491
0.0656721
0.0653158
0.0649813
0.0646695
0.0643816
0.0641189
0.0638827
0.0636744
0.0634954
0.0633473
0.0632316
0.0631554
0.0631213
0.0631323
0.0631914
0.063302
0.0634675
0.0636917
0.0639784
0.0643311
0.0647487
0.0652094
0.0655138
0.0656096
0.0655137
0.0652428
0.0648181
0.0642637
0.0636145
0.0629056
0.0621638
0.0614098
0.0606542
0.0598917
0.0591155
0.0583213
0.0575092
0.0566979
0.0559248
0.0552306
0.0546768
0.0543434
0.0543246
0.0544923
0.0548649
0.0519503
0.0522566
0.0528588
0.0538166
0.0551073
0.0566246
0.0582858
0.0600276
0.0617918
0.0635436
0.0652755
0.0669859
0.0686757
0.0703432
0.0719648
0.0734995
0.0748977
0.0760981
0.0770381
0.0776741
0.0779726
0.0779137
0.0775161
0.0769173
0.0762905
0.0756652
0.0750429
0.0744243
0.0738103
0.0732016
0.0725988
0.0720025
0.0714132
0.0708312
0.0702569
0.0696906
0.0691325
0.0685827
0.0680414
0.0675087
0.0669852
0.0664708
0.0659656
0.0654699
0.0649839
0.0645077
0.0640418
0.0635864
0.0631419
0.0627087
0.0622873
0.0618781
0.0614819
0.0610991
0.0607305
0.0603769
0.060039
0.0597176
0.0594137
0.0591283
0.0588625
0.0586174
0.0583941
0.0581941
0.0580185
0.0578693
0.0577518
0.057668
0.0576204
0.0576112
0.0576434
0.0577197
0.0578432
0.058017
0.0582441
0.0585241
0.0588401
0.0590355
0.0590726
0.0589669
0.0587322
0.058386
0.0579478
0.0574454
0.056906
0.0563508
0.0557957
0.055249
0.0547071
0.0541654
0.0536214
0.0530758
0.0525428
0.0520495
0.0516226
0.0513027
0.0511344
0.0511857
0.0513492
0.0516826
0.0497838
0.0500346
0.050502
0.0512202
0.0521916
0.0533486
0.0546333
0.0559982
0.0573968
0.0587998
0.060199
0.0615908
0.0629746
0.0643474
0.0656891
0.0669651
0.0681339
0.0691441
0.0699431
0.0704939
0.0707675
0.0707466
0.0704464
0.0699815
0.0694924
0.0690023
0.0685122
0.068023
0.0675351
0.0670493
0.066566
0.0660858
0.0656089
0.0651357
0.0646666
0.0642018
0.0637415
0.063286
0.0628353
0.0623896
0.0619494
0.0615147
0.0610856
0.0606624
0.0602453
0.0598344
0.0594302
0.0590329
0.0586429
0.0582605
0.0578863
0.0575206
0.057164
0.0568171
0.0564804
0.0561548
0.0558407
0.0555391
0.0552507
0.0549763
0.0547168
0.0544733
0.0542467
0.0540382
0.0538489
0.0536809
0.053538
0.0534218
0.0533343
0.0532775
0.0532535
0.0532648
0.0533137
0.053403
0.053535
0.0537099
0.053915
0.0540288
0.0540256
0.0539197
0.0537227
0.0534489
0.0531142
0.0527405
0.0523489
0.0519556
0.0515727
0.0512066
0.0508553
0.050516
0.0501878
0.0498723
0.0495801
0.0493293
0.0491346
0.0490181
0.0489918
0.0491004
0.0492544
0.0495477
0.0485587
0.0487543
0.0490944
0.0495915
0.0502711
0.0511
0.0520426
0.0530649
0.0541311
0.0552165
0.0563123
0.0574137
0.0585182
0.0596222
0.0607084
0.0617479
0.0627062
0.0635404
0.0642065
0.0646732
0.0649156
0.0649185
0.0646947
0.0643386
0.0639618
0.0635821
0.0632005
0.0628175
0.0624336
0.0620494
0.0616651
0.0612814
0.0608983
0.0605164
0.0601358
0.0597568
0.0593796
0.0590043
0.0586313
0.0582606
0.0578925
0.0575272
0.0571649
0.0568056
0.0564498
0.0560975
0.0557491
0.0554049
0.0550652
0.0547304
0.0544008
0.054077
0.0537593
0.0534483
0.0531446
0.0528487
0.0525612
0.0522829
0.0520142
0.0517561
0.0515092
0.0512744
0.0510524
0.0508443
0.0506511
0.050475
0.0503186
0.0501832
0.0500704
0.0499818
0.0499192
0.0498844
0.0498797
0.049907
0.0499684
0.0500644
0.0501858
0.0502406
0.050213
0.0501162
0.0499601
0.0497565
0.0495181
0.0492619
0.0490039
0.0487562
0.0485278
0.0483235
0.0481425
0.0479838
0.0478481
0.047738
0.0476609
0.0476274
0.0476411
0.0477073
0.0478071
0.0479638
0.0481041
0.0483566
0.048208
0.0483478
0.048565
0.0488537
0.0492613
0.0497867
0.0504138
0.0511211
0.0518817
0.0526754
0.0534924
0.0543267
0.0551744
0.0560313
0.0568824
0.0577039
0.0584674
0.0591373
0.0596772
0.0600606
0.0602663
0.0602813
0.0601162
0.059848
0.0595622
0.0592723
0.058979
0.0586828
0.058384
0.0580831
0.0577804
0.0574763
0.0571711
0.056865
0.0565582
0.0562511
0.0559437
0.0556364
0.0553293
0.0550225
0.0547163
0.0544108
0.0541063
0.0538029
0.0535009
0.0532005
0.0529019
0.0526055
0.0523116
0.0520204
0.0517324
0.051448
0.0511675
0.0508915
0.0506203
0.0503546
0.0500949
0.0498416
0.0495953
0.0493568
0.0491265
0.0489051
0.0486933
0.048492
0.0483018
0.0481256
0.0479646
0.0478198
0.0476926
0.0475843
0.0474962
0.04743
0.0473874
0.0473701
0.0473798
0.0474171
0.0474759
0.0474893
0.0474503
0.0473715
0.0472607
0.0471277
0.0469826
0.0468382
0.046706
0.0465947
0.0465104
0.0464565
0.0464335
0.0464421
0.0464844
0.0465643
0.0466864
0.0468545
0.0470616
0.0472974
0.0475126
0.0477106
0.0478328
0.0480429
0.0486978
0.0487795
0.0488742
0.0489611
0.0491088
0.0493467
0.0496769
0.050089
0.0505643
0.0510857
0.051643
0.0522288
0.0528377
0.0534648
0.0540974
0.0547159
0.0552971
0.0558122
0.0562312
0.0565319
0.0566963
0.0567132
0.0565923
0.0563945
0.0561822
0.0559648
0.0557431
0.0555173
0.0552879
0.0550551
0.0548193
0.0545808
0.0543398
0.0540965
0.0538513
0.0536042
0.0533555
0.0531054
0.0528541
0.0526019
0.0523487
0.0520949
0.0518405
0.051586
0.0513314
0.0510769
0.050823
0.0505697
0.0503174
0.0500665
0.0498172
0.0495699
0.0493249
0.0490828
0.0488438
0.0486084
0.048377
0.0481501
0.0479282
0.0477116
0.0475009
0.0472967
0.0470993
0.0469095
0.0467284
0.0465578
0.0463988
0.0462521
0.0461188
0.0459998
0.0458964
0.0458097
0.0457411
0.0456921
0.0456641
0.045658
0.0456697
0.0456553
0.0456156
0.0455625
0.0455023
0.0454426
0.0453914
0.0453574
0.0453484
0.0453696
0.0454249
0.0455162
0.0456454
0.0458146
0.0460275
0.0462893
0.0466023
0.0469635
0.0473559
0.0477537
0.0480772
0.0483104
0.0484094
0.048574
0.0500239
0.0500428
0.0500116
0.0498968
0.049789
0.0497469
0.0497907
0.0499195
0.0501222
0.0503846
0.0506953
0.0510457
0.0514289
0.051839
0.0522654
0.0526922
0.0531009
0.0534682
0.0537701
0.053988
0.0541067
0.0541172
0.0540283
0.0538866
0.0537332
0.0535743
0.0534104
0.0532419
0.053069
0.052892
0.0527112
0.0525268
0.052339
0.0521482
0.0519544
0.051758
0.051559
0.0513577
0.0511543
0.0509491
0.050742
0.0505333
0.0503232
0.0501121
0.0498999
0.0496871
0.0494738
0.0492603
0.0490469
0.0488338
0.0486214
0.04841
0.0481998
0.0479912
0.0477845
0.0475801
0.0473783
0.0471795
0.0469839
0.0467919
0.0466038
0.0464199
0.0462408
0.0460669
0.0458996
0.0457398
0.0455883
0.0454458
0.0453129
0.0451905
0.0450793
0.0449803
0.0448946
0.0448234
0.0447679
0.0447291
0.0447051
0.0446729
0.0446408
0.0446206
0.0446169
0.044635
0.044681
0.0447599
0.0448754
0.0450301
0.0452251
0.0454614
0.0457416
0.04607
0.0464516
0.0468929
0.0473938
0.047945
0.0485193
0.0490754
0.0495023
0.0497649
0.0498337
0.0499474
0.0522087
0.0521579
0.051993
0.051671
0.0513044
0.0509821
0.0507415
0.0505914
0.0505271
0.0505369
0.0506082
0.0507305
0.0508958
0.051097
0.051325
0.0515676
0.0518099
0.052034
0.0522207
0.0523549
0.052424
0.0524207
0.0523536
0.0522566
0.0521506
0.052039
0.0519222
0.0518005
0.0516741
0.0515433
0.0514084
0.0512694
0.0511267
0.0509804
0.0508307
0.0506779
0.0505221
0.0503636
0.0502024
0.050039
0.0498732
0.0497055
0.0495359
0.0493648
0.0491922
0.0490186
0.048844
0.0486688
0.0484932
0.0483175
0.0481418
0.0479665
0.0477918
0.047618
0.0474453
0.0472739
0.0471041
0.046936
0.0467698
0.0466057
0.0464438
0.0462843
0.0461275
0.0459739
0.0458253
0.0456812
0.0455425
0.0454095
0.0452827
0.0451624
0.0450494
0.0449442
0.0448478
0.044761
0.044685
0.0446207
0.0445683
0.0445252
0.0445075
0.0445269
0.0445859
0.0446881
0.044837
0.045034
0.0452791
0.0455716
0.0459103
0.0462946
0.0467287
0.0472183
0.0477703
0.0483924
0.0490821
0.0498237
0.0505791
0.0512918
0.0518179
0.0521031
0.0521328
0.0521877
0.0552982
0.0551686
0.0548588
0.0543188
0.0536837
0.0530735
0.0525433
0.0521109
0.0517782
0.0515353
0.051368
0.0512642
0.051214
0.0512093
0.0512423
0.0513039
0.0513826
0.051465
0.0515366
0.0515852
0.0516004
0.0515769
0.0515235
0.0514624
0.0513951
0.0513225
0.0512449
0.0511626
0.0510756
0.0509844
0.0508889
0.0507895
0.0506864
0.0505796
0.0504694
0.0503561
0.0502397
0.0501205
0.0499987
0.0498746
0.0497481
0.0496196
0.0494893
0.0493574
0.0492242
0.0490898
0.0489546
0.0488187
0.0486823
0.0485457
0.048409
0.0482726
0.0481364
0.0480008
0.0478658
0.0477315
0.0475979
0.0474651
0.0473331
0.0472019
0.0470713
0.0469413
0.0468121
0.0466846
0.0465599
0.0464369
0.0463162
0.0461978
0.0460819
0.0459686
0.0458582
0.0457513
0.0456483
0.04555
0.0454573
0.0453713
0.0452939
0.045244
0.0452454
0.0453103
0.045439
0.0456325
0.0458919
0.0462148
0.0465967
0.0470339
0.0475224
0.0480603
0.0486529
0.0493079
0.0500337
0.0508395
0.0517204
0.0526536
0.0535903
0.054458
0.0550783
0.0553781
0.0553574
0.055343
0.0593594
0.0591404
0.0586717
0.0578992
0.0569804
0.0560683
0.0552366
0.0545122
0.0539032
0.0534013
0.0529905
0.0526568
0.0523884
0.0521758
0.0520124
0.0518919
0.051806
0.0517454
0.0516999
0.0516596
0.0516166
0.0515671
0.0515214
0.0514903
0.051456
0.0514171
0.0513739
0.0513264
0.0512749
0.0512196
0.0511606
0.051098
0.0510322
0.0509631
0.0508911
0.0508162
0.0507387
0.0506588
0.0505767
0.0504926
0.0504066
0.0503191
0.0502301
0.0501401
0.0500491
0.0499574
0.0498653
0.0497729
0.0496805
0.0495881
0.049496
0.0494042
0.0493128
0.0492219
0.0491313
0.0490411
0.048951
0.0488608
0.0487703
0.0486791
0.048587
0.0484936
0.0483991
0.0483049
0.0482105
0.0481148
0.0480177
0.0479189
0.0478183
0.0477157
0.0476111
0.0475047
0.0473968
0.0472881
0.0471792
0.0470714
0.0469684
0.0469122
0.0469353
0.0470505
0.0472552
0.0475476
0.0479261
0.0483833
0.0489105
0.0495001
0.0501451
0.0508422
0.0515979
0.0524219
0.0533242
0.0543158
0.0553889
0.0565138
0.0576301
0.0586496
0.0593578
0.0596621
0.0595776
0.0594817
0.0644778
0.0641593
0.0635166
0.0624951
0.0612737
0.060041
0.0588905
0.0578585
0.0569595
0.0561868
0.0555223
0.0549497
0.0544552
0.054028
0.0536623
0.0533546
0.0530994
0.0528915
0.0527245
0.0525909
0.052485
0.0524048
0.0523629
0.0523591
0.0523554
0.0523484
0.0523381
0.0523247
0.0523083
0.0522891
0.0522672
0.0522426
0.0522157
0.0521864
0.0521551
0.0521218
0.0520868
0.0520502
0.0520123
0.0519733
0.0519333
0.0518927
0.0518515
0.0518102
0.0517688
0.0517277
0.051687
0.0516469
0.0516075
0.0515689
0.0515312
0.0514944
0.0514583
0.0514227
0.0513875
0.0513523
0.0513166
0.0512799
0.0512416
0.0512011
0.0511575
0.0511104
0.0510601
0.0510081
0.0509522
0.0508905
0.0508228
0.0507483
0.0506664
0.0505766
0.0504785
0.0503721
0.0502575
0.0501353
0.0500061
0.0498712
0.0497365
0.04967
0.0497137
0.0498812
0.0501664
0.0505641
0.0510688
0.051668
0.0523472
0.0530951
0.0539011
0.05476
0.0556802
0.0566732
0.0577508
0.0589262
0.0601885
0.061501
0.0627918
0.0639571
0.0647444
0.0650423
0.0648795
0.0646892
0.0707574
0.0703325
0.0695022
0.0682161
0.0666714
0.0650966
0.0636061
0.0622464
0.0610389
0.0599788
0.0590454
0.0582201
0.0574872
0.0568339
0.0562556
0.0557515
0.0553188
0.0549562
0.0546613
0.0544291
0.0542557
0.0541412
0.054102
0.0541268
0.0541556
0.054183
0.0542088
0.0542333
0.0542563
0.0542782
0.0542988
0.0543185
0.0543372
0.0543551
0.0543724
0.0543893
0.0544058
0.0544223
0.0544388
0.0544556
0.054473
0.0544911
0.0545102
0.0545306
0.0545523
0.0545756
0.0546008
0.0546278
0.0546567
0.0546876
0.0547202
0.0547545
0.05479
0.0548264
0.0548629
0.054899
0.0549337
0.0549661
0.054995
0.0550193
0.0550379
0.05505
0.0550573
0.0550576
0.0550486
0.0550279
0.0549945
0.0549471
0.0548846
0.0548061
0.054711
0.0545991
0.0544702
0.054325
0.0541642
0.0539895
0.0538088
0.0537211
0.0537779
0.0539947
0.0543603
0.0548649
0.0554985
0.0562419
0.0570748
0.0579807
0.0589455
0.0599623
0.0610409
0.0621955
0.06344
0.0647898
0.0662314
0.0677215
0.069177
0.0704788
0.0713357
0.0716168
0.0713625
0.0710672
0.0783246
0.0777943
0.0767678
0.0752051
0.0733177
0.0713781
0.0695241
0.0678134
0.0662753
0.064907
0.0636855
0.0625897
0.0616014
0.0607066
0.0599011
0.0591874
0.0585656
0.0580384
0.0576075
0.0572703
0.0570254
0.0568752
0.0568417
0.0569019
0.056971
0.0570411
0.0571123
0.0571846
0.057258
0.0573325
0.0574082
0.0574851
0.0575635
0.0576433
0.0577248
0.057808
0.0578932
0.0579803
0.0580697
0.0581614
0.0582558
0.0583531
0.0584534
0.0585569
0.0586637
0.0587741
0.0588881
0.0590056
0.0591265
0.0592508
0.0593779
0.0595074
0.0596385
0.0597705
0.0599022
0.0600324
0.0601595
0.0602819
0.0603979
0.0605054
0.0606031
0.0606904
0.0607693
0.0608325
0.060878
0.0609026
0.0609046
0.0608822
0.0608337
0.0607579
0.060654
0.0605216
0.0603609
0.0601726
0.0599577
0.0597187
0.059466
0.0593351
0.0593876
0.0596407
0.060077
0.0606803
0.0614352
0.0623148
0.0632916
0.0643438
0.0654536
0.0666123
0.0678317
0.0691293
0.0705218
0.0720272
0.0736302
0.0752818
0.0768882
0.0783166
0.0792354
0.0794937
0.07914
0.0787355
0.0873392
0.0867178
0.0854958
0.0836525
0.0814066
0.0790808
0.0768391
0.0747518
0.0728581
0.0711577
0.0696253
0.0682373
0.0669732
0.0658171
0.0647663
0.0638263
0.0630006
0.0622964
0.0617202
0.0612719
0.0609528
0.0607687
0.0607501
0.0608607
0.060986
0.0611161
0.0612508
0.0613901
0.061534
0.0616825
0.0618357
0.0619936
0.0621562
0.0623235
0.0624958
0.062673
0.0628553
0.0630426
0.0632351
0.0634327
0.0636361
0.063845
0.0640595
0.0642799
0.064506
0.0647379
0.0649753
0.0652182
0.0654661
0.0657184
0.0659743
0.0662329
0.0664928
0.0667526
0.0670105
0.0672642
0.0675114
0.0677495
0.0679756
0.0681873
0.0683827
0.0685639
0.068723
0.0688544
0.068955
0.0690207
0.0690491
0.0690378
0.0689849
0.0688889
0.0687492
0.0685656
0.0683388
0.0680702
0.0677617
0.0674167
0.0670489
0.0668367
0.066852
0.0671126
0.0675932
0.0682704
0.0691217
0.0701117
0.0712047
0.0723742
0.0735981
0.0748669
0.0761956
0.0776046
0.0791142
0.0807476
0.0824879
0.084282
0.0860266
0.0875761
0.0885573
0.0887974
0.0883478
0.0878422
0.0980142
0.0973371
0.0959348
0.0938189
0.0912052
0.0884747
0.0858216
0.0833313
0.0810549
0.0789958
0.0771268
0.0754218
0.0738581
0.0724177
0.0710996
0.0699133
0.0688663
0.0679711
0.0672397
0.0666754
0.0662831
0.0660724
0.0660875
0.0662753
0.0664856
0.0667056
0.0669353
0.0671747
0.0674236
0.0676822
0.0679504
0.0682281
0.0685154
0.0688122
0.0691184
0.069434
0.069759
0.0700931
0.0704364
0.0707881
0.0711494
0.0715195
0.0718982
0.0722854
0.0726808
0.073084
0.0734945
0.0739114
0.0743339
0.0747608
0.0751907
0.0756217
0.0760517
0.0764782
0.0768981
0.0773081
0.0777045
0.0780834
0.0784408
0.0787737
0.0790818
0.0793604
0.0795967
0.0797859
0.0799241
0.0800068
0.0800309
0.079994
0.0798941
0.0797305
0.0795029
0.0792123
0.0788605
0.0784501
0.0779845
0.0774691
0.0769212
0.0765688
0.0764926
0.0767096
0.0771852
0.0778873
0.078786
0.0798366
0.0809957
0.0822319
0.0835203
0.0848509
0.0862433
0.0877218
0.0893114
0.0910414
0.0928955
0.0948179
0.0966974
0.0983763
0.0994374
0.0996829
0.0991614
0.0985829
0.110644
0.109977
0.108429
0.106066
0.103085
0.0999366
0.0968506
0.0939309
0.0912435
0.0887978
0.0865645
0.0845155
0.0826255
0.0808751
0.0792651
0.0778101
0.0765226
0.0754217
0.0745265
0.0738448
0.0733861
0.073166
0.0732482
0.073559
0.0739018
0.0742612
0.0746374
0.0750303
0.07544
0.0758665
0.0763095
0.076769
0.0772447
0.0777363
0.0782435
0.0787659
0.0793029
0.0798542
0.080419
0.080996
0.0815863
0.0821883
0.0828013
0.0834244
0.0840566
0.0846967
0.0853433
0.0859948
0.0866493
0.0873047
0.0879584
0.0886074
0.0892484
0.0898771
0.0904892
0.0910795
0.0916428
0.0921733
0.092667
0.0931216
0.0935313
0.0938777
0.0941547
0.0943568
0.0944791
0.0945176
0.0944695
0.0943328
0.0941069
0.0937922
0.0933904
0.0929043
0.0923376
0.0916954
0.090983
0.0902084
0.0893934
0.0888195
0.088575
0.0886723
0.089067
0.0897186
0.0905898
0.0916271
0.0927805
0.0940147
0.0953034
0.0966375
0.098042
0.0995468
0.101182
0.102986
0.104942
0.106996
0.109029
0.110871
0.112058
0.112362
0.111827
0.111229
0.125636
0.125086
0.123452
0.120889
0.117555
0.113985
0.11045
0.107078
0.103953
0.101093
0.0984688
0.0960488
0.0938061
0.091719
0.0897917
0.0880451
0.0864981
0.0851788
0.0841155
0.0833221
0.0828151
0.0826186
0.0828248
0.0833307
0.083881
0.0844573
0.08506
0.0856895
0.0863456
0.0870281
0.0877368
0.0884708
0.0892296
0.0900123
0.0908176
0.0916444
0.0924914
0.093357
0.0942396
0.0951363
0.0960478
0.096971
0.0979037
0.0988439
0.0997891
0.100737
0.101684
0.102627
0.103564
0.10449
0.105403
0.106296
0.107166
0.108006
0.10881
0.109571
0.110283
0.110937
0.111534
0.112058
0.11249
0.112822
0.113048
0.113163
0.113162
0.113044
0.112806
0.11245
0.111976
0.111388
0.110691
0.109891
0.108993
0.108006
0.106938
0.1058
0.104618
0.103727
0.103222
0.103105
0.103324
0.103831
0.104582
0.105518
0.106584
0.107742
0.108966
0.11025
0.111624
0.113126
0.114792
0.116669
0.118744
0.120964
0.123204
0.125281
0.126679
0.127136
0.126681
0.126158
0.143513
0.143237
0.141601
0.138915
0.135267
0.13129
0.127306
0.12347
0.119892
0.116601
0.113566
0.110755
0.10814
0.105695
0.10343
0.101374
0.0995547
0.0980115
0.0967858
0.0959006
0.0953822
0.0952684
0.0956872
0.0964948
0.0973621
0.0982673
0.0992117
0.100196
0.101219
0.10228
0.103378
0.104512
0.105678
0.106876
0.108102
0.109354
0.110627
0.111919
0.113226
0.114543
0.115869
0.117198
0.118526
0.119848
0.121161
0.122458
0.123736
0.124991
0.126216
0.127408
0.128562
0.129671
0.130729
0.131728
0.132661
0.133518
0.134296
0.134983
0.135555
0.135999
0.136307
0.136473
0.136492
0.136361
0.136076
0.13564
0.135055
0.134324
0.133453
0.132449
0.131319
0.130075
0.128724
0.127278
0.125749
0.124148
0.122508
0.121209
0.120357
0.119932
0.11988
0.120148
0.120691
0.121445
0.122352
0.123376
0.124491
0.125696
0.127027
0.128528
0.130245
0.132233
0.134485
0.136948
0.139491
0.14192
0.14366
0.144411
0.144167
0.143864
0.164839
0.165033
0.16349
0.160793
0.156908
0.152581
0.148188
0.143914
0.139901
0.136191
0.132755
0.129561
0.126577
0.123776
0.121174
0.11881
0.116723
0.11497
0.113609
0.112677
0.112212
0.11228
0.113031
0.114273
0.115593
0.116964
0.118389
0.119866
0.121395
0.122972
0.124594
0.126258
0.127958
0.129691
0.13145
0.133229
0.135023
0.136824
0.138626
0.140421
0.142205
0.143969
0.145706
0.147409
0.149071
0.150684
0.152244
0.153745
0.155182
0.15655
0.157842
0.159055
0.160178
0.161201
0.162126
0.16293
0.16359
0.164093
0.164431
0.164595
0.164581
0.164384
0.164002
0.163435
0.162686
0.161761
0.160667
0.159411
0.158003
0.156455
0.154778
0.152985
0.151088
0.149101
0.147037
0.14491
0.142753
0.140987
0.139733
0.138929
0.138535
0.1385
0.138777
0.1393
0.140014
0.140884
0.141888
0.143028
0.144348
0.145899
0.147735
0.149919
0.15245
0.155276
0.158257
0.161188
0.163434
0.164666
0.164801
0.164907
0.189912
0.190766
0.189367
0.1868
0.182825
0.17829
0.173618
0.169022
0.164674
0.160634
0.156878
0.153372
0.150084
0.146986
0.1441
0.141478
0.139175
0.137268
0.135838
0.134937
0.134624
0.135027
0.136209
0.137994
0.139875
0.141819
0.143827
0.145897
0.148023
0.1502
0.152422
0.154681
0.156971
0.159281
0.161604
0.163929
0.166246
0.168546
0.170818
0.173049
0.175234
0.17736
0.179418
0.181396
0.183287
0.185083
0.186781
0.188375
0.189863
0.191241
0.192498
0.193642
0.194651
0.195507
0.196182
0.196676
0.196979
0.197082
0.196978
0.196661
0.196132
0.195389
0.194436
0.193278
0.191923
0.190382
0.188667
0.186789
0.184763
0.182603
0.180323
0.177938
0.175461
0.172909
0.170293
0.167631
0.164956
0.16271
0.161039
0.159836
0.159084
0.158732
0.158736
0.159035
0.159575
0.160326
0.16127
0.162414
0.163806
0.165507
0.167573
0.170076
0.173017
0.17634
0.179893
0.183464
0.18636
0.18826
0.188929
0.189645
0.218032
0.219577
0.218298
0.21603
0.21222
0.207767
0.203108
0.198466
0.194038
0.189902
0.186038
0.182416
0.179007
0.175781
0.172767
0.170032
0.167648
0.165713
0.164333
0.163579
0.163526
0.164335
0.165988
0.168302
0.170721
0.173208
0.175764
0.178383
0.181057
0.183778
0.186537
0.189321
0.19212
0.19492
0.197711
0.200476
0.203204
0.205881
0.208492
0.21102
0.213457
0.215788
0.217998
0.220076
0.222017
0.223814
0.22547
0.226978
0.228348
0.229568
0.230619
0.231472
0.232126
0.232577
0.232813
0.232825
0.232609
0.232158
0.231469
0.230544
0.229385
0.227998
0.226391
0.224576
0.222563
0.220371
0.218013
0.215506
0.212865
0.210108
0.207249
0.204304
0.201287
0.198215
0.195098
0.191953
0.188814
0.186136
0.184075
0.182519
0.181451
0.180828
0.180612
0.180748
0.181189
0.18191
0.182896
0.184156
0.185744
0.187718
0.190137
0.193073
0.196516
0.200404
0.204555
0.20877
0.212302
0.214948
0.216157
0.217612
0.246458
0.248321
0.247085
0.245306
0.242048
0.238159
0.234025
0.229842
0.225807
0.222008
0.218437
0.215073
0.21189
0.208865
0.206029
0.203462
0.201248
0.1995
0.198342
0.197859
0.198135
0.199304
0.201266
0.203862
0.206573
0.209368
0.212245
0.215196
0.218208
0.221271
0.224369
0.227488
0.230612
0.233725
0.23681
0.239848
0.242823
0.245715
0.248507
0.251176
0.253712
0.256094
0.258308
0.260344
0.262203
0.263879
0.265395
0.266726
0.267845
0.268745
0.269428
0.269883
0.270104
0.270085
0.269819
0.269299
0.268523
0.26749
0.266202
0.264664
0.262885
0.260877
0.258652
0.256228
0.253616
0.250843
0.247922
0.244871
0.241709
0.238453
0.235117
0.231718
0.228269
0.224784
0.221275
0.217756
0.21426
0.211247
0.208884
0.207064
0.205769
0.204965
0.204624
0.2047
0.205152
0.205958
0.207103
0.208594
0.210478
0.212805
0.215617
0.218968
0.22282
0.22709
0.231551
0.236057
0.239825
0.242993
0.244382
0.246508
0.269627
0.271039
0.269666
0.268525
0.266304
0.263635
0.260746
0.257751
0.254806
0.251989
0.249309
0.246759
0.244327
0.242
0.239811
0.237839
0.236167
0.234911
0.234193
0.234099
0.234705
0.236042
0.23797
0.240417
0.243023
0.245763
0.248633
0.251615
0.254693
0.257847
0.26106
0.264311
0.26758
0.270846
0.274087
0.277279
0.280399
0.283425
0.286334
0.289095
0.291695
0.294108
0.296322
0.29833
0.300151
0.301767
0.303138
0.304276
0.305177
0.305834
0.306241
0.306391
0.306276
0.30589
0.305228
0.304288
0.30307
0.301579
0.299821
0.297807
0.295552
0.293071
0.290384
0.28751
0.284463
0.281273
0.277956
0.274531
0.271016
0.267427
0.26378
0.26009
0.256369
0.25263
0.248882
0.245141
0.241435
0.238222
0.23568
0.233711
0.232295
0.231411
0.231041
0.231146
0.23169
0.232645
0.233989
0.235712
0.237836
0.24038
0.243344
0.246737
0.25046
0.254413
0.258304
0.262139
0.265121
0.268102
0.268761
0.271209
0.279408
0.279374
0.277716
0.277253
0.276546
0.275793
0.274947
0.273976
0.27293
0.271858
0.270784
0.269726
0.268694
0.267692
0.266746
0.265919
0.265274
0.2649
0.264894
0.265321
0.266228
0.267485
0.268995
0.270834
0.272935
0.275272
0.277825
0.280567
0.283474
0.286524
0.289693
0.292959
0.296295
0.299678
0.303078
0.306468
0.309817
0.313097
0.316274
0.319311
0.322184
0.324859
0.327334
0.3296
0.331621
0.333405
0.334941
0.336222
0.337238
0.33798
0.338437
0.338599
0.338458
0.338009
0.337249
0.336179
0.334805
0.333136
0.331185
0.328968
0.326505
0.323816
0.320925
0.317853
0.314618
0.311253
0.307775
0.304203
0.300555
0.296848
0.293097
0.289316
0.285516
0.281712
0.277909
0.274124
0.270379
0.267114
0.264516
0.26249
0.261014
0.260079
0.259677
0.25977
0.260314
0.261264
0.262572
0.264192
0.266091
0.268233
0.270543
0.27296
0.275313
0.277519
0.279233
0.280784
0.281364
0.282995
0.281558
0.283765
0.267653
0.265398
0.263467
0.263502
0.264511
0.266057
0.267738
0.269346
0.270777
0.272021
0.273122
0.274122
0.27506
0.275962
0.276835
0.277705
0.278587
0.279507
0.280498
0.281582
0.282746
0.2837
0.284473
0.28533
0.286602
0.288251
0.290238
0.292532
0.295109
0.297948
0.301027
0.304323
0.307809
0.311456
0.315232
0.319101
0.323025
0.326963
0.330871
0.334689
0.338374
0.341882
0.345198
0.34831
0.351199
0.353846
0.35623
0.358329
0.360121
0.361588
0.362711
0.363476
0.363876
0.363904
0.363562
0.362854
0.361792
0.360391
0.358669
0.356651
0.35436
0.351824
0.34907
0.346124
0.343005
0.339754
0.336387
0.332924
0.329386
0.325791
0.322154
0.318489
0.314809
0.311127
0.307449
0.303795
0.300174
0.296971
0.294366
0.292251
0.290598
0.289413
0.288686
0.28837
0.288398
0.288692
0.289163
0.289715
0.290242
0.290638
0.29075
0.290465
0.289569
0.288096
0.285702
0.283212
0.279775
0.278868
0.274109
0.275505
0.231689
0.227323
0.225364
0.225434
0.227698
0.231027
0.234736
0.238497
0.242064
0.245365
0.248458
0.251405
0.254273
0.25711
0.259893
0.262589
0.265138
0.267465
0.269496
0.271175
0.272369
0.272831
0.272679
0.27234
0.272566
0.273314
0.274539
0.276219
0.278346
0.280909
0.283896
0.28729
0.291071
0.295211
0.29968
0.304438
0.309438
0.314631
0.319955
0.325306
0.330601
0.335851
0.341016
0.346051
0.350906
0.355529
0.359871
0.363881
0.367514
0.370733
0.373507
0.375813
0.377637
0.378973
0.379824
0.3802
0.380118
0.379601
0.378677
0.377376
0.375732
0.373781
0.371555
0.36909
0.366407
0.363557
0.360559
0.357439
0.354221
0.350928
0.347576
0.344183
0.340763
0.337333
0.333897
0.330482
0.327078
0.32392
0.321147
0.31861
0.316284
0.31419
0.312302
0.310565
0.308892
0.307177
0.305304
0.303149
0.300554
0.297382
0.293458
0.288689
0.282913
0.276395
0.268864
0.261662
0.253843
0.250015
0.24196
0.24227
0.17973
0.174471
0.172852
0.172478
0.174922
0.178569
0.182681
0.18695
0.191071
0.194947
0.198649
0.202252
0.205836
0.209472
0.213114
0.216671
0.220015
0.222969
0.225338
0.226983
0.227635
0.227444
0.22641
0.225003
0.224211
0.224009
0.224366
0.225288
0.226784
0.228862
0.231528
0.234787
0.238636
0.24307
0.248075
0.253629
0.2597
0.266244
0.273198
0.280399
0.287912
0.295669
0.30359
0.311584
0.31955
0.327382
0.334973
0.342221
0.349033
0.355327
0.36104
0.366123
0.370542
0.374282
0.37734
0.379727
0.381465
0.382585
0.383125
0.383127
0.382639
0.381708
0.380382
0.378707
0.376715
0.374473
0.37201
0.36936
0.366558
0.363632
0.360609
0.357511
0.354356
0.351168
0.347947
0.344733
0.341491
0.338136
0.334684
0.330968
0.326999
0.322824
0.318429
0.313787
0.308842
0.303518
0.29774
0.291428
0.284447
0.27672
0.26814
0.258727
0.248451
0.237804
0.226609
0.216407
0.206177
0.200569
0.191173
0.190653
0.12699
0.122199
0.121125
0.120231
0.122007
0.124731
0.127805
0.131014
0.134094
0.136963
0.139698
0.14237
0.145057
0.147834
0.150652
0.15341
0.155967
0.158117
0.159631
0.160348
0.160108
0.159279
0.157783
0.155965
0.154668
0.15388
0.153584
0.153799
0.154544
0.155837
0.157698
0.160148
0.163208
0.166899
0.171239
0.176245
0.181927
0.188287
0.195295
0.20298
0.211379
0.220439
0.23009
0.240233
0.250745
0.261477
0.272265
0.282937
0.293321
0.303258
0.312605
0.321244
0.329081
0.336054
0.342123
0.347277
0.351525
0.354895
0.35743
0.359183
0.360216
0.360594
0.360384
0.359653
0.358452
0.35687
0.354951
0.352749
0.350313
0.347686
0.344903
0.342
0.338998
0.335933
0.332801
0.329656
0.326438
0.32254
0.317773
0.312111
0.305679
0.298608
0.290964
0.282828
0.274257
0.265281
0.255933
0.246234
0.236134
0.225644
0.214747
0.203545
0.192082
0.180853
0.169701
0.159881
0.15044
0.145001
0.136782
0.135975
0.0840237
0.0803091
0.0797269
0.078575
0.0795517
0.0811174
0.0828663
0.0846773
0.0863608
0.0878664
0.0892594
0.0905956
0.0919343
0.0933315
0.0947511
0.0961133
0.0973145
0.0982017
0.0986046
0.0984213
0.0976838
0.0966723
0.0953199
0.0938172
0.0926806
0.0918877
0.0914233
0.0913055
0.0915471
0.092163
0.0931698
0.0945865
0.0964347
0.0987386
0.101525
0.104821
0.108657
0.11306
0.118067
0.123801
0.130293
0.137554
0.145581
0.154351
0.163812
0.173881
0.184438
0.195335
0.206395
0.217426
0.228226
0.238603
0.248377
0.257396
0.265544
0.272736
0.278927
0.284106
0.288288
0.291515
0.293846
0.295353
0.296115
0.296215
0.295722
0.294739
0.293332
0.291571
0.289518
0.287229
0.28475
0.282125
0.27938
0.27656
0.273658
0.270733
0.267727
0.263511
0.257748
0.250819
0.243015
0.234555
0.225601
0.216333
0.206896
0.197389
0.187894
0.178464
0.169075
0.15974
0.150447
0.141259
0.132192
0.123563
0.115225
0.107971
0.101111
0.0969773
0.0910803
0.0903264
0.0531748
0.0505472
0.0502912
0.0491732
0.0495816
0.0502936
0.0510762
0.0518733
0.0525652
0.0531266
0.0536065
0.0540422
0.0544717
0.054931
0.0553962
0.0558173
0.0561339
0.0562569
0.0560901
0.0555871
0.0548612
0.0540413
0.0530961
0.0521173
0.0513683
0.0508201
0.050461
0.0503018
0.050349
0.0506113
0.0510986
0.0518224
0.0527965
0.0540364
0.05556
0.0573872
0.0595396
0.0620403
0.0649375
0.0683289
0.0722417
0.0766991
0.0817223
0.0873233
0.0934993
0.100228
0.107462
0.115132
0.123139
0.131361
0.139658
0.147873
0.155846
0.163423
0.170463
0.176851
0.182502
0.187362
0.19141
0.194653
0.197121
0.198866
0.199948
0.200439
0.200403
0.199928
0.199076
0.197914
0.196499
0.194881
0.193104
0.191207
0.189213
0.187161
0.185046
0.182913
0.180734
0.177318
0.172395
0.166634
0.160379
0.153789
0.146992
0.140124
0.133291
0.126559
0.119975
0.113562
0.107293
0.101164
0.0951582
0.0892981
0.0835813
0.0781767
0.0729865
0.0684436
0.064156
0.0614306
0.0577201
0.0571135
0.0325306
0.0307277
0.0306699
0.0297449
0.0298786
0.0301392
0.0304113
0.0306734
0.0308563
0.0309518
0.0309943
0.0310074
0.0310135
0.0310339
0.0310548
0.0310496
0.0309887
0.0308285
0.0305231
0.0300555
0.0295314
0.0289884
0.0284185
0.0278619
0.0274382
0.0271219
0.0269052
0.0267933
0.0267892
0.0268974
0.027123
0.0274719
0.0279512
0.0285691
0.0293352
0.0302604
0.0313568
0.0326385
0.0341395
0.0359188
0.0379954
0.0403879
0.0431151
0.046191
0.0496205
0.0533968
0.0574993
0.061893
0.0665284
0.0713412
0.0762539
0.0811777
0.0860165
0.0906734
0.095056
0.0990834
0.102691
0.105834
0.108488
0.110648
0.112328
0.113553
0.114361
0.114795
0.114896
0.114719
0.114304
0.113694
0.112926
0.112033
0.111041
0.109977
0.108855
0.107698
0.106503
0.105296
0.104079
0.102011
0.0989624
0.0954909
0.0918638
0.0881277
0.0843286
0.0805258
0.0767646
0.0730711
0.0694657
0.0659595
0.0625393
0.0592058
0.0559524
0.0527884
0.0497092
0.0467878
0.0439683
0.0414498
0.0390485
0.0374096
0.0352692
0.0348043
0.018361
0.0172035
0.0172576
0.0165863
0.0166126
0.0166753
0.0167314
0.0167763
0.0167712
0.0167154
0.0166314
0.0165328
0.0164322
0.0163412
0.0162519
0.0161499
0.0160209
0.0158434
0.0155954
0.0152759
0.0149495
0.014631
0.0143172
0.0140244
0.0138056
0.0136424
0.01353
0.0134708
0.0134666
0.0135196
0.0136326
0.0138088
0.014052
0.0143665
0.0147572
0.0152298
0.0157906
0.0164467
0.0172181
0.0181358
0.019208
0.0204421
0.0218459
0.0234245
0.0251788
0.0271043
0.0291898
0.0314177
0.0337639
0.0361976
0.0386824
0.0411767
0.0436349
0.0460096
0.0482545
0.0503276
0.0521941
0.0538287
0.0552167
0.056354
0.0572458
0.0579046
0.0583491
0.0586011
0.0586829
0.0586213
0.0584385
0.0581562
0.0577935
0.0573675
0.0568921
0.0563804
0.0558398
0.0552825
0.0547061
0.0541228
0.0535442
0.052511
0.0509872
0.0492977
0.047604
0.045896
0.0441755
0.0424555
0.0407457
0.0390498
0.037372
0.0357149
0.0340718
0.0324439
0.0308306
0.0292374
0.0276667
0.0261539
0.0246794
0.0233328
0.0220421
0.0210975
0.0199216
0.0195997
0.00879068
0.00818143
0.0082548
0.0078584
0.00784347
0.00782524
0.00779814
0.00776392
0.00770432
0.0076216
0.00752801
0.00743006
0.00733348
0.00724368
0.00715635
0.00706497
0.00696366
0.00684336
0.00669515
0.00652276
0.0063576
0.006205
0.00606346
0.00593782
0.00584688
0.00577995
0.00573455
0.00571193
0.00571287
0.00573851
0.00579017
0.00586935
0.00597784
0.00611769
0.00629126
0.00650119
0.00675045
0.00704234
0.00738727
0.00779992
0.00828368
0.00884186
0.00947798
0.0101946
0.0109927
0.0118709
0.0128249
0.0138473
0.0149274
0.016051
0.0172005
0.0183557
0.0194944
0.0205937
0.0216315
0.0225881
0.0234475
0.0241984
0.0248344
0.0253541
0.0257605
0.0260599
0.026261
0.0263742
0.0264101
0.0263806
0.0262962
0.0261666
0.0260006
0.0258058
0.0255885
0.0253546
0.0251072
0.0248518
0.0245872
0.0243182
0.0240554
0.0235696
0.0228607
0.0220964
0.0213646
0.0206448
0.0199302
0.0192217
0.0185196
0.0178228
0.0171315
0.0164454
0.015761
0.0150786
0.0143981
0.0137212
0.0130494
0.0123962
0.0117535
0.0111558
0.0105729
0.0101215
0.00955932
0.00939113
0.0028985
0.00268494
0.0027294
0.00255986
0.00253959
0.00250576
0.00246662
0.00242491
0.00237502
0.00231913
0.002262
0.00220556
0.00215147
0.00210127
0.0020532
0.00200526
0.00195595
0.0019028
0.00184359
0.00178095
0.0017252
0.00167721
0.00163623
0.00160278
0.00158022
0.00156408
0.00155369
0.0015495
0.00155178
0.00156091
0.00157733
0.00160151
0.00163405
0.00167561
0.00172693
0.00178888
0.00186239
0.00194852
0.00205093
0.00217438
0.00231973
0.00248798
0.00268022
0.00289737
0.00313991
0.00340775
0.00369996
0.00401459
0.00434847
0.00469712
0.00505479
0.00541466
0.00576925
0.00611086
0.00643223
0.006727
0.00699018
0.00721838
0.00740991
0.00756464
0.00768378
0.00776959
0.00782503
0.00785349
0.00785837
0.00784338
0.00781177
0.00776655
0.00771032
0.00764541
0.00757363
0.00749676
0.00741565
0.00733195
0.00724512
0.00715644
0.00707132
0.00690992
0.00668462
0.00645646
0.00625567
0.00606796
0.00588809
0.00571397
0.00554372
0.00537552
0.00520831
0.00504128
0.00487302
0.0047036
0.00453283
0.00436109
0.00418824
0.00401786
0.00384522
0.00368087
0.00350894
0.00336889
0.00317283
0.00312392
)
;

boundaryField
{
    inlet
    {
        type            cyclic;
    }
    outlet
    {
        type            cyclic;
    }
    top
    {
        type            zeroGradient;
    }
    hills
    {
        type            zeroGradient;
    }
    front
    {
        type            empty;
    }
    back
    {
        type            empty;
    }
}


// ************************************************************************* //
