/*--------------------------------*- C++ -*----------------------------------*\
| =========                 |                                                 |
| \\      /  F ield         | OpenFOAM: The Open Source CFD Toolbox           |
|  \\    /   O peration     | Version:  v2106                                 |
|   \\  /    A nd           | Website:  www.openfoam.com                      |
|    \\/     M anipulation  |                                                 |
\*---------------------------------------------------------------------------*/
FoamFile
{
    version     2.0;
    format      ascii;
    arch        "LSB;label=32;scalar=64";
    class       volScalarField;
    location    "0";
    object      expGpCoeffs51;
}
// * * * * * * * * * * * * * * * * * * * * * * * * * * * * * * * * * * * * * //

dimensions      [0 0 0 0 0 0 0];

internalField   nonuniform List<scalar> 
8000
(
6.93155e-05
9.70207e-05
0.000179252
0.000334705
0.000626513
0.00104763
0.00155967
0.00214067
0.00260617
0.00295073
0.00305873
0.00292853
0.00262675
0.00216519
0.00168976
0.00120787
0.000814235
0.000506936
0.000287757
0.000155905
7.07167e-05
3.25115e-05
1.00734e-05
3.5477e-06
-1.31909e-06
-4.91231e-06
-1.40798e-05
-2.92707e-05
-5.38585e-05
-8.79524e-05
-0.000130213
-0.000180287
-0.000232049
-0.000284796
-0.000330106
-0.000367243
-0.000389501
-0.000396474
-0.000386642
-0.000360153
-0.000321638
-0.000271743
-0.000219031
-0.00016432
-0.000115765
-7.39455e-05
-4.24951e-05
-2.1467e-05
-8.39987e-06
-2.83704e-06
1.90155e-06
6.47788e-06
1.75143e-05
3.54582e-05
6.26617e-05
9.90638e-05
0.000141043
0.000188032
0.000232227
0.00027286
0.00030219
0.000319665
0.000321853
0.000308722
0.000282977
0.000245114
0.000202417
0.000155634
0.00011264
7.4033e-05
4.41456e-05
2.31268e-05
9.72453e-06
3.59116e-06
-1.16828e-06
-5.19257e-06
-1.77859e-05
-3.91033e-05
-8.67808e-05
-0.00016029
-0.000292325
-0.000482122
-0.000762954
-0.0011352
-0.00158182
-0.00210421
-0.00259932
-0.00305955
-0.00334579
-0.00344728
-0.00330709
-0.00292732
-0.00242444
-0.00180278
-0.00124825
-0.000782547
-0.00045109
-0.000264227
-0.000161824
-0.000124263
6.70845e-05
9.47838e-05
0.000171208
0.000326549
0.000612984
0.00103383
0.0015595
0.00214075
0.00262411
0.00296937
0.00307821
0.00294852
0.00263406
0.00217255
0.00168478
0.00120266
0.000805813
0.00049831
0.00028237
0.000150447
6.86422e-05
3.04257e-05
9.6035e-06
3.07806e-06
-1.08626e-06
-4.67902e-06
-1.33783e-05
-2.85672e-05
-5.30383e-05
-8.71279e-05
-0.000129749
-0.000179817
-0.000232304
-0.000285043
-0.000331117
-0.000368248
-0.000390927
-0.000397899
-0.000387915
-0.000361429
-0.000322248
-0.00027236
-0.000218802
-0.000164098
-0.000114948
-7.31337e-05
-4.1631e-05
-2.06056e-05
-8.0147e-06
-2.45258e-06
1.59661e-06
6.17235e-06
1.67424e-05
3.4684e-05
6.19481e-05
9.83456e-05
0.000140908
0.000187891
0.00023288
0.000273508
0.000303409
0.000320881
0.000323104
0.000309974
0.000283718
0.00024586
0.00020239
0.000155614
0.000112002
7.33996e-05
4.33612e-05
2.23451e-05
9.30632e-06
3.17374e-06
-9.20855e-07
-4.94463e-06
-1.6639e-05
-3.7955e-05
-8.37222e-05
-0.000157247
-0.000286032
-0.000475912
-0.000754644
-0.00112709
-0.00157833
-0.00210092
-0.00260839
-0.00306851
-0.0033663
-0.00346725
-0.0033257
-0.00294523
-0.00242493
-0.00180299
-0.00123429
-0.000768859
-0.000441976
-0.000255239
-0.000158791
-0.000121238
6.46754e-05
9.23683e-05
0.000162523
0.000317743
0.000598376
0.00101892
0.00155932
0.00214084
0.00264348
0.00298949
0.00309926
0.00297011
0.00264195
0.0021805
0.00167941
0.00119703
0.000796719
0.000488996
0.000276554
0.000144552
6.64021e-05
2.81734e-05
9.09609e-06
2.57091e-06
-8.34831e-07
-4.4271e-06
-1.26207e-05
-2.78076e-05
-5.21526e-05
-8.62375e-05
-0.000129249
-0.00017931
-0.000232579
-0.000285311
-0.000332208
-0.000369334
-0.000392466
-0.000399438
-0.000389289
-0.000362807
-0.000322908
-0.000273026
-0.000218555
-0.000163858
-0.000114066
-7.22571e-05
-4.06979e-05
-1.96754e-05
-7.59878e-06
-2.03742e-06
1.26733e-06
5.84243e-06
1.59087e-05
3.38479e-05
6.11776e-05
9.757e-05
0.000140762
0.000187738
0.000233586
0.000274208
0.000304724
0.000322195
0.000324455
0.000311327
0.000284518
0.000246665
0.000202362
0.000155591
0.000111313
7.27157e-05
4.25143e-05
2.15011e-05
8.85472e-06
2.72298e-06
-6.53675e-07
-4.67689e-06
-1.54004e-05
-3.67151e-05
-8.04193e-05
-0.00015396
-0.000279236
-0.000469206
-0.00074567
-0.00111834
-0.00157456
-0.00209737
-0.00261818
-0.0030782
-0.00338844
-0.00348882
-0.00334581
-0.00296456
-0.00242547
-0.00180323
-0.00121922
-0.000754077
-0.000432135
-0.000245533
-0.000155516
-0.000117972
6.2074e-05
8.97599e-05
0.000153144
0.000308233
0.000582601
0.00100282
0.00155913
0.00214094
0.00266439
0.00301123
0.00312198
0.00299342
0.00265047
0.00218908
0.0016736
0.00119095
0.000786899
0.000478939
0.000270274
0.000138187
6.39831e-05
2.57413e-05
8.54817e-06
2.02327e-06
-5.63333e-07
-4.15506e-06
-1.18027e-05
-2.69873e-05
-5.11962e-05
-8.5276e-05
-0.000128708
-0.000178762
-0.000232876
-0.0002856
-0.000333386
-0.000370507
-0.000394129
-0.000401099
-0.000390773
-0.000364294
-0.00032362
-0.000273746
-0.000218288
-0.0001636
-0.000113113
-7.13104e-05
-3.96903e-05
-1.8671e-05
-7.14965e-06
-1.58912e-06
9.11748e-07
5.48617e-06
1.50086e-05
3.2945e-05
6.03455e-05
9.67325e-05
0.000140604
0.000187574
0.000234348
0.000274964
0.000306145
0.000323613
0.000325914
0.000312788
0.000285382
0.000247535
0.000202331
0.000155567
0.000110568
7.19771e-05
4.15997e-05
2.05896e-05
8.36706e-06
2.23623e-06
-3.65163e-07
-4.38778e-06
-1.4063e-05
-3.53762e-05
-7.68527e-05
-0.00015041
-0.000271897
-0.000461965
-0.00073598
-0.00110889
-0.00157049
-0.00209354
-0.00262875
-0.00308866
-0.00341234
-0.00351212
-0.00336751
-0.00298544
-0.00242605
-0.00180348
-0.00120295
-0.000738115
-0.000421508
-0.000235052
-0.00015198
-0.000114445
5.92648e-05
8.69432e-05
0.000143016
0.000298144
0.000565566
0.000985444
0.00155892
0.00214104
0.00268697
0.00303469
0.00314652
0.00301859
0.00265967
0.00219835
0.00166733
0.00118438
0.000776295
0.000468078
0.000263492
0.000131314
6.1371e-05
2.3115e-05
7.9565e-06
1.43192e-06
-2.70158e-07
-3.86131e-06
-1.09193e-05
-2.61015e-05
-5.01634e-05
-8.42377e-05
-0.000128124
-0.00017817
-0.000233196
-0.000285912
-0.000334658
-0.000371773
-0.000395924
-0.000402893
-0.000392375
-0.000365901
-0.000324389
-0.000274523
-0.000217999
-0.00016332
-0.000112084
-7.02882e-05
-3.86022e-05
-1.75863e-05
-6.66466e-06
-1.10503e-06
5.2778e-07
5.10147e-06
1.40365e-05
3.19701e-05
5.94471e-05
9.58282e-05
0.000140434
0.000187396
0.000235171
0.00027578
0.000307679
0.000325144
0.000327489
0.000314365
0.000286314
0.000248473
0.000202297
0.000155541
0.000109764
7.11795e-05
4.06121e-05
1.96054e-05
7.84046e-06
1.71062e-06
-5.36167e-08
-4.07559e-06
-1.26188e-05
-3.39304e-05
-7.30014e-05
-0.000146578
-0.000263972
-0.000454145
-0.000725516
-0.00109869
-0.0015661
-0.00208941
-0.00264016
-0.00309995
-0.00343816
-0.00353727
-0.00339096
-0.00300798
-0.00242667
-0.00180376
-0.00118538
-0.000720879
-0.000410042
-0.000223734
-0.000148161
-0.000110637
5.67235e-05
8.3906e-05
0.000138609
0.000288355
0.000550287
0.000964141
0.00155608
0.00213289
0.00271047
0.00305736
0.00317121
0.00304332
0.00266905
0.00220905
0.00166098
0.00117791
0.000764844
0.00045635
0.000256168
0.000123893
5.85503e-05
2.0279e-05
7.31759e-06
7.93341e-07
3.90611e-08
-3.56373e-06
-1.00515e-05
-2.52124e-05
-4.91318e-05
-8.3222e-05
-0.000127547
-0.000177678
-0.000233586
-0.000286438
-0.000336111
-0.000373358
-0.00039802
-0.000405058
-0.000394355
-0.000367857
-0.000325535
-0.00027557
-0.000218017
-0.000163212
-0.000111251
-6.93582e-05
-3.7609e-05
-1.65473e-05
-6.20576e-06
-6.35493e-07
1.57787e-07
4.75239e-06
1.31193e-05
3.11261e-05
5.86766e-05
9.51912e-05
0.000140506
0.000187627
0.000236369
0.000277098
0.00030969
0.000327183
0.00032957
0.000316365
0.000287692
0.000249697
0.000202581
0.000155666
0.000109138
7.04461e-05
3.96956e-05
1.86528e-05
7.33048e-06
1.19653e-06
2.4178e-07
-3.83156e-06
-1.10593e-05
-3.23691e-05
-6.88426e-05
-0.000142439
-0.000255415
-0.000445701
-0.000714217
-0.00108767
-0.0015619
-0.00208526
-0.00265254
-0.00311121
-0.00346314
-0.00356245
-0.00341338
-0.00303137
-0.00241806
-0.00180103
-0.0011619
-0.000704512
-0.000397723
-0.000217654
-0.000143812
-0.000106923
5.5028e-05
8.0635e-05
0.000135312
0.000277784
0.000539537
0.000940036
0.00153154
0.00210122
0.00267812
0.00303611
0.00314939
0.0030438
0.00266937
0.00222593
0.00167807
0.00119745
0.000783355
0.000466662
0.000267359
0.000127183
6.31084e-05
2.10296e-05
8.76035e-06
9.54811e-07
3.04859e-07
-3.42389e-06
-9.91043e-06
-2.48763e-05
-4.87912e-05
-8.31002e-05
-0.000127417
-0.000178508
-0.000234405
-0.000288749
-0.000338413
-0.000377084
-0.00040174
-0.000409499
-0.000398798
-0.000372012
-0.000329698
-0.000278619
-0.000221077
-0.000164885
-0.000112934
-6.99598e-05
-3.82165e-05
-1.66484e-05
-6.30885e-06
-6.21395e-07
1.71736e-07
4.98813e-06
1.33534e-05
3.21454e-05
5.96907e-05
9.76469e-05
0.000142953
0.000191788
0.000240521
0.00028256
0.000315146
0.000332948
0.000335335
0.000321273
0.000292606
0.000252962
0.000205855
0.000157212
0.000110692
7.08367e-05
4.00919e-05
1.86427e-05
7.32256e-06
1.13596e-06
1.81384e-07
-4.42942e-06
-1.14067e-05
-3.45339e-05
-7.00547e-05
-0.000148031
-0.000259659
-0.000457743
-0.000725503
-0.00110543
-0.00158067
-0.00209913
-0.00266629
-0.0031071
-0.00345929
-0.00353654
-0.00338814
-0.00299555
-0.00238301
-0.00177321
-0.00113459
-0.000690981
-0.000384421
-0.000212463
-0.00013866
-0.000103763
5.31972e-05
7.71029e-05
0.000131752
0.000266369
0.000527929
0.000914006
0.00150504
0.00206703
0.00264319
0.00301316
0.00312583
0.00304432
0.00266972
0.00224417
0.00169652
0.00121854
0.000804782
0.000480727
0.000281639
0.000133457
6.94553e-05
2.28762e-05
1.0617e-05
1.24169e-06
5.91879e-07
-3.27288e-06
-9.75811e-06
-2.45134e-05
-4.84235e-05
-8.29686e-05
-0.000127277
-0.000179404
-0.00023529
-0.000291244
-0.000340898
-0.000381106
-0.000405758
-0.000414296
-0.000403597
-0.000376499
-0.000334194
-0.000281913
-0.000224382
-0.000166691
-0.000114751
-7.06094e-05
-3.88726e-05
-1.67577e-05
-6.42017e-06
-6.06171e-07
1.86799e-07
5.2427e-06
1.36063e-05
3.3246e-05
6.07858e-05
0.000100299
0.000145596
0.000196282
0.000245005
0.000288457
0.000321037
0.000339173
0.000341559
0.000326573
0.000297911
0.000256488
0.000209391
0.000158881
0.000112371
7.12585e-05
4.05199e-05
1.86319e-05
7.31401e-06
1.07055e-06
1.16166e-07
-5.07501e-06
-1.20508e-05
-3.74104e-05
-7.29125e-05
-0.000155953
-0.000267489
-0.000473177
-0.00074071
-0.001126
-0.00160095
-0.0021141
-0.00268114
-0.00310265
-0.00345513
-0.00350857
-0.00336089
-0.00295688
-0.00234516
-0.00174317
-0.0011051
-0.000676368
-0.000370056
-0.000206857
-0.000133097
-0.000100351
5.12203e-05
7.32888e-05
0.000127908
0.000254043
0.000515394
0.000885898
0.00147642
0.0020301
0.00260548
0.00298838
0.00310038
0.00304488
0.0026701
0.00226386
0.00171644
0.00124132
0.00082792
0.000495914
0.00029706
0.000140233
7.63089e-05
2.48702e-05
1.26218e-05
1.55147e-06
9.01815e-07
-3.10982e-06
-9.59363e-06
-2.41215e-05
-4.80263e-05
-8.28265e-05
-0.000127125
-0.000180372
-0.000236245
-0.000293939
-0.000343582
-0.00038545
-0.000410096
-0.000419475
-0.000408778
-0.000381344
-0.000339048
-0.000285469
-0.000227951
-0.000168642
-0.000116713
-7.13109e-05
-3.9581e-05
-1.68756e-05
-6.54037e-06
-5.89731e-07
2.03065e-07
5.51759e-06
1.38794e-05
3.44346e-05
6.19684e-05
0.000103162
0.00014845
0.000201135
0.000249847
0.000294826
0.000327398
0.000345895
0.000348281
0.000332296
0.00030364
0.000260295
0.000213208
0.000160683
0.000114184
7.17139e-05
4.09821e-05
1.86202e-05
7.30478e-06
9.99911e-07
4.57399e-08
-5.77214e-06
-1.27464e-05
-4.05166e-05
-7.59985e-05
-0.000164508
-0.000275943
-0.000489844
-0.000757131
-0.00114822
-0.00162284
-0.00213027
-0.00269718
-0.00309785
-0.00345064
-0.00347836
-0.00333146
-0.00291511
-0.00230429
-0.00171073
-0.00107326
-0.00066059
-0.000354545
-0.000200804
-0.000127089
-9.66662e-05
4.90855e-05
6.91701e-05
0.000123757
0.000240732
0.000501859
0.000855546
0.00144552
0.00199023
0.00256475
0.00296162
0.0030729
0.00304549
0.00267051
0.00228513
0.00173796
0.00126592
0.000852905
0.000512314
0.000313711
0.000147549
8.37097e-05
2.70235e-05
1.47867e-05
1.88598e-06
1.2365e-06
-2.93374e-06
-9.41601e-06
-2.36983e-05
-4.75975e-05
-8.26731e-05
-0.000126961
-0.000181417
-0.000237277
-0.000296849
-0.00034648
-0.000390141
-0.000414781
-0.000425067
-0.000414373
-0.000386576
-0.00034429
-0.000289309
-0.000231805
-0.000170749
-0.000118832
-7.20684e-05
-4.03461e-05
-1.7003e-05
-6.67018e-06
-5.71979e-07
2.20629e-07
5.81442e-06
1.41742e-05
3.57181e-05
6.32453e-05
0.000106255
0.000151531
0.000206375
0.000255076
0.000301703
0.000334268
0.000353154
0.000355539
0.000338476
0.000309827
0.000264407
0.000217331
0.00016263
0.000116141
7.22057e-05
4.14812e-05
1.86075e-05
7.29482e-06
9.23637e-07
-3.03084e-08
-6.52493e-06
-1.34975e-05
-4.38707e-05
-7.93309e-05
-0.000173746
-0.000285073
-0.000507841
-0.000774863
-0.0011722
-0.00164648
-0.00214773
-0.0027145
-0.00309267
-0.00344579
-0.00344574
-0.00329969
-0.00287001
-0.00226016
-0.0016757
-0.00103888
-0.000643551
-0.000337795
-0.000194268
-0.000120602
-9.26873e-05
4.67803e-05
6.47226e-05
0.000119274
0.000226359
0.000487243
0.000822771
0.00141215
0.00194717
0.00252077
0.00293273
0.00304323
0.00304614
0.00267095
0.00230809
0.00176119
0.00129248
0.000879885
0.000530023
0.000331692
0.000155449
9.17014e-05
2.93486e-05
1.71245e-05
2.2472e-06
1.5979e-06
-2.7436e-06
-9.22422e-06
-2.32413e-05
-4.71344e-05
-8.25074e-05
-0.000126784
-0.000182545
-0.000238391
-0.000299991
-0.00034961
-0.000395206
-0.00041984
-0.000431107
-0.000420415
-0.000392226
-0.000349951
-0.000293456
-0.000235966
-0.000173023
-0.00012112
-7.28864e-05
-4.11722e-05
-1.71405e-05
-6.81034e-06
-5.5281e-07
2.39596e-07
6.13496e-06
1.44926e-05
3.7104e-05
6.46242e-05
0.000109594
0.000154859
0.000212033
0.000260722
0.00030913
0.000341686
0.000360992
0.000363377
0.000345149
0.000316508
0.000268846
0.000221782
0.000164732
0.000118255
7.27368e-05
4.20201e-05
1.85939e-05
7.28405e-06
8.41273e-07
-1.12429e-07
-7.33783e-06
-1.43086e-05
-4.74927e-05
-8.29294e-05
-0.000183722
-0.000294931
-0.000527276
-0.000794011
-0.0011981
-0.00167201
-0.00216659
-0.00273319
-0.00308707
-0.00344055
-0.00341052
-0.00326538
-0.00282131
-0.0022125
-0.00163788
-0.00100175
-0.000625152
-0.000319708
-0.00018721
-0.000113597
-8.83908e-05
4.4291e-05
5.992e-05
0.000114433
0.000210838
0.00047146
0.000787378
0.00137612
0.00190068
0.00247328
0.00290153
0.0030112
0.00304685
0.00267142
0.00233288
0.00178628
0.00132116
0.000909019
0.000549146
0.000351109
0.000163981
0.000100331
3.18594e-05
1.96489e-05
2.63726e-06
1.98816e-06
-2.53828e-06
-9.01711e-06
-2.27479e-05
-4.66344e-05
-8.23286e-05
-0.000126593
-0.000183764
-0.000239594
-0.000303384
-0.000352989
-0.000400675
-0.000425303
-0.000437628
-0.00042694
-0.000398326
-0.000356063
-0.000297933
-0.00024046
-0.00017548
-0.000123591
-7.37697e-05
-4.20642e-05
-1.7289e-05
-6.9617e-06
-5.3211e-07
2.60077e-07
6.48108e-06
1.48364e-05
3.86006e-05
6.61132e-05
0.000113199
0.000158452
0.000218143
0.000266818
0.000317149
0.000349696
0.000369456
0.00037184
0.000352355
0.000323721
0.00027364
0.000226589
0.000167001
0.000120537
7.33103e-05
4.2602e-05
1.85791e-05
7.27243e-06
7.52334e-07
-2.01105e-07
-8.21563e-06
-1.51844e-05
-5.14039e-05
-8.68151e-05
-0.000194494
-0.000305576
-0.000548262
-0.000814688
-0.00122607
-0.00169958
-0.00218695
-0.00275339
-0.00308103
-0.00343489
-0.00337248
-0.00322832
-0.00276872
-0.00216104
-0.00159703
-0.000961658
-0.000605284
-0.000300177
-0.000179588
-0.000106032
-8.37513e-05
4.1609e-05
5.59562e-05
0.000111096
0.000204257
0.000449699
0.000756149
0.00131426
0.00183566
0.00239697
0.00283791
0.00296116
0.00302134
0.00267572
0.00235433
0.0018267
0.0013646
0.000949802
0.000584214
0.000376071
0.000181424
0.000110951
3.7558e-05
2.27233e-05
3.93291e-06
2.29472e-06
-2.35946e-06
-9.18754e-06
-2.27183e-05
-4.67108e-05
-8.26238e-05
-0.000127248
-0.00018539
-0.000241997
-0.000307299
-0.000357913
-0.000407043
-0.000432532
-0.00044559
-0.000435276
-0.000406372
-0.000363876
-0.000304618
-0.000246442
-0.000180056
-0.000127273
-7.63557e-05
-4.37998e-05
-1.85117e-05
-7.43637e-06
-8.88334e-07
6.69792e-07
7.11577e-06
1.64288e-05
4.09896e-05
6.97089e-05
0.000118258
0.000164806
0.000226236
0.000275955
0.000327614
0.000360598
0.00038067
0.000382715
0.00036236
0.000332737
0.000280984
0.00023267
0.000171329
0.000123748
7.5341e-05
4.38737e-05
1.94396e-05
7.57237e-06
9.99327e-07
-8.41792e-07
-9.40262e-06
-1.77091e-05
-5.64607e-05
-9.49659e-05
-0.000208077
-0.000326199
-0.000575699
-0.000850882
-0.00126581
-0.00173895
-0.00222068
-0.00276613
-0.00307506
-0.00339996
-0.00331317
-0.00315661
-0.00268485
-0.00208834
-0.00152712
-0.000923265
-0.000575811
-0.000288632
-0.000171258
-9.88548e-05
-7.81883e-05
3.87197e-05
5.30591e-05
0.000107599
0.000200708
0.000424137
0.000730063
0.00121871
0.00173748
0.0022609
0.00269805
0.00287658
0.00293446
0.0026873
0.00236597
0.00190177
0.00144114
0.00102677
0.000662531
0.000421841
0.000227806
0.000129029
5.5785e-05
2.72864e-05
8.50786e-06
2.40322e-06
-2.24946e-06
-1.01352e-05
-2.36615e-05
-4.79877e-05
-8.38892e-05
-0.000129624
-0.000187747
-0.00024673
-0.00031201
-0.000365698
-0.000414812
-0.000442917
-0.00045597
-0.000446779
-0.000417884
-0.000374659
-0.000315421
-0.00025509
-0.000188725
-0.000133212
-8.23117e-05
-4.71705e-05
-2.18905e-05
-8.55223e-06
-2.0063e-06
1.86299e-06
8.30689e-06
2.05142e-05
4.50671e-05
7.74443e-05
0.000125978
0.000176462
0.000237873
0.00029077
0.000342412
0.000376734
0.0003968
0.00039782
0.000377472
0.000344849
0.000293113
0.00024096
0.000179639
0.00012866
8.02688e-05
4.64933e-05
2.20671e-05
8.50171e-06
1.93079e-06
-2.5896e-06
-1.11477e-05
-2.61685e-05
-6.48969e-05
-0.000119749
-0.000232656
-0.000379011
-0.000627813
-0.000928894
-0.00134249
-0.00180429
-0.00228481
-0.00276034
-0.00306964
-0.00329714
-0.00321307
-0.00300381
-0.00253619
-0.00197752
-0.00141928
-0.000887159
-0.000540483
-0.000279503
-0.000162258
-9.2226e-05
-7.15734e-05
3.52051e-05
4.95367e-05
9.33732e-05
0.000186496
0.000386263
0.000691845
0.00111553
0.00163147
0.00211396
0.00254703
0.00278526
0.00284065
0.00269981
0.00237854
0.00198283
0.00152379
0.00110988
0.000747102
0.000471265
0.000277891
0.000148551
7.54673e-05
3.22138e-05
1.34481e-05
2.52038e-06
-2.13067e-06
-1.11584e-05
-2.46801e-05
-4.93666e-05
-8.52556e-05
-0.000132189
-0.000190293
-0.000251841
-0.000317099
-0.000374105
-0.000423202
-0.00045413
-0.00046718
-0.0004592
-0.000430315
-0.000386304
-0.000327086
-0.000264428
-0.000198087
-0.000139626
-8.87431e-05
-5.08102e-05
-2.55391e-05
-9.75717e-06
-3.21352e-06
3.15146e-06
9.59312e-06
2.49258e-05
4.94702e-05
8.57974e-05
0.000134314
0.000189049
0.000250438
0.000306767
0.000358391
0.000394159
0.000414217
0.000414132
0.00039379
0.000357928
0.00030621
0.000249913
0.000188612
0.000133964
8.55899e-05
4.9322e-05
2.49043e-05
9.50526e-06
2.93662e-06
-4.47696e-06
-1.30321e-05
-3.53034e-05
-7.40067e-05
-0.000146512
-0.000259196
-0.00043604
-0.000684089
-0.00101313
-0.0014253
-0.00187484
-0.00235407
-0.00275409
-0.00306378
-0.00318612
-0.00310498
-0.0028388
-0.00237565
-0.00185785
-0.00130284
-0.000837756
-0.000491691
-0.000257421
-0.00014023
-8.45005e-05
-6.3862e-05
2.5063e-05
3.93781e-05
5.89871e-05
0.000151641
0.000286495
0.000589446
0.000973087
0.001485
0.00201616
0.00244678
0.00278759
0.00284317
0.00277802
0.0024585
0.00206889
0.00161153
0.001164
0.000802026
0.000493554
0.000300404
0.000154012
8.09646e-05
3.19774e-05
1.32174e-05
2.50679e-06
-2.14252e-06
-8.12836e-06
-2.1645e-05
-4.49177e-05
-8.07932e-05
-0.000130896
-0.000188977
-0.00025821
-0.000323443
-0.000389628
-0.000438707
-0.000476054
-0.000489098
-0.000481713
-0.00045284
-0.000403468
-0.000344273
-0.000273154
-0.000206837
-0.000140964
-9.00999e-05
-4.88028e-05
-2.35412e-05
-8.56556e-06
-2.02436e-06
2.09606e-06
8.5353e-06
2.39881e-05
4.85233e-05
8.97342e-05
0.000138233
0.000201947
0.000263313
0.000329164
0.000380769
0.000422107
0.000442158
0.000440848
0.000420514
0.000377115
0.000325416
0.000258856
0.000197579
0.000134609
8.62528e-05
4.66776e-05
2.2269e-05
8.252e-06
1.68583e-06
-3.28421e-06
-1.18361e-05
-3.59077e-05
-7.45974e-05
-0.000155594
-0.000268211
-0.000464315
-0.000712068
-0.00107194
-0.00148324
-0.00195805
-0.00243571
-0.00281938
-0.00312767
-0.00317078
-0.00308991
-0.00272451
-0.0022642
-0.0016995
-0.00114887
-0.000721133
-0.000378066
-0.000210595
-9.40333e-05
-6.70038e-05
-4.63923e-05
1.4175e-05
2.84422e-05
2.78175e-05
0.000117563
0.000180888
0.000484747
0.000819049
0.00132654
0.00191612
0.00234419
0.00279778
0.0028537
0.00286651
0.00254897
0.00216167
0.00170612
0.00121669
0.000855574
0.000511167
0.000318252
0.000156257
8.32479e-05
3.06831e-05
1.19291e-05
2.48459e-06
-2.16283e-06
-4.63415e-06
-1.81453e-05
-3.97945e-05
-7.56555e-05
-0.000129281
-0.000187338
-0.000265133
-0.00033034
-0.000406737
-0.000455796
-0.000500255
-0.000513294
-0.000506513
-0.000477651
-0.000422249
-0.000363078
-0.000282503
-0.000216213
-0.000142108
-9.12647e-05
-4.6316e-05
-2.10646e-05
-7.14484e-06
-6.06304e-07
8.24915e-07
7.26154e-06
2.26691e-05
4.71944e-05
9.37123e-05
0.000142191
0.000215838
0.000277179
0.000353624
0.000405208
0.000452778
0.00047282
0.000470187
0.000449861
0.000398106
0.000346428
0.000268475
0.000207223
0.000135032
8.66953e-05
4.35157e-05
1.91171e-05
6.7731e-06
2.09592e-07
-1.82261e-06
-1.0371e-05
-3.48306e-05
-7.3506e-05
-0.000160807
-0.000273353
-0.00048803
-0.000735472
-0.00113035
-0.00154072
-0.00204861
-0.00252456
-0.00289431
-0.00320101
-0.00316209
-0.00308137
-0.00260684
-0.0021495
-0.00152825
-0.000982403
-0.000601637
-0.000257687
-0.000165314
-5.22242e-05
-4.8253e-05
-2.77083e-05
6.46922e-06
1.828e-05
1.75973e-05
8.81354e-05
0.000150802
0.000403106
0.000729502
0.00119176
0.0017812
0.00221915
0.0026819
0.00280662
0.00282669
0.00258525
0.00220124
0.00178092
0.00128758
0.000917448
0.000568022
0.0003502
0.000185838
9.43113e-05
4.15682e-05
1.42129e-05
5.23614e-06
-1.54248e-06
-3.73964e-06
-1.63544e-05
-3.78687e-05
-7.35127e-05
-0.00012739
-0.000188045
-0.000266473
-0.000336867
-0.000414027
-0.000468714
-0.000513708
-0.00053018
-0.000523448
-0.000494293
-0.000438445
-0.000375667
-0.00029439
-0.000223173
-0.000148457
-9.36305e-05
-4.84163e-05
-2.12623e-05
-7.4303e-06
-4.40098e-07
7.81383e-07
8.09127e-06
2.3489e-05
5.10731e-05
9.79845e-05
0.000152039
0.000226429
0.000294313
0.00037155
0.000427961
0.000475996
0.000496854
0.000494119
0.00047008
0.000417696
0.00035943
0.000280623
0.000212827
0.000139949
8.75855e-05
4.41434e-05
1.86712e-05
6.46224e-06
-3.65332e-07
-2.16843e-06
-1.4088e-05
-3.81242e-05
-8.65264e-05
-0.000174476
-0.000305285
-0.000522908
-0.000791115
-0.00119093
-0.00160222
-0.00211284
-0.00254647
-0.00291192
-0.00314105
-0.00309497
-0.00294784
-0.00246496
-0.0019994
-0.00137881
-0.000879472
-0.000506976
-0.000218888
-0.000127358
-3.88292e-05
-3.49367e-05
-1.90057e-05
-1.85179e-06
7.30644e-06
6.56111e-06
5.63585e-05
0.000118313
0.000314946
0.000638952
0.00104644
0.0016321
0.00208265
0.00254203
0.00275063
0.00276922
0.00261989
0.00223634
0.00185839
0.00136635
0.000985052
0.000636648
0.000387799
0.000223863
0.000108479
5.58181e-05
1.74123e-05
8.43992e-06
-8.18782e-07
-3.0149e-06
-1.45871e-05
-3.60912e-05
-7.1484e-05
-0.000125336
-0.000189016
-0.000267407
-0.000343839
-0.000420962
-0.000482199
-0.000527172
-0.000547639
-0.00054091
-0.000511413
-0.000455592
-0.000388615
-0.000307377
-0.000230422
-0.000155742
-9.6278e-05
-5.10852e-05
-2.17163e-05
-7.89087e-06
-3.75083e-07
8.4582e-07
9.17185e-06
2.45622e-05
5.57066e-05
0.000102596
0.000163141
0.000237495
0.000312996
0.000390196
0.000452227
0.000500239
0.000522046
0.000519312
0.000490953
0.000438594
0.000372657
0.000293888
0.000218475
0.000145631
8.85813e-05
4.51598e-05
1.84375e-05
6.23433e-06
-9.00788e-07
-2.70303e-06
-1.85457e-05
-4.25703e-05
-0.000103471
-0.000191312
-0.000345673
-0.000562837
-0.000857006
-0.00125585
-0.00166855
-0.00217815
-0.00256081
-0.00292628
-0.00306146
-0.00301739
-0.00278922
-0.00231022
-0.00183398
-0.00121764
-0.000774475
-0.000404758
-0.000176991
-8.63722e-05
-2.43648e-05
-2.05573e-05
-9.60838e-06
-1.08372e-05
-4.54326e-06
-5.35623e-06
2.20445e-05
8.3231e-05
0.000219748
0.000541173
0.000889523
0.00147108
0.00193526
0.00239099
0.00269017
0.00270717
0.0026573
0.00227424
0.00194204
0.0014514
0.00105805
0.000710753
0.0004284
0.000264924
0.000123779
7.12058e-05
2.08671e-05
1.18995e-05
-3.73068e-08
-2.2323e-06
-1.26787e-05
-3.41718e-05
-6.92934e-05
-0.000123117
-0.000190064
-0.000268415
-0.000351367
-0.000428451
-0.000496762
-0.000541712
-0.000566492
-0.000559767
-0.000529899
-0.000474107
-0.000402597
-0.000321401
-0.000238251
-0.000163609
-9.91369e-05
-5.39671e-05
-2.22065e-05
-8.38821e-06
-3.04876e-07
9.15402e-07
1.03387e-05
2.57212e-05
6.07102e-05
0.000107575
0.000175129
0.000249445
0.000333171
0.000410331
0.000478429
0.000526417
0.00054925
0.000546517
0.000513492
0.00046116
0.000386941
0.000308212
0.000224574
0.000151768
8.96567e-05
4.62573e-05
1.81852e-05
5.98823e-06
-1.479e-06
-3.28031e-06
-2.33593e-05
-4.73714e-05
-0.000121768
-0.000209492
-0.000389286
-0.000605954
-0.000928158
-0.00132597
-0.00174017
-0.00224867
-0.0025763
-0.00294179
-0.00297552
-0.00293363
-0.00261793
-0.00214312
-0.00165535
-0.0010436
-0.000661096
-0.000294378
-0.000131749
-4.21141e-05
-8.74555e-06
-5.02983e-06
5.39257e-07
-1.90502e-05
-1.36837e-05
-5.51634e-06
1.66873e-05
8.1683e-05
0.000194528
0.000465201
0.000787438
0.00128554
0.00175246
0.00218017
0.00251389
0.00258981
0.00257941
0.00229274
0.00197949
0.00154647
0.00114898
0.00080107
0.000504839
0.000316341
0.000163546
9.09293e-05
3.51071e-05
1.61863e-05
3.20879e-06
-3.10361e-06
-1.31071e-05
-3.50412e-05
-7.00445e-05
-0.000122867
-0.000191064
-0.000268718
-0.000354185
-0.000431765
-0.000502812
-0.000549432
-0.000575886
-0.000571357
-0.000541356
-0.000487425
-0.000414173
-0.0003338
-0.000248261
-0.000173054
-0.00010665
-5.95573e-05
-2.68747e-05
-1.0104e-05
-1.80221e-06
2.89764e-06
1.27456e-05
3.15699e-05
6.80466e-05
0.000117779
0.000188043
0.000264228
0.000351134
0.00042894
0.000499381
0.000546843
0.000570069
0.000565976
0.000531142
0.000477144
0.00039972
0.000319512
0.000232694
0.000158743
9.4679e-05
4.99962e-05
2.14073e-05
6.60264e-06
-9.91558e-07
-8.48869e-06
-3.02137e-05
-6.47045e-05
-0.000145296
-0.000251702
-0.000442988
-0.000678665
-0.00101248
-0.00140113
-0.00181538
-0.00226023
-0.0025655
-0.00283695
-0.00283079
-0.00273443
-0.0023858
-0.00193957
-0.00145027
-0.000923037
-0.00056751
-0.000259478
-0.000122692
-3.72869e-05
-1.08242e-05
1.38781e-06
5.20768e-06
-2.8547e-05
-2.31938e-05
-9.05323e-06
1.31358e-05
6.67183e-05
0.000179534
0.000370165
0.000690008
0.00107472
0.00153601
0.0019496
0.0022775
0.00246982
0.00245635
0.0023164
0.00200341
0.00164859
0.00125279
0.000896713
0.000601694
0.000369699
0.000217325
0.000109913
5.41456e-05
1.91707e-05
6.20091e-06
-3.68444e-06
-1.36819e-05
-3.43708e-05
-6.93532e-05
-0.000120919
-0.000189075
-0.000268227
-0.000353643
-0.000435545
-0.000506549
-0.000558366
-0.000584805
-0.000583917
-0.000553934
-0.000500661
-0.000427452
-0.000344951
-0.000259464
-0.000180712
-0.000114348
-6.37365e-05
-3.10734e-05
-1.13536e-05
-3.05682e-06
4.58222e-06
1.44243e-05
3.71889e-05
7.36438e-05
0.00012875
0.000198972
0.00028114
0.000367994
0.000450502
0.0005209
0.000569832
0.000593045
0.000586398
0.000551585
0.000492022
0.000414644
0.000328239
0.000241473
0.000163035
9.90091e-05
5.22153e-05
2.36435e-05
7.13929e-06
-4.50372e-07
-1.35296e-05
-3.52416e-05
-8.71141e-05
-0.000167632
-0.000306893
-0.000497735
-0.00076732
-0.00110003
-0.0014811
-0.0018941
-0.00225004
-0.00255582
-0.00268251
-0.00268017
-0.0024747
-0.0021325
-0.00170247
-0.00121937
-0.000806249
-0.000453673
-0.000233584
-9.70632e-05
-3.39062e-05
-7.43388e-06
4.56575e-06
8.38011e-06
-4.3253e-05
-3.7577e-05
-2.17763e-05
1.38294e-06
1.2478e-05
0.000123357
0.00019281
0.000509549
0.000836768
0.00129167
0.00178785
0.00211181
0.0024567
0.00244227
0.00240764
0.00209639
0.00174618
0.00135197
0.0009496
0.000655287
0.000385127
0.000232939
0.000109309
5.35772e-05
1.62356e-05
3.25941e-06
7.96405e-08
-9.91031e-06
-2.30368e-05
-5.7991e-05
-0.000109505
-0.000177617
-0.00026663
-0.000351997
-0.000449321
-0.00052029
-0.000585048
-0.00061148
-0.000614299
-0.00058434
-0.000524077
-0.000450912
-0.000355242
-0.000269803
-0.000179258
-0.00011293
-5.77472e-05
-2.51017e-05
-8.58038e-06
-2.87799e-07
1.34965e-06
1.1187e-05
3.23286e-05
6.87651e-05
0.000131245
0.000201431
0.000298757
0.000385565
0.000484296
0.000554658
0.000612467
0.000635662
0.000625477
0.000590678
0.000516621
0.000439281
0.000334773
0.000248053
0.000156912
9.29225e-05
4.4085e-05
1.55321e-05
5.64678e-06
-1.93913e-06
-8.42309e-06
-3.01341e-05
-8.45197e-05
-0.000164989
-0.000320766
-0.000511416
-0.000815985
-0.00114805
-0.00156414
-0.00197587
-0.0023123
-0.00261703
-0.00263381
-0.00263326
-0.00228354
-0.00194593
-0.00144066
-0.00096443
-0.000606661
-0.000257644
-0.000160496
-2.64541e-05
-2.08068e-05
5.20378e-06
1.08835e-05
1.48586e-05
-8.52599e-05
-7.22359e-05
-5.66326e-05
-2.11689e-05
-1.05667e-05
7.33568e-05
0.000141344
0.000371018
0.000692458
0.00107391
0.0015657
0.00190895
0.00225084
0.00234283
0.00230922
0.00211036
0.00176167
0.00141936
0.00101559
0.000713695
0.000441805
0.000262477
0.00013845
6.26747e-05
2.58519e-05
4.81339e-06
1.63584e-06
-7.74297e-06
-2.08603e-05
-5.26949e-05
-0.000104173
-0.000171494
-0.000260445
-0.000349081
-0.000446337
-0.00052319
-0.000587902
-0.000619741
-0.000622559
-0.000594931
-0.00053471
-0.000460191
-0.000364588
-0.000275567
-0.000185085
-0.000115255
-6.01102e-05
-2.55672e-05
-9.0574e-06
-2.59206e-07
1.37711e-06
1.19665e-05
3.30934e-05
7.22564e-05
0.000134693
0.000209957
0.000307214
0.000399919
0.000498581
0.00057297
0.000630739
0.000653879
0.0006437
0.000604511
0.000530506
0.00044649
0.000342055
0.000249584
0.000158507
9.1996e-05
4.31926e-05
1.49089e-05
5.03053e-06
-3.18008e-06
-9.65953e-06
-3.85315e-05
-9.23398e-05
-0.000189489
-0.000345737
-0.00055618
-0.000862445
-0.00119079
-0.00160812
-0.00195873
-0.00229381
-0.00248572
-0.00250224
-0.00240131
-0.00205537
-0.00170283
-0.00120261
-0.000801648
-0.000450163
-0.000195361
-9.99613e-05
-6.9788e-06
-1.76026e-06
2.50685e-05
3.06377e-05
3.8465e-05
-0.000130621
-0.000109662
-9.45222e-05
-4.55212e-05
-3.54513e-05
1.93642e-05
8.57678e-05
0.000221425
0.000538866
0.00083908
0.00132512
0.00168989
0.00202661
0.00223544
0.00219914
0.00212408
0.00177527
0.00149008
0.0010873
0.000776806
0.000505656
0.000295407
0.000171602
7.30306e-05
3.62361e-05
6.49144e-06
3.31629e-06
-5.4026e-06
-1.851e-05
-4.69759e-05
-9.84155e-05
-0.000164882
-0.000253766
-0.000345932
-0.000443115
-0.000526321
-0.000590984
-0.000628662
-0.000631477
-0.000606368
-0.000546192
-0.000470211
-0.00037468
-0.000281791
-0.000191377
-0.000117765
-6.2662e-05
-2.60698e-05
-9.57251e-06
-2.28331e-07
1.40675e-06
1.28083e-05
3.39193e-05
7.60266e-05
0.000138416
0.000219163
0.000316347
0.000415419
0.000514007
0.000592744
0.000650469
0.00067355
0.000663379
0.000619449
0.000545499
0.000454275
0.000349919
0.000251238
0.000160229
9.09956e-05
4.22289e-05
1.42361e-05
4.36509e-06
-4.52012e-06
-1.09947e-05
-4.75995e-05
-0.000101367
-0.000217492
-0.000373516
-0.000606502
-0.000912159
-0.00123648
-0.00165326
-0.00193654
-0.00227248
-0.00234014
-0.00236016
-0.00214905
-0.00180899
-0.00143971
-0.000945863
-0.000628107
-0.00028117
-0.000128104
-3.45928e-05
1.40514e-05
1.8807e-05
4.66454e-05
5.19692e-05
6.39561e-05
-0.000200119
-0.000178032
-0.000150085
-0.000100375
-4.98943e-05
-5.28562e-07
8.03371e-05
0.000196209
0.000413966
0.000694515
0.00104355
0.00140729
0.00170718
0.00193422
0.00200186
0.00194869
0.00175365
0.00147977
0.00116509
0.000853436
0.000586326
0.000369274
0.000216583
0.000112689
5.19651e-05
2.05703e-05
3.3065e-06
-5.27995e-06
-2.26471e-05
-5.04478e-05
-9.81855e-05
-0.000164444
-0.00024547
-0.000338251
-0.000428209
-0.000512577
-0.000574641
-0.000613413
-0.000619802
-0.000595192
-0.000543206
-0.000466996
-0.000380394
-0.000286827
-0.000201858
-0.00012757
-7.20379e-05
-3.50773e-05
-1.2965e-05
-3.52254e-06
5.53682e-06
1.70863e-05
4.32096e-05
8.58534e-05
0.00014807
0.000229814
0.000321793
0.000422021
0.000513292
0.00059281
0.000645134
0.00066819
0.000657428
0.000612617
0.000543095
0.000450548
0.000353058
0.000253252
0.000167493
9.77837e-05
4.89839e-05
2.10656e-05
3.99653e-06
-5.01213e-06
-2.5781e-05
-6.38447e-05
-0.000137259
-0.000257792
-0.000432226
-0.000670095
-0.000957038
-0.00128012
-0.00160035
-0.00187087
-0.00205885
-0.0021052
-0.00203157
-0.00180416
-0.00150252
-0.00113577
-0.00077745
-0.000480291
-0.000244045
-0.000112567
-2.54582e-05
1.51477e-05
4.94763e-05
7.73336e-05
9.27759e-05
0.000105358
-0.000300298
-0.00027834
-0.000219673
-0.000168949
-5.94724e-05
-1.1574e-05
1.54691e-05
0.00012961
0.000203132
0.000477974
0.000740863
0.00109712
0.00146135
0.00168262
0.00190843
0.00185309
0.00178167
0.00150813
0.00122367
0.000912771
0.000621229
0.000404543
0.000224308
0.000120512
4.77424e-05
1.63752e-05
3.73922e-06
-4.83968e-06
-1.1513e-05
-3.92891e-05
-8.04041e-05
-0.000146604
-0.000230288
-0.000322987
-0.000423287
-0.000507581
-0.000581318
-0.000620056
-0.000632759
-0.00060817
-0.000554263
-0.000478119
-0.000383773
-0.000290288
-0.000197539
-0.000123316
-6.51916e-05
-2.82635e-05
-9.9929e-06
-5.5876e-07
1.67882e-06
1.32181e-05
3.53071e-05
7.79134e-05
0.000143027
0.0002247
0.000326093
0.000426232
0.000528453
0.000607901
0.000666147
0.000689182
0.000675335
0.000630565
0.000550261
0.000457795
0.000347904
0.000248186
0.000155654
8.60059e-05
3.98345e-05
1.19407e-05
4.20316e-06
-4.79758e-06
-1.81324e-05
-5.61626e-05
-0.000135629
-0.000256062
-0.000449022
-0.000686645
-0.000984497
-0.00130723
-0.00158442
-0.00185542
-0.00191913
-0.00196864
-0.00174973
-0.00152884
-0.00117382
-0.000815034
-0.000542037
-0.000251096
-0.000158429
-2.9233e-05
-1.41653e-05
2.54333e-05
8.77126e-05
0.00011612
0.000152238
0.000164744
-0.000441816
-0.000408535
-0.000350907
-0.00025609
-0.000147243
-5.30599e-05
-2.92639e-05
5.94462e-05
0.000119835
0.000294328
0.00054798
0.000820642
0.00118389
0.0014218
0.00165394
0.00170423
0.00163956
0.00147712
0.00119291
0.000936285
0.000641611
0.000428594
0.000246364
0.000130384
5.78098e-05
1.80752e-05
5.93631e-06
-3.27247e-06
-9.17874e-06
-3.23068e-05
-7.29943e-05
-0.000132941
-0.000216825
-0.000304984
-0.000405969
-0.000489304
-0.000563778
-0.000605168
-0.000618231
-0.000598473
-0.000544384
-0.000473264
-0.000378378
-0.000288536
-0.000195287
-0.000122769
-6.45311e-05
-2.78659e-05
-9.93741e-06
-4.24355e-07
1.26541e-06
1.21736e-05
3.39119e-05
7.46879e-05
0.000139937
0.00021882
0.00032081
0.000417976
0.000520921
0.000598126
0.000656779
0.000678972
0.000664943
0.000620958
0.000539958
0.000449668
0.000338969
0.000242226
0.000149262
8.25679e-05
3.66123e-05
1.06567e-05
3.63468e-06
-5.56934e-06
-1.82184e-05
-5.95175e-05
-0.000138271
-0.000261527
-0.000455764
-0.000678155
-0.000978193
-0.00123859
-0.00151489
-0.00167647
-0.00173406
-0.00168668
-0.00146307
-0.00123149
-0.000878746
-0.000604472
-0.000341122
-0.000156414
-7.73835e-05
7.89722e-06
1.8372e-05
8.06103e-05
0.000142405
0.000200828
0.000236196
0.000256835
-0.000602492
-0.00056116
-0.000499534
-0.000377008
-0.000255988
-0.000127948
-7.07e-05
-2.54533e-06
6.51306e-05
0.000158574
0.000368811
0.000573348
0.000877898
0.00112719
0.00133998
0.00147272
0.00144485
0.00137036
0.00114012
0.00092758
0.000663667
0.000453872
0.000276846
0.000150598
7.35513e-05
2.73358e-05
8.73835e-06
-9.56508e-07
-1.04153e-05
-2.993e-05
-6.92064e-05
-0.000124284
-0.000202377
-0.000286987
-0.000380799
-0.000463367
-0.000533105
-0.00057654
-0.000589862
-0.000573858
-0.000524906
-0.000457707
-0.000370152
-0.000283163
-0.000195763
-0.000124588
-6.81949e-05
-3.17443e-05
-1.1749e-05
-2.17785e-06
2.9056e-06
1.33205e-05
3.63297e-05
7.56739e-05
0.000137928
0.000214624
0.000309918
0.000404749
0.00050035
0.000575791
0.000630254
0.00065179
0.000639043
0.000595681
0.000520875
0.000432298
0.000329518
0.000235111
0.000147751
8.33673e-05
3.80699e-05
1.36257e-05
2.569e-06
-6.79006e-06
-2.51311e-05
-6.89549e-05
-0.000149327
-0.000274959
-0.000459531
-0.000668824
-0.000935645
-0.00114525
-0.00137042
-0.0014454
-0.0014714
-0.00134867
-0.00114555
-0.000907517
-0.000611648
-0.000406365
-0.000189354
-9.04923e-05
-1.45126e-05
3.55594e-05
7.02188e-05
0.000149177
0.00022197
0.00029952
0.000337273
0.000363715
-0.000825092
-0.000784052
-0.000705754
-0.000585931
-0.000365545
-0.000240393
-8.6669e-05
-1.88002e-05
2.01363e-05
0.000112515
0.000173236
0.000373014
0.000549992
0.000791641
0.00101737
0.00114302
0.0012488
0.00117058
0.00107669
0.000863326
0.000663059
0.00045342
0.000283972
0.000157871
7.44348e-05
2.82706e-05
8.31781e-06
-1.36628e-06
-6.63027e-06
-2.61233e-05
-5.651e-05
-0.000111526
-0.000179181
-0.000263697
-0.000349527
-0.000432003
-0.00049924
-0.000542626
-0.000559614
-0.000543629
-0.000502661
-0.000435536
-0.000356965
-0.000270072
-0.000189633
-0.000118538
-6.58769e-05
-2.94669e-05
-1.10387e-05
-1.47821e-06
1.70218e-06
1.21055e-05
3.05706e-05
6.9871e-05
0.000124338
0.000200949
0.000286845
0.00038157
0.000469277
0.000544633
0.000595695
0.000617207
0.000606845
0.000563531
0.000495824
0.000407346
0.000313562
0.00021926
0.000139773
7.5461e-05
3.53091e-05
1.08921e-05
2.86569e-06
-6.48298e-06
-2.15058e-05
-6.52808e-05
-0.000140799
-0.000266305
-0.000428264
-0.000637624
-0.000830423
-0.0010414
-0.00113439
-0.00121378
-0.00112144
-0.00100627
-0.000799249
-0.000569147
-0.000397093
-0.000196944
-0.000129407
-3.20001e-05
-5.67128e-06
4.4296e-05
0.000140242
0.000217396
0.000362282
0.000438013
0.000488826
0.000515071
-0.00106387
-0.00102103
-0.000941019
-0.000791798
-0.000562911
-0.000367452
-0.000201074
-6.91791e-05
-4.16542e-05
3.59761e-05
7.07551e-05
0.000181782
0.0003419
0.000505717
0.000735412
0.000867146
0.00099101
0.000993076
0.000912419
0.000785959
0.000588782
0.000428625
0.000259047
0.000150256
6.83424e-05
2.56477e-05
7.78264e-06
-1.18559e-06
-4.02911e-06
-1.92879e-05
-4.78599e-05
-9.2968e-05
-0.000159995
-0.000231361
-0.000317691
-0.000389106
-0.000457377
-0.000496815
-0.000514635
-0.000503612
-0.000462847
-0.000407176
-0.000328294
-0.000254189
-0.000173473
-0.000111637
-5.93218e-05
-2.68613e-05
-9.63516e-06
-8.53666e-07
5.61691e-07
8.88974e-06
2.56791e-05
5.788e-05
0.000111379
0.000175539
0.000261391
0.000341997
0.000430289
0.000495668
0.000547348
0.00056766
0.000557449
0.000522427
0.000454333
0.000379885
0.000285594
0.000204942
0.000125504
6.9587e-05
3.05741e-05
8.76438e-06
3.04063e-06
-4.84931e-06
-1.68667e-05
-5.22837e-05
-0.000124218
-0.000224516
-0.000384157
-0.000538179
-0.000726113
-0.000852011
-0.00093221
-0.000939011
-0.000831458
-0.000714633
-0.000506142
-0.000352097
-0.000196945
-8.77003e-05
-4.51929e-05
2.08762e-05
3.37085e-05
0.000121667
0.000224986
0.000352375
0.000503852
0.000600897
0.000652746
0.000680011
-0.00129822
-0.00125471
-0.00116983
-0.00101205
-0.000804459
-0.000575443
-0.000375493
-0.000209773
-0.000100212
-3.16209e-05
2.98249e-05
9.03983e-05
0.000186591
0.000304847
0.000441134
0.000573343
0.000668209
0.000713159
0.00069098
0.000613791
0.000497691
0.000367219
0.000244584
0.00014618
7.53668e-05
3.46066e-05
1.05855e-05
2.0165e-06
-7.98309e-06
-2.09044e-05
-4.73944e-05
-8.70271e-05
-0.000140311
-0.000204403
-0.000271124
-0.000336412
-0.000389273
-0.000426516
-0.000441307
-0.000433021
-0.000403086
-0.00035375
-0.000293625
-0.000226596
-0.000162961
-0.000106254
-6.19403e-05
-3.16716e-05
-1.25621e-05
-4.21473e-06
2.95098e-06
1.01326e-05
2.77715e-05
5.60492e-05
9.98302e-05
0.000157106
0.000224094
0.000296887
0.00036527
0.000425121
0.000465987
0.000485628
0.000479775
0.000449333
0.000398936
0.000332247
0.000260064
0.000186967
0.000123168
7.19011e-05
3.57895e-05
1.54271e-05
2.4594e-06
-4.6236e-06
-2.29105e-05
-5.37105e-05
-0.000113225
-0.000198432
-0.000309781
-0.000430425
-0.000541139
-0.000618494
-0.000646488
-0.000614503
-0.000534998
-0.000420158
-0.00029781
-0.000188462
-9.82093e-05
-4.07152e-05
1.08888e-05
5.88015e-05
0.000131137
0.000239068
0.000370449
0.000522099
0.000659747
0.000763357
0.000817673
0.0008453
-0.00156277
-0.00152475
-0.00145887
-0.0013128
-0.0010672
-0.00083659
-0.000535641
-0.000341398
-0.000164003
-6.32294e-05
-2.67626e-05
3.63477e-05
4.74484e-05
0.000137763
0.000212707
0.000316327
0.000424262
0.000467261
0.00050354
0.000448628
0.000383805
0.000278883
0.000186353
0.000104339
5.23126e-05
1.82511e-05
6.46425e-06
-7.5204e-07
-2.52932e-06
-1.38043e-05
-3.22907e-05
-6.67057e-05
-0.000111134
-0.00016678
-0.000225336
-0.000282201
-0.000330171
-0.000362934
-0.000377832
-0.000371152
-0.00034606
-0.000303537
-0.000250953
-0.000192653
-0.000136748
-8.70284e-05
-4.91589e-05
-2.23033e-05
-8.651e-06
-1.11098e-06
-1.84259e-08
6.01629e-06
1.5442e-05
3.94134e-05
7.27967e-05
0.000121972
0.000178318
0.000241471
0.000302124
0.000354808
0.000393564
0.000411959
0.000410295
0.0003853
0.000343519
0.00028648
0.000223919
0.00016031
0.00010424
5.86921e-05
2.81659e-05
9.31692e-06
3.13654e-06
-3.10593e-06
-7.51359e-06
-3.20035e-05
-6.75403e-05
-0.000136597
-0.000212784
-0.000309072
-0.000369519
-0.000426605
-0.00040403
-0.000374134
-0.000287524
-0.000198749
-0.000133863
-5.16965e-05
-3.99153e-05
1.42681e-05
3.50225e-05
0.000104378
0.000221511
0.000350264
0.000555692
0.000708553
0.000873437
0.000967722
0.00100665
0.00102981
-0.00173859
-0.00171102
-0.0016394
-0.00151805
-0.00131255
-0.00107719
-0.000807397
-0.000549823
-0.000354528
-0.000185185
-0.000106604
-3.69814e-05
-4.59235e-06
3.07032e-05
8.73763e-05
0.00013694
0.000211954
0.000257343
0.000285182
0.000283447
0.000238623
0.000193456
0.000124
7.89094e-05
3.68545e-05
1.66445e-05
4.58446e-06
1.64846e-07
-3.94201e-06
-1.18167e-05
-2.88335e-05
-5.24702e-05
-8.96611e-05
-0.000127861
-0.000175856
-0.000215323
-0.000254468
-0.000277979
-0.000290296
-0.000286942
-0.00026677
-0.000238325
-0.000195499
-0.000155228
-0.000109029
-7.37382e-05
-4.13993e-05
-2.15883e-05
-8.37737e-06
-2.5024e-06
5.50429e-07
4.21343e-06
1.36008e-05
2.86706e-05
5.68932e-05
8.93284e-05
0.000135762
0.000179
0.000228894
0.000266782
0.000299167
0.000315004
0.000314791
0.000301063
0.000268043
0.000230945
0.000180166
0.000136153
8.92924e-05
5.55482e-05
2.81301e-05
1.2395e-05
4.11707e-06
-3.90071e-07
-6.6943e-06
-1.81257e-05
-4.66335e-05
-7.92879e-05
-0.000135739
-0.000174512
-0.000217108
-0.000224677
-0.000208501
-0.000176181
-0.000117325
-7.73984e-05
-2.97373e-05
-1.03363e-06
2.44479e-05
7.29528e-05
0.000124689
0.000239761
0.000370826
0.000545755
0.000728573
0.000885143
0.00102083
0.0010961
0.00113887
0.00115352
-0.00183863
-0.00181737
-0.00178691
-0.00168986
-0.00155167
-0.00134836
-0.00107859
-0.000834587
-0.000548181
-0.00036357
-0.000187934
-9.36971e-05
-3.95722e-05
6.38087e-06
1.02855e-05
5.24646e-05
7.01891e-05
0.000105148
0.00013159
0.000130493
0.000129889
9.45189e-05
7.19931e-05
3.63946e-05
2.13918e-05
5.64073e-06
2.86019e-06
-6.52251e-07
-1.98523e-06
-8.67588e-06
-1.85754e-05
-3.83259e-05
-6.00512e-05
-9.17973e-05
-0.000119877
-0.00015267
-0.000175921
-0.000195548
-0.000203467
-0.000200853
-0.000189712
-0.000166213
-0.000141256
-0.000107769
-8.01404e-05
-5.06072e-05
-3.08551e-05
-1.41118e-05
-6.14796e-06
-1.09442e-06
-3.05045e-07
2.67174e-06
6.0149e-06
1.8259e-05
3.23811e-05
5.90377e-05
8.49182e-05
0.000120798
0.000150858
0.000182717
0.000204788
0.00021872
0.000222906
0.000212404
0.000196753
0.000166577
0.000138188
0.000101694
7.2675e-05
4.40993e-05
2.47487e-05
1.08617e-05
3.98329e-06
-1.8074e-07
-7.41972e-07
-9.48839e-06
-1.52999e-05
-4.05757e-05
-5.49734e-05
-8.52693e-05
-8.87399e-05
-9.48973e-05
-7.93762e-05
-5.48089e-05
-4.33757e-05
-9.59148e-06
-6.72311e-06
2.90827e-05
6.72072e-05
0.000133304
0.000256075
0.000381963
0.000580652
0.00074513
0.000926906
0.00105953
0.00114339
0.00120032
0.00121007
0.00121986
-0.00177948
-0.00177294
-0.0017408
-0.00169883
-0.00160717
-0.0014783
-0.00128447
-0.00106419
-0.000824919
-0.00059414
-0.000405568
-0.000246596
-0.000146222
-7.25998e-05
-3.40629e-05
-8.04936e-06
1.09787e-05
2.46994e-05
3.86374e-05
4.48157e-05
4.45764e-05
3.87332e-05
2.68509e-05
1.72845e-05
8.18602e-06
3.63448e-06
7.69171e-07
-4.65386e-07
-2.67284e-06
-6.39533e-06
-1.39711e-05
-2.39744e-05
-3.88574e-05
-5.44136e-05
-7.31039e-05
-8.91534e-05
-0.00010454
-0.000114427
-0.000119781
-0.000119026
-0.000111877
-0.000100788
-8.43813e-05
-6.79146e-05
-4.93484e-05
-3.42556e-05
-2.0378e-05
-1.13259e-05
-4.8474e-06
-1.85229e-06
-4.31839e-08
1.21115e-06
4.44595e-06
9.5979e-06
1.95376e-05
3.16947e-05
4.90919e-05
6.65121e-05
8.66457e-05
0.000103388
0.000118485
0.000127649
0.00013122
0.000128821
0.000119325
0.00010652
8.82028e-05
7.05705e-05
5.10308e-05
3.54126e-05
2.13487e-05
1.20863e-05
5.66343e-06
2.35417e-06
1.93867e-07
-1.80681e-06
-5.88213e-06
-1.09214e-05
-1.84348e-05
-2.30861e-05
-2.49672e-05
-2.23349e-05
-1.40783e-05
-4.49815e-06
9.37056e-06
2.98689e-05
5.88146e-05
0.000113238
0.000184995
0.000297383
0.000428621
0.000587411
0.000750284
0.00089624
0.00102206
0.00109917
0.00115002
0.0011658
0.00117805
0.00117648
-0.00156971
-0.00157059
-0.00156836
-0.00156491
-0.00156576
-0.00151121
-0.00140656
-0.00126245
-0.00103988
-0.000843806
-0.000604804
-0.000431255
-0.000266505
-0.000156525
-8.59273e-05
-3.32702e-05
-1.99222e-05
1.38777e-06
2.0194e-06
8.75636e-06
1.00639e-05
8.11177e-06
7.50863e-06
3.15047e-06
2.39786e-06
3.41129e-07
2.75111e-07
-3.75199e-07
-1.13445e-06
-3.27041e-06
-6.16892e-06
-1.17025e-05
-1.71943e-05
-2.57174e-05
-3.26489e-05
-4.14671e-05
-4.74075e-05
-5.29327e-05
-5.53734e-05
-5.51252e-05
-5.28865e-05
-4.69354e-05
-4.09139e-05
-3.18796e-05
-2.46164e-05
-1.61829e-05
-1.04516e-05
-5.25995e-06
-2.49664e-06
-6.89518e-07
-2.25192e-07
4.66919e-07
8.87767e-07
3.56497e-06
6.28846e-06
1.27748e-05
1.86815e-05
2.8193e-05
3.60319e-05
4.54376e-05
5.24429e-05
5.79653e-05
6.13588e-05
6.06772e-05
5.91522e-05
5.26735e-05
4.70096e-05
3.75803e-05
3.01173e-05
2.13997e-05
1.47573e-05
9.24341e-06
5.06494e-06
2.84339e-06
1.22527e-06
1.69334e-07
-6.64922e-08
-2.10056e-06
-2.16221e-06
-3.17484e-06
-3.01859e-06
2.40926e-06
3.25226e-06
2.10466e-05
3.4306e-05
7.57534e-05
0.000131509
0.000212072
0.000332167
0.00045326
0.000619923
0.000751113
0.000898558
0.000987877
0.00104584
0.00106954
0.00105211
0.00104104
0.00102953
0.00102295
-0.00120961
-0.00121566
-0.00122184
-0.00124238
-0.00130698
-0.0013049
-0.00132679
-0.00123859
-0.00115385
-0.000983809
-0.000819283
-0.000635707
-0.000462274
-0.000326
-0.00019936
-0.000127269
-6.27476e-05
-3.57783e-05
-1.40222e-05
-6.53257e-06
-1.82499e-06
-3.61707e-07
2.68896e-07
1.27677e-07
1.29458e-07
-3.12448e-08
-7.72e-08
-2.83383e-07
-4.65311e-07
-1.39499e-06
-1.89414e-06
-4.02969e-06
-4.91022e-06
-8.08656e-06
-9.19864e-06
-1.25193e-05
-1.35231e-05
-1.57323e-05
-1.62445e-05
-1.63811e-05
-1.61751e-05
-1.41289e-05
-1.3271e-05
-9.88699e-06
-8.71609e-06
-5.34528e-06
-4.29211e-06
-2.03563e-06
-1.38203e-06
-4.78333e-07
-2.0398e-07
6.06969e-08
2.45937e-07
1.04195e-06
1.49729e-06
3.67301e-06
4.5833e-06
8.08238e-06
9.32453e-06
1.31528e-05
1.43533e-05
1.71061e-05
1.78472e-05
1.84697e-05
1.85161e-05
1.6847e-05
1.62592e-05
1.30659e-05
1.21471e-05
8.67578e-06
7.80172e-06
5.13822e-06
4.57875e-06
3.18466e-06
3.01753e-06
2.67977e-06
2.89054e-06
3.28805e-06
4.70795e-06
6.77727e-06
1.3009e-05
2.07577e-05
4.19639e-05
6.5777e-05
0.000118862
0.000175453
0.000270074
0.000369379
0.000490667
0.000617534
0.000724819
0.000835283
0.000880415
0.000928142
0.00089668
0.000882664
0.000823797
0.000796098
0.00078173
0.000771668
-0.000788024
-0.000795905
-0.000806617
-0.000848534
-0.000915725
-0.0009831
-0.00102983
-0.00105803
-0.00101635
-0.000963128
-0.000837401
-0.0007215
-0.000568936
-0.000439745
-0.000314161
-0.00021316
-0.000138582
-8.03256e-05
-4.87111e-05
-2.37561e-05
-1.38641e-05
-5.72002e-06
-3.19026e-06
-1.10227e-06
-5.27377e-07
-1.60493e-07
-4.42873e-08
5.93827e-08
1.3983e-07
4.16276e-07
5.41788e-07
9.221e-07
1.00948e-06
1.25587e-06
1.20473e-06
1.15795e-06
9.46319e-07
6.2621e-07
3.32388e-07
-9.80666e-08
-3.42012e-07
-6.88023e-07
-7.75321e-07
-9.20269e-07
-8.31269e-07
-7.87749e-07
-5.97579e-07
-4.82768e-07
-3.12772e-07
-2.72387e-07
-2.17592e-07
-3.44485e-07
-4.21664e-07
-7.09846e-07
-8.53964e-07
-1.20432e-06
-1.30908e-06
-1.5762e-06
-1.55012e-06
-1.60487e-06
-1.41201e-06
-1.19552e-06
-8.65757e-07
-4.18243e-07
-3.07098e-08
5.14661e-07
8.63924e-07
1.32989e-06
1.56882e-06
1.82867e-06
1.95705e-06
2.06333e-06
2.20327e-06
2.51514e-06
2.95321e-06
4.21841e-06
5.47511e-06
9.14385e-06
1.28601e-05
2.25965e-05
3.37028e-05
5.736e-05
8.6261e-05
0.000134076
0.000193706
0.000269158
0.000361254
0.000450967
0.000555473
0.000629176
0.000707685
0.000732389
0.000747171
0.00071371
0.000666415
0.000608019
0.000549643
0.000511735
0.000495588
0.000486193
-0.000385743
-0.000390828
-0.000394125
-0.000426192
-0.000494717
-0.00055546
-0.000643315
-0.000692276
-0.000732269
-0.000730962
-0.000692527
-0.000637649
-0.000542398
-0.000459158
-0.000349537
-0.000269245
-0.000181644
-0.000124615
-7.42265e-05
-4.38751e-05
-2.29952e-05
-1.12e-05
-4.82672e-06
-1.76209e-06
-4.59928e-07
4.72009e-07
5.39732e-07
2.66692e-06
3.01335e-06
6.99142e-06
7.81242e-06
1.24445e-05
1.32991e-05
1.67639e-05
1.71818e-05
1.81456e-05
1.79578e-05
1.61789e-05
1.55474e-05
1.18565e-05
1.11115e-05
6.91427e-06
6.34761e-06
2.94922e-06
2.67868e-06
7.43676e-07
6.93183e-07
4.2454e-08
1.64776e-08
-1.9476e-07
-3.96099e-07
-1.23011e-06
-1.7099e-06
-3.92565e-06
-4.63883e-06
-8.30793e-06
-9.07197e-06
-1.34819e-05
-1.4043e-05
-1.79321e-05
-1.80662e-05
-2.01177e-05
-1.97357e-05
-1.91418e-05
-1.83576e-05
-1.52264e-05
-1.43405e-05
-9.72903e-06
-9.10029e-06
-4.58429e-06
-4.38848e-06
-1.27135e-06
-1.20444e-06
3.58132e-07
1.31986e-06
2.89132e-06
6.53318e-06
1.13605e-05
2.05994e-05
3.35177e-05
5.49898e-05
8.20775e-05
0.000124897
0.000169822
0.000236115
0.000293997
0.000370088
0.000425131
0.000484692
0.000515244
0.000530142
0.000520873
0.000479915
0.000436565
0.000365608
0.000317023
0.000263638
0.000236862
0.000228821
0.000223036
-0.000129131
-0.000132235
-0.000132155
-0.000153507
-0.000182151
-0.000227981
-0.000279328
-0.000326062
-0.000375167
-0.000392082
-0.000410863
-0.000386735
-0.000368408
-0.000314707
-0.000270897
-0.000209592
-0.000159162
-0.00010974
-7.06035e-05
-4.1569e-05
-2.12796e-05
-9.39213e-06
-3.56405e-06
-1.78666e-07
2.29417e-07
3.01937e-06
5.85153e-06
1.21959e-05
2.05348e-05
3.04395e-05
4.24725e-05
5.30258e-05
6.43084e-05
7.17628e-05
7.79588e-05
7.9685e-05
7.86503e-05
7.4242e-05
6.67629e-05
5.80161e-05
4.71513e-05
3.71142e-05
2.66462e-05
1.82578e-05
1.10236e-05
5.94183e-06
2.74903e-06
8.12451e-07
3.15017e-07
-2.04452e-07
-7.07053e-07
-2.21958e-06
-5.44643e-06
-9.90431e-06
-1.72771e-05
-2.52331e-05
-3.61043e-05
-4.63387e-05
-5.80798e-05
-6.79597e-05
-7.6911e-05
-8.33757e-05
-8.63254e-05
-8.71324e-05
-8.27519e-05
-7.74849e-05
-6.70833e-05
-5.74496e-05
-4.46187e-05
-3.38033e-05
-2.29246e-05
-1.41594e-05
-8.25474e-06
-3.11589e-06
-1.89769e-06
9.32067e-07
1.90071e-06
6.68271e-06
1.41364e-05
2.67485e-05
4.58653e-05
7.12225e-05
0.000102639
0.000140901
0.000177146
0.000220424
0.000248293
0.000282241
0.000289306
0.000299427
0.000279421
0.000259985
0.00022046
0.000181995
0.000144362
0.000109199
8.92823e-05
7.22069e-05
7.06121e-05
6.71819e-05
-2.7706e-05
-2.86016e-05
-2.93521e-05
-3.70353e-05
-4.57479e-05
-6.6216e-05
-8.32629e-05
-0.000111424
-0.000131904
-0.000153203
-0.000166149
-0.000168487
-0.0001675
-0.000149725
-0.000136009
-0.000106487
-8.65122e-05
-5.74839e-05
-4.02032e-05
-2.11456e-05
-1.22505e-05
-4.42929e-06
-1.48182e-06
1.69749e-06
7.35153e-06
1.44724e-05
3.00138e-05
4.54468e-05
7.09326e-05
9.27537e-05
0.00012199
0.000143896
0.000167846
0.000182597
0.000193507
0.000196232
0.000190801
0.000180922
0.00016139
0.000142579
0.00011553
9.39541e-05
6.74947e-05
4.92099e-05
2.97637e-05
1.83681e-05
8.34727e-06
3.78812e-06
9.87703e-07
-9.23458e-08
-1.23545e-06
-3.82935e-06
-9.66818e-06
-1.8108e-05
-3.29227e-05
-4.88577e-05
-7.28042e-05
-9.42452e-05
-0.000122926
-0.000144758
-0.000170639
-0.000186464
-0.000201669
-0.000206312
-0.000205743
-0.000197432
-0.000180959
-0.000162234
-0.000134968
-0.000111808
-8.21775e-05
-6.15404e-05
-3.78167e-05
-2.45052e-05
-1.1142e-05
-5.30115e-06
-6.84466e-07
2.65903e-06
5.62921e-06
1.34613e-05
2.14338e-05
3.75926e-05
5.12761e-05
7.32773e-05
8.75359e-05
0.000107682
0.000115921
0.000125667
0.000123875
0.000118369
0.000106819
8.85189e-05
7.29463e-05
5.16267e-05
3.98943e-05
2.54052e-05
1.98284e-05
1.42423e-05
1.34131e-05
1.24781e-05
4.17447e-06
4.03664e-06
3.84764e-06
2.25371e-06
1.07525e-08
-3.91911e-06
-1.05983e-05
-1.65173e-05
-2.74891e-05
-3.40026e-05
-4.3313e-05
-4.73386e-05
-4.93461e-05
-4.8608e-05
-4.23409e-05
-3.73204e-05
-2.61233e-05
-1.98566e-05
-9.88817e-06
-5.44841e-06
-8.84158e-07
2.93141e-06
5.20562e-06
1.49885e-05
2.41836e-05
4.62182e-05
6.81084e-05
0.000102357
0.000135403
0.000175093
0.000211123
0.000245778
0.000274037
0.000293633
0.000305318
0.000304112
0.000295794
0.000274367
0.000249098
0.000213967
0.000179812
0.000140868
0.000107619
7.44585e-05
4.98926e-05
2.84298e-05
1.55602e-05
6.1604e-06
2.46291e-06
2.1063e-07
-9.67714e-07
-4.01942e-06
-1.04704e-05
-2.19283e-05
-3.9165e-05
-6.30463e-05
-9.17545e-05
-0.000126566
-0.000161914
-0.000200812
-0.000233949
-0.000266993
-0.000288245
-0.000305979
-0.000308571
-0.000305593
-0.000288434
-0.000265551
-0.000233864
-0.000197895
-0.00016131
-0.000122514
-9.12479e-05
-5.933e-05
-3.9956e-05
-2.03015e-05
-1.27183e-05
-4.27957e-06
-2.29832e-06
1.01973e-06
5.11723e-06
8.79552e-06
1.67309e-05
2.14609e-05
2.95103e-05
3.28291e-05
3.64447e-05
3.62748e-05
3.34825e-05
2.98862e-05
2.2163e-05
1.71416e-05
9.18887e-06
4.75679e-06
4.95675e-07
-2.92267e-06
-4.39661e-06
-6.33324e-06
-6.50006e-06
-6.91961e-06
2.55662e-05
2.52775e-05
2.55521e-05
2.21862e-05
1.74928e-05
1.04678e-05
7.80794e-06
4.31768e-07
5.81529e-08
-5.81694e-06
-6.05031e-06
-9.24191e-06
-9.65341e-06
-9.42906e-06
-9.53019e-06
-6.40852e-06
-6.19714e-06
-1.98321e-06
-1.94943e-06
2.05314e-06
3.34855e-06
9.35681e-06
1.82395e-05
3.19421e-05
5.59421e-05
8.12974e-05
0.000120319
0.000155425
0.000202738
0.000240567
0.000284975
0.000315968
0.000345752
0.000361328
0.000368332
0.000364017
0.000346441
0.000323444
0.000286376
0.000251083
0.000204635
0.000166285
0.000122053
8.94895e-05
5.66208e-05
3.53062e-05
1.75466e-05
7.89485e-06
2.63021e-06
2.0079e-07
-2.16699e-07
-2.76506e-06
-7.89591e-06
-1.78078e-05
-3.53066e-05
-5.67595e-05
-8.9206e-05
-0.000121438
-0.000164968
-0.000202215
-0.000247514
-0.000280836
-0.000316215
-0.000336621
-0.000352131
-0.000353841
-0.000344906
-0.000327519
-0.000296677
-0.00026536
-0.000221381
-0.000184915
-0.000139595
-0.000107043
-7.09057e-05
-4.82669e-05
-2.68746e-05
-1.50584e-05
-7.48244e-06
-2.41687e-06
-1.38258e-06
1.88142e-06
1.90934e-06
5.0984e-06
5.2569e-06
7.32829e-06
7.20826e-06
6.89361e-06
6.57029e-06
3.64142e-06
3.51626e-06
-1.50187e-06
-2.05958e-06
-8.71652e-06
-1.21711e-05
-1.9411e-05
-2.54361e-05
-2.99926e-05
-3.09007e-05
-3.19133e-05
8.37296e-05
8.32386e-05
8.18538e-05
7.60367e-05
6.36748e-05
5.25724e-05
3.91088e-05
2.97829e-05
2.06484e-05
1.52407e-05
1.03815e-05
7.6617e-06
5.43382e-06
4.33972e-06
3.69098e-06
3.73946e-06
4.33799e-06
5.4813e-06
7.96202e-06
1.1357e-05
1.81298e-05
2.72577e-05
4.21525e-05
6.12129e-05
8.61651e-05
0.000115905
0.000148238
0.000184501
0.000218658
0.000254073
0.000282665
0.000308873
0.000325035
0.00033534
0.000334917
0.000326513
0.000309433
0.000284355
0.000254692
0.000219159
0.000183862
0.000146262
0.000112974
8.11676e-05
5.5853e-05
3.47157e-05
1.98847e-05
9.89399e-06
3.98932e-06
1.32519e-06
-5.23468e-07
-2.41243e-06
-6.51815e-06
-1.44067e-05
-2.61525e-05
-4.4432e-05
-6.6188e-05
-9.50568e-05
-0.000125108
-0.000160215
-0.00019311
-0.000226826
-0.000255068
-0.000279001
-0.000295533
-0.000303402
-0.00030401
-0.000293833
-0.000278575
-0.000253346
-0.000226474
-0.00019304
-0.00016144
-0.000128028
-9.88235e-05
-7.22446e-05
-5.04117e-05
-3.39786e-05
-2.13859e-05
-1.38378e-05
-8.343e-06
-5.67062e-06
-3.75701e-06
-2.90533e-06
-2.4912e-06
-2.5109e-06
-3.10899e-06
-4.09009e-06
-6.09576e-06
-8.5764e-06
-1.31511e-05
-1.8374e-05
-2.73941e-05
-3.69382e-05
-5.08883e-05
-6.31065e-05
-7.71134e-05
-8.50656e-05
-8.88005e-05
-9.05748e-05
0.000173982
0.000172716
0.000173098
0.000161352
0.000142358
0.000119078
9.7904e-05
7.49238e-05
6.10708e-05
4.43511e-05
3.73969e-05
2.68312e-05
2.38625e-05
1.78587e-05
1.70092e-05
1.4339e-05
1.51432e-05
1.53709e-05
1.88037e-05
2.25685e-05
3.13872e-05
4.03133e-05
5.79648e-05
7.29942e-05
9.91016e-05
0.000118856
0.000148959
0.00017033
0.000198961
0.000217783
0.000239112
0.000251147
0.000260475
0.000262688
0.000257801
0.00024934
0.000231187
0.000213709
0.000186186
0.000163417
0.000132309
0.000108963
8.03317e-05
6.07235e-05
3.92149e-05
2.60077e-05
1.35853e-05
7.059e-06
2.53864e-06
6.18751e-07
1.63853e-07
-7.95638e-07
-2.34962e-06
-6.26758e-06
-1.36438e-05
-2.33064e-05
-3.9115e-05
-5.51218e-05
-7.88285e-05
-9.92525e-05
-0.000127161
-0.000148068
-0.000174363
-0.000191042
-0.000209598
-0.000218094
-0.000224431
-0.000222839
-0.000215557
-0.000204617
-0.000185784
-0.000168542
-0.00014292
-0.00012362
-9.70372e-05
-7.96848e-05
-5.72811e-05
-4.45478e-05
-2.98939e-05
-2.26202e-05
-1.56004e-05
-1.26441e-05
-1.00598e-05
-9.91462e-06
-9.3779e-06
-1.1569e-05
-1.23447e-05
-1.74568e-05
-2.01385e-05
-2.95749e-05
-3.61222e-05
-5.1749e-05
-6.52246e-05
-8.76831e-05
-0.000109012
-0.000133343
-0.000154176
-0.000169299
-0.000173014
-0.000176526
0.000289546
0.000288051
0.000284146
0.00027102
0.000243203
0.000216531
0.000181506
0.000154348
0.000124248
0.000103954
8.25494e-05
6.94701e-05
5.57808e-05
4.82255e-05
4.04721e-05
3.70164e-05
3.39532e-05
3.40523e-05
3.51539e-05
3.92348e-05
4.44257e-05
5.33189e-05
6.18837e-05
7.52401e-05
8.50693e-05
0.000100845
0.000110374
0.00012582
0.000133454
0.000145679
0.000149925
0.000156329
0.000156158
0.000155161
0.000150317
0.000141841
0.000132962
0.000118514
0.000107027
8.93398e-05
7.71364e-05
5.94636e-05
4.8442e-05
3.3689e-05
2.52772e-05
1.52269e-05
1.00236e-05
4.8772e-06
2.51087e-06
8.8792e-07
1.46326e-07
-4.43709e-07
-1.24054e-06
-3.58045e-06
-6.05958e-06
-1.22966e-05
-1.75107e-05
-2.84025e-05
-3.64653e-05
-5.10485e-05
-6.10506e-05
-7.68592e-05
-8.71019e-05
-0.000100889
-0.000109378
-0.000118114
-0.000123151
-0.000124966
-0.00012565
-0.000120385
-0.000116841
-0.000106035
-9.93114e-05
-8.56254e-05
-7.73048e-05
-6.36272e-05
-5.53486e-05
-4.41529e-05
-3.7185e-05
-3.00027e-05
-2.58949e-05
-2.27222e-05
-2.18673e-05
-2.18558e-05
-2.42905e-05
-2.71526e-05
-3.35527e-05
-4.00299e-05
-5.19158e-05
-6.36713e-05
-8.31451e-05
-0.00010219
-0.000130655
-0.000157217
-0.000191795
-0.000219655
-0.000249658
-0.000266626
-0.000275643
-0.000279751
0.000405248
0.000401997
0.000399707
0.000380294
0.000348949
0.000311965
0.000271418
0.000231138
0.000195897
0.000161571
0.000135978
0.000110147
9.34058e-05
7.56986e-05
6.59605e-05
5.51234e-05
5.08677e-05
4.55345e-05
4.57082e-05
4.47542e-05
4.84481e-05
5.08813e-05
5.62354e-05
6.07584e-05
6.50273e-05
7.03158e-05
7.28553e-05
7.78821e-05
7.83939e-05
8.19968e-05
8.04241e-05
8.16082e-05
7.81412e-05
7.63882e-05
7.14276e-05
6.68325e-05
6.09294e-05
5.41785e-05
4.79619e-05
4.01623e-05
3.42579e-05
2.66645e-05
2.1613e-05
1.532e-05
1.14968e-05
7.17038e-06
4.72163e-06
2.43847e-06
1.2436e-06
4.82658e-07
1.60691e-07
-4.18807e-08
-7.1275e-08
-8.35667e-07
-1.23613e-06
-3.49318e-06
-4.85711e-06
-9.04216e-06
-1.1732e-05
-1.76155e-05
-2.1646e-05
-2.83676e-05
-3.33708e-05
-3.96747e-05
-4.49706e-05
-4.95813e-05
-5.43384e-05
-5.63515e-05
-5.9797e-05
-5.89501e-05
-6.05614e-05
-5.72995e-05
-5.69186e-05
-5.22305e-05
-5.00707e-05
-4.51307e-05
-4.16658e-05
-3.74708e-05
-3.32793e-05
-3.09019e-05
-2.80664e-05
-2.84114e-05
-2.82926e-05
-3.21087e-05
-3.54607e-05
-4.3881e-05
-5.18793e-05
-6.65406e-05
-8.10355e-05
-0.000103659
-0.000126903
-0.000158434
-0.000191702
-0.00023038
-0.000270289
-0.00030817
-0.000341989
-0.000365923
-0.000375061
-0.000381535
0.000510328
0.000506322
0.000495726
0.00047449
0.000440692
0.000400159
0.000355171
0.000309642
0.000265316
0.000224969
0.000187963
0.000156492
0.000128663
0.000106386
8.73606e-05
7.31185e-05
6.14687e-05
5.35174e-05
4.73696e-05
4.38687e-05
4.13057e-05
4.04339e-05
3.96291e-05
3.97528e-05
3.93878e-05
3.96203e-05
3.95265e-05
3.95304e-05
3.91975e-05
3.86446e-05
3.77669e-05
3.64356e-05
3.48706e-05
3.27545e-05
3.05615e-05
2.78392e-05
2.52272e-05
2.21893e-05
1.94382e-05
1.64071e-05
1.37963e-05
1.10636e-05
8.82423e-06
6.61118e-06
4.89945e-06
3.33353e-06
2.21538e-06
1.31317e-06
7.51057e-07
4.05919e-07
2.52107e-07
2.36336e-07
2.44337e-07
2.39485e-07
1.05245e-07
-2.32942e-07
-7.99701e-07
-1.75085e-06
-2.94106e-06
-4.62976e-06
-6.46397e-06
-8.80299e-06
-1.11048e-05
-1.37992e-05
-1.62314e-05
-1.88519e-05
-2.10107e-05
-2.31181e-05
-2.46587e-05
-2.59407e-05
-2.66931e-05
-2.70676e-05
-2.7102e-05
-2.67519e-05
-2.63475e-05
-2.56203e-05
-2.52728e-05
-2.45652e-05
-2.45383e-05
-2.46186e-05
-2.59658e-05
-2.80986e-05
-3.22683e-05
-3.7944e-05
-4.66493e-05
-5.76582e-05
-7.29038e-05
-9.12908e-05
-0.00011498
-0.000142477
-0.000175636
-0.000212626
-0.000254123
-0.000297786
-0.000342028
-0.000383534
-0.00041991
-0.000446066
-0.000461599
-0.000469115
0.000600003
0.000594537
0.000584284
0.000559866
0.000519892
0.000476093
0.000422359
0.000372461
0.000318346
0.000272342
0.000225346
0.000187916
0.000151214
0.000123844
9.77779e-05
7.98946e-05
6.28086e-05
5.25408e-05
4.17369e-05
3.67552e-05
2.95796e-05
2.76056e-05
2.21727e-05
2.12393e-05
1.72549e-05
1.6017e-05
1.38763e-05
1.17231e-05
1.08267e-05
7.66602e-06
7.41188e-06
3.71966e-06
3.68932e-06
2.90903e-07
2.86223e-07
-2.05075e-06
-2.06952e-06
-2.98006e-06
-2.99098e-06
-2.64288e-06
-2.63287e-06
-1.5995e-06
-1.58214e-06
-5.3894e-07
-5.3198e-07
6.53976e-08
6.79464e-08
1.72119e-07
2.05114e-07
1.51805e-07
2.5545e-07
5.50554e-07
7.35349e-07
1.76253e-06
1.9884e-06
3.77515e-06
3.9614e-06
6.10924e-06
6.17304e-06
7.98192e-06
7.88487e-06
8.62075e-06
8.39711e-06
7.58753e-06
7.33445e-06
4.97379e-06
4.7995e-06
1.37354e-06
1.32238e-06
-2.36333e-06
-2.38213e-06
-5.5063e-06
-5.75501e-06
-7.80686e-06
-8.69914e-06
-9.65942e-06
-1.16806e-05
-1.20154e-05
-1.50442e-05
-1.58791e-05
-2.02353e-05
-2.31894e-05
-3.03711e-05
-3.74195e-05
-4.97995e-05
-6.32624e-05
-8.36693e-05
-0.000105836
-0.00013657
-0.000168792
-0.000210419
-0.000252118
-0.000302349
-0.000349808
-0.000402164
-0.000446673
-0.000489281
-0.000518582
-0.000536612
-0.000545641
0.000664278
0.000656172
0.000643677
0.000614195
0.000574947
0.000524885
0.000471738
0.000412943
0.000358624
0.000301383
0.000253492
0.000204673
0.000166843
0.000129975
0.000102962
7.83311e-05
6.06812e-05
4.61266e-05
3.51763e-05
2.74948e-05
2.05093e-05
1.65584e-05
1.14878e-05
8.59649e-06
4.77435e-06
8.59973e-07
-1.86384e-06
-7.94395e-06
-1.00888e-05
-1.79977e-05
-1.98283e-05
-2.78201e-05
-2.92503e-05
-3.49857e-05
-3.57448e-05
-3.73834e-05
-3.72631e-05
-3.43043e-05
-3.33445e-05
-2.68483e-05
-2.5367e-05
-1.74807e-05
-1.59453e-05
-8.97681e-06
-7.79304e-06
-3.25923e-06
-2.59457e-06
-6.59367e-07
-3.86016e-07
9.15374e-08
3.10966e-07
1.17199e-06
1.70461e-06
4.61059e-06
5.66686e-06
1.13217e-05
1.28467e-05
2.0635e-05
2.23208e-05
3.04953e-05
3.19041e-05
3.82346e-05
3.89737e-05
4.15922e-05
4.14658e-05
3.95756e-05
3.86464e-05
3.28174e-05
3.13538e-05
2.32905e-05
2.16168e-05
1.34865e-05
1.17981e-05
5.374e-06
3.59439e-06
-4.37087e-07
-2.65268e-06
-4.92176e-06
-7.81035e-06
-9.98774e-06
-1.41883e-05
-1.86112e-05
-2.58158e-05
-3.53803e-05
-4.80898e-05
-6.60755e-05
-8.71355e-05
-0.000116315
-0.000147881
-0.000189071
-0.000231377
-0.000282324
-0.000332701
-0.000387748
-0.000439617
-0.000489741
-0.00053173
-0.000566011
-0.000585513
-0.000597265
0.000705416
0.000697367
0.000677991
0.000648973
0.000604694
0.000555298
0.000496555
0.000438284
0.000375398
0.000318439
0.000260305
0.000211531
0.000164492
0.000127485
9.43147e-05
6.94516e-05
4.92394e-05
3.44595e-05
2.40858e-05
1.62552e-05
1.20638e-05
8.05286e-06
6.46306e-06
3.56846e-06
9.43342e-07
-2.96651e-06
-9.5013e-06
-1.55744e-05
-2.65157e-05
-3.44155e-05
-4.75933e-05
-5.55758e-05
-6.71707e-05
-7.28995e-05
-7.91496e-05
-8.07864e-05
-7.96318e-05
-7.66764e-05
-6.86193e-05
-6.21305e-05
-4.99638e-05
-4.20866e-05
-2.96576e-05
-2.26972e-05
-1.32862e-05
-8.75764e-06
-3.78706e-06
-1.8541e-06
-4.56905e-07
2.00968e-08
4.37922e-07
1.29795e-06
3.7884e-06
6.69101e-06
1.3345e-05
1.89933e-05
2.99563e-05
3.77357e-05
5.10398e-05
5.92049e-05
7.14649e-05
7.7788e-05
8.54705e-05
8.8086e-05
8.8851e-05
8.6963e-05
8.05553e-05
7.47331e-05
6.30826e-05
5.50287e-05
4.15173e-05
3.33964e-05
2.15686e-05
1.51519e-05
7.36079e-06
3.33397e-06
-1.63165e-07
-2.4329e-06
-3.60238e-06
-5.80928e-06
-7.74225e-06
-1.22506e-05
-1.82222e-05
-2.79335e-05
-4.1553e-05
-5.97095e-05
-8.45225e-05
-0.000113826
-0.000151805
-0.000193003
-0.000242857
-0.00029365
-0.000350466
-0.000405188
-0.000461294
-0.000510974
-0.00055714
-0.000591079
-0.000616583
-0.000628285
0.000727765
0.000717899
0.000697294
0.00066488
0.000619203
0.000567233
0.000506204
0.000445158
0.000378973
0.000318812
0.000256987
0.000205549
0.00015543
0.000117377
8.23354e-05
5.83023e-05
3.74933e-05
2.46416e-05
1.47127e-05
8.29584e-06
5.24918e-06
-1.04903e-07
-3.65824e-07
-9.81495e-06
-1.19668e-05
-2.89724e-05
-3.65705e-05
-6.08958e-05
-7.45682e-05
-0.000102211
-0.000119006
-0.000143395
-0.000158264
-0.000172667
-0.000180691
-0.000180826
-0.000179329
-0.00016507
-0.000154709
-0.000130168
-0.000114557
-8.65333e-05
-7.06429e-05
-4.60741e-05
-3.41304e-05
-1.75938e-05
-1.14219e-05
-3.64667e-06
-2.11768e-06
-4.95449e-08
1.9397e-07
1.87911e-06
4.78932e-06
1.13651e-05
1.96615e-05
3.41361e-05
4.80343e-05
6.98677e-05
8.68554e-05
0.000112053
0.000127779
0.000150292
0.000160194
0.00017407
0.000175113
0.000176605
0.000168434
0.000157286
0.00014238
0.000121839
0.00010458
8.01619e-05
6.51851e-05
4.26701e-05
3.31054e-05
1.65553e-05
1.2714e-05
3.24167e-06
2.82305e-06
-1.83708e-06
-2.79976e-06
-6.81102e-06
-1.2108e-05
-2.02406e-05
-3.38697e-05
-5.08409e-05
-7.6667e-05
-0.000106022
-0.000146094
-0.000188579
-0.000241212
-0.000293808
-0.000353276
-0.000409628
-0.000467686
-0.000519121
-0.000566657
-0.000603481
-0.000631275
-0.000644646
0.00073752
0.000725397
0.000703794
0.00066821
0.000622521
0.000568358
0.000507081
0.000443125
0.000376635
0.000312713
0.000250595
0.000196002
0.000145696
0.00010648
7.13896e-05
4.85229e-05
2.77668e-05
1.74782e-05
7.58535e-06
3.05965e-06
-1.8166e-07
-7.28787e-06
-8.23566e-06
-2.62803e-05
-2.99192e-05
-6.38221e-05
-7.34536e-05
-0.00012133
-0.000137247
-0.000190364
-0.000209138
-0.000254697
-0.000270822
-0.000296418
-0.000304672
-0.000302871
-0.000300528
-0.000271684
-0.000259617
-0.000211782
-0.000194022
-0.000140001
-0.000121995
-7.47055e-05
-6.10743e-05
-2.90431e-05
-2.18045e-05
-6.49083e-06
-4.46141e-06
-3.4026e-07
9.8684e-08
2.84868e-06
6.00887e-06
1.73248e-05
2.62444e-05
5.21088e-05
6.71596e-05
0.000107128
0.000125729
0.000172906
0.000190429
0.000233832
0.000245319
0.000273724
0.000275752
0.000281605
0.000273569
0.000255547
0.000239893
0.000203238
0.000184537
0.00013909
0.000122325
7.90379e-05
6.77395e-05
3.50305e-05
2.98019e-05
1.08859e-05
9.73953e-06
1.85774e-06
6.17854e-07
-2.71929e-06
-8.04055e-06
-1.40887e-05
-2.7667e-05
-4.30544e-05
-6.88682e-05
-9.81713e-05
-0.000138321
-0.000182259
-0.000235066
-0.000289683
-0.000349374
-0.000407267
-0.000465541
-0.00051829
-0.000565846
-0.000605351
-0.000633793
-0.000649236
0.000721176
0.000709045
0.0006842
0.000648352
0.000602577
0.000547799
0.000487847
0.000423182
0.000358297
0.000293732
0.000233719
0.000178601
0.000131565
9.19528e-05
6.15363e-05
3.8425e-05
2.29237e-05
1.25376e-05
6.12863e-06
1.58329e-06
-3.99226e-06
-1.1122e-05
-2.50289e-05
-4.3079e-05
-7.28264e-05
-0.000106698
-0.00015341
-0.000201243
-0.000258612
-0.000311681
-0.000367372
-0.000412889
-0.000452677
-0.00047825
-0.000491083
-0.000489284
-0.00047136
-0.000442542
-0.000398773
-0.000350983
-0.000293232
-0.000239261
-0.000182068
-0.000134822
-9.02727e-05
-5.8271e-05
-3.19794e-05
-1.66798e-05
-6.34193e-06
-2.22458e-06
8.33988e-07
3.58146e-06
1.056e-05
2.18655e-05
4.18567e-05
6.76973e-05
0.000103991
0.000143923
0.000192559
0.000239693
0.000290719
0.000334082
0.000375
0.000403379
0.000423491
0.000429339
0.00042342
0.000405414
0.000375413
0.000338791
0.000292998
0.000247592
0.000197649
0.000154401
0.000111318
7.86387e-05
4.91623e-05
3.02382e-05
1.52216e-05
7.30458e-06
1.52119e-06
-1.82788e-06
-5.8652e-06
-1.19577e-05
-2.1748e-05
-3.72819e-05
-5.89062e-05
-8.8485e-05
-0.000124927
-0.000169273
-0.000218903
-0.000274068
-0.000330897
-0.000389445
-0.000445361
-0.000498712
-0.000545525
-0.0005853
-0.000614259
-0.000629711
0.000712659
0.00070033
0.000672318
0.000635943
0.000587954
0.000532766
0.000470691
0.000405815
0.000338457
0.000273953
0.000212436
0.000157736
0.000111741
7.28798e-05
4.65099e-05
2.42185e-05
1.47039e-05
4.69863e-06
3.80044e-06
-1.50724e-06
-5.63156e-06
-1.54032e-05
-3.64893e-05
-5.95253e-05
-0.000108798
-0.000149917
-0.00022695
-0.000283037
-0.000376206
-0.00043696
-0.000525751
-0.000576732
-0.000638474
-0.000666021
-0.000683744
-0.000679943
-0.000648486
-0.000614136
-0.000542092
-0.000486502
-0.000393213
-0.000330873
-0.000239619
-0.000185068
-0.000115035
-7.78833e-05
-3.7931e-05
-1.99027e-05
-6.31241e-06
-1.31269e-06
-1.937e-07
2.75076e-06
9.47506e-06
2.1606e-05
4.89273e-05
7.72194e-05
0.000131138
0.000175477
0.000250513
0.00030355
0.000384469
0.000434124
0.000501155
0.000534813
0.000570442
0.000579306
0.00057422
0.000556261
0.000512358
0.00047285
0.000402332
0.000351853
0.000272854
0.000223549
0.000153973
0.000115541
6.72672e-05
4.40564e-05
2.03397e-05
9.87994e-06
3.291e-06
-1.03987e-06
-1.47275e-06
-7.47102e-06
-1.22455e-05
-2.71467e-05
-4.45791e-05
-7.34213e-05
-0.000107725
-0.00015151
-0.000201054
-0.000255932
-0.000313711
-0.000372239
-0.000429187
-0.000482756
-0.00053124
-0.000571396
-0.000605609
-0.000621217
0.000689089
0.000675856
0.000647723
0.000610776
0.000562229
0.000508363
0.00044549
0.000383061
0.000314924
0.00025389
0.000191745
0.000141779
9.53315e-05
6.2225e-05
3.55805e-05
1.87517e-05
9.11904e-06
1.70622e-06
7.60198e-07
-8.47784e-06
-1.26763e-05
-3.67794e-05
-5.79422e-05
-0.00010798
-0.000157216
-0.000236358
-0.000313331
-0.000412754
-0.00050585
-0.00060699
-0.000695711
-0.000775427
-0.00083712
-0.00087509
-0.000892799
-0.000878519
-0.000847087
-0.000783704
-0.000711717
-0.000615165
-0.000521949
-0.000415653
-0.00032447
-0.000231546
-0.000161569
-9.73693e-05
-5.74486e-05
-2.50945e-05
-1.1515e-05
-1.88619e-06
-7.68085e-07
3.21654e-06
9.93552e-06
2.64242e-05
5.3724e-05
9.49303e-05
0.000148806
0.00021634
0.000291317
0.0003754
0.000456255
0.000538972
0.00060595
0.000667315
0.000702916
0.000727574
0.000722492
0.000704706
0.000660838
0.000606101
0.000535639
0.000458469
0.000379532
0.000298394
0.000228872
0.000160234
0.000111996
6.55761e-05
4.17846e-05
1.75622e-05
1.0893e-05
1.37969e-06
9.08374e-07
-4.26091e-06
-9.10254e-06
-1.99228e-05
-3.75367e-05
-6.11982e-05
-9.58388e-05
-0.000134649
-0.000184703
-0.000235359
-0.000293817
-0.000349033
-0.000406716
-0.000458247
-0.000507266
-0.000547496
-0.000581822
-0.000598138
0.000667178
0.000653132
0.000624481
0.000587301
0.00053816
0.000485764
0.00042206
0.00036199
0.000293118
0.000235309
0.000172611
0.000127002
8.01916e-05
5.2358e-05
2.54953e-05
1.36891e-05
3.94709e-06
-1.06494e-06
-2.05525e-06
-1.49331e-05
-1.92002e-05
-5.6575e-05
-7.78089e-05
-0.000152853
-0.000202055
-0.000316408
-0.000393324
-0.000532881
-0.000625909
-0.000764449
-0.000853105
-0.000959431
-0.00102108
-0.0010687
-0.0010864
-0.00106241
-0.001031
-0.000940734
-0.0008688
-0.000734314
-0.000641167
-0.000494164
-0.000403048
-0.000274588
-0.000204662
-0.000115415
-7.55231e-05
-2.99025e-05
-1.63329e-05
-2.41729e-06
-1.3e-06
3.64788e-06
1.03619e-05
3.08862e-05
5.8166e-05
0.000111332
0.000165168
0.000254183
0.000329104
0.000441938
0.000522734
0.000636068
0.000702996
0.000790021
0.000825596
0.000864879
0.000859802
0.000842176
0.00079834
0.0007295
0.000659089
0.000557201
0.000478322
0.000367704
0.000298234
0.000201622
0.000153418
8.55047e-05
6.16439e-05
2.46764e-05
1.7933e-05
3.62036e-06
3.11344e-06
-1.28814e-06
-6.19192e-06
-1.32596e-05
-3.10149e-05
-4.99286e-05
-8.48312e-05
-0.000119067
-0.000169561
-0.00021631
-0.000275393
-0.000327489
-0.000385907
-0.000435376
-0.000484928
-0.000524996
-0.000559735
-0.000576684
0.000629772
0.000615691
0.00058873
0.00055107
0.000505151
0.000451919
0.000393615
0.000332743
0.000271238
0.000212814
0.000158465
0.000112453
7.34992e-05
4.54516e-05
2.41679e-05
1.22844e-05
3.58436e-06
-1.46009e-06
-8.90053e-06
-2.18821e-05
-4.30294e-05
-8.06578e-05
-0.000130209
-0.000205464
-0.000291757
-0.000406122
-0.00052342
-0.000662985
-0.000793145
-0.000931687
-0.00104759
-0.00115391
-0.00122792
-0.00127553
-0.00128847
-0.00126448
-0.00121232
-0.00112204
-0.00101747
-0.000882977
-0.000751425
-0.000604417
-0.000475689
-0.000347225
-0.000245889
-0.000156638
-9.45213e-05
-4.88976e-05
-2.22552e-05
-8.3381e-06
-5.1062e-07
4.43637e-06
1.60077e-05
3.65284e-05
7.15204e-05
0.000124681
0.00019243
0.00028144
0.000377333
0.000490164
0.000597006
0.000710342
0.000804099
0.000891131
0.000948965
0.00098826
0.00099603
0.000978417
0.000935082
0.000866253
0.00078379
0.000681908
0.00058095
0.000470331
0.000373311
0.000276693
0.000200675
0.000132578
8.5547e-05
4.83308e-05
2.62739e-05
1.18389e-05
4.15166e-06
-2.81594e-07
-5.87682e-06
-1.29844e-05
-2.69525e-05
-4.60023e-05
-7.43776e-05
-0.000108909
-0.000151728
-0.000198971
-0.000250788
-0.000303568
-0.000356354
-0.000406564
-0.000452493
-0.000492989
-0.000523374
-0.000540353
0.000603014
0.000588911
0.00056117
0.000523137
0.000478275
0.000424286
0.000368485
0.000306801
0.000249087
0.000189981
0.000140957
9.44553e-05
6.21652e-05
3.38243e-05
1.93488e-05
7.35103e-06
3.14536e-06
-1.91006e-06
-1.07442e-05
-2.37499e-05
-5.61623e-05
-9.38713e-05
-0.000167391
-0.000242648
-0.000365017
-0.000479311
-0.000640116
-0.000779593
-0.000952888
-0.00109134
-0.00124131
-0.00134757
-0.00143906
-0.00148664
-0.00149635
-0.00147237
-0.00139677
-0.00130655
-0.0011635
-0.00102909
-0.000852349
-0.000705434
-0.000533955
-0.000405571
-0.000271329
-0.000182134
-0.000100618
-5.5023e-05
-2.16114e-05
-7.70303e-06
-9.1783e-07
4.02605e-06
1.37248e-05
3.42325e-05
7.32771e-05
0.000126404
0.000208413
0.000297366
0.00041812
0.00053088
0.000669542
0.000782806
0.000908813
0.00099579
0.00107893
0.0011182
0.0011384
0.0011208
0.00107427
0.00100549
0.000905368
0.00080355
0.000674988
0.000564439
0.000436238
0.000339681
0.000235434
0.000167334
9.97647e-05
6.24602e-05
2.9298e-05
1.48235e-05
4.19681e-06
-2.39754e-07
-3.24516e-06
-1.04145e-05
-1.89683e-05
-3.82193e-05
-6.04676e-05
-9.53763e-05
-0.000132655
-0.000180465
-0.000227885
-0.00028138
-0.00033104
-0.000381945
-0.000426367
-0.000467211
-0.000499223
-0.00051622
0.000577866
0.000563873
0.000535029
0.0004974
0.000452803
0.000399666
0.000344621
0.000284327
0.000227928
0.000170704
0.000124063
7.9683e-05
5.09938e-05
2.45187e-05
1.42639e-05
3.17201e-06
2.32878e-06
-3.57975e-06
-1.22308e-05
-2.85741e-05
-6.67072e-05
-0.000110571
-0.000197928
-0.000281815
-0.000426094
-0.000550565
-0.000738324
-0.000887811
-0.00108838
-0.00123494
-0.00140684
-0.00151779
-0.00162084
-0.00166879
-0.00167681
-0.0016488
-0.00155849
-0.00146062
-0.00129314
-0.0011489
-0.000943482
-0.000786319
-0.000587964
-0.000450566
-0.000296104
-0.000200271
-0.000107542
-5.80759e-05
-2.17652e-05
-6.34255e-06
-1.66732e-06
3.47437e-06
1.07535e-05
3.14781e-05
7.22761e-05
0.000126855
0.000217562
0.000309925
0.000446475
0.000564607
0.000723643
0.000843524
0.0009901
0.0010837
0.00118276
0.00122728
0.00125494
0.00124008
0.00119092
0.00112179
0.00100992
0.000904794
0.000758462
0.000642414
0.000494633
0.000391546
0.000269949
0.000195644
0.000115996
7.37683e-05
3.4687e-05
1.71594e-05
5.61397e-06
3.5574e-08
-7.70565e-07
-7.52789e-06
-1.25838e-05
-3.03985e-05
-4.91723e-05
-8.21904e-05
-0.000116743
-0.000162698
-0.000208284
-0.000260278
-0.000308763
-0.000358646
-0.0004026
-0.000442882
-0.000477094
-0.000493922
0.000550091
0.000536434
0.000507444
0.000471501
0.000426334
0.000376591
0.000320835
0.000265276
0.000208271
0.000156742
0.00010969
7.12383e-05
4.23194e-05
2.08269e-05
1.04808e-05
1.79808e-06
9.27123e-07
-7.09688e-06
-1.5807e-05
-4.06722e-05
-7.89264e-05
-0.000138712
-0.000226144
-0.000332572
-0.000476775
-0.000627492
-0.00081515
-0.000990475
-0.00119093
-0.00135844
-0.00153025
-0.00165333
-0.00175633
-0.00180526
-0.00181328
-0.00177488
-0.00168462
-0.00156699
-0.0013996
-0.00122998
-0.00102467
-0.000841056
-0.000642807
-0.000482137
-0.000327759
-0.000214792
-0.000122113
-6.26602e-05
-2.63691e-05
-7.04431e-06
-2.37161e-06
3.28282e-06
1.0558e-05
3.18591e-05
7.2635e-05
0.000130993
0.000221651
0.000322855
0.000459331
0.000591369
0.000750319
0.0008873
0.0010338
0.0011445
0.00124351
0.00130156
0.0013292
0.00132136
0.00127223
0.00120215
0.00109033
0.000976629
0.000830375
0.000700099
0.000552399
0.000432447
0.000310914
0.000220398
0.000140685
8.57487e-05
4.65494e-05
2.12459e-05
9.63258e-06
1.1983e-06
3.68941e-07
-5.27065e-06
-1.038e-05
-2.43884e-05
-4.33201e-05
-7.11411e-05
-0.000106008
-0.000146524
-0.000192609
-0.000239798
-0.000288897
-0.000335169
-0.00037963
-0.00041796
-0.000452301
-0.000468654
0.00052437
0.000511023
0.000481898
0.000447516
0.000401823
0.000355222
0.000298808
0.000247634
0.000190067
0.000143812
9.6379e-05
6.3418e-05
3.42864e-05
1.74081e-05
6.97734e-06
5.25734e-07
-3.70897e-07
-1.0354e-05
-1.91189e-05
-5.18759e-05
-9.0242e-05
-0.000164772
-0.000252274
-0.000379575
-0.000523709
-0.000698732
-0.000886296
-0.00108555
-0.00128591
-0.0014728
-0.00164453
-0.00177886
-0.00188181
-0.00193165
-0.00193966
-0.00189164
-0.00180143
-0.0016655
-0.00149819
-0.00130507
-0.00109986
-0.000891745
-0.000693596
-0.000511373
-0.000357072
-0.00022824
-0.000135607
-6.69055e-05
-3.06327e-05
-7.6942e-06
-3.02383e-06
3.10543e-06
1.0377e-05
3.22119e-05
7.29674e-05
0.000134825
0.000225438
0.000334829
0.000471237
0.000616152
0.000775022
0.00092784
0.00107426
0.00120081
0.00129976
0.00137034
0.00139797
0.00139663
0.00134753
0.00127656
0.0011648
0.00104315
0.000896972
0.00075352
0.000605894
0.000470325
0.00034885
0.000243322
0.000163549
9.68433e-05
5.75348e-05
2.50302e-05
1.33541e-05
2.27506e-06
1.4242e-06
-3.1803e-06
-8.33918e-06
-1.88226e-05
-3.79006e-05
-6.09087e-05
-9.60675e-05
-0.000131547
-0.000178092
-0.000220833
-0.0002705
-0.000313427
-0.000358357
-0.000394881
-0.000429341
-0.000445254
0.000500106
0.000487033
0.000457948
0.000424939
0.000379097
0.000335198
0.000278642
0.000231175
0.00017368
0.000131846
8.46738e-05
5.62884e-05
2.7427e-05
1.43856e-05
4.01494e-06
-5.73843e-07
-1.78072e-06
-1.3425e-05
-2.2928e-05
-6.2436e-05
-0.000101867
-0.000189111
-0.000277753
-0.000423098
-0.000568214
-0.000764143
-0.000952416
-0.00117225
-0.00137296
-0.00157654
-0.00174827
-0.00189227
-0.00199495
-0.00204557
-0.00205316
-0.00199686
-0.00190614
-0.00175448
-0.00158666
-0.00137332
-0.00116758
-0.000938386
-0.000739668
-0.000538909
-0.000384
-0.000241521
-0.000148268
-7.16124e-05
-3.47665e-05
-8.71988e-06
-3.59746e-06
2.94011e-06
1.04876e-05
3.27811e-05
7.36288e-05
0.000138495
0.000229069
0.0003455
0.000481839
0.000637829
0.00079672
0.000963157
0.00110978
0.00124995
0.00134932
0.00143068
0.00145888
0.00146314
0.00141466
0.00134294
0.00123169
0.0011032
0.000957265
0.000802482
0.000654754
0.000505754
0.000383856
0.000265347
0.00018485
0.000107991
6.78698e-05
2.92032e-05
1.68773e-05
3.5574e-06
2.36599e-06
-1.3747e-06
-6.55538e-06
-1.41051e-05
-3.29841e-05
-5.19797e-05
-8.68954e-05
-0.000118159
-0.000164587
-0.000203591
-0.00025331
-0.000293406
-0.0003384
-0.000373375
-0.000407606
-0.000423135
0.000472724
0.000459624
0.000433397
0.000400057
0.000357822
0.000313342
0.000262086
0.000214102
0.00016304
0.000120881
7.98939e-05
5.13665e-05
2.67638e-05
1.36966e-05
4.14762e-06
-4.41545e-07
-5.35297e-06
-1.70665e-05
-3.52142e-05
-7.48869e-05
-0.000127172
-0.000214579
-0.000317987
-0.000463323
-0.000622063
-0.000817907
-0.00101651
-0.00123625
-0.00144271
-0.0016462
-0.00181895
-0.00196288
-0.00206267
-0.00211327
-0.00211531
-0.00205904
-0.00196132
-0.00180972
-0.00163417
-0.00142092
-0.00120703
-0.000977938
-0.000770676
-0.000570003
-0.00040629
-0.000263873
-0.000161999
-8.53759e-05
-4.08456e-05
-1.48101e-05
-3.76036e-06
2.7744e-06
1.39646e-05
3.62485e-05
7.8529e-05
0.000143367
0.000233942
0.000350323
0.000486535
0.000642457
0.000802513
0.000968879
0.00111899
0.00125909
0.00136447
0.00144579
0.00148173
0.00148599
0.00144536
0.00137367
0.00126839
0.00113995
0.000996363
0.000841647
0.000691772
0.000542835
0.00041459
0.000296091
0.000206395
0.000129399
7.97808e-05
4.09566e-05
2.12597e-05
7.8567e-06
2.72013e-06
-1.03042e-06
-6.46277e-06
-1.40206e-05
-2.9959e-05
-4.90433e-05
-7.89132e-05
-0.000110415
-0.000151138
-0.000190552
-0.000235248
-0.000275827
-0.000317115
-0.000352372
-0.000382132
-0.000397684
0.000447693
0.000434568
0.000410894
0.00037725
0.000338234
0.000293219
0.000246754
0.00019829
0.000153079
0.000110615
7.52906e-05
4.66273e-05
2.59931e-05
1.28985e-05
4.24344e-06
-3.46665e-07
-8.48456e-06
-2.02588e-05
-4.62006e-05
-8.60199e-05
-0.000150062
-0.000237616
-0.000354658
-0.000499985
-0.000671467
-0.000867233
-0.0010758
-0.00129545
-0.00150773
-0.00171114
-0.0018853
-0.00202918
-0.00212657
-0.00217715
-0.00217408
-0.00211782
-0.00201334
-0.00186181
-0.00167863
-0.00146546
-0.00124347
-0.00101447
-0.000798851
-0.000598259
-0.000426171
-0.00028381
-0.000174005
-9.74126e-05
-4.60531e-05
-2.0028e-05
-3.89714e-06
2.63502e-06
1.68181e-05
3.90932e-05
8.24813e-05
0.000147294
0.000237887
0.000354222
0.000490567
0.000646427
0.000807962
0.000974262
0.00112801
0.00126806
0.00137931
0.00146059
0.00150381
0.00150806
0.00147458
0.00140292
0.00130285
0.00117447
0.00103268
0.000878023
0.00072582
0.000576943
0.000442655
0.000324167
0.000225927
0.000148808
9.0472e-05
5.1507e-05
2.51308e-05
1.16545e-05
3.02743e-06
-7.31794e-07
-6.27199e-06
-1.38397e-05
-2.70074e-05
-4.61775e-05
-7.14024e-05
-0.000103127
-0.000138638
-0.000178433
-0.000218562
-0.000259588
-0.000297544
-0.000333061
-0.00035893
-0.000374503
0.000429925
0.000416784
0.000393097
0.000359213
0.000321918
0.000276453
0.000232552
0.000183644
0.000141789
9.89897e-05
6.76922e-05
3.88222e-05
2.23504e-05
9.16373e-06
3.81312e-06
-7.88763e-07
-7.83908e-06
-1.96058e-05
-4.81456e-05
-8.7991e-05
-0.000159388
-0.000246988
-0.000376207
-0.000521509
-0.000708591
-0.000904284
-0.00112947
-0.00134904
-0.00157608
-0.00177941
-0.00196359
-0.00210741
-0.00220797
-0.00225853
-0.00225098
-0.00219474
-0.00207891
-0.00192743
-0.00172822
-0.00151513
-0.00127549
-0.00104657
-0.000814889
-0.000614371
-0.000430389
-0.000288081
-0.000171909
-9.53449e-05
-4.3011e-05
-1.69955e-05
-3.76149e-06
2.76826e-06
1.26334e-05
3.49002e-05
7.52295e-05
0.000140018
0.000230966
0.000347258
0.000488394
0.000644196
0.000814568
0.000980807
0.00114578
0.00128578
0.00140818
0.00148944
0.00154128
0.00154554
0.00151632
0.00144469
0.00134381
0.00121548
0.0010683
0.000913703
0.000753018
0.000604195
0.000460295
0.000341827
0.000234887
0.000157722
9.32551e-05
5.42532e-05
2.49616e-05
1.14837e-05
2.91614e-06
-8.42973e-07
-4.13211e-06
-1.17525e-05
-2.14426e-05
-4.07591e-05
-6.21867e-05
-9.41765e-05
-0.000126239
-0.000166409
-0.000203774
-0.000245196
-0.000281265
-0.000316999
-0.00034388
-0.000359465
0.000413471
0.000400315
0.000376615
0.000342509
0.000306807
0.000260927
0.0002194
0.00017008
0.000131335
8.82236e-05
6.06555e-05
3.15941e-05
1.8977e-05
5.70514e-06
3.41461e-06
-1.19817e-06
-7.24132e-06
-1.9001e-05
-4.99467e-05
-8.98164e-05
-0.000168024
-0.000255668
-0.000396163
-0.000541442
-0.000742969
-0.000938596
-0.00117918
-0.00139867
-0.00163937
-0.00184263
-0.00203608
-0.00217986
-0.00228335
-0.00233389
-0.00232219
-0.00226597
-0.00213963
-0.0019882
-0.00177414
-0.00156112
-0.00130514
-0.0010763
-0.000829742
-0.000629292
-0.000434296
-0.000292036
-0.000169968
-9.34301e-05
-4.01939e-05
-1.41873e-05
-3.63586e-06
2.89166e-06
8.75801e-06
3.10172e-05
6.85139e-05
0.00013328
0.000224557
0.000340809
0.000486381
0.00064213
0.000820686
0.000986868
0.00116223
0.00130218
0.00143492
0.00151615
0.00157599
0.00158024
0.00155498
0.00148337
0.00138174
0.00125345
0.00110129
0.000946745
0.000778204
0.000629432
0.000476631
0.000358181
0.000243185
0.000165977
9.58325e-05
5.67963e-05
2.4805e-05
1.13256e-05
2.81308e-06
-9.45932e-07
-2.15044e-06
-9.81971e-06
-1.62893e-05
-3.57414e-05
-5.36524e-05
-8.58874e-05
-0.000114758
-0.000155274
-0.000190079
-0.000231869
-0.000266191
-0.000302124
-0.000329943
-0.000345539
0.000402358
0.000389361
0.000365614
0.00033216
0.000296507
0.000251685
0.000210436
0.000162416
0.000124294
8.25837e-05
5.59785e-05
2.82025e-05
1.67037e-05
4.29891e-06
2.96464e-06
-1.52015e-06
-7.22035e-06
-1.98453e-05
-5.15852e-05
-9.34213e-05
-0.000173945
-0.000264528
-0.000408837
-0.000557666
-0.000763944
-0.0009632
-0.00120886
-0.00143145
-0.00167664
-0.00188201
-0.0020785
-0.00222308
-0.00232752
-0.00237747
-0.00236439
-0.00230634
-0.00217653
-0.00202235
-0.00180339
-0.00158713
-0.00132576
-0.00109362
-0.000842165
-0.000638773
-0.000440152
-0.000295612
-0.000171607
-9.36041e-05
-4.00784e-05
-1.34022e-05
-3.74545e-06
2.8499e-06
7.38458e-06
2.94354e-05
6.59821e-05
0.000130646
0.000222014
0.000338611
0.000485629
0.000642375
0.000823617
0.000991449
0.00117023
0.00131228
0.00144843
0.00153183
0.00159432
0.00160038
0.00157643
0.00150587
0.00140402
0.0012758
0.00112201
0.000966521
0.000795401
0.000644882
0.000489167
0.000368563
0.000250837
0.000171536
9.94484e-05
5.87906e-05
2.58943e-05
1.15239e-05
3.04059e-06
-8.21007e-07
-1.3625e-06
-8.4501e-06
-1.39595e-05
-3.23634e-05
-4.93182e-05
-8.02987e-05
-0.00010845
-0.000147729
-0.000182134
-0.000222867
-0.000257048
-0.00029229
-0.000320452
-0.000335863
0.000394165
0.000381382
0.000357591
0.00032485
0.000289027
0.000245423
0.000203971
0.000157564
0.00011928
7.93913e-05
5.26885e-05
2.66195e-05
1.50772e-05
3.84737e-06
2.50254e-06
-1.79085e-06
-7.49852e-06
-2.13191e-05
-5.30863e-05
-9.7731e-05
-0.00017829
-0.000273162
-0.000417467
-0.000571508
-0.000777726
-0.000982261
-0.00122785
-0.00145496
-0.00170008
-0.00190851
-0.00210495
-0.00225069
-0.0023551
-0.00240421
-0.00239114
-0.00233044
-0.00220067
-0.00204249
-0.00182359
-0.0016026
-0.0013413
-0.00110436
-0.000852978
-0.000645301
-0.000446738
-0.000298877
-0.000174909
-9.47766e-05
-4.12667e-05
-1.36182e-05
-3.96431e-06
2.73018e-06
7.26353e-06
2.90169e-05
6.55528e-05
0.00013008
0.000221421
0.000338535
0.000485511
0.000643722
0.000824911
0.000995156
0.00117388
0.00131898
0.0014551
0.00154165
0.00160412
0.00161279
0.00158885
0.0015198
0.00141798
0.00128983
0.00113608
0.000979213
0.000808143
0.000655075
0.000499405
0.000375629
0.000257907
0.00017554
0.000103421
6.04372e-05
2.75113e-05
1.19001e-05
3.40645e-06
-5.81748e-07
-1.12863e-06
-7.41824e-06
-1.29542e-05
-2.99534e-05
-4.69781e-05
-7.63144e-05
-0.000104592
-0.00014232
-0.000176895
-0.000216392
-0.000250721
-0.000285187
-0.000313385
-0.000328542
0.000386578
0.000373992
0.000350162
0.000318081
0.0002821
0.000239624
0.000197984
0.00015307
0.000114637
7.6435e-05
4.96418e-05
2.51536e-05
1.35709e-05
3.42921e-06
2.07461e-06
-2.04154e-06
-7.75613e-06
-2.26839e-05
-5.44764e-05
-0.000101722
-0.000182313
-0.000281158
-0.000425459
-0.000584326
-0.000790488
-0.000999912
-0.00124543
-0.00147673
-0.00172178
-0.00193305
-0.00212944
-0.00227627
-0.00238065
-0.00242898
-0.00241591
-0.00235276
-0.00222302
-0.00206113
-0.0018423
-0.00161692
-0.0013557
-0.00111431
-0.000862992
-0.000651346
-0.000452837
-0.000301902
-0.000177967
-9.58625e-05
-4.23671e-05
-1.38182e-05
-4.16698e-06
2.61931e-06
7.15143e-06
2.86293e-05
6.51553e-05
0.000129555
0.000220871
0.000338465
0.000485401
0.000644969
0.000826109
0.000998589
0.00117727
0.00132519
0.00146128
0.00155074
0.00161319
0.00162428
0.00160035
0.0015327
0.0014309
0.00130282
0.00114912
0.000990966
0.000819943
0.000664514
0.000508886
0.000382173
0.000264454
0.000179248
0.000107099
6.19621e-05
2.90087e-05
1.22486e-05
3.74526e-06
-3.60179e-07
-9.12056e-07
-6.46267e-06
-1.20233e-05
-2.77216e-05
-4.4811e-05
-7.26246e-05
-0.00010102
-0.000137311
-0.000172043
-0.000210395
-0.000244862
-0.000278609
-0.00030684
-0.000321762
0.000379553
0.000367149
0.000343283
0.000311812
0.000275685
0.000234253
0.00019244
0.000148909
0.000110337
7.36972e-05
4.68204e-05
2.37961e-05
1.2176e-05
3.04197e-06
1.67832e-06
-2.2737e-06
-7.99469e-06
-2.39478e-05
-5.57637e-05
-0.000105418
-0.000186038
-0.000288563
-0.00043286
-0.000596196
-0.000802307
-0.00101626
-0.00126171
-0.00149689
-0.00174188
-0.00195578
-0.00215212
-0.00229995
-0.00240431
-0.00245191
-0.00243884
-0.00237342
-0.00224371
-0.0020784
-0.00185963
-0.00163019
-0.00136903
-0.00112352
-0.000872265
-0.000656944
-0.000458485
-0.000304703
-0.000180799
-9.68681e-05
-4.33861e-05
-1.40035e-05
-4.35466e-06
2.51664e-06
7.04762e-06
2.82703e-05
6.47871e-05
0.00012907
0.000220362
0.000338401
0.000485299
0.000646124
0.000827219
0.00100177
0.0011804
0.00133095
0.00146699
0.00155916
0.00162159
0.00163492
0.001611
0.00154464
0.00144287
0.00131485
0.00116119
0.00100185
0.00083087
0.000673255
0.000517666
0.000388233
0.000270516
0.000182683
0.000110506
6.33743e-05
3.03953e-05
1.25712e-05
4.05902e-06
-1.54992e-07
-7.11492e-07
-5.57775e-06
-1.11612e-05
-2.56549e-05
-4.28041e-05
-6.92077e-05
-9.77116e-05
-0.000132672
-0.00016755
-0.000204842
-0.000239436
-0.000272517
-0.00030078
-0.000315483
0.000373046
0.000360812
0.000336911
0.000306007
0.000269744
0.00022928
0.000187305
0.000145056
0.000106356
7.11619e-05
4.42075e-05
2.25389e-05
1.08842e-05
2.68336e-06
1.31132e-06
-2.48869e-06
-8.21561e-06
-2.51183e-05
-5.69559e-05
-0.000108841
-0.000189489
-0.00029542
-0.000439714
-0.000607189
-0.000813253
-0.00103139
-0.00127679
-0.00151556
-0.00176049
-0.00197683
-0.00217312
-0.00232188
-0.00242621
-0.00247315
-0.00246009
-0.00239256
-0.00226288
-0.00209439
-0.00187567
-0.00164248
-0.00138138
-0.00113204
-0.000880853
-0.000662128
-0.000463716
-0.000307297
-0.000183422
-9.77993e-05
-4.43299e-05
-1.41751e-05
-4.52847e-06
2.42156e-06
6.95148e-06
2.79379e-05
6.44462e-05
0.00012862
0.000219891
0.000338341
0.000485205
0.000647194
0.000828246
0.00100471
0.0011833
0.00133627
0.00147229
0.00156696
0.00162938
0.00164478
0.00162086
0.0015557
0.00145395
0.00132599
0.00117237
0.00101193
0.00084099
0.00068135
0.000525797
0.000393845
0.000276131
0.000185863
0.00011366
6.4682e-05
3.16795e-05
1.28701e-05
4.34957e-06
3.50234e-08
-5.25758e-07
-4.75827e-06
-1.03628e-05
-2.37409e-05
-4.09456e-05
-6.60434e-05
-9.46479e-05
-0.000128376
-0.000163389
-0.0001997
-0.000234411
-0.000266875
-0.000295167
-0.000309669
0.000367021
0.000354944
0.000331011
0.000300631
0.000264242
0.000224674
0.00018255
0.000141487
0.000102668
6.8814e-05
4.17879e-05
2.13747e-05
9.688e-06
2.35127e-06
9.71463e-07
-2.68778e-06
-8.4202e-06
-2.62022e-05
-5.80599e-05
-0.00011201
-0.000192684
-0.00030177
-0.000446061
-0.000617369
-0.000823388
-0.00104541
-0.00129076
-0.00153285
-0.00177773
-0.00199632
-0.00219257
-0.0023422
-0.0024465
-0.00249282
-0.00247976
-0.00241028
-0.00228063
-0.0021092
-0.00189053
-0.00165385
-0.00139281
-0.00113994
-0.000888806
-0.000666929
-0.000468559
-0.000309699
-0.000185851
-9.86617e-05
-4.52038e-05
-1.43339e-05
-4.68943e-06
2.33351e-06
6.86245e-06
2.76301e-05
6.41305e-05
0.000128203
0.000219455
0.000338285
0.000485118
0.000648185
0.000829198
0.00100744
0.00118599
0.00134121
0.00147719
0.00157418
0.00163658
0.0016539
0.00162999
0.00156595
0.00146422
0.00133631
0.00118272
0.00102126
0.000850361
0.000688847
0.000533326
0.000399042
0.00028133
0.000188808
0.000116582
6.5893e-05
3.28687e-05
1.31468e-05
4.61865e-06
2.1099e-07
-3.53756e-07
-3.99937e-06
-9.62352e-06
-2.19685e-05
-3.92245e-05
-6.31131e-05
-9.18109e-05
-0.000124398
-0.000159536
-0.000194937
-0.000229758
-0.000261651
-0.000289969
-0.000304285
0.000361441
0.000349509
0.000325548
0.000295652
0.000259148
0.000220409
0.000178147
0.000138182
9.92536e-05
6.66397e-05
3.95471e-05
2.02966e-05
8.58019e-06
2.04373e-06
6.56733e-07
-2.87215e-06
-8.60966e-06
-2.7206e-05
-5.90822e-05
-0.000114945
-0.000195642
-0.000307651
-0.000451939
-0.000626796
-0.000832775
-0.00105839
-0.00130369
-0.00154886
-0.00179369
-0.00201437
-0.00221058
-0.00236101
-0.00246529
-0.00251104
-0.00249798
-0.00242669
-0.00229707
-0.00212292
-0.00190428
-0.00166439
-0.0014034
-0.00114726
-0.00089617
-0.000671375
-0.000473045
-0.000311923
-0.0001881
-9.94603e-05
-4.60131e-05
-1.44811e-05
-4.83849e-06
2.25197e-06
6.78001e-06
2.7345e-05
6.38381e-05
0.000127817
0.000219051
0.000338234
0.000485037
0.000649102
0.000830079
0.00100996
0.00118848
0.00134578
0.00148174
0.00158086
0.00164326
0.00166236
0.00163845
0.00157543
0.00147372
0.00134587
0.0011923
0.00102991
0.00085904
0.000695789
0.000540299
0.000403855
0.000286145
0.000191535
0.000119287
6.70145e-05
3.397e-05
1.34031e-05
4.86783e-06
3.73946e-07
-1.94472e-07
-3.29658e-06
-8.93885e-06
-2.03271e-05
-3.76307e-05
-6.03994e-05
-8.91835e-05
-0.000120714
-0.000155967
-0.000190527
-0.000225449
-0.000256813
-0.000285156
-0.000299298
0.000359736
0.000347805
0.000324526
0.000294482
0.000258555
0.000219554
0.000178049
0.000137862
9.96299e-05
6.68838e-05
4.01715e-05
2.08715e-05
9.02496e-06
2.49106e-06
4.14389e-07
-3.10682e-06
-9.94027e-06
-2.85947e-05
-6.16152e-05
-0.000117667
-0.000199082
-0.000311407
-0.000455569
-0.000630775
-0.000835653
-0.00106159
-0.00130497
-0.0015504
-0.00179291
-0.00201377
-0.00220788
-0.00235836
-0.00246141
-0.0025071
-0.00249407
-0.00242262
-0.00229433
-0.00211994
-0.00190355
-0.00166338
-0.00140491
-0.00114849
-0.000899465
-0.000674417
-0.000477124
-0.000315805
-0.000191761
-0.000102992
-4.82352e-05
-1.66427e-05
-5.10306e-06
1.99291e-06
8.3384e-06
2.88799e-05
6.64942e-05
0.000130454
0.000221741
0.000340939
0.000486715
0.000650853
0.000830061
0.00101008
0.00118666
0.00134413
0.00147859
0.00157792
0.0016397
0.00165897
0.00163547
0.00157257
0.00147212
0.00134429
0.00119239
0.00102993
0.000860642
0.000697246
0.00054286
0.000406204
0.000288902
0.000194055
0.000121517
6.90767e-05
3.52936e-05
1.46581e-05
5.28407e-06
7.88097e-07
-4.12826e-07
-3.50464e-06
-9.39468e-06
-2.0806e-05
-3.79438e-05
-6.08053e-05
-8.911e-05
-0.000120821
-0.000155464
-0.00019025
-0.000224641
-0.000256134
-0.000283298
-0.000297433
0.000358526
0.000346595
0.00032389
0.000293837
0.000258247
0.000219227
0.000178187
0.000137984
0.000100196
6.74509e-05
4.09258e-05
2.16369e-05
9.53657e-06
3.01212e-06
1.9349e-07
-3.33331e-06
-1.12637e-05
-2.99449e-05
-6.41022e-05
-0.000120187
-0.000202337
-0.000314673
-0.000458731
-0.00063391
-0.000837672
-0.00106357
-0.00130497
-0.00155036
-0.00179046
-0.00201128
-0.00220323
-0.00235368
-0.00245546
-0.00250113
-0.00248815
-0.00241671
-0.00228979
-0.00211543
-0.00190138
-0.00166125
-0.00140539
-0.00114901
-0.000902124
-0.000677115
-0.000480893
-0.000319601
-0.000195326
-0.000106573
-5.04565e-05
-1.88695e-05
-5.36213e-06
1.73263e-06
9.96308e-06
3.0501e-05
6.9279e-05
0.000133228
0.000224573
0.00034375
0.000488465
0.000652574
0.000829951
0.00100994
0.00118451
0.00134196
0.00147487
0.00157417
0.00163532
0.00165458
0.00163152
0.00156862
0.00146947
0.00134167
0.0011915
0.00102907
0.000861412
0.000698044
0.00054478
0.000408145
0.00029124
0.000196388
0.000123545
7.10776e-05
3.65619e-05
1.59006e-05
5.69616e-06
1.19053e-06
-6.68408e-07
-3.75555e-06
-9.97824e-06
-2.13799e-05
-3.85041e-05
-6.13607e-05
-8.94036e-05
-0.00012112
-0.000155418
-0.000190215
-0.0002243
-0.000255796
-0.000281865
-0.000296
0.000357406
0.000345475
0.0003233
0.000293241
0.000257962
0.000218923
0.000178314
0.000138098
0.00010072
6.79761e-05
4.16243e-05
2.23458e-05
1.00104e-05
3.49466e-06
-1.10764e-08
-3.54305e-06
-1.24893e-05
-3.11954e-05
-6.64054e-05
-0.000122521
-0.000205352
-0.000317697
-0.000461658
-0.000636813
-0.000839543
-0.00106541
-0.00130497
-0.00155032
-0.00178819
-0.00200897
-0.00219892
-0.00234934
-0.00244995
-0.00249561
-0.00248266
-0.00241123
-0.00228559
-0.00211126
-0.00189937
-0.00165928
-0.00140584
-0.0011495
-0.000904586
-0.000679614
-0.000484383
-0.000323117
-0.000198628
-0.000109889
-5.25136e-05
-2.09316e-05
-5.60204e-06
1.4916e-06
1.14676e-05
3.20023e-05
7.18578e-05
0.000135796
0.000227195
0.000346354
0.000490084
0.000654167
0.00082985
0.00100981
0.00118252
0.00133994
0.00147141
0.00157071
0.00163126
0.00165052
0.00162785
0.00156497
0.00146702
0.00133924
0.00119068
0.00102827
0.000862125
0.000698783
0.000546558
0.000409943
0.000293406
0.000198548
0.000125422
7.29305e-05
3.77364e-05
1.70513e-05
6.07779e-06
1.56321e-06
-9.05092e-07
-3.98791e-06
-1.05187e-05
-2.19113e-05
-3.90229e-05
-6.18751e-05
-8.96755e-05
-0.000121398
-0.000155376
-0.000190183
-0.000223984
-0.000255483
-0.000280538
-0.000294672
0.000356368
0.000344438
0.000322754
0.000292688
0.000257698
0.000218642
0.000178431
0.000138203
0.000101206
6.84625e-05
4.22711e-05
2.30023e-05
1.04491e-05
3.94151e-06
-2.00518e-07
-3.73729e-06
-1.36243e-05
-3.23534e-05
-6.85382e-05
-0.000124683
-0.000208143
-0.000320498
-0.000464369
-0.000639502
-0.000841275
-0.00106711
-0.00130496
-0.00155028
-0.00178609
-0.00200684
-0.00219493
-0.00234533
-0.00244484
-0.0024905
-0.00247758
-0.00240616
-0.00228171
-0.0021074
-0.00189751
-0.00165745
-0.00140625
-0.00114995
-0.000906867
-0.000681927
-0.000487616
-0.000326373
-0.000201686
-0.00011296
-5.44186e-05
-2.28412e-05
-5.82421e-06
1.26838e-06
1.28609e-05
3.33926e-05
7.4246e-05
0.000138175
0.000229623
0.000348764
0.000491584
0.000655643
0.000829756
0.00100969
0.00118068
0.00133808
0.00146822
0.0015675
0.0016275
0.00164677
0.00162446
0.00156159
0.00146476
0.00133699
0.00118991
0.00102753
0.000862785
0.000699467
0.000548205
0.000411608
0.000295411
0.000200548
0.000127161
7.46465e-05
3.88241e-05
1.8117e-05
6.4312e-06
1.90833e-06
-1.12428e-06
-4.20308e-06
-1.10191e-05
-2.24034e-05
-3.95034e-05
-6.23514e-05
-8.99273e-05
-0.000121655
-0.000155336
-0.000190154
-0.000223691
-0.000255193
-0.000279309
-0.000293443
0.000355407
0.000343478
0.000322249
0.000292177
0.000257453
0.000218381
0.00017854
0.000138301
0.000101656
6.89129e-05
4.28701e-05
2.36102e-05
1.08554e-05
4.35533e-06
-3.75952e-07
-3.91717e-06
-1.46753e-05
-3.34257e-05
-7.05134e-05
-0.000126684
-0.000210729
-0.000323091
-0.00046688
-0.000641992
-0.000842879
-0.00106868
-0.00130496
-0.00155024
-0.00178415
-0.00200487
-0.00219123
-0.00234161
-0.00244011
-0.00248576
-0.00247287
-0.00240147
-0.0022781
-0.00210382
-0.00189579
-0.00165576
-0.00140663
-0.00115037
-0.000908979
-0.00068407
-0.000490609
-0.000329388
-0.000204518
-0.000115803
-5.61827e-05
-2.46097e-05
-6.02995e-06
1.06167e-06
1.41512e-05
3.46801e-05
7.64576e-05
0.000140378
0.000231872
0.000350997
0.000492974
0.00065701
0.000829669
0.00100958
0.00117897
0.00133635
0.00146526
0.00156452
0.00162403
0.00164328
0.00162132
0.00155845
0.00146266
0.00133491
0.0011892
0.00102684
0.000863397
0.000700101
0.00054973
0.00041315
0.000297268
0.000202401
0.000128772
7.62355e-05
3.98313e-05
1.91038e-05
6.75848e-06
2.22794e-06
-1.32726e-06
-4.40235e-06
-1.14826e-05
-2.28592e-05
-3.99484e-05
-6.27926e-05
-9.01604e-05
-0.000121893
-0.0001553
-0.000190127
-0.00022342
-0.000254925
-0.000278171
-0.000292304
)
;

boundaryField
{
    inlet
    {
        type            cyclic;
    }
    outlet
    {
        type            cyclic;
    }
    top
    {
        type            zeroGradient;
    }
    hills
    {
        type            zeroGradient;
    }
    front
    {
        type            empty;
    }
    back
    {
        type            empty;
    }
}


// ************************************************************************* //
