/*--------------------------------*- C++ -*----------------------------------*\
| =========                 |                                                 |
| \\      /  F ield         | OpenFOAM: The Open Source CFD Toolbox           |
|  \\    /   O peration     | Version:  v2106                                 |
|   \\  /    A nd           | Website:  www.openfoam.com                      |
|    \\/     M anipulation  |                                                 |
\*---------------------------------------------------------------------------*/
FoamFile
{
    version     2.0;
    format      ascii;
    arch        "LSB;label=32;scalar=64";
    class       volScalarField;
    location    "0";
    object      expGpCoeffs4;
}
// * * * * * * * * * * * * * * * * * * * * * * * * * * * * * * * * * * * * * //

dimensions      [0 0 0 0 0 0 0];

internalField   nonuniform List<scalar> 
8000
(
0.168792
0.171799
0.176059
0.180658
0.183246
0.183907
0.182008
0.177841
0.171707
0.163683
0.154406
0.143932
0.132816
0.121118
0.109453
0.0977907
0.0867875
0.0763808
0.0669531
0.0585074
0.050984
0.0444364
0.0383808
0.0328726
0.027349
0.0217859
0.01597
0.00990267
0.00363462
-0.00282418
-0.00936721
-0.0159832
-0.0225539
-0.0290674
-0.0354002
-0.0415399
-0.0473645
-0.0528624
-0.0579196
-0.0625256
-0.066581
-0.0700768
-0.0729332
-0.0751438
-0.076652
-0.0774538
-0.0775187
-0.0768453
-0.0754299
-0.0732737
-0.070399
-0.0668099
-0.0625535
-0.0576358
-0.0521264
-0.0460334
-0.0394454
-0.0323727
-0.0249198
-0.0170981
-0.00902411
-0.000710873
0.00771674
0.0162459
0.0247477
0.0332091
0.0415028
0.0496156
0.0574269
0.0649248
0.0720006
0.0786438
0.084763
0.0903499
0.0954238
0.0999936
0.104561
0.109173
0.114698
0.121083
0.128656
0.137353
0.146696
0.156666
0.166348
0.175761
0.183955
0.190904
0.195953
0.199054
0.199791
0.198145
0.19407
0.187384
0.179083
0.168971
0.158709
0.148755
0.141279
0.136858
0.16855
0.171557
0.176171
0.180771
0.183444
0.184112
0.182196
0.178033
0.171838
0.163814
0.154487
0.144012
0.132851
0.121151
0.109434
0.0977678
0.0867213
0.0763119
0.0668712
0.0584243
0.0509173
0.0443699
0.0383645
0.0328569
0.0273691
0.0218068
0.0159898
0.00992325
0.00364559
-0.00281238
-0.00936634
-0.0159815
-0.0225639
-0.0290766
-0.0354211
-0.0415601
-0.0473961
-0.0528933
-0.0579607
-0.0625661
-0.06663
-0.0701254
-0.0729883
-0.0751985
-0.0767108
-0.0775125
-0.077579
-0.0769056
-0.0754892
-0.0733332
-0.070455
-0.0668663
-0.0626041
-0.0576871
-0.0521699
-0.0460776
-0.0394801
-0.0324083
-0.0249446
-0.0171238
-0.00903798
-0.000725809
0.00771427
0.0162424
0.0247567
0.033217
0.0415229
0.0496347
0.0574573
0.0649543
0.07204
0.0786823
0.0848096
0.0903957
0.0954599
0.100029
0.104522
0.109133
0.114596
0.12098
0.128575
0.137273
0.14668
0.156652
0.166418
0.175832
0.184095
0.191042
0.196133
0.19923
0.199999
0.198346
0.194268
0.187573
0.179154
0.169036
0.158615
0.148663
0.140922
0.136502
0.168289
0.171294
0.176291
0.180893
0.183659
0.184333
0.182398
0.17824
0.171979
0.163956
0.154575
0.144098
0.132889
0.121186
0.109412
0.097743
0.0866499
0.0762375
0.0667827
0.0583347
0.0508454
0.0442981
0.0383469
0.03284
0.0273908
0.0218293
0.0160112
0.00994548
0.00365744
-0.00279965
-0.0093654
-0.0159796
-0.0225747
-0.0290865
-0.0354438
-0.0415819
-0.0474301
-0.0529266
-0.058005
-0.0626098
-0.0666829
-0.0701779
-0.0730477
-0.0752576
-0.0767743
-0.0775759
-0.077644
-0.0769707
-0.0755531
-0.0733974
-0.0705154
-0.0669273
-0.0626588
-0.0577424
-0.0522168
-0.0461254
-0.0395176
-0.0324468
-0.0249713
-0.0171516
-0.00905296
-0.000741937
0.0077116
0.0162385
0.0247664
0.0332256
0.0415447
0.0496554
0.0574902
0.0649861
0.0720825
0.078724
0.0848599
0.0904453
0.0954989
0.100067
0.10448
0.109091
0.114485
0.120869
0.128488
0.137188
0.146663
0.156637
0.166494
0.175909
0.184245
0.191191
0.196328
0.199421
0.200223
0.198563
0.194482
0.187777
0.17923
0.169107
0.158514
0.148564
0.140537
0.136118
0.168006
0.171011
0.176421
0.181024
0.183891
0.184572
0.182617
0.178464
0.172131
0.164109
0.15467
0.144191
0.132929
0.121223
0.10939
0.0977163
0.0865727
0.0761572
0.0666872
0.0582379
0.0507677
0.0442206
0.0383278
0.0328218
0.0274143
0.0218536
0.0160343
0.00996949
0.00367023
-0.00278589
-0.00936439
-0.0159776
-0.0225863
-0.0290971
-0.0354683
-0.0416055
-0.0474669
-0.0529625
-0.0580529
-0.062657
-0.0667401
-0.0702345
-0.0731119
-0.0753215
-0.0768429
-0.0776444
-0.0777142
-0.077041
-0.0756222
-0.0734668
-0.0705807
-0.0669931
-0.0627179
-0.0578022
-0.0522675
-0.046177
-0.0395581
-0.0324883
-0.0250001
-0.0171816
-0.00906914
-0.000759352
0.00770872
0.0162344
0.024777
0.0332349
0.0415682
0.0496777
0.0575257
0.0650205
0.0721285
0.0787689
0.0849143
0.0904988
0.0955409
0.100109
0.104435
0.109045
0.114365
0.12075
0.128395
0.137095
0.146645
0.156621
0.166576
0.175991
0.184407
0.191351
0.196539
0.199626
0.200466
0.198798
0.194714
0.187998
0.179312
0.169183
0.158405
0.148456
0.140121
0.135703
0.167702
0.170706
0.176562
0.181146
0.184142
0.18483
0.182853
0.178705
0.172295
0.164275
0.154772
0.144292
0.132973
0.121264
0.109365
0.0976874
0.0864894
0.0760705
0.066584
0.0581333
0.0506838
0.0441369
0.0383073
0.0328021
0.0274396
0.0218798
0.0160592
0.00999541
0.00368405
-0.00277103
-0.00936329
-0.0159754
-0.0225989
-0.0291086
-0.0354947
-0.0416309
-0.0475066
-0.0530013
-0.0581046
-0.0627079
-0.0668018
-0.0702957
-0.0731812
-0.0753904
-0.0769169
-0.0777183
-0.07779
-0.077117
-0.0756968
-0.0735417
-0.0706512
-0.0670642
-0.0627816
-0.0578668
-0.0523222
-0.0462327
-0.0396019
-0.0325332
-0.0250313
-0.017214
-0.00908661
-0.000778159
0.0077056
0.0162299
0.0247883
0.0332449
0.0415936
0.0497017
0.057564
0.0650576
0.0721781
0.0788175
0.0849729
0.0905565
0.0955864
0.100154
0.104386
0.108995
0.114236
0.120621
0.128293
0.136995
0.146625
0.156603
0.166664
0.17608
0.184582
0.191525
0.196766
0.199849
0.200728
0.199051
0.194963
0.188236
0.1794
0.169266
0.158238
0.14834
0.139671
0.135255
0.167447
0.170461
0.176517
0.18115
0.184314
0.18503
0.183098
0.178992
0.172476
0.164473
0.154898
0.144447
0.133054
0.121385
0.109351
0.0976733
0.0863994
0.0759769
0.0664726
0.0580204
0.0505932
0.0440466
0.0382851
0.0327809
0.0275014
0.0219323
0.0161105
0.0100367
0.00371374
-0.00275185
-0.00935729
-0.0159801
-0.0226176
-0.0291378
-0.0355381
-0.0416841
-0.0475735
-0.053077
-0.0581926
-0.0628033
-0.0669075
-0.0704072
-0.0733005
-0.0755136
-0.077045
-0.0778483
-0.0779218
-0.0772485
-0.0758271
-0.0736696
-0.0707748
-0.0671835
-0.0628939
-0.0579728
-0.0524188
-0.0463212
-0.039679
-0.0326008
-0.0250859
-0.0172579
-0.00911622
-0.000796348
0.00770243
0.0162386
0.0248123
0.0332808
0.0416442
0.0497642
0.0576401
0.0651449
0.0722773
0.078927
0.0850921
0.0906849
0.0957027
0.100278
0.104333
0.108942
0.114096
0.120481
0.128184
0.136888
0.146604
0.156584
0.166775
0.176186
0.18482
0.191723
0.197022
0.200084
0.201001
0.199318
0.195122
0.188423
0.179183
0.16914
0.157752
0.147877
0.139171
0.134757
0.167333
0.17037
0.176424
0.181155
0.18432
0.185212
0.183285
0.179375
0.172866
0.165024
0.155461
0.145114
0.133734
0.122106
0.110085
0.0983886
0.0870929
0.076557
0.0670673
0.0584693
0.0510755
0.0444116
0.0387112
0.0331206
0.0278865
0.0222121
0.0163915
0.0102043
0.0038825
-0.00270206
-0.00930626
-0.0160496
-0.0226859
-0.0293238
-0.035723
-0.0419796
-0.0478679
-0.0534705
-0.0585852
-0.0632798
-0.0673832
-0.070948
-0.0738407
-0.0760976
-0.0776287
-0.0784525
-0.078526
-0.077849
-0.0764279
-0.0742425
-0.0713483
-0.0677057
-0.063417
-0.0584228
-0.0528699
-0.0466798
-0.0400388
-0.0328516
-0.0253381
-0.017388
-0.00924779
-0.000796416
0.00770077
0.0163737
0.0249458
0.0335522
0.041914
0.0501687
0.0580432
0.0656757
0.0728068
0.0795735
0.0857374
0.0914333
0.0964502
0.101111
0.105069
0.109729
0.114778
0.121248
0.128911
0.137691
0.147394
0.157355
0.167567
0.176821
0.185443
0.192128
0.197419
0.200223
0.201136
0.199182
0.194988
0.188045
0.178812
0.168606
0.157228
0.147301
0.138599
0.13419
0.16721
0.170271
0.176324
0.18116
0.184326
0.185408
0.183486
0.179787
0.173288
0.16562
0.156068
0.145833
0.134467
0.122884
0.110878
0.099161
0.0878787
0.0772703
0.0677916
0.0590915
0.0517049
0.0449314
0.0392342
0.0335353
0.0283023
0.0225143
0.0166948
0.0103852
0.00406473
-0.00264829
-0.00925115
-0.0161246
-0.0227596
-0.0295247
-0.0359225
-0.0422986
-0.0481857
-0.0538955
-0.0590091
-0.0637943
-0.0678968
-0.071532
-0.0744241
-0.0767282
-0.078259
-0.0791049
-0.0791784
-0.0784975
-0.0770767
-0.0748612
-0.0719676
-0.0682697
-0.0639818
-0.0589087
-0.0533569
-0.047067
-0.0404274
-0.0331225
-0.0256104
-0.0175284
-0.00938986
-0.00079649
0.00769897
0.0165196
0.0250899
0.0338452
0.0422053
0.0506056
0.0584785
0.0662489
0.0733785
0.0802715
0.0864342
0.0922415
0.0972574
0.102011
0.105968
0.110697
0.115741
0.122247
0.129899
0.138663
0.148352
0.158225
0.168421
0.177508
0.186117
0.192566
0.197848
0.200372
0.201282
0.199035
0.194844
0.187638
0.178412
0.16803
0.156661
0.14668
0.137982
0.133578
0.167077
0.170165
0.176216
0.181166
0.184332
0.18562
0.183703
0.180233
0.173744
0.166263
0.156724
0.146611
0.135259
0.123724
0.111734
0.099995
0.0887272
0.0780406
0.0685738
0.0597633
0.0523846
0.0454927
0.0397991
0.0339831
0.0287513
0.0228406
0.0170224
0.0105806
0.00426151
-0.00259023
-0.00919164
-0.0162057
-0.0228392
-0.0297416
-0.0361381
-0.0426431
-0.0485289
-0.0543544
-0.0594669
-0.0643498
-0.0684515
-0.0721626
-0.0750541
-0.0774091
-0.0789396
-0.0798094
-0.0798829
-0.0791977
-0.0777772
-0.0755293
-0.0726363
-0.0688786
-0.0645917
-0.0594335
-0.0538829
-0.0474851
-0.0408469
-0.0334149
-0.0259045
-0.01768
-0.00954328
-0.000796569
0.00769703
0.0166772
0.0252456
0.0341616
0.0425199
0.0510774
0.0589485
0.0668678
0.0739959
0.0810253
0.0871867
0.0931142
0.098129
0.102983
0.106939
0.111742
0.116781
0.123326
0.130966
0.139714
0.149386
0.159164
0.169344
0.178249
0.186844
0.193038
0.198311
0.200534
0.201439
0.198877
0.194687
0.187199
0.17798
0.167407
0.15605
0.146008
0.137316
0.132917
0.166934
0.17005
0.176099
0.181172
0.184339
0.185849
0.183938
0.180714
0.174235
0.166957
0.157433
0.14745
0.136115
0.124632
0.112658
0.100896
0.0896435
0.0788724
0.0694184
0.0604887
0.0531186
0.0460989
0.040409
0.0344667
0.0292362
0.023193
0.0173762
0.0107916
0.00447401
-0.00252753
-0.00912738
-0.0162932
-0.0229251
-0.0299759
-0.0363708
-0.0430152
-0.0488996
-0.05485
-0.0599612
-0.0649498
-0.0690504
-0.0728435
-0.0757343
-0.0781445
-0.0796745
-0.0805702
-0.0806436
-0.0799539
-0.0785337
-0.0762507
-0.0733584
-0.0695362
-0.0652502
-0.0600001
-0.0544509
-0.0479366
-0.0413
-0.0337307
-0.026222
-0.0178438
-0.00970894
-0.000796655
0.00769494
0.0168473
0.0254137
0.0345033
0.0428596
0.0515868
0.059456
0.0675362
0.0746626
0.0818393
0.0879992
0.0940566
0.0990702
0.104032
0.107987
0.11287
0.117904
0.124491
0.132118
0.140848
0.150503
0.160179
0.17034
0.179049
0.187629
0.193548
0.198811
0.200708
0.201609
0.198706
0.194519
0.186724
0.177514
0.166735
0.155389
0.145283
0.136597
0.132203
0.166778
0.169926
0.175973
0.181178
0.184346
0.186096
0.184192
0.181233
0.174766
0.167707
0.158198
0.148356
0.137038
0.125612
0.113656
0.101868
0.0906329
0.0797705
0.0703304
0.0612721
0.0539111
0.0467534
0.0410677
0.034989
0.0297597
0.0235735
0.0177582
0.0110195
0.00470346
-0.00245983
-0.009058
-0.0163877
-0.0230179
-0.0302288
-0.0366221
-0.0434169
-0.0492998
-0.0553851
-0.060495
-0.0655976
-0.0696972
-0.0735788
-0.0764689
-0.0789385
-0.0804682
-0.0813917
-0.0814651
-0.0807704
-0.0793506
-0.0770297
-0.0741381
-0.0702462
-0.0659614
-0.060612
-0.0550642
-0.0484242
-0.0417893
-0.0340717
-0.026565
-0.0180206
-0.00988783
-0.000796748
0.00769268
0.017031
0.0255952
0.0348722
0.0432264
0.0521368
0.0600041
0.0682579
0.0753825
0.0827183
0.0888766
0.0950742
0.100087
0.105165
0.109119
0.114089
0.119116
0.12575
0.133363
0.142073
0.151708
0.161274
0.171416
0.179914
0.188477
0.194099
0.19935
0.200896
0.201793
0.198521
0.194336
0.186211
0.17701
0.16601
0.154676
0.144501
0.13582
0.131432
0.166611
0.169792
0.175837
0.181185
0.184354
0.186363
0.184465
0.181794
0.17534
0.168516
0.159024
0.149335
0.138036
0.12667
0.114733
0.102918
0.0917013
0.0807404
0.0713153
0.0621181
0.054767
0.0474602
0.0417789
0.0355529
0.0303251
0.0239844
0.0181707
0.0112655
0.00495124
-0.00238673
-0.00898307
-0.0164897
-0.0231181
-0.0305019
-0.0368935
-0.0438507
-0.049732
-0.0559629
-0.0610715
-0.0662971
-0.0703956
-0.0743728
-0.0772621
-0.0797959
-0.0813252
-0.0822788
-0.0823522
-0.0816521
-0.0802327
-0.0778709
-0.0749801
-0.071013
-0.0667293
-0.0612727
-0.0557264
-0.0489507
-0.0423176
-0.0344399
-0.0269353
-0.0182115
-0.010081
-0.000796848
0.00769023
0.0172294
0.0257912
0.0352707
0.0436226
0.0527308
0.0605959
0.0690372
0.0761599
0.0836675
0.0898241
0.0961731
0.101184
0.106389
0.110342
0.115405
0.120426
0.127108
0.134706
0.143396
0.153011
0.162457
0.172578
0.180847
0.189392
0.194694
0.199933
0.201099
0.201991
0.198322
0.19414
0.185658
0.176466
0.165226
0.153906
0.143655
0.134981
0.1306
0.166638
0.169834
0.175453
0.180883
0.184238
0.186423
0.184838
0.182352
0.176148
0.169496
0.160219
0.150629
0.139501
0.128156
0.116263
0.10444
0.0931325
0.0821582
0.072582
0.0633409
0.0558502
0.0484519
0.0426961
0.0363463
0.0310765
0.0246294
0.0186937
0.0116738
0.00523703
-0.00222126
-0.00894306
-0.0165716
-0.0233241
-0.0308271
-0.0373371
-0.0444062
-0.0503959
-0.0567272
-0.06193
-0.0672404
-0.0714156
-0.0754586
-0.0784037
-0.0809817
-0.0825438
-0.0835181
-0.0835998
-0.0828961
-0.0814599
-0.0790701
-0.0761379
-0.072119
-0.0677706
-0.0622402
-0.0566076
-0.0497385
-0.0430002
-0.0350124
-0.0273872
-0.01854
-0.0102771
-0.000860026
0.00776718
0.0174446
0.02615
0.0357688
0.0442635
0.053508
0.061511
0.0700815
0.0773332
0.0849592
0.0912328
0.097686
0.102811
0.108103
0.112008
0.117152
0.122201
0.128863
0.136556
0.145126
0.15479
0.164067
0.174106
0.182193
0.190496
0.195583
0.200504
0.201396
0.201989
0.198023
0.193541
0.184762
0.175371
0.163864
0.152541
0.142169
0.134041
0.129664
0.166895
0.17009
0.175026
0.180449
0.184057
0.186239
0.185337
0.182865
0.177425
0.170807
0.162108
0.152563
0.141796
0.130502
0.118777
0.107006
0.0956583
0.0847287
0.0749066
0.0656967
0.0578283
0.0504461
0.0442189
0.037873
0.032161
0.025716
0.0194088
0.0123912
0.00558097
-0.00187493
-0.0089791
-0.0166052
-0.0237362
-0.0312367
-0.0381078
-0.0451746
-0.0514949
-0.0578241
-0.0633146
-0.0686233
-0.0730319
-0.0770735
-0.0801887
-0.0827659
-0.0844277
-0.0854017
-0.0855085
-0.084805
-0.0833175
-0.0809284
-0.0778698
-0.0738521
-0.0693056
-0.063777
-0.0578808
-0.0510139
-0.0439548
-0.0359695
-0.027976
-0.0191317
-0.0104645
-0.0010505
0.00800447
0.0176787
0.0268225
0.0364382
0.0453688
0.0546103
0.063034
0.0716017
0.0792473
0.0868708
0.0935009
0.0999521
0.105426
0.110716
0.115065
0.120204
0.125579
0.132215
0.139888
0.148414
0.157757
0.166981
0.176405
0.184445
0.191936
0.19699
0.200988
0.201868
0.201476
0.197521
0.192165
0.183421
0.173634
0.162167
0.150881
0.140532
0.132988
0.128613
0.167085
0.17028
0.174717
0.180134
0.184015
0.18619
0.185875
0.183419
0.178805
0.172222
0.164148
0.154651
0.144274
0.133035
0.121492
0.109777
0.0983858
0.0875044
0.0774169
0.0682405
0.0599643
0.0525996
0.0458632
0.0395217
0.0333321
0.0268893
0.020181
0.0131658
0.00595236
-0.00150094
-0.00901802
-0.0166415
-0.0241811
-0.031679
-0.03894
-0.0460044
-0.0526817
-0.0590087
-0.0648096
-0.0701165
-0.0747772
-0.0788174
-0.0821162
-0.0846925
-0.086462
-0.0874357
-0.0875695
-0.0868662
-0.0853234
-0.0829352
-0.0797399
-0.0757236
-0.0709632
-0.0654366
-0.0592557
-0.0523912
-0.0449855
-0.0370031
-0.0286119
-0.0197706
-0.0106669
-0.00125618
0.0082607
0.0179316
0.0275487
0.0371611
0.0465623
0.0558006
0.0646786
0.0732433
0.0813142
0.088935
0.0959501
0.102399
0.108248
0.113537
0.118366
0.123499
0.129227
0.135835
0.143485
0.151964
0.160962
0.170129
0.178888
0.186876
0.193492
0.198511
0.201512
0.202378
0.200921
0.196979
0.190679
0.181973
0.171782
0.160361
0.148829
0.138503
0.13173
0.127358
0.165876
0.169068
0.174664
0.180079
0.184846
0.187046
0.187559
0.185154
0.18107
0.174551
0.166886
0.157456
0.147243
0.13607
0.124411
0.112756
0.101061
0.090226
0.0797584
0.0706124
0.0619571
0.0546083
0.0475649
0.0412278
0.0347288
0.0282885
0.0211425
0.01413
0.00642424
-0.00102626
-0.00905394
-0.0166745
-0.0247247
-0.0322198
-0.0399722
-0.0470339
-0.054164
-0.0604887
-0.0666857
-0.0719906
-0.0769743
-0.081013
-0.0845486
-0.0871239
-0.089034
-0.0900073
-0.0901796
-0.0894766
-0.0878682
-0.0854809
-0.082118
-0.0781033
-0.0730786
-0.067554
-0.0610209
-0.054159
-0.0463243
-0.0383448
-0.0294614
-0.0206235
-0.01098
-0.00157282
0.00851477
0.018182
0.0283829
0.0379916
0.0479716
0.0572064
0.0666405
0.0752019
0.0837893
0.0914073
0.0988844
0.105331
0.111535
0.116822
0.121786
0.126913
0.132743
0.139324
0.14708
0.155512
0.164475
0.17358
0.182073
0.189994
0.19603
0.200989
0.2031
0.203924
0.20142
0.197457
0.190099
0.181403
0.169934
0.158555
0.146127
0.135837
0.128432
0.124066
0.164577
0.167771
0.174438
0.17989
0.185707
0.18787
0.189386
0.187038
0.183587
0.177137
0.169883
0.160528
0.150467
0.139366
0.127562
0.115971
0.103907
0.0931212
0.0822101
0.0730969
0.0640356
0.0567041
0.0493885
0.0430564
0.0362442
0.0298064
0.0221877
0.015178
0.00693759
-0.00050988
-0.00909239
-0.0167099
-0.0253152
-0.0328072
-0.041094
-0.0481528
-0.0557756
-0.0620976
-0.0687256
-0.0740283
-0.0793636
-0.0834007
-0.087194
-0.0897683
-0.0918315
-0.0928044
-0.0930188
-0.0923161
-0.0906367
-0.0882503
-0.0847054
-0.0806922
-0.0753804
-0.0698581
-0.0629421
-0.056083
-0.047782
-0.0398058
-0.0303876
-0.0215533
-0.0113232
-0.00191981
0.00878789
0.0184512
0.0292863
0.0388912
0.0494999
0.058731
0.0687689
0.0773269
0.0864751
0.09409
0.102069
0.108512
0.115098
0.120382
0.125453
0.130573
0.136442
0.142995
0.150902
0.159283
0.168277
0.177314
0.185563
0.19341
0.198823
0.203717
0.204893
0.205669
0.202059
0.198072
0.189482
0.180794
0.167914
0.156584
0.14328
0.132962
0.124887
0.120523
0.163588
0.16687
0.173531
0.179417
0.185225
0.188225
0.189865
0.188377
0.185102
0.179401
0.172246
0.163428
0.153448
0.142636
0.13089
0.119334
0.107277
0.0963089
0.0853685
0.0759319
0.0668238
0.0591198
0.0517752
0.0450498
0.038218
0.0313167
0.0236643
0.0161552
0.00787654
-9.39218e-05
-0.00871606
-0.0168624
-0.0255074
-0.0335157
-0.0418406
-0.0493842
-0.0570421
-0.0637996
-0.0704584
-0.0761307
-0.0814912
-0.0858184
-0.0896301
-0.0924041
-0.0944784
-0.0955533
-0.0957709
-0.095069
-0.0933848
-0.090898
-0.0873403
-0.083129
-0.077797
-0.0719854
-0.0650425
-0.0578123
-0.0494786
-0.0410613
-0.0316054
-0.0222738
-0.0120022
-0.0020604
0.00869114
0.0189179
0.0297979
0.0399744
0.0506277
0.060422
0.0705028
0.0795995
0.0887876
0.0969017
0.104916
0.111806
0.118419
0.124079
0.129179
0.134537
0.140399
0.14702
0.154922
0.16313
0.172079
0.180638
0.188782
0.195854
0.20112
0.205025
0.206073
0.205752
0.202017
0.196944
0.188176
0.178544
0.165602
0.153598
0.140354
0.129869
0.121815
0.117498
0.162519
0.165898
0.172551
0.178905
0.184705
0.188609
0.190263
0.189819
0.186586
0.181791
0.174696
0.166523
0.156614
0.146145
0.134473
0.122953
0.110964
0.0997632
0.0888767
0.0790305
0.0699564
0.0617678
0.0544372
0.0472062
0.0403777
0.0329367
0.025288
0.0171974
0.00892267
0.000343379
-0.00827468
-0.0170368
-0.0256776
-0.0342869
-0.0426078
-0.0507158
-0.0583701
-0.0656344
-0.0722901
-0.0783928
-0.0837507
-0.0884156
-0.0922255
-0.095232
-0.0973053
-0.0984991
-0.0987166
-0.0980155
-0.0963321
-0.0937284
-0.0901724
-0.0857302
-0.0804008
-0.0742524
-0.0673127
-0.0596506
-0.0513208
-0.0423901
-0.0329386
-0.023028
-0.0127613
-0.0021926
0.00855384
0.0194366
0.0303114
0.0411535
0.0518018
0.0622518
0.0723278
0.0820518
0.0912355
0.0999309
0.107941
0.115352
0.121961
0.12806
0.133157
0.13882
0.144662
0.151381
0.159237
0.167241
0.176126
0.184114
0.192192
0.198336
0.203548
0.206263
0.207279
0.205634
0.201897
0.195498
0.186763
0.175986
0.163106
0.150374
0.137195
0.126529
0.118497
0.114231
0.161364
0.164848
0.171492
0.178352
0.184144
0.189023
0.190693
0.191376
0.188188
0.184371
0.177342
0.169866
0.160033
0.149934
0.138343
0.12686
0.114946
0.103493
0.092665
0.0823764
0.0733392
0.0646271
0.0573118
0.0495347
0.0427098
0.034686
0.0270412
0.0183228
0.0100523
0.000815594
-0.00779805
-0.017225
-0.0258615
-0.0351196
-0.0434363
-0.0521538
-0.0598041
-0.0676158
-0.074268
-0.0808354
-0.0861906
-0.0912201
-0.0950281
-0.0982857
-0.100358
-0.10168
-0.101897
-0.101197
-0.0995147
-0.0967847
-0.0932305
-0.0885392
-0.0832125
-0.0767003
-0.0697642
-0.0616356
-0.0533101
-0.0438249
-0.0343783
-0.0238425
-0.0135811
-0.00233537
0.00840558
0.0199966
0.0308659
0.0424268
0.0530695
0.0642277
0.0742986
0.0846998
0.0938788
0.103202
0.111208
0.11918
0.125786
0.132357
0.137452
0.143445
0.149265
0.15609
0.163896
0.17168
0.180496
0.187869
0.195873
0.201016
0.20617
0.207599
0.208583
0.205505
0.201768
0.193937
0.185236
0.173224
0.160411
0.146893
0.133783
0.122923
0.114914
0.110704
0.160574
0.164087
0.169879
0.176857
0.182918
0.188165
0.190592
0.191748
0.189491
0.186105
0.179858
0.17271
0.163484
0.153588
0.142429
0.131011
0.119293
0.107778
0.0968786
0.0864294
0.077117
0.0681801
0.0604307
0.0524063
0.0451159
0.0368675
0.0288
0.0198397
0.0111488
0.0016588
-0.0073832
-0.0170663
-0.026125
-0.0356331
-0.0443519
-0.053304
-0.0613228
-0.0693453
-0.0763198
-0.0830663
-0.088687
-0.0938571
-0.0978651
-0.101219
-0.10342
-0.104792
-0.105061
-0.104362
-0.102655
-0.0998767
-0.0962223
-0.0914355
-0.0859365
-0.0792847
-0.0721099
-0.0638021
-0.055179
-0.0454809
-0.0356871
-0.024911
-0.0142629
-0.00275705
0.00839858
0.0202619
0.0315624
0.0433996
0.0544782
0.0659088
0.0764086
0.0870704
0.0966605
0.106225
0.114615
0.122803
0.12979
0.136543
0.1421
0.148239
0.154289
0.161143
0.168732
0.176384
0.184599
0.191675
0.198763
0.203461
0.20757
0.208454
0.208417
0.204754
0.200062
0.191665
0.182195
0.169729
0.156718
0.143001
0.13012
0.119297
0.111767
0.107582
0.15908
0.162589
0.168119
0.175072
0.181889
0.187108
0.190706
0.191866
0.191001
0.187657
0.182673
0.175592
0.167287
0.157474
0.146862
0.135535
0.123986
0.112554
0.101438
0.0910496
0.0812118
0.0723083
0.0637906
0.0557753
0.047717
0.0394736
0.0306837
0.0217288
0.0122935
0.00280916
-0.00699472
-0.016672
-0.0264845
-0.0359869
-0.0454256
-0.0543724
-0.0630521
-0.0710698
-0.0786234
-0.0853658
-0.0914639
-0.0966309
-0.100998
-0.104351
-0.106781
-0.108152
-0.108515
-0.107816
-0.106065
-0.103288
-0.0994524
-0.0946684
-0.088859
-0.0822111
-0.0746071
-0.0663043
-0.0571469
-0.0474546
-0.0370381
-0.0262685
-0.014928
-0.00342897
0.00846855
0.0203248
0.0323955
0.0442256
0.0560814
0.0675051
0.0787676
0.0894231
0.0997413
0.1093
0.118364
0.126547
0.134168
0.140918
0.14712
0.153249
0.159677
0.166489
0.173784
0.18137
0.188704
0.195707
0.201447
0.206088
0.208574
0.209434
0.207637
0.203989
0.197577
0.189237
0.178404
0.166036
0.152222
0.138612
0.125269
0.114505
0.107689
0.10351
0.155578
0.159089
0.166078
0.173084
0.181467
0.186699
0.192186
0.193358
0.193925
0.190665
0.186724
0.179743
0.172093
0.162383
0.151946
0.140723
0.1289
0.117554
0.10591
0.0955815
0.0851537
0.076283
0.0673318
0.0593261
0.05075
0.0425104
0.0329271
0.0239764
0.0136433
0.00416343
-0.00656912
-0.0162418
-0.0269811
-0.036479
-0.0468087
-0.0557512
-0.0652533
-0.0732671
-0.0815436
-0.0882829
-0.0949777
-0.100142
-0.104959
-0.10831
-0.111027
-0.112397
-0.112876
-0.112178
-0.110368
-0.107593
-0.103529
-0.098748
-0.0925503
-0.0859061
-0.0777672
-0.0694688
-0.0596478
-0.0499607
-0.0387727
-0.0280087
-0.0158125
-0.00431946
0.0084926
0.0203427
0.0333598
0.0451839
0.0579902
0.0694081
0.081598
0.0922481
0.103444
0.112998
0.122865
0.131045
0.139308
0.146055
0.152506
0.158624
0.165093
0.171863
0.179161
0.186676
0.193637
0.200552
0.205381
0.209938
0.210969
0.21178
0.208231
0.204561
0.196308
0.18799
0.17521
0.162945
0.147092
0.133547
0.119171
0.108419
0.101049
0.0968852
0.152528
0.156125
0.163094
0.170697
0.179033
0.185581
0.191044
0.193878
0.194511
0.192809
0.188944
0.183252
0.175697
0.166901
0.156574
0.145821
0.13409
0.12277
0.111179
0.100514
0.0901005
0.0806734
0.0717237
0.0630449
0.054469
0.0454409
0.0358643
0.0260626
0.0157368
0.00536856
-0.0053565
-0.015926
-0.0266578
-0.0370311
-0.0473536
-0.0571209
-0.0666163
-0.0753767
-0.0836475
-0.0910308
-0.0977209
-0.103407
-0.10822
-0.111954
-0.114669
-0.116272
-0.116751
-0.116131
-0.114322
-0.111472
-0.107412
-0.102405
-0.0962114
-0.0892009
-0.0810677
-0.0722751
-0.0624609
-0.0521674
-0.0409872
-0.0295235
-0.0173357
-0.00507027
0.00773286
0.0204061
0.0334141
0.0460887
0.0588861
0.0711587
0.0833401
0.094826
0.106014
0.116363
0.126224
0.135136
0.143394
0.150772
0.157271
0.163758
0.170221
0.176913
0.184166
0.191021
0.197902
0.203577
0.208298
0.211183
0.212134
0.211059
0.207494
0.201951
0.193721
0.183709
0.170982
0.15736
0.141648
0.127363
0.113113
0.102322
0.0949901
0.0909782
0.149234
0.152924
0.159865
0.168119
0.176404
0.184373
0.189811
0.19444
0.195092
0.195118
0.191311
0.187041
0.179572
0.171779
0.161556
0.151318
0.139691
0.128394
0.11689
0.105842
0.0954879
0.0854224
0.0764984
0.0670543
0.0584851
0.0486054
0.039036
0.0283155
0.0179974
0.0066699
-0.00404708
-0.015585
-0.0263086
-0.0376272
-0.047942
-0.0585998
-0.0680881
-0.0776547
-0.0859192
-0.093998
-0.100683
-0.106932
-0.111741
-0.115888
-0.118601
-0.120457
-0.120935
-0.120401
-0.118593
-0.115661
-0.111604
-0.106353
-0.100165
-0.0927588
-0.0846317
-0.0753054
-0.0654986
-0.0545503
-0.0433786
-0.0311592
-0.0189807
-0.00588101
0.00691247
0.0204744
0.0334726
0.0470658
0.0598535
0.0730491
0.0852213
0.0976098
0.108789
0.119997
0.12985
0.139554
0.147806
0.155866
0.16236
0.169264
0.1757
0.182316
0.189512
0.195643
0.202453
0.206767
0.211426
0.21247
0.213393
0.210248
0.206697
0.199085
0.19092
0.179029
0.166416
0.15133
0.135769
0.120686
0.106571
0.0957513
0.0884471
0.0845997
0.146554
0.150251
0.156025
0.164282
0.172767
0.180926
0.187423
0.192379
0.194735
0.195118
0.192989
0.189048
0.183033
0.175511
0.166469
0.156417
0.145566
0.134352
0.123086
0.112016
0.101392
0.0912103
0.0815416
0.0719268
0.0624859
0.0524495
0.0421326
0.0312431
0.0201902
0.00868627
-0.00277744
-0.0144934
-0.0259533
-0.0374457
-0.0484647
-0.0592862
-0.0694267
-0.0791416
-0.0879885
-0.0961953
-0.103378
-0.10973
-0.114939
-0.119162
-0.122168
-0.124071
-0.124729
-0.124211
-0.122468
-0.119522
-0.115413
-0.110119
-0.103767
-0.0962902
-0.087894
-0.0784714
-0.0682991
-0.0572325
-0.0456103
-0.0332542
-0.0205533
-0.00730243
0.00607042
0.0197938
0.0334131
0.0471733
0.0606083
0.0739721
0.0868015
0.0993548
0.111186
0.122551
0.133034
0.142885
0.151777
0.159962
0.167215
0.174207
0.180892
0.187468
0.19395
0.199889
0.205237
0.209237
0.21199
0.21265
0.211606
0.208069
0.202716
0.194753
0.185055
0.172893
0.159306
0.144075
0.128665
0.113627
0.100156
0.0894481
0.0827161
0.0789041
0.140173
0.143859
0.150879
0.159107
0.16966
0.177715
0.186722
0.191668
0.196216
0.196646
0.196459
0.192605
0.188109
0.180701
0.172584
0.162657
0.152104
0.141004
0.129521
0.118536
0.107356
0.0972234
0.086935
0.0773355
0.0671547
0.0571271
0.0457805
0.0349005
0.0227011
0.0112073
-0.00143897
-0.0131446
-0.0257842
-0.0372665
-0.0494231
-0.0602351
-0.0714339
-0.0811402
-0.0909319
-0.0991315
-0.107116
-0.113463
-0.119309
-0.123528
-0.126988
-0.128889
-0.129809
-0.129292
-0.127614
-0.124671
-0.120434
-0.115146
-0.108482
-0.101011
-0.092132
-0.0827177
-0.0719077
-0.0608509
-0.048457
-0.0361118
-0.0225289
-0.00928963
0.00505035
0.0187617
0.0334057
0.0471538
0.0616426
0.0749947
0.0888783
0.101421
0.114277
0.125632
0.137086
0.146927
0.156666
0.164844
0.172592
0.179571
0.186342
0.192875
0.198892
0.204765
0.208915
0.212849
0.21372
0.214342
0.210971
0.207442
0.199652
0.191753
0.179759
0.16772
0.15203
0.136986
0.119458
0.10462
0.0899872
0.0793557
0.0729991
0.069201
0.134
0.137712
0.14471
0.15355
0.164024
0.173663
0.182762
0.189792
0.194521
0.197149
0.197109
0.19528
0.190944
0.185203
0.177257
0.168496
0.15807
0.147538
0.136116
0.125117
0.11394
0.103348
0.0930383
0.082711
0.0724848
0.0615586
0.0501636
0.0383099
0.0260552
0.0135468
0.000843291
-0.0118875
-0.0245843
-0.037072
-0.0492839
-0.0610531
-0.0723033
-0.0828923
-0.0927302
-0.101715
-0.109739
-0.116754
-0.122632
-0.127388
-0.130871
-0.133167
-0.134101
-0.13383
-0.132157
-0.129309
-0.125069
-0.119725
-0.113049
-0.10538
-0.0964798
-0.0867314
-0.0758937
-0.0643792
-0.0519513
-0.0390392
-0.0254169
-0.0115185
0.00286507
0.0173097
0.0320003
0.0465359
0.061073
0.0752461
0.0891784
0.102554
0.115459
0.127638
0.139137
0.149773
0.15955
0.168432
0.176282
0.183609
0.190392
0.196566
0.202523
0.207183
0.211207
0.213225
0.213925
0.212252
0.208728
0.202876
0.195015
0.185011
0.173005
0.15925
0.14357
0.127363
0.109969
0.0946383
0.0802089
0.0698319
0.0635124
0.0600072
0.127827
0.131551
0.138072
0.147258
0.157628
0.168381
0.177763
0.186427
0.191871
0.196251
0.197032
0.196827
0.193317
0.188926
0.181767
0.17396
0.164177
0.154117
0.14308
0.132078
0.120994
0.110019
0.0995012
0.0885647
0.0779989
0.0663785
0.0546969
0.0420912
0.0295601
0.0162679
0.00328446
-0.0102381
-0.0232119
-0.0364763
-0.0489565
-0.061465
-0.0729697
-0.0842406
-0.094315
-0.103906
-0.112146
-0.119678
-0.125745
-0.130917
-0.134563
-0.137165
-0.138231
-0.138151
-0.13658
-0.133806
-0.129634
-0.12425
-0.117608
-0.109787
-0.100887
-0.090882
-0.0800109
-0.0681445
-0.055651
-0.0423028
-0.0285845
-0.0141785
0.000328721
0.0153381
0.0301773
0.0453197
0.0600268
0.0748329
0.0889529
0.102971
0.116077
0.128893
0.140603
0.151852
0.161852
0.171278
0.179417
0.187033
0.193807
0.199707
0.205197
0.208898
0.212143
0.212648
0.212458
0.208974
0.204652
0.196974
0.188502
0.176859
0.16446
0.149387
0.133642
0.116585
0.0996815
0.0841285
0.0703148
0.0602202
0.0539706
0.0506836
0.118982
0.122692
0.129301
0.138371
0.15035
0.160922
0.172778
0.181311
0.189532
0.193856
0.197463
0.197269
0.196324
0.191998
0.186902
0.179196
0.170788
0.160842
0.150394
0.13949
0.128269
0.117355
0.106182
0.0952664
0.0837944
0.0721869
0.0594412
0.0468495
0.03318
0.0199027
0.0057499
-0.00775762
-0.0218993
-0.0351489
-0.0487648
-0.0612594
-0.0738397
-0.085098
-0.096163
-0.105744
-0.114867
-0.122391
-0.12922
-0.134386
-0.138657
-0.141255
-0.1428
-0.14272
-0.141474
-0.138703
-0.134701
-0.129323
-0.122695
-0.114883
-0.105847
-0.0958532
-0.0847022
-0.0728491
-0.0599423
-0.046609
-0.032357
-0.017967
-0.0028209
0.0121718
0.0277376
0.0428633
0.0583657
0.0731553
0.0881187
0.102122
0.116098
0.128898
0.141482
0.152719
0.163571
0.172986
0.18178
0.189385
0.196146
0.202024
0.206387
0.210072
0.21119
0.211711
0.208781
0.205371
0.198178
0.19064
0.179534
0.168097
0.153519
0.138717
0.121384
0.104651
0.0866892
0.0714533
0.0573095
0.0473809
0.0422726
0.0390021
0.10873
0.112352
0.119069
0.128569
0.140597
0.152591
0.1648
0.175469
0.184097
0.190906
0.194884
0.197213
0.196641
0.194642
0.189898
0.184097
0.17594
0.167266
0.156931
0.146568
0.135341
0.124312
0.11308
0.101616
0.0900233
0.077652
0.0647544
0.0513283
0.0374851
0.0233404
0.00900772
-0.00537885
-0.0197011
-0.033822
-0.0476141
-0.060955
-0.0737023
-0.0857671
-0.0969859
-0.107321
-0.116582
-0.124796
-0.131743
-0.137528
-0.141894
-0.145032
-0.146649
-0.147021
-0.145823
-0.143413
-0.139434
-0.13432
-0.127692
-0.120043
-0.110983
-0.101052
-0.0898559
-0.0779648
-0.0649923
-0.0515227
-0.0371869
-0.0225665
-0.00732077
0.0079903
0.0236686
0.0391926
0.0548173
0.0700753
0.0851677
0.0996974
0.113805
0.127178
0.139894
0.151733
0.162708
0.172689
0.181668
0.189474
0.196271
0.201521
0.205752
0.207867
0.20871
0.20702
0.20372
0.197903
0.190362
0.180611
0.169279
0.156047
0.141346
0.125298
0.107897
0.0905692
0.072673
0.0574626
0.0436716
0.0343151
0.0292378
0.0263866
0.0988737
0.102441
0.108362
0.117925
0.129621
0.142204
0.154576
0.166313
0.176178
0.184292
0.189969
0.193661
0.194928
0.194218
0.191306
0.186583
0.180057
0.172119
0.162952
0.152916
0.142233
0.131148
0.119748
0.107968
0.0958791
0.0830957
0.0698083
0.0559323
0.0417275
0.0271151
0.0124184
-0.00244222
-0.0171281
-0.0317189
-0.0458735
-0.0596711
-0.0727806
-0.0852811
-0.0968634
-0.107606
-0.117233
-0.125823
-0.133139
-0.139261
-0.143999
-0.147431
-0.149419
-0.15004
-0.149208
-0.146997
-0.143372
-0.138405
-0.132111
-0.124558
-0.115805
-0.105915
-0.0949907
-0.0830863
-0.070344
-0.0568081
-0.0426539
-0.0279161
-0.012798
0.0026783
0.0182878
0.0340208
0.0496389
0.0651447
0.0802946
0.0951046
0.109335
0.123014
0.135914
0.148077
0.159276
0.169561
0.178759
0.186681
0.193202
0.198129
0.201359
0.202651
0.202012
0.199168
0.194323
0.187266
0.178416
0.167559
0.155263
0.141189
0.125998
0.109442
0.0922981
0.0748457
0.0582458
0.0433089
0.0305885
0.0216793
0.0167454
0.0141183
0.0838115
0.0872614
0.0934202
0.102936
0.11591
0.128803
0.143448
0.155867
0.167932
0.177036
0.184902
0.189767
0.193181
0.193708
0.192718
0.189163
0.184068
0.177073
0.168698
0.159255
0.148758
0.137889
0.126316
0.114473
0.101979
0.0890176
0.0751343
0.061059
0.0461813
0.0313633
0.0159697
0.000898675
-0.0144927
-0.0292985
-0.0441535
-0.0581719
-0.0719653
-0.0846944
-0.0969345
-0.107916
-0.118167
-0.127007
-0.134906
-0.14129
-0.146565
-0.150271
-0.152744
-0.153649
-0.153243
-0.151323
-0.148062
-0.143387
-0.13739
-0.130124
-0.121597
-0.111983
-0.101208
-0.0895628
-0.0768918
-0.0635898
-0.0494278
-0.0348924
-0.0196876
-0.00437595
0.0113966
0.0270079
0.0428609
0.0582919
0.0737421
0.0885268
0.103114
0.116818
0.130121
0.142358
0.154014
0.164396
0.174106
0.182005
0.188522
0.193088
0.195445
0.196023
0.193818
0.190095
0.183298
0.175425
0.164682
0.153225
0.139418
0.125033
0.10873
0.0921869
0.0741715
0.0570591
0.0396195
0.0252096
0.0126461
0.00429247
0.000569848
-0.00180128
0.0693411
0.07258
0.0784941
0.0879493
0.100296
0.114025
0.12826
0.142392
0.154726
0.166106
0.174634
0.182064
0.186364
0.189512
0.189545
0.188392
0.184341
0.179222
0.17173
0.163425
0.1535
0.143003
0.131594
0.119582
0.107017
0.0936684
0.079771
0.0652627
0.0503906
0.0351253
0.0197408
0.00421217
-0.0111733
-0.026446
-0.0413063
-0.0558026
-0.0696211
-0.0828424
-0.0951359
-0.106628
-0.116968
-0.126339
-0.134368
-0.141306
-0.146755
-0.151036
-0.153729
-0.155225
-0.155083
-0.153763
-0.150804
-0.146729
-0.141067
-0.134388
-0.126219
-0.117166
-0.106765
-0.0956403
-0.083347
-0.0705118
-0.0567205
-0.0425846
-0.0277326
-0.0127411
0.0027073
0.0180878
0.0336556
0.0489529
0.0641653
0.0789179
0.0933221
0.107097
0.120277
0.132685
0.144252
0.15485
0.164476
0.172326
0.178573
0.18239
0.184282
0.183342
0.180586
0.174916
0.167683
0.157873
0.146909
0.133879
0.120088
0.104669
0.0886824
0.0717222
0.0544515
0.037565
0.0213797
0.00774195
-0.00377337
-0.0111692
-0.0151071
-0.0170026
0.0508061
0.0538862
0.0591633
0.0683498
0.0813758
0.094986
0.110952
0.125235
0.139759
0.151613
0.162715
0.170882
0.178021
0.182083
0.184998
0.184832
0.183328
0.179123
0.17348
0.165866
0.156926
0.14682
0.135637
0.123774
0.111041
0.0977644
0.0836275
0.0691877
0.0540558
0.0388636
0.0232091
0.00775112
-0.00791991
-0.0231333
-0.0383034
-0.0527612
-0.0669246
-0.0801381
-0.092823
-0.104347
-0.115135
-0.124586
-0.133129
-0.1402
-0.146232
-0.150702
-0.154047
-0.155789
-0.156363
-0.155344
-0.153155
-0.149431
-0.144578
-0.138291
-0.130954
-0.122327
-0.112758
-0.10208
-0.0905987
-0.0782193
-0.0651961
-0.0515116
-0.0373612
-0.0228035
-0.0079695
0.00700787
0.0220666
0.0370032
0.0518269
0.0662716
0.0804176
0.0939453
0.107004
0.119232
0.130844
0.141318
0.15116
0.158872
0.16483
0.168368
0.169019
0.167667
0.163051
0.156982
0.147736
0.137686
0.125041
0.112005
0.0971282
0.0819657
0.0655055
0.0490694
0.0318512
0.0157135
-7.81961e-05
-0.0129379
-0.0235602
-0.0303393
-0.0326162
-0.0342744
0.0320914
0.0348294
0.0399643
0.0486983
0.0606827
0.0745121
0.089517
0.104854
0.119315
0.132924
0.144592
0.15503
0.163128
0.16978
0.173918
0.176384
0.176251
0.174363
0.170036
0.164116
0.156207
0.147043
0.136456
0.124964
0.11253
0.0994012
0.0855927
0.0712914
0.0565167
0.0414729
0.0261873
0.0108707
-0.00444018
-0.01954
-0.0343809
-0.0487761
-0.0626637
-0.0758889
-0.0883727
-0.100005
-0.110685
-0.120359
-0.128902
-0.136325
-0.142475
-0.147434
-0.15102
-0.153388
-0.154327
-0.154064
-0.152359
-0.14951
-0.145249
-0.139938
-0.133287
-0.125712
-0.116906
-0.107329
-0.0966643
-0.0854042
-0.0732293
-0.0606501
-0.0473546
-0.0338555
-0.0198574
-0.00586063
0.00840599
0.0224689
0.0365677
0.0502705
0.0637798
0.0767174
0.0892453
0.101049
0.112186
0.122373
0.131668
0.138988
0.144365
0.147082
0.147261
0.144634
0.139654
0.13216
0.122805
0.111545
0.0990647
0.0852954
0.0708504
0.0555462
0.0398889
0.0239274
0.00803296
-0.00707563
-0.0210329
-0.0325525
-0.0417972
-0.0473654
-0.0500763
-0.0512074
0.00899976
0.0113664
0.0154656
0.0235193
0.035636
0.049029
0.0649869
0.0803602
0.0960052
0.110243
0.123457
0.135063
0.145111
0.153365
0.159743
0.164075
0.166147
0.16613
0.163602
0.159264
0.152534
0.144481
0.134454
0.12369
0.111537
0.0990398
0.0855456
0.0719036
0.0574652
0.0431089
0.0281627
0.0135317
-0.00145869
-0.0159075
-0.0304713
-0.0442837
-0.0579632
-0.070707
-0.0830763
-0.0943583
-0.10504
-0.114521
-0.1232
-0.130608
-0.137041
-0.142176
-0.146199
-0.14894
-0.15047
-0.150777
-0.14981
-0.147719
-0.144331
-0.139951
-0.134287
-0.127793
-0.120064
-0.11169
-0.102164
-0.0921953
-0.081188
-0.0699522
-0.057819
-0.0456762
-0.0328009
-0.0201338
-0.00691779
0.00588066
0.0190309
0.0315701
0.0442582
0.0561646
0.0680191
0.0789508
0.0896398
0.0991214
0.108326
0.115052
0.120166
0.122245
0.121581
0.11829
0.112223
0.104224
0.0938665
0.0824409
0.0693786
0.0558711
0.0414062
0.0268107
0.0116134
-0.00321277
-0.0183436
-0.0320022
-0.0451511
-0.0552369
-0.0633984
-0.0678688
-0.0687104
-0.0694143
-0.0147137
-0.0126248
-0.00958661
-0.00219726
0.00880813
0.0215878
0.0367374
0.0518884
0.0676292
0.0821084
0.0963599
0.108641
0.120523
0.129807
0.138638
0.144227
0.149109
0.150386
0.150629
0.147424
0.143028
0.135818
0.127501
0.117329
0.106521
0.0945113
0.0824059
0.0692731
0.0563022
0.0424768
0.0290291
0.0149278
0.00140687
-0.0125386
-0.0257242
-0.0390856
-0.0515395
-0.0639098
-0.0752639
-0.0862731
-0.096201
-0.10553
-0.113759
-0.12115
-0.127468
-0.132734
-0.136997
-0.140021
-0.142154
-0.142895
-0.14289
-0.141377
-0.139292
-0.135622
-0.131574
-0.125905
-0.120064
-0.112609
-0.105193
-0.0962115
-0.0874768
-0.0772684
-0.0675059
-0.0564007
-0.0459256
-0.0342761
-0.0234204
-0.0115901
-0.000692802
0.0109549
0.0215605
0.0326763
0.0426744
0.0529368
0.062014
0.0709535
0.0787169
0.0849694
0.0888454
0.0905129
0.08887
0.0852394
0.0784956
0.0703275
0.0597797
0.0484546
0.03577
0.0226896
0.00918643
-0.00464271
-0.0182606
-0.0319998
-0.0449679
-0.0573141
-0.068036
-0.0768222
-0.0830832
-0.086649
-0.086634
-0.0870255
-0.0401415
-0.0387704
-0.0358071
-0.0298597
-0.0201152
-0.00859558
0.00537529
0.019896
0.0349205
0.0496878
0.0636608
0.0771859
0.0891981
0.100603
0.109951
0.118336
0.124051
0.128431
0.129678
0.129441
0.126049
0.121342
0.1139
0.105808
0.095764
0.0857625
0.0745197
0.0635084
0.0514362
0.0398133
0.0272828
0.015388
0.0027707
-0.00904475
-0.0213732
-0.0327615
-0.0444367
-0.0550677
-0.0657512
-0.075325
-0.0847169
-0.0929752
-0.100825
-0.107559
-0.113671
-0.118729
-0.122972
-0.126258
-0.128562
-0.130041
-0.130399
-0.130092
-0.128553
-0.126533
-0.123204
-0.119591
-0.114624
-0.109577
-0.103166
-0.096881
-0.089256
-0.0819579
-0.0733783
-0.065315
-0.0560627
-0.0475
-0.0378721
-0.0290859
-0.0193867
-0.0106549
-0.00118436
0.00722345
0.0161803
0.0240139
0.0321577
0.039016
0.0459907
0.0505588
0.0539052
0.0542518
0.0524071
0.0478783
0.0412883
0.0327782
0.0227449
0.0117502
-0.000109386
-0.0121594
-0.0245953
-0.0367298
-0.0490546
-0.0605261
-0.0719833
-0.0817305
-0.0908367
-0.097221
-0.102146
-0.10401
-0.104078
-0.103829
-0.0668852
-0.0660866
-0.0647838
-0.0602039
-0.0517781
-0.04187
-0.0289383
-0.0158604
-0.00148492
0.012388
0.0263562
0.0396705
0.0524208
0.0643199
0.0751382
0.0846747
0.0924058
0.0984511
0.101928
0.103627
0.102356
0.0996155
0.0939635
0.0878134
0.0794671
0.0715232
0.0621796
0.053354
0.0433043
0.033948
0.023479
0.0138623
0.00327777
-0.00631915
-0.0167121
-0.0260112
-0.0359147
-0.0446519
-0.0537893
-0.0617249
-0.0698517
-0.0767794
-0.0836911
-0.0894458
-0.0949851
-0.0994467
-0.103507
-0.106603
-0.109128
-0.110834
-0.111819
-0.112155
-0.111642
-0.110666
-0.108738
-0.106547
-0.103322
-0.10004
-0.0956686
-0.0914448
-0.0861017
-0.0811052
-0.0749866
-0.0694027
-0.0627214
-0.0567469
-0.0497277
-0.0435664
-0.0364401
-0.0302967
-0.0232924
-0.0173654
-0.0107015
-0.00517419
0.000951215
0.00576134
0.0111314
0.0141139
0.0163206
0.0157177
0.0131264
0.00834864
0.00153308
-0.00655222
-0.0162247
-0.0262089
-0.0371091
-0.0476802
-0.0586271
-0.0689066
-0.0793226
-0.0886623
-0.0979551
-0.105507
-0.112524
-0.117063
-0.120295
-0.120993
-0.119511
-0.118876
-0.0922206
-0.0918538
-0.0919542
-0.0885392
-0.0823645
-0.0740089
-0.0634559
-0.0519075
-0.0393817
-0.0266946
-0.013739
-0.00112716
0.0115419
0.0232661
0.0349622
0.0448556
0.0543705
0.0612615
0.0672221
0.070147
0.0717414
0.0704618
0.0677708
0.0632336
0.0579456
0.0517386
0.0457171
0.0387424
0.0321912
0.0247559
0.0178607
0.010179
0.00313859
-0.00456618
-0.0115489
-0.0190544
-0.0257817
-0.0328767
-0.0391649
-0.0456577
-0.051345
-0.0570717
-0.0620245
-0.0668548
-0.0709727
-0.0748136
-0.0780318
-0.0808299
-0.0831195
-0.0848595
-0.0862258
-0.0869282
-0.0874063
-0.0871232
-0.0867737
-0.0855834
-0.0844867
-0.0824882
-0.0807399
-0.0780491
-0.0757557
-0.0725007
-0.0697768
-0.0660954
-0.0630614
-0.0590983
-0.0558786
-0.0517816
-0.0485016
-0.0444184
-0.0412005
-0.0372726
-0.0342315
-0.0305878
-0.0278238
-0.0247102
-0.022347
-0.0206952
-0.0206082
-0.02192
-0.0254749
-0.0302793
-0.0369802
-0.044494
-0.0531296
-0.0620833
-0.071261
-0.0804783
-0.0892151
-0.0979075
-0.10572
-0.113321
-0.119756
-0.125581
-0.129866
-0.132989
-0.134233
-0.1341
-0.131869
-0.130985
-0.113994
-0.114171
-0.114838
-0.112834
-0.108564
-0.102099
-0.0940058
-0.0843547
-0.0740618
-0.0628933
-0.051633
-0.039972
-0.0283842
-0.0169584
-0.0056977
0.00458888
0.0144106
0.022367
0.0294558
0.0340181
0.0375033
0.0382783
0.038145
0.0359374
0.0335344
0.0298304
0.0268125
0.0225111
0.0191007
0.0144412
0.0107667
0.00588588
0.00205912
-0.00289803
-0.00676035
-0.0116482
-0.0154313
-0.0201109
-0.0237083
-0.0280542
-0.0313736
-0.0352799
-0.0382476
-0.0416327
-0.0441975
-0.047007
-0.0491412
-0.0513485
-0.0530481
-0.0546535
-0.0559359
-0.0569638
-0.0578635
-0.0583576
-0.0589223
-0.0589412
-0.0592262
-0.0588379
-0.058902
-0.0581801
-0.058082
-0.0571028
-0.0568989
-0.0557389
-0.0554821
-0.0542173
-0.0539563
-0.0526605
-0.0524393
-0.0511824
-0.0510387
-0.0498841
-0.049847
-0.0488479
-0.048959
-0.0482563
-0.0486121
-0.0489167
-0.050748
-0.0532115
-0.0574059
-0.0624445
-0.0687229
-0.0756804
-0.083136
-0.0909408
-0.0985152
-0.106183
-0.113087
-0.119963
-0.125766
-0.131395
-0.135747
-0.139633
-0.142048
-0.143601
-0.143661
-0.142626
-0.140515
-0.139366
-0.131413
-0.132276
-0.133418
-0.133165
-0.130126
-0.126043
-0.119332
-0.112242
-0.103304
-0.094379
-0.0842921
-0.0742779
-0.0636024
-0.0530623
-0.0423772
-0.0320846
-0.0224197
-0.0134792
-0.00609507
0.000408352
0.00460872
0.00813872
0.00902382
0.0101637
0.00904326
0.0091157
0.00758137
0.00733961
0.00550757
0.00507812
0.00302494
0.00243493
0.00023037
-0.000486311
-0.00276766
-0.00357428
-0.0058582
-0.00671943
-0.00893739
-0.00982332
-0.0119173
-0.012807
-0.0147333
-0.0156175
-0.0173496
-0.0182318
-0.0197614
-0.0206578
-0.0219939
-0.0229315
-0.0240985
-0.025112
-0.0261455
-0.0272732
-0.0282155
-0.0294945
-0.0303898
-0.031852
-0.0327422
-0.0344101
-0.0353316
-0.0372168
-0.0381982
-0.0403001
-0.0413622
-0.0436677
-0.0448233
-0.0473082
-0.0485621
-0.0511918
-0.0525407
-0.0552708
-0.0567027
-0.059479
-0.0609795
-0.0637907
-0.0654
-0.0685785
-0.0712147
-0.075452
-0.0799356
-0.0854924
-0.0915628
-0.0979844
-0.104847
-0.111375
-0.118121
-0.124059
-0.130024
-0.134902
-0.139708
-0.143213
-0.146553
-0.148414
-0.149923
-0.149919
-0.149305
-0.147453
-0.145142
-0.143781
-0.144537
-0.145662
-0.148302
-0.148824
-0.14759
-0.144696
-0.1402
-0.134521
-0.127807
-0.120276
-0.112091
-0.103313
-0.0940316
-0.0844861
-0.0745379
-0.0649077
-0.0551718
-0.0464425
-0.0380861
-0.031249
-0.0251973
-0.0207827
-0.0173357
-0.0148568
-0.0128994
-0.0112083
-0.00932913
-0.00781755
-0.00601814
-0.00461097
-0.00292218
-0.00163704
-8.28717e-05
0.00106835
0.00246884
0.00347748
0.00470767
0.00556538
0.00660829
0.00730413
0.00813984
0.00865791
0.0092616
0.0095794
0.00992036
0.0100084
0.0100501
0.00987261
0.00957451
0.00909155
0.00841139
0.0075823
0.00648017
0.00526732
0.0037099
0.00208321
4.80671e-05
-0.00201102
-0.00453159
-0.00702698
-0.0100235
-0.0129423
-0.0163864
-0.0196986
-0.0235437
-0.0272025
-0.031385
-0.0353282
-0.0397691
-0.0439215
-0.0485289
-0.0528034
-0.0574749
-0.0617747
-0.0663988
-0.0706526
-0.0751326
-0.0794873
-0.0842313
-0.0891585
-0.0946627
-0.100368
-0.106462
-0.112599
-0.118737
-0.124712
-0.130278
-0.135527
-0.140067
-0.144194
-0.147441
-0.150189
-0.151951
-0.153139
-0.15327
-0.152801
-0.151314
-0.149275
-0.146395
-0.145006
-0.154997
-0.156447
-0.158615
-0.160058
-0.160028
-0.158528
-0.155798
-0.151722
-0.146826
-0.140839
-0.134308
-0.126859
-0.119004
-0.110469
-0.101675
-0.0926173
-0.0835961
-0.0748694
-0.0665318
-0.0590319
-0.052127
-0.0463833
-0.0411218
-0.0367961
-0.032526
-0.0287066
-0.0244416
-0.0206248
-0.0163192
-0.0124974
-0.00820743
-0.0044572
-0.000268934
0.00333775
0.0073422
0.010737
0.0144789
0.017596
0.0209988
0.0237738
0.0267627
0.0291311
0.0316324
0.03353
0.0354718
0.0368348
0.0381481
0.038915
0.0395358
0.0396499
0.0395226
0.0389351
0.0380158
0.0366901
0.0349506
0.0328658
0.0302974
0.0274522
0.0240685
0.0204839
0.0163232
0.0120438
0.00716968
0.00226431
-0.00323515
-0.00867514
-0.0146891
-0.020552
-0.0269497
-0.0331063
-0.039741
-0.0460485
-0.0527611
-0.0590664
-0.0656932
-0.0718463
-0.0782537
-0.0842272
-0.0904519
-0.0964308
-0.102627
-0.108709
-0.114803
-0.120757
-0.12644
-0.131858
-0.13675
-0.14124
-0.145021
-0.148294
-0.150746
-0.152617
-0.15362
-0.154
-0.153547
-0.15249
-0.150731
-0.148438
-0.146334
-0.144912
-0.161511
-0.16328
-0.166856
-0.169198
-0.170035
-0.169911
-0.168169
-0.165752
-0.161935
-0.157621
-0.152124
-0.146189
-0.139219
-0.131918
-0.123747
-0.115509
-0.106745
-0.0982424
-0.0897445
-0.081716
-0.0742371
-0.0671683
-0.0610528
-0.0547494
-0.0493065
-0.0430883
-0.0373786
-0.0309443
-0.0250662
-0.0184868
-0.012567
-0.00598211
-0.000144941
0.00630782
0.0119417
0.018128
0.0234417
0.029231
0.0341118
0.0393782
0.0437175
0.0483403
0.0520342
0.0558998
0.0588505
0.061854
0.0639717
0.06602
0.0672256
0.0682405
0.0684688
0.0683905
0.0675941
0.066385
0.0645376
0.0621855
0.0592858
0.055807
0.0518813
0.0473225
0.0424264
0.0368656
0.0310847
0.0246307
0.0180793
0.0108697
0.00368857
-0.00411373
-0.0117608
-0.0199715
-0.0279026
-0.0363213
-0.0443413
-0.0527573
-0.0606635
-0.0688498
-0.0764477
-0.0841657
-0.091275
-0.0984494
-0.105157
-0.111792
-0.118046
-0.124023
-0.129584
-0.134682
-0.139275
-0.14326
-0.146656
-0.149333
-0.151357
-0.152609
-0.153165
-0.153002
-0.152138
-0.150745
-0.148723
-0.146384
-0.14359
-0.142215
-0.166638
-0.168529
-0.171835
-0.174576
-0.176435
-0.176979
-0.176729
-0.175123
-0.172924
-0.169442
-0.165494
-0.160345
-0.154766
-0.148155
-0.141144
-0.133428
-0.125422
-0.117178
-0.108787
-0.100665
-0.0924509
-0.0849013
-0.0771357
-0.0700348
-0.0623916
-0.0552283
-0.0471504
-0.0396844
-0.0312869
-0.0236205
-0.015069
-0.00736657
0.00115579
0.00873075
0.0170424
0.0243295
0.0322525
0.0390957
0.0464576
0.0527067
0.059343
0.0648552
0.070611
0.0752531
0.079987
0.083638
0.0872249
0.0897792
0.0921142
0.0934852
0.0944872
0.0946108
0.0942262
0.0930644
0.0912706
0.0888148
0.0856225
0.0818958
0.0773513
0.0724107
0.0665966
0.0605332
0.0535682
0.0465064
0.0385434
0.0306391
0.0218619
0.0132982
0.00391743
-0.00509973
-0.0148529
-0.0241005
-0.0339808
-0.0432255
-0.0529754
-0.06196
-0.0713165
-0.0797493
-0.0882917
-0.0959865
-0.103565
-0.110467
-0.11705
-0.123075
-0.128583
-0.133583
-0.137915
-0.141725
-0.144763
-0.147237
-0.148866
-0.149917
-0.150109
-0.149773
-0.148678
-0.147182
-0.145134
-0.142783
-0.140624
-0.13927
-0.168838
-0.170924
-0.175138
-0.178462
-0.18083
-0.182329
-0.182703
-0.182299
-0.180787
-0.178569
-0.175297
-0.171348
-0.166389
-0.160823
-0.154317
-0.147381
-0.139685
-0.131797
-0.123451
-0.115104
-0.106637
-0.0982062
-0.0899403
-0.0814111
-0.0730437
-0.06411
-0.0551694
-0.045759
-0.0364214
-0.0266948
-0.0171625
-0.00732806
0.00219434
0.0119269
0.0212354
0.0306583
0.0395526
0.0484622
0.0567482
0.0649484
0.0724406
0.0797456
0.0862706
0.0925089
0.097909
0.102927
0.107064
0.110731
0.113489
0.115701
0.116993
0.117675
0.117446
0.116559
0.114786
0.112328
0.109024
0.10503
0.100251
0.0947959
0.0886331
0.0818315
0.074416
0.0664203
0.0579193
0.0489164
0.0395302
0.0297375
0.0196945
0.00935373
-0.00109605
-0.011725
-0.022317
-0.0329643
-0.0434274
-0.053792
-0.0638593
-0.0735317
-0.082655
-0.0912842
-0.0992423
-0.106701
-0.113486
-0.119743
-0.125313
-0.130327
-0.13464
-0.138347
-0.14133
-0.143642
-0.145194
-0.146067
-0.14616
-0.145688
-0.144489
-0.142971
-0.140884
-0.138674
-0.136166
-0.134921
-0.170953
-0.173129
-0.176248
-0.179871
-0.182711
-0.184722
-0.185877
-0.186113
-0.185508
-0.183966
-0.181612
-0.178319
-0.174243
-0.169269
-0.163575
-0.157103
-0.150042
-0.142399
-0.134338
-0.125928
-0.11724
-0.108399
-0.0993106
-0.0900839
-0.0805461
-0.0707657
-0.0605916
-0.050251
-0.0396008
-0.0288886
-0.0179754
-0.00712075
0.00382249
0.0145878
0.025327
0.0357723
0.0460762
0.0559751
0.0656187
0.0747531
0.0835213
0.0916849
0.0993771
0.10638
0.112814
0.118488
0.123507
0.127707
0.131181
0.133796
0.135628
0.13658
0.136711
0.135958
0.134367
0.13191
0.128619
0.124499
0.119571
0.113872
0.107413
0.100261
0.0924193
0.0839792
0.0749395
0.0654136
0.0553955
0.0450174
0.0342694
0.0232982
0.0120904
0.000803337
-0.0105798
-0.0218954
-0.0331486
-0.0441708
-0.0549746
-0.0652606
-0.0750546
-0.0841831
-0.0926737
-0.100466
-0.107583
-0.114021
-0.119767
-0.124852
-0.12924
-0.132956
-0.135962
-0.138259
-0.13983
-0.140686
-0.140848
-0.140373
-0.139342
-0.137857
-0.135976
-0.133843
-0.132204
-0.131013
-0.169978
-0.172199
-0.176758
-0.180548
-0.183924
-0.186263
-0.188111
-0.188799
-0.188957
-0.187922
-0.186326
-0.183546
-0.180171
-0.175683
-0.170569
-0.164511
-0.157814
-0.150443
-0.142433
-0.134073
-0.125065
-0.116006
-0.10627
-0.096592
-0.0861356
-0.0757713
-0.0645138
-0.0535275
-0.0416971
-0.0302969
-0.0181449
-0.00657259
0.00564284
0.0171415
0.02916
0.0403395
0.0519027
0.0625217
0.0733775
0.0832026
0.0931096
0.10192
0.110653
0.118246
0.125602
0.131796
0.137599
0.142243
0.14635
0.149325
0.151629
0.152852
0.153291
0.152722
0.151275
0.148914
0.145608
0.141502
0.136409
0.130648
0.123885
0.116601
0.108331
0.0996996
0.0901239
0.0803548
0.0697116
0.0590475
0.0476047
0.0363137
0.0243614
0.0127293
0.000571965
-0.0111057
-0.0231588
-0.034553
-0.0461951
-0.056845
-0.0673715
-0.0768291
-0.0858258
-0.0938846
-0.10132
-0.107959
-0.113878
-0.119118
-0.123599
-0.127442
-0.130506
-0.132916
-0.13451
-0.13548
-0.135622
-0.135277
-0.134196
-0.132863
-0.131023
-0.12906
-0.126962
-0.125853
-0.169412
-0.171716
-0.175941
-0.180061
-0.183471
-0.186426
-0.188348
-0.189839
-0.190107
-0.189943
-0.188475
-0.186563
-0.183331
-0.179646
-0.174692
-0.169286
-0.162749
-0.155753
-0.147868
-0.139484
-0.130534
-0.120992
-0.111217
-0.100679
-0.0901161
-0.078677
-0.0673181
-0.0551441
-0.0432046
-0.0305389
-0.0182706
-0.00537867
0.00695861
0.0198053
0.031949
0.0444779
0.0561673
0.068109
0.0790896
0.0901831
0.100211
0.110209
0.119057
0.127732
0.135195
0.142345
0.148245
0.153702
0.157894
0.161526
0.163905
0.165624
0.166125
0.165889
0.164491
0.162304
0.159036
0.154952
0.149886
0.144006
0.137261
0.129731
0.121471
0.112481
0.102908
0.0926849
0.0820385
0.0708413
0.0593896
0.0475031
0.0355365
0.0232628
0.0110858
-0.00126469
-0.0133396
-0.0254243
-0.0370871
-0.0484173
-0.0590006
-0.069038
-0.0781438
-0.0866255
-0.0942021
-0.101107
-0.107186
-0.112576
-0.117223
-0.121153
-0.124383
-0.126855
-0.128621
-0.129652
-0.129977
-0.129712
-0.128821
-0.127617
-0.125927
-0.124176
-0.122296
-0.121327
-0.167949
-0.170248
-0.174313
-0.17841
-0.182134
-0.18506
-0.187541
-0.189013
-0.189972
-0.189804
-0.18908
-0.187177
-0.184689
-0.181027
-0.176763
-0.171391
-0.165401
-0.158446
-0.150845
-0.142501
-0.133465
-0.123953
-0.113695
-0.103173
-0.0918782
-0.0804522
-0.0682597
-0.0560997
-0.0432596
-0.0306085
-0.0173852
-0.00450817
0.00882264
0.0216545
0.0348127
0.0473271
0.060033
0.0719609
0.0839402
0.0950209
0.10601
0.115996
0.125749
0.134414
0.142707
0.149849
0.156491
0.161942
0.166776
0.170405
0.173318
0.175036
0.175962
0.175726
0.174645
0.172461
0.169404
0.165325
0.160373
0.1545
0.147781
0.14026
0.131948
0.122968
0.113274
0.103063
0.0922364
0.0810521
0.0693695
0.0574968
0.0452552
0.0329957
0.020505
0.00816881
-0.00425079
-0.0163215
-0.0283408
-0.0396694
-0.050638
-0.0607289
-0.0702052
-0.0787919
-0.086667
-0.0937141
-0.100018
-0.105569
-0.110388
-0.114482
-0.117858
-0.120494
-0.122411
-0.123608
-0.124116
-0.124014
-0.123354
-0.122287
-0.120868
-0.119186
-0.117705
-0.116742
-0.165357
-0.167648
-0.172265
-0.1764
-0.180263
-0.183347
-0.186026
-0.187756
-0.188936
-0.189086
-0.188588
-0.187033
-0.184771
-0.181462
-0.177411
-0.172369
-0.166544
-0.159846
-0.152321
-0.144102
-0.135026
-0.125472
-0.115057
-0.10435
-0.092817
-0.0811316
-0.0686751
-0.0562235
-0.0430958
-0.0301294
-0.0166016
-0.00338896
0.010258
0.0234418
0.0369223
0.0498
0.0628285
0.0751254
0.0874212
0.0988702
0.110164
0.120511
0.130549
0.139562
0.148117
0.155587
0.162461
0.168216
0.17325
0.177154
0.180232
0.182197
0.18325
0.183231
0.182241
0.180245
0.177245
0.173327
0.168399
0.162663
0.155938
0.148534
0.140188
0.131307
0.121557
0.111428
0.100524
0.0894061
0.0776291
0.0658058
0.0534556
0.0412266
0.0286156
0.0162883
0.00373207
-0.00835862
-0.0205472
-0.0319397
-0.0431005
-0.0532964
-0.0629499
-0.0716668
-0.0797081
-0.086893
-0.0933505
-0.0990419
-0.104009
-0.108249
-0.111771
-0.114565
-0.116623
-0.117994
-0.118626
-0.118718
-0.118156
-0.117295
-0.115977
-0.11451
-0.112902
-0.112046
-0.163171
-0.165453
-0.169932
-0.174157
-0.177972
-0.181322
-0.183942
-0.186064
-0.187194
-0.187804
-0.187264
-0.186204
-0.183912
-0.181106
-0.17704
-0.172459
-0.166636
-0.160285
-0.152776
-0.144718
-0.135663
-0.126047
-0.115644
-0.104692
-0.0931599
-0.0811355
-0.0686923
-0.0558598
-0.0427457
-0.0293676
-0.0158532
-0.00220242
0.0114318
0.0250747
0.0385436
0.051895
0.0649135
0.0776911
0.089979
0.101907
0.113195
0.124013
0.134048
0.143512
0.152066
0.159963
0.16684
0.172989
0.178029
0.182292
0.185379
0.187662
0.188728
0.188989
0.188015
0.186261
0.18328
0.17957
0.174664
0.169105
0.162405
0.155151
0.146833
0.138077
0.128358
0.118332
0.107461
0.0964245
0.0846815
0.0729173
0.0606014
0.0484069
0.0358293
0.0235086
0.0109847
-0.00113649
-0.0132934
-0.0247704
-0.0359379
-0.0462534
-0.0559691
-0.0648185
-0.0729678
-0.0802769
-0.0868733
-0.0926799
-0.0977997
-0.102157
-0.105837
-0.108762
-0.110981
-0.112504
-0.113302
-0.113567
-0.113163
-0.112497
-0.111297
-0.110061
-0.108537
-0.107817
-0.161264
-0.163541
-0.16695
-0.171134
-0.174925
-0.178202
-0.180919
-0.182959
-0.184303
-0.184836
-0.184592
-0.183463
-0.181521
-0.178655
-0.174966
-0.170334
-0.164881
-0.158492
-0.1513
-0.143223
-0.134388
-0.124769
-0.114474
-0.10353
-0.0920304
-0.080017
-0.0675817
-0.054761
-0.0416477
-0.0282819
-0.0147574
-0.00111918
0.0125402
0.0261706
0.0396831
0.0530221
0.0661051
0.0788709
0.0912456
0.103163
0.114561
0.125368
0.135536
0.144992
0.153702
0.161592
0.168646
0.17479
0.180029
0.184288
0.187596
0.189877
0.191186
0.191446
0.190738
0.188985
0.186292
0.182586
0.177992
0.172438
0.166074
0.158826
0.150865
0.142117
0.132772
0.122755
0.11227
0.101244
0.0898892
0.0781359
0.0662012
0.0540179
0.0418021
0.0294927
0.0173073
0.00519733
-0.00662812
-0.0181034
-0.0290367
-0.0393966
-0.0490333
-0.0579744
-0.0661389
-0.0735762
-0.0802439
-0.0861973
-0.0914134
-0.0959225
-0.0997207
-0.102799
-0.105184
-0.106862
-0.107896
-0.108311
-0.108216
-0.107674
-0.10677
-0.105595
-0.104672
-0.103957
-0.157653
-0.159913
-0.164345
-0.168472
-0.172371
-0.175581
-0.178507
-0.180492
-0.182077
-0.182572
-0.182591
-0.18144
-0.179782
-0.176907
-0.173516
-0.16889
-0.163713
-0.157346
-0.150357
-0.142314
-0.133572
-0.123992
-0.11367
-0.102768
-0.0911851
-0.0792178
-0.0666986
-0.0539266
-0.0407201
-0.0274042
-0.0137748
-0.000185977
0.0135918
0.027175
0.0408202
0.0541159
0.0673462
0.080074
0.0926097
0.104496
0.116067
0.12685
0.137201
0.146641
0.15554
0.163424
0.17067
0.176818
0.18225
0.186523
0.190023
0.192329
0.193829
0.194125
0.193606
0.191899
0.189397
0.185745
0.181343
0.175855
0.169684
0.162511
0.154747
0.146082
0.136935
0.127007
0.11672
0.105788
0.0946271
0.0829695
0.0712191
0.0591311
0.047084
0.0348666
0.0228175
0.0107923
-0.000967372
-0.0123801
-0.0233195
-0.0336656
-0.043327
-0.0523037
-0.060514
-0.0680264
-0.0747571
-0.080811
-0.0861156
-0.0907395
-0.0946536
-0.0978569
-0.100371
-0.102185
-0.103343
-0.1039
-0.103906
-0.103494
-0.102726
-0.101641
-0.100506
-0.0998178
-0.154802
-0.156995
-0.161408
-0.165454
-0.169292
-0.172506
-0.175351
-0.177413
-0.178915
-0.179548
-0.17949
-0.17853
-0.176801
-0.174166
-0.170709
-0.166358
-0.161125
-0.155043
-0.148014
-0.140236
-0.131474
-0.122121
-0.111799
-0.101094
-0.0895199
-0.0777495
-0.0652402
-0.0526755
-0.0394795
-0.0263758
-0.0127571
0.000623162
0.0143901
0.0277764
0.0414108
0.054529
0.0677488
0.0803252
0.092851
0.104618
0.116179
0.126879
0.137222
0.146619
0.155511
0.163393
0.170634
0.176824
0.182252
0.186614
0.190112
0.192553
0.194051
0.19453
0.194011
0.192535
0.190034
0.186659
0.182261
0.177094
0.170928
0.164118
0.15636
0.148095
0.138956
0.129457
0.119178
0.108695
0.0975429
0.086343
0.0746019
0.0629673
0.0509297
0.0391481
0.0271085
0.0154824
0.00373175
-0.00735285
-0.0183054
-0.0284115
-0.0381246
-0.0469527
-0.0552502
-0.0626878
-0.0695296
-0.0755683
-0.0809944
-0.0856548
-0.0896927
-0.0929811
-0.0956217
-0.0975653
-0.0988508
-0.0995729
-0.0996964
-0.0994679
-0.0987835
-0.0978991
-0.096787
-0.096209
-0.152164
-0.154295
-0.158669
-0.162652
-0.166425
-0.169658
-0.172419
-0.174561
-0.17598
-0.176748
-0.176609
-0.175836
-0.174031
-0.171628
-0.168104
-0.164013
-0.158728
-0.15291
-0.145844
-0.138311
-0.129532
-0.120389
-0.110066
-0.0995436
-0.0879778
-0.0763898
-0.0638896
-0.051517
-0.0383306
-0.0254233
-0.0118146
0.00137248
0.0151293
0.0283333
0.0419578
0.0549116
0.0681217
0.0805578
0.0930744
0.10473
0.116283
0.126906
0.137241
0.146598
0.155483
0.163364
0.1706
0.176831
0.182255
0.186699
0.190194
0.19276
0.194258
0.194905
0.194387
0.193123
0.190624
0.187506
0.18311
0.178241
0.172081
0.165607
0.157855
0.14996
0.140827
0.131726
0.121454
0.111387
0.100243
0.089467
0.0777345
0.0665199
0.0544911
0.043113
0.0310823
0.0198256
0.00808343
-0.00269733
-0.013662
-0.0235458
-0.0333068
-0.0419974
-0.0503755
-0.057744
-0.0646887
-0.0707125
-0.0762519
-0.0809443
-0.0850986
-0.0884638
-0.0912231
-0.0932845
-0.0946905
-0.0955618
-0.095798
-0.0957341
-0.095131
-0.0944273
-0.0933435
-0.0928677
-0.150182
-0.152309
-0.155557
-0.159497
-0.163106
-0.166262
-0.168894
-0.170952
-0.172317
-0.173003
-0.172886
-0.172035
-0.17032
-0.167844
-0.164472
-0.160316
-0.155241
-0.149373
-0.142581
-0.135016
-0.126569
-0.117415
-0.107474
-0.0969574
-0.0857954
-0.0742157
-0.0621436
-0.0497799
-0.0370435
-0.0241455
-0.0109993
0.00217837
0.0154728
0.0286674
0.0418423
0.0547869
0.0675723
0.0799996
0.0921279
0.103775
0.114987
0.125603
0.135652
0.145003
0.153667
0.161543
0.168629
0.174856
0.180206
0.184647
0.188148
0.190713
0.192298
0.192946
0.192597
0.191335
0.189086
0.185971
0.181903
0.177038
0.171277
0.164809
0.157521
0.149632
0.141018
0.131924
0.122215
0.112155
0.101602
0.0908338
0.0797046
0.0684987
0.0570697
0.0457003
0.0342538
0.0230058
0.0118348
0.00105857
-0.00941806
-0.0193266
-0.028746
-0.0374953
-0.0456577
-0.0531126
-0.0599424
-0.0660684
-0.0715629
-0.0763633
-0.0805306
-0.084006
-0.086845
-0.0890197
-0.0905802
-0.091563
-0.0920198
-0.09205
-0.091661
-0.0910038
-0.0903896
-0.0899176
-0.147151
-0.149274
-0.152849
-0.156752
-0.160282
-0.163369
-0.165975
-0.167954
-0.169334
-0.169942
-0.169884
-0.168959
-0.167354
-0.164807
-0.161595
-0.157374
-0.152504
-0.146582
-0.140028
-0.132429
-0.124238
-0.115071
-0.1054
-0.0948872
-0.0840238
-0.0724513
-0.0607076
-0.0483516
-0.0359641
-0.0230742
-0.0102855
0.00288385
0.0158226
0.0290089
0.0418406
0.054777
0.0672418
0.0796614
0.0915008
0.103141
0.114103
0.124713
0.134559
0.143904
0.152417
0.160288
0.167279
0.173501
0.178815
0.183253
0.186779
0.189342
0.191013
0.19166
0.19146
0.190199
0.18816
0.185047
0.181248
0.176386
0.170951
0.164487
0.157574
0.149691
0.141496
0.132407
0.12315
0.113096
0.103018
0.0922568
0.081612
0.0704132
0.0594649
0.0481027
0.0371173
0.0258763
0.0151218
0.004348
-0.0057908
-0.0157219
-0.0248905
-0.0336908
-0.0416847
-0.0492146
-0.0559459
-0.0621608
-0.0676167
-0.072511
-0.0766925
-0.0802641
-0.0831646
-0.0854379
-0.0870982
-0.0881781
-0.0887545
-0.0888671
-0.0886165
-0.0880003
-0.087387
-0.0869188
-0.144165
-0.146255
-0.150279
-0.1541
-0.157594
-0.160588
-0.163188
-0.16508
-0.166467
-0.167004
-0.166974
-0.166
-0.16445
-0.161878
-0.158752
-0.154535
-0.149777
-0.143893
-0.137468
-0.129942
-0.121891
-0.112832
-0.103301
-0.0929267
-0.0822202
-0.0708079
-0.0592469
-0.0470637
-0.034871
-0.0221618
-0.0095728
0.00341258
0.0161531
0.0291569
0.041798
0.0545582
0.0668457
0.0790998
0.0907805
0.10227
0.113097
0.123574
0.133312
0.142546
0.150979
0.158765
0.165707
0.171871
0.177169
0.181577
0.18512
0.187683
0.189405
0.190081
0.189968
0.188765
0.186846
0.18382
0.180175
0.175427
0.170176
0.163851
0.157151
0.149428
0.141469
0.132559
0.123557
0.113695
0.103885
0.0933239
0.0829526
0.0719571
0.0612801
0.050119
0.0393922
0.0283438
0.0178186
0.00721369
-0.00275166
-0.0125546
-0.0216009
-0.0303204
-0.038242
-0.0457354
-0.0524371
-0.0586516
-0.0641151
-0.0690376
-0.0732589
-0.0768837
-0.079849
-0.0821977
-0.0839375
-0.0851083
-0.0857638
-0.0859672
-0.0858025
-0.0852594
-0.0845709
-0.0841308
-0.141705
-0.143719
-0.147727
-0.151417
-0.154856
-0.157748
-0.160273
-0.162096
-0.163403
-0.163914
-0.163806
-0.162857
-0.161231
-0.158741
-0.155543
-0.151468
-0.146646
-0.140965
-0.134492
-0.127227
-0.119148
-0.110403
-0.100867
-0.0908508
-0.0801499
-0.0691381
-0.0575833
-0.045832
-0.0336459
-0.0213885
-0.00880624
0.00371927
0.0164529
0.0290008
0.041635
0.053955
0.0662359
0.0780769
0.0897513
0.100866
0.111686
0.121836
0.131568
0.14053
0.148958
0.156533
0.163471
0.169492
0.174786
0.179122
0.182663
0.185227
0.186949
0.1877
0.187587
0.186533
0.184616
0.181811
0.178168
0.173709
0.16846
0.162485
0.155789
0.14847
0.140516
0.132055
0.123058
0.113678
0.103873
0.0938157
0.08345
0.0729659
0.0622947
0.0516393
0.0409183
0.0303538
0.0198342
0.00966516
-0.000305465
-0.00974263
-0.0188163
-0.027254
-0.0352257
-0.0425177
-0.0492865
-0.0553715
-0.060911
-0.0657677
-0.0700686
-0.0736851
-0.0767332
-0.0791248
-0.0809494
-0.0822029
-0.0829375
-0.0832446
-0.0831365
-0.0827112
-0.0820378
-0.0816634
-0.139427
-0.14137
-0.145363
-0.148932
-0.15232
-0.155118
-0.157574
-0.159333
-0.160565
-0.161053
-0.160871
-0.159946
-0.15825
-0.155836
-0.15257
-0.148628
-0.143747
-0.138254
-0.131736
-0.124713
-0.116609
-0.108154
-0.0986125
-0.0889283
-0.0782327
-0.0675918
-0.0560428
-0.0446914
-0.0325114
-0.0206723
-0.00809637
0.00400328
0.0167305
0.0288561
0.041484
0.0533964
0.0656711
0.0771297
0.0887982
0.099565
0.11038
0.120226
0.129953
0.138662
0.147086
0.154466
0.1614
0.167288
0.17258
0.176849
0.180388
0.182953
0.184674
0.185495
0.185382
0.184467
0.18255
0.17995
0.176309
0.172117
0.166871
0.16122
0.154528
0.147583
0.139633
0.131588
0.122595
0.113662
0.103862
0.0942711
0.0839106
0.0739001
0.0632342
0.0530472
0.0423315
0.0322151
0.0217007
0.0119354
0.00195986
-0.0071386
-0.0162376
-0.0244144
-0.0324323
-0.0395378
-0.0463689
-0.0523339
-0.0579439
-0.0627395
-0.0671141
-0.0707231
-0.0738477
-0.076279
-0.0781822
-0.0795123
-0.0803202
-0.0807233
-0.0806675
-0.0803515
-0.0796919
-0.0793784
-0.137344
-0.139226
-0.143141
-0.146611
-0.149936
-0.152662
-0.155034
-0.156748
-0.157894
-0.158371
-0.158107
-0.157212
-0.15544
-0.153103
-0.14977
-0.145952
-0.141017
-0.135695
-0.129144
-0.122336
-0.114226
-0.106026
-0.0965022
-0.0871059
-0.0764433
-0.0661217
-0.0546124
-0.0436056
-0.0314676
-0.0199888
-0.00745639
0.00427646
0.0169598
0.0287217
0.0413062
0.0528674
0.0651004
0.0762295
0.0878588
0.0983262
0.109106
0.118689
0.128385
0.136877
0.145275
0.152486
0.1594
0.165173
0.170451
0.174662
0.178193
0.180759
0.18248
0.183362
0.183254
0.182458
0.180555
0.17813
0.174508
0.170547
0.165326
0.159954
0.153292
0.14667
0.138754
0.131067
0.122113
0.113565
0.103805
0.0946154
0.0842973
0.0746946
0.0640714
0.0542877
0.0436142
0.0338837
0.0234118
0.0139952
0.0040477
-0.00476034
-0.0138543
-0.0218103
-0.0298462
-0.0367965
-0.0436648
-0.0495322
-0.0551921
-0.05994
-0.0643729
-0.067979
-0.07117
-0.0736384
-0.0756146
-0.077013
-0.0778932
-0.0783808
-0.0783799
-0.0781575
-0.0775313
-0.0772701
-0.135715
-0.137594
-0.140818
-0.144257
-0.147425
-0.150089
-0.152317
-0.153956
-0.155002
-0.155403
-0.155092
-0.154123
-0.152359
-0.14995
-0.146684
-0.142798
-0.137997
-0.132619
-0.12628
-0.119434
-0.111618
-0.103401
-0.094251
-0.0848557
-0.0746166
-0.0642995
-0.0532437
-0.0422416
-0.030584
-0.0191101
-0.00707501
0.0046528
0.0168338
0.0285906
0.0406798
0.0522361
0.0639925
0.0751168
0.0863
0.0967629
0.107138
0.116717
0.126059
0.134547
0.142651
0.14986
0.156547
0.162317
0.167441
0.17165
0.175104
0.177669
0.179391
0.180272
0.180244
0.179449
0.177702
0.175278
0.171886
0.167926
0.163001
0.157632
0.151326
0.144707
0.137199
0.129515
0.121009
0.112464
0.103182
0.093996
0.0841717
0.0745732
0.0644483
0.0546687
0.0444863
0.0347599
0.0247646
0.0153502
0.00583899
-0.00297968
-0.0117153
-0.0196996
-0.0274613
-0.0344567
-0.0411296
-0.0470533
-0.0525843
-0.057394
-0.0617563
-0.0654277
-0.0686055
-0.0711424
-0.0731625
-0.0746292
-0.0756005
-0.0761459
-0.0762487
-0.0760548
-0.0756628
-0.0754039
-0.134159
-0.136035
-0.138677
-0.142086
-0.145112
-0.147718
-0.149814
-0.151385
-0.152339
-0.15267
-0.152315
-0.151278
-0.149522
-0.147047
-0.143842
-0.139895
-0.135217
-0.129786
-0.123643
-0.116761
-0.109215
-0.100983
-0.0921766
-0.0827823
-0.0729337
-0.0626207
-0.0519826
-0.0409849
-0.0297698
-0.0183005
-0.00672341
0.00499973
0.0167181
0.0284702
0.0401032
0.0516549
0.0629726
0.0740925
0.084865
0.0953238
0.105326
0.114901
0.123918
0.132402
0.140237
0.147442
0.153921
0.159689
0.164671
0.168879
0.172262
0.174826
0.176548
0.17743
0.177476
0.17668
0.175077
0.172655
0.169473
0.165515
0.160864
0.155497
0.149519
0.142903
0.13577
0.128089
0.119995
0.111454
0.10261
0.0934283
0.0840588
0.0744641
0.064798
0.0550223
0.045292
0.0355695
0.0260129
0.0166006
0.00749046
-0.00133798
-0.00974443
-0.0177548
-0.0252646
-0.0323016
-0.038795
-0.0447705
-0.0501831
-0.0550498
-0.0593468
-0.0630783
-0.0662439
-0.0688439
-0.0709042
-0.0724338
-0.0734887
-0.0740874
-0.0742858
-0.0741183
-0.0739259
-0.0736692
-0.131938
-0.133812
-0.136828
-0.140212
-0.14315
-0.145707
-0.147734
-0.149249
-0.15015
-0.150424
-0.150045
-0.148952
-0.147209
-0.14468
-0.141534
-0.137535
-0.132966
-0.127492
-0.121509
-0.114598
-0.107266
-0.0990207
-0.090474
-0.0810809
-0.0715386
-0.0612294
-0.0509342
-0.0399405
-0.0290911
-0.017626
-0.00642728
0.00529153
0.0166285
0.0283763
0.0396346
0.0511821
0.0621413
0.0732571
0.0836963
0.0941512
0.103853
0.113425
0.122182
0.130663
0.138283
0.145486
0.151801
0.157567
0.16244
0.166646
0.169976
0.172539
0.174266
0.175147
0.175255
0.17446
0.172976
0.170555
0.167546
0.163589
0.159161
0.153796
0.148086
0.141472
0.134646
0.126968
0.119212
0.110674
0.102191
0.0930122
0.0840161
0.0744249
0.0651357
0.0553637
0.0460032
0.0362843
0.0270747
0.0176645
0.00885939
2.30821e-05
-0.00812768
-0.0161594
-0.0234679
-0.0305392
-0.0368842
-0.0429025
-0.0482164
-0.0531302
-0.0573743
-0.0611553
-0.0643083
-0.0669603
-0.0690399
-0.0706217
-0.0717143
-0.0723578
-0.0726091
-0.0724641
-0.0722093
-0.0719547
-0.129882
-0.131753
-0.135115
-0.138475
-0.141333
-0.143846
-0.145808
-0.14727
-0.148123
-0.148343
-0.147942
-0.146797
-0.145067
-0.142488
-0.139396
-0.13535
-0.130881
-0.125368
-0.119533
-0.112596
-0.10546
-0.0972036
-0.0888972
-0.0795052
-0.0702467
-0.0599411
-0.0499633
-0.0389733
-0.0284626
-0.0170014
-0.00615305
0.00556175
0.0165455
0.0282893
0.0392007
0.0507442
0.0613715
0.0724835
0.082614
0.0930653
0.102489
0.112058
0.120574
0.129052
0.136474
0.143674
0.149838
0.155602
0.160374
0.164579
0.16786
0.170422
0.172153
0.173034
0.1732
0.172405
0.17103
0.16861
0.165761
0.161805
0.157584
0.152221
0.146759
0.140148
0.133606
0.12593
0.118487
0.109952
0.101802
0.0926268
0.0839765
0.0743886
0.0654484
0.0556797
0.0466619
0.0369463
0.0280581
0.0186498
0.0101271
0.00128351
-0.00663047
-0.014682
-0.0218041
-0.028907
-0.0351146
-0.0411727
-0.0463952
-0.0513525
-0.0555475
-0.0593744
-0.0625159
-0.065216
-0.0673135
-0.0689435
-0.0700711
-0.0707561
-0.0710564
-0.0709322
-0.0706196
-0.0703669
-0.128706
-0.130562
-0.134032
-0.137376
-0.140155
-0.142666
-0.144546
-0.146011
-0.146787
-0.147017
-0.146552
-0.145426
-0.143646
-0.141097
-0.137971
-0.133967
-0.129485
-0.124026
-0.118206
-0.111333
-0.104243
-0.0960619
-0.0878314
-0.0785246
-0.0693657
-0.0591561
-0.049286
-0.0383999
-0.028004
-0.0166517
-0.00592214
0.00568139
0.0165454
0.0281783
0.038972
0.0504077
0.0609224
0.0719323
0.0819581
0.0923156
0.101645
0.111131
0.119565
0.127972
0.135326
0.14247
0.148582
0.154305
0.159042
0.163222
0.166486
0.16904
0.170773
0.171662
0.171847
0.171079
0.169741
0.167364
0.164569
0.160671
0.156519
0.151229
0.145851
0.139324
0.132878
0.125297
0.117959
0.109527
0.10149
0.0924224
0.0838889
0.0744112
0.0655889
0.05593
0.0470279
0.0374186
0.0286413
0.0193309
0.0109005
0.00214441
-0.00570455
-0.013681
-0.0207676
-0.0278077
-0.0340071
-0.0400139
-0.0452499
-0.0501676
-0.0543926
-0.0581919
-0.0613782
-0.0640612
-0.066218
-0.0678377
-0.069032
-0.0697114
-0.0700741
-0.0699565
-0.0696292
-0.0693866
-0.127988
-0.129819
-0.133284
-0.136584
-0.139347
-0.141817
-0.143675
-0.145107
-0.14586
-0.146069
-0.145581
-0.144451
-0.142647
-0.140112
-0.136963
-0.132994
-0.128492
-0.12309
-0.117255
-0.110463
-0.103365
-0.0952868
-0.0870553
-0.0778699
-0.0687136
-0.0586413
-0.048774
-0.0380363
-0.0276434
-0.0164467
-0.00572026
0.00572433
0.0165852
0.0280597
0.0388502
0.0501319
0.0606435
0.0715077
0.0815306
0.0917542
0.101081
0.110448
0.118879
0.127186
0.134538
0.141601
0.147711
0.153375
0.158111
0.162255
0.165518
0.168061
0.169794
0.170697
0.170882
0.170151
0.168814
0.166498
0.163704
0.15989
0.155739
0.150552
0.145176
0.138771
0.132326
0.124881
0.117546
0.10926
0.101226
0.0923122
0.0837813
0.0744612
0.0656416
0.0561397
0.0472402
0.0377828
0.0290081
0.0198378
0.0114076
0.00277366
-0.00508077
-0.0129576
-0.0200562
-0.0270199
-0.0332367
-0.0391893
-0.0444457
-0.0493298
-0.0535764
-0.0573609
-0.0605696
-0.0632545
-0.0654343
-0.0670696
-0.0682854
-0.0689885
-0.0693669
-0.0692779
-0.0689548
-0.0687282
-0.127322
-0.129132
-0.132592
-0.135851
-0.138598
-0.141031
-0.142868
-0.144271
-0.145001
-0.145192
-0.144681
-0.143547
-0.141722
-0.1392
-0.136029
-0.132094
-0.127572
-0.122224
-0.116375
-0.109658
-0.102552
-0.094569
-0.0863367
-0.0772635
-0.0681097
-0.0581645
-0.0482999
-0.0376996
-0.0273095
-0.0162569
-0.00553332
0.0057641
0.016622
0.0279498
0.0387374
0.0498766
0.0603853
0.0711146
0.0811347
0.0912343
0.100559
0.109815
0.118244
0.126457
0.133807
0.140795
0.146904
0.152514
0.157248
0.16136
0.164622
0.167155
0.168887
0.169803
0.169988
0.169293
0.167956
0.165696
0.162903
0.159167
0.155017
0.149926
0.144551
0.138258
0.131815
0.124496
0.117163
0.109013
0.100981
0.0922103
0.0836816
0.0745075
0.0656903
0.0563338
0.0474368
0.0381202
0.0293478
0.0203072
0.0118773
0.00335638
-0.0045031
-0.0122877
-0.0193975
-0.0262904
-0.0325233
-0.0384257
-0.0437009
-0.0485541
-0.0528205
-0.0565914
-0.0598208
-0.0625075
-0.0647086
-0.0663582
-0.0675941
-0.068319
-0.068712
-0.0686495
-0.0683303
-0.0681185
-0.126706
-0.128495
-0.13195
-0.135172
-0.137904
-0.140304
-0.142121
-0.143496
-0.144205
-0.144379
-0.143848
-0.142711
-0.140865
-0.138356
-0.135165
-0.13126
-0.12672
-0.121422
-0.11556
-0.108912
-0.101799
-0.0939042
-0.0856711
-0.076702
-0.0675504
-0.0577229
-0.0478609
-0.0373878
-0.0270003
-0.016081
-0.00536019
0.00580093
0.0166561
0.0278481
0.038633
0.0496401
0.0601462
0.0707505
0.0807681
0.0907528
0.100075
0.109229
0.117657
0.125783
0.133131
0.14005
0.146157
0.151716
0.156449
0.160531
0.163792
0.166316
0.168047
0.168975
0.16916
0.168497
0.167161
0.164954
0.162161
0.158497
0.154348
0.149346
0.143973
0.137783
0.131342
0.124139
0.116808
0.108784
0.100754
0.0921158
0.0835893
0.0745505
0.0657354
0.0565137
0.0476189
0.0384325
0.0296624
0.020742
0.0123122
0.00389602
-0.00396815
-0.0116673
-0.0187874
-0.0256148
-0.0318626
-0.0377186
-0.0430112
-0.0478356
-0.0521204
-0.0558788
-0.0591273
-0.0618157
-0.0640365
-0.0656994
-0.0669538
-0.067699
-0.0681055
-0.0680675
-0.0677519
-0.0675539
-0.126135
-0.127906
-0.131357
-0.134543
-0.137262
-0.13963
-0.14143
-0.142778
-0.143469
-0.143627
-0.143077
-0.141936
-0.140071
-0.137574
-0.134364
-0.130487
-0.125931
-0.120679
-0.114805
-0.108221
-0.101102
-0.0932887
-0.0850548
-0.076182
-0.0670325
-0.0573141
-0.0474543
-0.037099
-0.026714
-0.0159182
-0.00519987
0.00583504
0.0166877
0.0277539
0.0385362
0.0494211
0.0599247
0.0704133
0.0804286
0.0903069
0.0996267
0.108687
0.117112
0.125158
0.132505
0.139359
0.145465
0.150978
0.15571
0.159763
0.163024
0.165539
0.16727
0.168208
0.168393
0.167761
0.166425
0.164267
0.161475
0.157876
0.153729
0.148809
0.143437
0.137344
0.130904
0.123809
0.116479
0.108572
0.100544
0.0920284
0.0835038
0.0745902
0.0657772
0.0566802
0.0477875
0.0387218
0.0299537
0.0211446
0.012715
0.00439576
-0.00347275
-0.0110928
-0.0182224
-0.0249892
-0.0312507
-0.0370638
-0.0423725
-0.0471703
-0.0514722
-0.0552188
-0.0584851
-0.0611751
-0.0634141
-0.0650894
-0.0663609
-0.0671249
-0.0675438
-0.0675286
-0.0672163
-0.067031
-0.125607
-0.12736
-0.130807
-0.13396
-0.136667
-0.139005
-0.140789
-0.142114
-0.142787
-0.14293
-0.142362
-0.141218
-0.139336
-0.136849
-0.133623
-0.129772
-0.125201
-0.119991
-0.114105
-0.107581
-0.100456
-0.0927186
-0.084484
-0.0757005
-0.0665529
-0.0569354
-0.0470777
-0.0368316
-0.0264488
-0.0157674
-0.0050514
0.00586662
0.0167169
0.0276666
0.0384466
0.0492183
0.0597197
0.0701011
0.0801141
0.089894
0.0992118
0.108184
0.116608
0.124579
0.131924
0.13872
0.144824
0.150294
0.155025
0.159052
0.162312
0.164819
0.16655
0.167498
0.167683
0.167078
0.165743
0.16363
0.160839
0.157302
0.153155
0.148311
0.142941
0.136937
0.130498
0.123503
0.116175
0.108376
0.10035
0.0919474
0.0834247
0.074627
0.0658159
0.0568344
0.0479436
0.0389897
0.0302235
0.0215174
0.013088
0.00485855
-0.00301398
-0.0105608
-0.0176993
-0.0244098
-0.0306841
-0.0364574
-0.0417811
-0.0465542
-0.0508719
-0.0546077
-0.0578904
-0.0605818
-0.0628378
-0.0645245
-0.0658118
-0.0665932
-0.0670237
-0.0670295
-0.0667203
-0.0665468
-0.125118
-0.126854
-0.130297
-0.133421
-0.136116
-0.138427
-0.140196
-0.141499
-0.142155
-0.142285
-0.141701
-0.140554
-0.138656
-0.136179
-0.132937
-0.12911
-0.124524
-0.119354
-0.113458
-0.106989
-0.0998585
-0.0921907
-0.0839555
-0.0752545
-0.0661088
-0.0565847
-0.046729
-0.0365839
-0.0262032
-0.0156278
-0.00491391
0.00589587
0.016744
0.0275858
0.0383637
0.0490305
0.0595297
0.0698119
0.079823
0.0895117
0.0988276
0.107719
0.116141
0.124044
0.131387
0.138127
0.144231
0.14966
0.15439
0.158394
0.161653
0.164153
0.165883
0.166841
0.167026
0.166447
0.165111
0.163041
0.16025
0.15677
0.152624
0.147851
0.142481
0.13656
0.130123
0.12322
0.115893
0.108195
0.10017
0.0918723
0.0833514
0.0746611
0.0658518
0.0569772
0.0480882
0.0392378
0.0304733
0.0218626
0.0134334
0.00528713
-0.00258913
-0.0100681
-0.0172148
-0.0238732
-0.0301594
-0.0358958
-0.0412333
-0.0459837
-0.0503159
-0.0540417
-0.0573397
-0.0600325
-0.062304
-0.0640013
-0.0653034
-0.0661008
-0.066542
-0.0665674
-0.066261
-0.0660984
-0.125241
-0.126973
-0.130226
-0.133326
-0.136041
-0.138311
-0.140108
-0.141366
-0.142056
-0.142142
-0.141593
-0.140405
-0.138543
-0.136027
-0.132821
-0.128959
-0.124406
-0.11921
-0.11334
-0.106857
-0.0997468
-0.0920765
-0.083857
-0.0751641
-0.066029
-0.0565158
-0.0466679
-0.0365345
-0.0261617
-0.0155985
-0.00489281
0.00590445
0.0167441
0.0275735
0.0383427
0.0489973
0.0594879
0.0697585
0.0797609
0.0894389
0.0987464
0.107629
0.116043
0.123937
0.131274
0.138007
0.144105
0.14953
0.154256
0.158256
0.161513
0.164012
0.165741
0.1667
0.166886
0.16631
0.164977
0.162911
0.160125
0.156651
0.152511
0.147746
0.142383
0.13647
0.130041
0.123149
0.115831
0.108143
0.100127
0.0918413
0.0833293
0.0746511
0.0658507
0.0569882
0.048108
0.0392694
0.0305155
0.0219148
0.0135006
0.00535637
-0.00250029
-0.00998782
-0.0171096
-0.0237871
-0.0300438
-0.035807
-0.0411118
-0.0458938
-0.0501918
-0.0539524
-0.0572163
-0.0599468
-0.0621859
-0.0639227
-0.0651965
-0.06603
-0.0664524
-0.0664978
-0.0662312
-0.0660712
-0.125417
-0.127149
-0.13019
-0.13329
-0.135996
-0.138266
-0.140054
-0.14131
-0.141994
-0.142078
-0.141526
-0.140336
-0.138474
-0.135956
-0.132751
-0.128887
-0.124337
-0.119138
-0.113275
-0.10679
-0.0996878
-0.092018
-0.0838091
-0.0751176
-0.065992
-0.0564804
-0.0466404
-0.0365087
-0.0261439
-0.0155825
-0.00488507
0.00591034
0.0167415
0.027569
0.0383295
0.0489823
0.059464
0.0697328
0.0797264
0.0894028
0.0987018
0.107582
0.115989
0.123882
0.131211
0.137944
0.144036
0.14946
0.154181
0.158181
0.161436
0.163934
0.165663
0.166621
0.166809
0.166233
0.164903
0.162837
0.160056
0.156582
0.152448
0.147684
0.142328
0.136417
0.129996
0.123105
0.115794
0.108108
0.100101
0.0918168
0.0833139
0.0746372
0.0658459
0.0569849
0.0481137
0.0392766
0.0305326
0.0219334
0.0135309
0.00538752
-0.00245885
-0.00994695
-0.0170603
-0.0237397
-0.0299899
-0.0357558
-0.0410556
-0.0458404
-0.0501348
-0.0538981
-0.0571605
-0.0598935
-0.0621342
-0.0638732
-0.0651521
-0.0659869
-0.0664149
-0.0664609
-0.0662474
-0.0660874
-0.125579
-0.127312
-0.130157
-0.133256
-0.135955
-0.138224
-0.140003
-0.141259
-0.141936
-0.142019
-0.141465
-0.140273
-0.13841
-0.13589
-0.132686
-0.12882
-0.124273
-0.119072
-0.113213
-0.106728
-0.0996331
-0.0919639
-0.0837647
-0.0750746
-0.0659577
-0.0564476
-0.0466149
-0.0364848
-0.0261274
-0.0155677
-0.0048779
0.00591579
0.0167391
0.0275648
0.0383172
0.0489683
0.0594418
0.0697091
0.0796945
0.0893693
0.0986605
0.10754
0.115938
0.12383
0.131154
0.137885
0.143972
0.149395
0.154113
0.158112
0.161364
0.163862
0.16559
0.166549
0.166737
0.166161
0.164835
0.162769
0.159992
0.156519
0.15239
0.147627
0.142277
0.136367
0.129953
0.123063
0.115761
0.108076
0.100077
0.0917942
0.0832996
0.0746243
0.0658414
0.0569819
0.048119
0.0392833
0.0305485
0.0219506
0.013559
0.00541637
-0.00242048
-0.0099091
-0.0170147
-0.0236958
-0.02994
-0.0357083
-0.0410035
-0.0457908
-0.0500821
-0.0538478
-0.0571088
-0.0598442
-0.0620863
-0.0638273
-0.0651109
-0.065947
-0.0663802
-0.0664267
-0.0662624
-0.0661025
-0.12573
-0.127462
-0.130126
-0.133225
-0.135916
-0.138186
-0.139956
-0.141211
-0.141883
-0.141965
-0.141408
-0.140214
-0.138351
-0.135829
-0.132626
-0.128758
-0.124214
-0.119011
-0.113157
-0.106671
-0.0995825
-0.0919138
-0.0837237
-0.0750348
-0.0659259
-0.0564172
-0.0465913
-0.0364627
-0.0261121
-0.0155539
-0.00487126
0.00592084
0.0167368
0.0275609
0.0383059
0.0489554
0.0594213
0.069687
0.079665
0.0893384
0.0986222
0.1075
0.115892
0.123783
0.1311
0.13783
0.143912
0.149334
0.154049
0.158048
0.161298
0.163795
0.165523
0.166481
0.166671
0.166095
0.164771
0.162706
0.159932
0.15646
0.152337
0.147574
0.142231
0.136321
0.129914
0.123025
0.11573
0.108046
0.100055
0.0917732
0.0832865
0.0746124
0.0658373
0.0569791
0.0481239
0.0392895
0.0305632
0.0219666
0.013585
0.00544309
-0.00238495
-0.00987404
-0.0169724
-0.0236552
-0.0298938
-0.0356643
-0.0409553
-0.045745
-0.0500332
-0.0538012
-0.0570609
-0.0597985
-0.0620419
-0.0637847
-0.0650728
-0.0659101
-0.0663481
-0.066395
-0.0662763
-0.0661164
-0.12587
-0.127602
-0.130098
-0.133196
-0.135881
-0.13815
-0.139912
-0.141167
-0.141834
-0.141914
-0.141355
-0.140159
-0.138296
-0.135772
-0.13257
-0.1287
-0.124159
-0.118954
-0.113105
-0.106618
-0.0995357
-0.0918673
-0.0836856
-0.0749979
-0.0658965
-0.0563891
-0.0465695
-0.0364422
-0.0260979
-0.0155412
-0.00486511
0.00592552
0.0167347
0.0275574
0.0382954
0.0489434
0.0594023
0.0696667
0.0796376
0.0893097
0.0985867
0.107463
0.115849
0.123739
0.131051
0.13778
0.143857
0.149279
0.15399
0.157988
0.161236
0.163733
0.165461
0.166419
0.16661
0.166034
0.164712
0.162647
0.159877
0.156406
0.152287
0.147525
0.142187
0.136278
0.129878
0.12299
0.115701
0.108019
0.100034
0.0917538
0.0832742
0.0746014
0.0658335
0.0569764
0.0481284
0.0392952
0.0305768
0.0219813
0.0136091
0.00546783
-0.00235205
-0.00984158
-0.0169332
-0.0236176
-0.029851
-0.0356236
-0.0409107
-0.0457025
-0.0499879
-0.053758
-0.0570166
-0.0597562
-0.0620008
-0.0637454
-0.0650376
-0.0658759
-0.0663184
-0.0663656
-0.0662892
-0.0661293
)
;

boundaryField
{
    inlet
    {
        type            cyclic;
    }
    outlet
    {
        type            cyclic;
    }
    top
    {
        type            zeroGradient;
    }
    hills
    {
        type            zeroGradient;
    }
    front
    {
        type            empty;
    }
    back
    {
        type            empty;
    }
}


// ************************************************************************* //
