/*--------------------------------*- C++ -*----------------------------------*\
| =========                 |                                                 |
| \\      /  F ield         | OpenFOAM: The Open Source CFD Toolbox           |
|  \\    /   O peration     | Version:  v2106                                 |
|   \\  /    A nd           | Website:  www.openfoam.com                      |
|    \\/     M anipulation  |                                                 |
\*---------------------------------------------------------------------------*/
FoamFile
{
    version     2.0;
    format      ascii;
    arch        "LSB;label=32;scalar=64";
    class       volScalarField;
    location    "0";
    object      expGpCoeffs9;
}
// * * * * * * * * * * * * * * * * * * * * * * * * * * * * * * * * * * * * * //

dimensions      [0 0 0 0 0 0 0];

internalField   nonuniform List<scalar> 
8000
(
0.132669
0.134867
0.137723
0.140406
0.140071
0.136627
0.128493
0.11603
0.0997712
0.0798223
0.0578843
0.0341142
0.0102177
-0.013641
-0.0358479
-0.0564707
-0.0743733
-0.0896918
-0.10242
-0.112572
-0.121081
-0.127895
-0.133972
-0.13925
-0.144072
-0.14841
-0.152179
-0.155368
-0.157857
-0.159637
-0.160617
-0.160789
-0.160084
-0.158498
-0.155988
-0.152553
-0.148179
-0.142867
-0.136637
-0.129492
-0.121482
-0.112615
-0.102972
-0.0925623
-0.0814965
-0.0697881
-0.0575731
-0.0448668
-0.0318277
-0.018473
-0.00497681
0.00864121
0.0221975
0.035673
0.0488824
0.0618069
0.074269
0.0862507
0.0975909
0.108274
0.118166
0.127251
0.135426
0.142683
0.148955
0.154235
0.158497
0.161739
0.163974
0.165203
0.165476
0.164799
0.163252
0.160845
0.157698
0.153827
0.149362
0.144343
0.138539
0.13201
0.123899
0.114254
0.102159
0.0876013
0.0705151
0.0507645
0.0293508
0.0061962
-0.0172393
-0.0408023
-0.0629175
-0.0834335
-0.100645
-0.114475
-0.124133
-0.12926
-0.131145
-0.129791
-0.127864
-0.126173
0.132492
0.13469
0.13786
0.140544
0.140424
0.136989
0.128871
0.116415
0.100019
0.0800701
0.0579803
0.0342049
0.0101693
-0.0136977
-0.0360224
-0.0566543
-0.074598
-0.089923
-0.102596
-0.112751
-0.121168
-0.127982
-0.134008
-0.139286
-0.144113
-0.14845
-0.152232
-0.15542
-0.157918
-0.159698
-0.160685
-0.160857
-0.160157
-0.158572
-0.156064
-0.152629
-0.148254
-0.142943
-0.136709
-0.129565
-0.121548
-0.112682
-0.103029
-0.0926208
-0.0815426
-0.0698357
-0.0576059
-0.0449013
-0.0318455
-0.0184925
-0.0049785
0.00863777
0.0222124
0.0356862
0.0489136
0.0618365
0.0743154
0.0862956
0.0976507
0.108333
0.118236
0.12732
0.135504
0.14276
0.149037
0.154316
0.15858
0.161821
0.164053
0.165283
0.16555
0.164873
0.163318
0.16091
0.157751
0.153879
0.149402
0.144383
0.138619
0.132091
0.124066
0.114419
0.102381
0.0878174
0.0706993
0.0509399
0.0294214
0.00625835
-0.0173029
-0.0408719
-0.0631294
-0.083647
-0.101003
-0.114827
-0.1245
-0.129618
-0.131309
-0.129952
-0.127727
-0.126037
0.132301
0.134498
0.138006
0.140693
0.140805
0.13738
0.129279
0.116831
0.100287
0.0803377
0.058084
0.0343029
0.010117
-0.0137589
-0.0362108
-0.0568526
-0.0748407
-0.0901726
-0.102787
-0.112943
-0.121262
-0.128076
-0.134046
-0.139324
-0.144157
-0.148493
-0.152289
-0.155476
-0.157985
-0.159764
-0.160759
-0.160931
-0.160236
-0.158651
-0.156145
-0.152711
-0.148335
-0.143025
-0.136787
-0.129644
-0.121619
-0.112755
-0.103091
-0.0926841
-0.0815924
-0.0698872
-0.0576413
-0.0449385
-0.0318648
-0.0185136
-0.00498034
0.00863406
0.0222285
0.0357005
0.0489474
0.0618684
0.0743656
0.086344
0.0977152
0.108396
0.118312
0.127395
0.135589
0.142844
0.149126
0.154404
0.158669
0.16191
0.16414
0.165369
0.16563
0.164953
0.163388
0.160981
0.157807
0.153936
0.149445
0.144427
0.138706
0.132178
0.124247
0.114597
0.102621
0.0880507
0.0708983
0.0511292
0.0294976
0.00632546
-0.0173716
-0.040947
-0.0633583
-0.0838776
-0.101388
-0.115206
-0.124896
-0.130004
-0.131485
-0.130127
-0.12758
-0.12589
0.132094
0.134291
0.138165
0.140854
0.141217
0.137802
0.12972
0.117281
0.100576
0.0806266
0.0581959
0.0344087
0.0100606
-0.013825
-0.0364143
-0.0570667
-0.0751028
-0.0904421
-0.102992
-0.113152
-0.121363
-0.128178
-0.134088
-0.139365
-0.144204
-0.14854
-0.15235
-0.155537
-0.158056
-0.159835
-0.160839
-0.161011
-0.160322
-0.158737
-0.156234
-0.1528
-0.148423
-0.143114
-0.136871
-0.129729
-0.121696
-0.112833
-0.103158
-0.0927524
-0.0816462
-0.0699427
-0.0576796
-0.0449786
-0.0318856
-0.0185364
-0.00498232
0.00863005
0.0222459
0.0357159
0.0489838
0.0619029
0.0744197
0.0863964
0.0977849
0.108464
0.118394
0.127476
0.13568
0.142934
0.149221
0.154499
0.158766
0.162006
0.164233
0.165462
0.165716
0.165039
0.163465
0.161058
0.157868
0.153998
0.149491
0.144474
0.1388
0.132272
0.124442
0.11479
0.10288
0.0883027
0.0711131
0.0513336
0.0295799
0.00639793
-0.0174458
-0.0410281
-0.0636054
-0.0841266
-0.101805
-0.115616
-0.125323
-0.130421
-0.131676
-0.130315
-0.127421
-0.125731
0.131871
0.134068
0.138336
0.140994
0.141661
0.138258
0.130197
0.117766
0.100889
0.0809386
0.0583168
0.034523
0.00999968
-0.0138963
-0.0366341
-0.057298
-0.0753858
-0.0907331
-0.103214
-0.113377
-0.121473
-0.128287
-0.134133
-0.139409
-0.144256
-0.148591
-0.152416
-0.155603
-0.158133
-0.159912
-0.160925
-0.161097
-0.160414
-0.158829
-0.156329
-0.152895
-0.148517
-0.143209
-0.136961
-0.12982
-0.121779
-0.112917
-0.10323
-0.0928262
-0.0817043
-0.0700026
-0.057721
-0.045022
-0.031908
-0.018561
-0.00498446
0.00862572
0.0222647
0.0357325
0.0490231
0.0619401
0.0744781
0.0864529
0.0978601
0.108537
0.118483
0.127563
0.135778
0.143031
0.149325
0.154602
0.15887
0.16211
0.164334
0.165562
0.165809
0.165132
0.163547
0.161141
0.157934
0.154064
0.149541
0.144525
0.138902
0.132373
0.124653
0.114998
0.10316
0.0885747
0.0713451
0.0515544
0.0296687
0.00647619
-0.0175259
-0.0411156
-0.0638723
-0.0843955
-0.102255
-0.116059
-0.125785
-0.130872
-0.131857
-0.130519
-0.127249
-0.12556
0.131618
0.133829
0.138173
0.140939
0.141943
0.138603
0.130685
0.118337
0.101232
0.0813165
0.0584828
0.0347466
0.0100091
-0.0138146
-0.036844
-0.0575157
-0.0756914
-0.0910474
-0.103454
-0.11362
-0.121591
-0.128406
-0.134182
-0.139457
-0.144287
-0.148629
-0.152469
-0.155662
-0.158203
-0.159987
-0.161009
-0.161185
-0.160508
-0.158927
-0.15643
-0.152999
-0.14862
-0.143314
-0.137062
-0.129922
-0.121873
-0.113012
-0.103312
-0.0929088
-0.0817718
-0.0700696
-0.0577701
-0.0450702
-0.0319362
-0.0185879
-0.00498994
0.00862145
0.0222825
0.0357513
0.0490637
0.0619814
0.0745397
0.0865146
0.0979396
0.108617
0.118577
0.127655
0.135881
0.143132
0.149432
0.154707
0.158976
0.162213
0.164434
0.165659
0.165899
0.165218
0.163622
0.161212
0.157989
0.154114
0.149595
0.144579
0.139011
0.132483
0.124881
0.115223
0.103462
0.0888685
0.0715652
0.0517662
0.0296072
0.00648435
-0.017715
-0.0412482
-0.0642059
-0.0846937
-0.102816
-0.116525
-0.126195
-0.131193
-0.131895
-0.130431
-0.127076
-0.12537
0.131319
0.133576
0.137918
0.140879
0.141882
0.138912
0.130999
0.119082
0.10199
0.0824245
0.0596115
0.0360561
0.0113426
-0.0125025
-0.0355084
-0.0563857
-0.0746031
-0.0903372
-0.102713
-0.113234
-0.121154
-0.128187
-0.133916
-0.139301
-0.144105
-0.148519
-0.152359
-0.155612
-0.158154
-0.159993
-0.161014
-0.161238
-0.160561
-0.159018
-0.15652
-0.153117
-0.148738
-0.143447
-0.137196
-0.13006
-0.122012
-0.113143
-0.103446
-0.0930249
-0.08189
-0.0701626
-0.0578654
-0.0451346
-0.032003
-0.0186208
-0.00502534
0.00862055
0.022279
0.0357802
0.04909
0.0620353
0.0745913
0.086587
0.0980099
0.108699
0.118657
0.127739
0.135963
0.143207
0.149505
0.154763
0.159031
0.162242
0.164462
0.165652
0.165892
0.165171
0.163576
0.161121
0.157898
0.153968
0.149472
0.144361
0.138833
0.1321
0.124546
0.114545
0.102815
0.0878439
0.0705007
0.0504777
0.0283415
0.00516427
-0.0190112
-0.0424066
-0.0653428
-0.0855235
-0.103631
-0.116937
-0.126599
-0.131234
-0.131936
-0.130268
-0.126914
-0.125155
0.130997
0.133303
0.137643
0.140815
0.141817
0.139245
0.131338
0.119886
0.102809
0.083621
0.0608303
0.0374702
0.0127825
-0.0110856
-0.0340661
-0.0551656
-0.073362
-0.0894364
-0.101798
-0.112663
-0.120575
-0.127858
-0.133584
-0.139105
-0.143908
-0.148401
-0.15224
-0.155559
-0.1581
-0.159999
-0.16102
-0.161295
-0.160618
-0.159115
-0.156618
-0.153243
-0.148866
-0.143591
-0.137341
-0.130209
-0.122162
-0.113285
-0.10359
-0.0931502
-0.0820177
-0.070263
-0.0579683
-0.0452041
-0.0320753
-0.0186562
-0.00506356
0.00861958
0.0222753
0.0358113
0.0491184
0.0620936
0.074647
0.0866652
0.0980858
0.108788
0.118745
0.127829
0.136051
0.143287
0.149585
0.154823
0.159091
0.162273
0.164492
0.165646
0.165886
0.16512
0.163525
0.161022
0.1578
0.153811
0.149316
0.144087
0.138561
0.131593
0.124045
0.113708
0.10199
0.0866747
0.0693512
0.0490865
0.0269747
0.00373879
-0.0204109
-0.0436574
-0.0665705
-0.0864195
-0.10451
-0.117382
-0.127036
-0.131279
-0.13198
-0.130091
-0.126739
-0.124923
0.130648
0.133008
0.137346
0.140745
0.141746
0.139604
0.131703
0.120754
0.103694
0.084913
0.0621465
0.0389971
0.0143374
-0.0095555
-0.0325087
-0.053848
-0.0720217
-0.0884637
-0.100811
-0.112045
-0.11995
-0.127502
-0.133225
-0.138893
-0.143696
-0.148274
-0.152112
-0.155502
-0.158042
-0.160006
-0.161027
-0.161356
-0.16068
-0.15922
-0.156724
-0.15338
-0.149004
-0.143746
-0.137498
-0.130369
-0.122325
-0.113439
-0.103745
-0.0932856
-0.0821555
-0.0703714
-0.0580795
-0.0452792
-0.0321532
-0.0186945
-0.00510482
0.00861853
0.0222712
0.0358449
0.0491491
0.0621565
0.0747071
0.0867496
0.0981677
0.108885
0.118839
0.127926
0.136147
0.143374
0.14967
0.154889
0.159155
0.162306
0.164525
0.165638
0.165878
0.165066
0.163471
0.160915
0.157694
0.153641
0.149146
0.143791
0.138267
0.131045
0.123504
0.112804
0.1011
0.0854121
0.06811
0.0475841
0.0254987
0.0021995
-0.0219224
-0.0450082
-0.0678962
-0.0873871
-0.10546
-0.117862
-0.127508
-0.131328
-0.132027
-0.129901
-0.12655
-0.124672
0.130272
0.13269
0.137025
0.14067
0.14167
0.139993
0.132099
0.121692
0.104648
0.0863081
0.0635677
0.040646
0.0160165
-0.00790329
-0.0308269
-0.0524253
-0.0705744
-0.0874133
-0.0997442
-0.111378
-0.119276
-0.127118
-0.132838
-0.138665
-0.143466
-0.148136
-0.151973
-0.15544
-0.15798
-0.160013
-0.161033
-0.161423
-0.160746
-0.159334
-0.156839
-0.153528
-0.149153
-0.143914
-0.137667
-0.130543
-0.1225
-0.113605
-0.103913
-0.0934318
-0.0823043
-0.0704885
-0.0581994
-0.0453603
-0.0322374
-0.0187359
-0.00514939
0.00861739
0.0222669
0.0358812
0.0491823
0.0622244
0.0747721
0.0868408
0.0982562
0.108989
0.11894
0.128031
0.13625
0.143468
0.149763
0.154959
0.159225
0.162342
0.164561
0.165631
0.165871
0.165007
0.163412
0.1608
0.15758
0.153457
0.148964
0.143471
0.13795
0.130454
0.12292
0.111828
0.100138
0.0840487
0.0667696
0.0459618
0.0239049
0.000537314
-0.0235545
-0.0464668
-0.0693277
-0.0884319
-0.106485
-0.118381
-0.128017
-0.13138
-0.132079
-0.129695
-0.126346
-0.124402
0.129865
0.132346
0.136678
0.140589
0.141587
0.140412
0.132525
0.122704
0.10568
0.0878146
0.0651024
0.0424265
0.0178296
-0.00611916
-0.0290109
-0.0508889
-0.0690116
-0.0862791
-0.0985925
-0.110659
-0.118547
-0.126703
-0.13242
-0.138418
-0.143218
-0.147987
-0.151823
-0.155374
-0.157913
-0.160021
-0.161041
-0.161494
-0.160818
-0.159457
-0.156962
-0.153687
-0.149313
-0.144095
-0.137849
-0.13073
-0.122689
-0.113783
-0.104095
-0.0935897
-0.082465
-0.0706149
-0.058329
-0.0454479
-0.0323283
-0.0187805
-0.00519751
0.00861617
0.0222622
0.0359204
0.0492181
0.0622978
0.0748422
0.0869393
0.0983517
0.109101
0.11905
0.128145
0.136362
0.143569
0.149862
0.155035
0.1593
0.162381
0.164599
0.165622
0.165862
0.164943
0.163349
0.160676
0.157456
0.153258
0.148766
0.143125
0.137607
0.129815
0.122289
0.110774
0.0991002
0.0825764
0.0653222
0.0442099
0.0221839
-0.00125759
-0.025317
-0.0480419
-0.0708736
-0.0895602
-0.107592
-0.118941
-0.128567
-0.131436
-0.132134
-0.129473
-0.126125
-0.12411
0.129426
0.131975
0.136304
0.140502
0.141498
0.140865
0.132986
0.123797
0.106793
0.0894415
0.0667596
0.0443492
0.0197875
-0.00419259
-0.0270499
-0.0492299
-0.0673239
-0.0850543
-0.0973488
-0.109881
-0.117761
-0.126255
-0.131969
-0.138152
-0.142951
-0.147826
-0.151661
-0.155302
-0.15784
-0.160029
-0.161049
-0.161572
-0.160896
-0.15959
-0.157095
-0.15386
-0.149487
-0.14429
-0.138046
-0.130932
-0.122894
-0.113977
-0.104291
-0.0937602
-0.0826386
-0.0707514
-0.0584689
-0.0455424
-0.0324265
-0.0188287
-0.00524948
0.00861484
0.0222571
0.0359627
0.0492567
0.062377
0.074918
0.0870456
0.0984549
0.109222
0.119169
0.128267
0.136482
0.143679
0.14997
0.155118
0.159381
0.162423
0.164641
0.165613
0.165853
0.164874
0.163281
0.160542
0.157323
0.153044
0.148553
0.142752
0.137237
0.129126
0.121607
0.109636
0.0979791
0.0809866
0.0637593
0.0423182
0.0203255
-0.00319579
-0.0272201
-0.0497427
-0.0725428
-0.0907785
-0.108788
-0.119545
-0.12916
-0.131498
-0.132194
-0.129233
-0.125888
-0.123794
0.128959
0.131544
0.135516
0.13986
0.141169
0.140894
0.133623
0.124845
0.108388
0.091409
0.0691971
0.0469531
0.0227051
-0.00134733
-0.024251
-0.0466315
-0.0650758
-0.0830695
-0.0957765
-0.10861
-0.116793
-0.125549
-0.131396
-0.137734
-0.142566
-0.147515
-0.151416
-0.155118
-0.157714
-0.159959
-0.161031
-0.161601
-0.16097
-0.159702
-0.157242
-0.154034
-0.149686
-0.144506
-0.138277
-0.131166
-0.123133
-0.114209
-0.104519
-0.0939722
-0.082839
-0.0709275
-0.0586278
-0.0456712
-0.0325349
-0.0189039
-0.0053032
0.00859476
0.022257
0.035994
0.0493045
0.0624514
0.0750035
0.087151
0.0985646
0.109343
0.119286
0.128387
0.13659
0.143778
0.150051
0.15518
0.159416
0.162431
0.164616
0.165553
0.165755
0.164735
0.1631
0.160316
0.157052
0.152718
0.14821
0.142275
0.13664
0.12828
0.120475
0.108201
0.0961424
0.0788755
0.0612884
0.0396261
0.01755
-0.00607822
-0.0298384
-0.0522412
-0.074618
-0.092528
-0.110028
-0.120416
-0.129419
-0.131429
-0.131777
-0.128683
-0.125619
-0.123484
0.128461
0.131045
0.134644
0.138975
0.140712
0.140424
0.134485
0.125727
0.110951
0.094035
0.0731103
0.0509569
0.0273287
0.00337761
-0.0196217
-0.0419078
-0.061144
-0.0790686
-0.0929985
-0.105795
-0.115146
-0.123888
-0.130474
-0.136808
-0.141967
-0.146915
-0.151013
-0.154714
-0.157486
-0.15973
-0.160959
-0.161529
-0.16103
-0.159763
-0.157408
-0.1542
-0.149926
-0.144747
-0.138559
-0.131451
-0.123428
-0.114507
-0.104799
-0.0942553
-0.0830807
-0.071173
-0.0588144
-0.0458621
-0.0326563
-0.0190297
-0.00535658
0.0085369
0.0222673
0.036
0.0493676
0.0625104
0.075103
0.0872466
0.0986796
0.109455
0.119393
0.128491
0.136664
0.14385
0.150067
0.155195
0.159353
0.162368
0.164454
0.165391
0.165478
0.164459
0.162699
0.159916
0.156515
0.152182
0.147426
0.141493
0.1352
0.126852
0.117924
0.105684
0.0924013
0.0751989
0.0567587
0.0351869
0.0128947
-0.0106337
-0.0339377
-0.0562475
-0.0775072
-0.0953476
-0.111271
-0.12163
-0.129281
-0.131296
-0.131158
-0.128073
-0.125316
-0.123182
0.127852
0.130434
0.133836
0.138154
0.140476
0.140168
0.135416
0.126678
0.113719
0.0968706
0.077336
0.0552803
0.0323216
0.0084798
-0.0146227
-0.0368069
-0.0568983
-0.0747482
-0.0899988
-0.102755
-0.113367
-0.122094
-0.129477
-0.135808
-0.14132
-0.146266
-0.150578
-0.154277
-0.157239
-0.159483
-0.160881
-0.161451
-0.161096
-0.159829
-0.157586
-0.15438
-0.150184
-0.145007
-0.138864
-0.131758
-0.123746
-0.114828
-0.105101
-0.094561
-0.0833416
-0.0714381
-0.059016
-0.0460681
-0.0327875
-0.0191656
-0.00541422
0.00847443
0.0222785
0.0360063
0.0494358
0.062574
0.0752105
0.0873498
0.0988038
0.109575
0.119509
0.128603
0.136744
0.143928
0.150086
0.155212
0.159285
0.162298
0.164279
0.165215
0.16518
0.16416
0.162267
0.159485
0.155935
0.151604
0.146579
0.14065
0.133645
0.12531
0.115169
0.102966
0.0883615
0.0712289
0.0518674
0.0303932
0.0078677
-0.015553
-0.0383643
-0.0605736
-0.0806271
-0.0983923
-0.112614
-0.122941
-0.129394
-0.131421
-0.130679
-0.127604
-0.12493
-0.122797
0.12605
0.12863
0.133209
0.137517
0.141695
0.141421
0.13861
0.129964
0.118247
0.101521
0.0827398
0.0608137
0.0378
0.0140786
-0.00987865
-0.0319688
-0.0533512
-0.0711428
-0.0876981
-0.100426
-0.112052
-0.120768
-0.128725
-0.135052
-0.140881
-0.145825
-0.150408
-0.154106
-0.157328
-0.15957
-0.161196
-0.161766
-0.161595
-0.160329
-0.158223
-0.155018
-0.150907
-0.145732
-0.139619
-0.132516
-0.124481
-0.115566
-0.105767
-0.0952313
-0.0838981
-0.071999
-0.0594298
-0.0464868
-0.0330368
-0.0194201
-0.00548914
0.00839429
0.0223756
0.0360983
0.0496901
0.0628234
0.0755959
0.0877307
0.0992849
0.110052
0.120042
0.129134
0.137283
0.144464
0.15058
0.155704
0.159689
0.162701
0.164548
0.165484
0.16528
0.164261
0.16217
0.159389
0.155635
0.151305
0.146016
0.140089
0.132555
0.124229
0.113108
0.100929
0.0850354
0.0679562
0.0472871
0.0259015
0.00245142
-0.0208532
-0.0438515
-0.0659328
-0.0854073
-0.103047
-0.116203
-0.126431
-0.131107
-0.133087
-0.130517
-0.127444
-0.123568
-0.121437
0.124105
0.126685
0.13229
0.136704
0.142947
0.142624
0.142075
0.133532
0.123278
0.106687
0.0886391
0.066854
0.0437213
0.0201299
-0.00482153
-0.0268108
-0.0496882
-0.0674173
-0.0854086
-0.098106
-0.110774
-0.119478
-0.127973
-0.134297
-0.140421
-0.145363
-0.150241
-0.153938
-0.157442
-0.159684
-0.161557
-0.162127
-0.162158
-0.160892
-0.158936
-0.155732
-0.151712
-0.146539
-0.140457
-0.133357
-0.125295
-0.116384
-0.106505
-0.0959735
-0.0845138
-0.0726195
-0.0598873
-0.0469496
-0.0333119
-0.0197007
-0.00557073
0.00830707
0.022485
0.0362021
0.0499745
0.0631024
0.0760267
0.0881565
0.0998229
0.110586
0.120641
0.129728
0.137889
0.145067
0.15114
0.156262
0.16015
0.163161
0.164863
0.165799
0.16541
0.164391
0.162086
0.159306
0.155328
0.151
0.145473
0.13955
0.131515
0.123199
0.111068
0.0989167
0.0816081
0.064586
0.0424106
0.02112
-0.00339655
-0.0265758
-0.04983
-0.0717721
-0.090696
-0.108198
-0.120098
-0.130214
-0.132797
-0.134821
-0.130188
-0.127002
-0.122098
-0.119966
0.122015
0.124758
0.13035
0.135564
0.141785
0.14311
0.142801
0.136105
0.126207
0.111278
0.0934168
0.0727484
0.0497332
0.0265029
0.00156579
-0.0208383
-0.0438351
-0.0625324
-0.0806872
-0.0944855
-0.107294
-0.116823
-0.125342
-0.132109
-0.138117
-0.14335
-0.148249
-0.152209
-0.155734
-0.158234
-0.160125
-0.160942
-0.160989
-0.159951
-0.158007
-0.155008
-0.150997
-0.146002
-0.139925
-0.132974
-0.124914
-0.116126
-0.106244
-0.0958115
-0.0843466
-0.0725323
-0.0597927
-0.0469227
-0.033276
-0.0197275
-0.00558783
0.00822477
0.0224122
0.0360545
0.0498353
0.0628727
0.0758036
0.0878226
0.0994929
0.110122
0.120178
0.129107
0.137265
0.144263
0.150331
0.155254
0.159132
0.16193
0.163621
0.164336
0.163933
0.162695
0.160374
0.157383
0.153389
0.148831
0.143433
0.137125
0.129073
0.119973
0.107707
0.0944621
0.0769905
0.0589591
0.0366565
0.0148509
-0.00966612
-0.0326345
-0.0557849
-0.076781
-0.0955336
-0.11152
-0.123083
-0.131427
-0.133768
-0.134132
-0.12951
-0.12546
-0.120566
-0.118235
0.119759
0.122677
0.128255
0.134333
0.14053
0.143636
0.143344
0.138876
0.129052
0.116135
0.0983909
0.079058
0.0561843
0.0333728
0.00857977
-0.0143403
-0.0372141
-0.0570895
-0.075159
-0.0903032
-0.103065
-0.113629
-0.122131
-0.129472
-0.135477
-0.14105
-0.145947
-0.150212
-0.153735
-0.156536
-0.158427
-0.159531
-0.159578
-0.158806
-0.156862
-0.154101
-0.150092
-0.145303
-0.13923
-0.132453
-0.124397
-0.115751
-0.105874
-0.0955558
-0.0840963
-0.0723748
-0.0596412
-0.0468496
-0.0332093
-0.0197333
-0.00560034
0.00813688
0.0223176
0.0358734
0.0496476
0.0625803
0.075505
0.0873955
0.0990603
0.109534
0.119585
0.128331
0.136486
0.143274
0.149338
0.15403
0.157907
0.160457
0.162147
0.162606
0.162203
0.160709
0.158389
0.155153
0.15116
0.146335
0.14094
0.134131
0.126096
0.116015
0.103793
0.0892158
0.0718252
0.0525679
0.030384
0.00794213
-0.0164329
-0.039164
-0.0621711
-0.0820393
-0.100667
-0.114821
-0.126298
-0.132506
-0.134816
-0.133387
-0.128779
-0.123795
-0.118912
-0.116365
0.117322
0.12043
0.125993
0.133003
0.139175
0.144204
0.14393
0.141868
0.132124
0.121379
0.103762
0.0858714
0.0631504
0.0407912
0.0161537
-0.00732353
-0.0300645
-0.0512119
-0.0691894
-0.085787
-0.0984984
-0.11018
-0.118664
-0.126624
-0.132626
-0.138566
-0.143461
-0.148055
-0.151577
-0.154703
-0.156592
-0.158007
-0.158054
-0.157568
-0.155626
-0.153122
-0.149115
-0.14455
-0.138479
-0.13189
-0.123838
-0.115346
-0.105474
-0.0952797
-0.0838261
-0.0722047
-0.0594776
-0.0467706
-0.0331373
-0.0197396
-0.00561386
0.00804199
0.0222154
0.0356778
0.049445
0.0622644
0.0751825
0.0869343
0.0985932
0.108899
0.118945
0.127493
0.135643
0.142206
0.148267
0.152708
0.156583
0.158865
0.160555
0.160737
0.160335
0.158565
0.156246
0.152744
0.148754
0.14364
0.138247
0.130899
0.122881
0.111742
0.0995663
0.0835506
0.0662474
0.0456663
0.0236107
0.000481701
-0.02374
-0.0462149
-0.0690672
-0.0877174
-0.106211
-0.118386
-0.12977
-0.133672
-0.135949
-0.132583
-0.127989
-0.121997
-0.117126
-0.114346
0.114848
0.118012
0.123103
0.130287
0.136785
0.142499
0.14353
0.142459
0.134653
0.124856
0.109056
0.0918395
0.070541
0.0484684
0.0246618
0.0010612
-0.0216369
-0.043216
-0.0618217
-0.0789667
-0.0925106
-0.104654
-0.11375
-0.121993
-0.128241
-0.134322
-0.139439
-0.144161
-0.147888
-0.15114
-0.153252
-0.154786
-0.15507
-0.154697
-0.153001
-0.150598
-0.146844
-0.142367
-0.136553
-0.13004
-0.122248
-0.113819
-0.10421
-0.0940674
-0.0828802
-0.071302
-0.0588462
-0.0461766
-0.0328211
-0.0194586
-0.0056183
0.00800097
0.0218806
0.0353017
0.0487673
0.061538
0.0741483
0.0858418
0.0971897
0.107427
0.117162
0.12563
0.133477
0.139949
0.145718
0.15006
0.153661
0.155838
0.157277
0.157352
0.156729
0.154852
0.152347
0.148743
0.144566
0.139341
0.133764
0.12617
0.117595
0.106023
0.0930307
0.0764741
0.0584964
0.0374613
0.0153323
-0.00797413
-0.0315253
-0.0537921
-0.0753831
-0.0934456
-0.110239
-0.121538
-0.131004
-0.133945
-0.134808
-0.130737
-0.125698
-0.119503
-0.115068
-0.112218
0.111488
0.114646
0.11964
0.12678
0.134603
0.140255
0.143523
0.142447
0.137641
0.12792
0.115056
0.0979798
0.0787876
0.0568959
0.0340673
0.0106584
-0.0122411
-0.0336559
-0.0534072
-0.0704418
-0.0854096
-0.0974972
-0.107723
-0.115953
-0.122838
-0.128915
-0.134407
-0.139126
-0.143227
-0.146477
-0.148988
-0.150522
-0.15122
-0.150848
-0.149576
-0.147174
-0.143846
-0.139372
-0.133984
-0.127475
-0.120104
-0.11168
-0.102489
-0.0923526
-0.0815817
-0.0700105
-0.057973
-0.0453111
-0.0323801
-0.0190256
-0.00561993
0.0079912
0.0214228
0.0348359
0.0478387
0.0606018
0.0727351
0.0844217
0.0952812
0.105512
0.114753
0.123216
0.130569
0.137037
0.142323
0.146662
0.1498
0.151976
0.152982
0.153057
0.152042
0.150166
0.14732
0.143718
0.139228
0.134007
0.127879
0.120297
0.110688
0.0991695
0.0847891
0.0683392
0.0491532
0.0282786
0.00577794
-0.0173375
-0.0401605
-0.0622415
-0.0820053
-0.0999158
-0.114001
-0.125205
-0.131751
-0.134676
-0.133236
-0.129212
-0.12275
-0.116593
-0.112104
-0.109258
0.106143
0.1093
0.115405
0.122641
0.133195
0.138876
0.146043
0.144982
0.143478
0.133917
0.123499
0.106627
0.0887888
0.0671119
0.0442157
0.0210136
-0.00318253
-0.0244391
-0.0459371
-0.0628717
-0.0793074
-0.0913449
-0.102157
-0.110375
-0.11741
-0.123484
-0.129364
-0.134081
-0.138668
-0.141916
-0.144924
-0.146458
-0.147652
-0.147281
-0.146491
-0.144093
-0.141226
-0.136756
-0.131803
-0.125299
-0.118334
-0.109917
-0.101104
-0.0909756
-0.0805599
-0.0689974
-0.0572988
-0.0446464
-0.0320468
-0.0187023
-0.00563047
0.00797043
0.0210566
0.0344596
0.0470968
0.0598502
0.0715915
0.083269
0.0937068
0.10393
0.112719
0.121175
0.128051
0.134513
0.139303
0.143638
0.146271
0.148445
0.148951
0.149025
0.147529
0.145654
0.142363
0.138763
0.133949
0.12873
0.12252
0.11495
0.104806
0.0933354
0.0775167
0.0611628
0.0402114
0.0194902
-0.0044125
-0.0273245
-0.0504212
-0.0722853
-0.09096
-0.10866
-0.120572
-0.131602
-0.135077
-0.137965
-0.132721
-0.12865
-0.11933
-0.113054
-0.107354
-0.104505
0.100774
0.104018
0.11009
0.118192
0.128654
0.136577
0.143686
0.14588
0.144499
0.138353
0.128091
0.114222
0.0965824
0.0769973
0.0543245
0.03198
0.00794575
-0.0136238
-0.035043
-0.0529578
-0.0693686
-0.0823524
-0.0931016
-0.101878
-0.108782
-0.115256
-0.121131
-0.126274
-0.130858
-0.134598
-0.137604
-0.139684
-0.140877
-0.1411
-0.140311
-0.138545
-0.135681
-0.131875
-0.126925
-0.121112
-0.114152
-0.106448
-0.0976409
-0.0882449
-0.0778364
-0.0670248
-0.0553343
-0.0434507
-0.0308599
-0.0183017
-0.00523892
0.00755958
0.0206366
0.0332238
0.0458522
0.0577811
0.0695142
0.0803654
0.090796
0.1002
0.108983
0.11664
0.12351
0.129204
0.13399
0.137602
0.140234
0.141743
0.142249
0.141733
0.140239
0.13786
0.134572
0.130565
0.125754
0.120187
0.114115
0.106045
0.0959686
0.0835777
0.067785
0.0504011
0.0295263
0.0083428
-0.0154042
-0.0376941
-0.0605689
-0.0806126
-0.099081
-0.114012
-0.125755
-0.133496
-0.13683
-0.136441
-0.131233
-0.12478
-0.115538
-0.108239
-0.102569
-0.0995635
0.0949759
0.0983148
0.104352
0.113387
0.123751
0.134094
0.141141
0.14685
0.145496
0.14313
0.132984
0.122423
0.104968
0.087672
0.0652241
0.0438186
0.0200095
-0.00190069
-0.023136
-0.0421223
-0.0584148
-0.0724504
-0.0831514
-0.0925669
-0.0994659
-0.10637
-0.112241
-0.117845
-0.122425
-0.126695
-0.129699
-0.132369
-0.133562
-0.134425
-0.133637
-0.132554
-0.129692
-0.126604
-0.121658
-0.116591
-0.109636
-0.102701
-0.0939013
-0.0852961
-0.0748955
-0.0648947
-0.053213
-0.0421596
-0.0295782
-0.017869
-0.00481612
0.00711592
0.0201831
0.0318894
0.0445082
0.0555468
0.0672711
0.0772301
0.0876528
0.0961725
0.104949
0.111741
0.118607
0.123471
0.128253
0.131084
0.133714
0.134507
0.135013
0.13386
0.132366
0.129443
0.126158
0.121712
0.116905
0.110962
0.104895
0.0962524
0.0862231
0.0728121
0.0571358
0.0386277
0.0179349
-0.00375257
-0.0272732
-0.0488836
-0.071527
-0.0895799
-0.10785
-0.119732
-0.131338
-0.135441
-0.138723
-0.134795
-0.129626
-0.120601
-0.111442
-0.103038
-0.0974021
-0.0942269
0.0892436
0.0925869
0.0981985
0.107205
0.117524
0.128152
0.136629
0.142964
0.144771
0.143181
0.136716
0.126911
0.112983
0.0963003
0.0768075
0.0557868
0.0338381
0.0120642
-0.00865484
-0.0276946
-0.0443713
-0.0585416
-0.0700519
-0.0796032
-0.0871408
-0.0941225
-0.100382
-0.106071
-0.111026
-0.115395
-0.118878
-0.12166
-0.123432
-0.124417
-0.124304
-0.123354
-0.121257
-0.118309
-0.114211
-0.10929
-0.103261
-0.0964786
-0.0886728
-0.0802251
-0.0708794
-0.0610408
-0.0504659
-0.0395791
-0.0281464
-0.0166078
-0.00473336
0.00702449
0.0188971
0.0304265
0.0418506
0.052711
0.0632579
0.0730391
0.0823208
0.0906651
0.098357
0.104979
0.110835
0.115536
0.119403
0.122082
0.123905
0.12456
0.124383
0.123108
0.121065
0.118039
0.114343
0.109816
0.104622
0.0986117
0.091947
0.0831842
0.0723787
0.0588423
0.0427304
0.0241602
0.00381166
-0.0177691
-0.039695
-0.0609652
-0.0809325
-0.0984184
-0.113373
-0.124531
-0.132521
-0.135853
-0.135836
-0.131254
-0.124363
-0.115007
-0.105686
-0.0972878
-0.0920253
-0.0888339
0.0798518
0.083182
0.0890296
0.0979936
0.111323
0.121777
0.134772
0.141063
0.147481
0.145972
0.144028
0.134403
0.124247
0.107817
0.090636
0.0699002
0.0485713
0.0270572
0.00571931
-0.0131297
-0.0308354
-0.0448994
-0.0568451
-0.0663713
-0.073953
-0.0809285
-0.0875878
-0.0932717
-0.0988585
-0.103224
-0.10745
-0.11023
-0.112846
-0.113831
-0.114654
-0.113704
-0.112622
-0.109676
-0.106662
-0.101745
-0.096858
-0.0900817
-0.0834695
-0.0750292
-0.0669219
-0.0570921
-0.0477945
-0.0369173
-0.026795
-0.0152667
-0.0047297
0.00701781
0.0175339
0.0290532
0.0391115
0.0499623
0.0591464
0.0689189
0.0768559
0.0851929
0.0915752
0.0981913
0.102792
0.10749
0.110177
0.112854
0.113595
0.11425
0.113109
0.111835
0.108966
0.105943
0.101575
0.0970514
0.0914627
0.0854575
0.0787851
0.0700466
0.0588351
0.0454039
0.0282251
0.00984466
-0.0112701
-0.0325893
-0.0541631
-0.0751409
-0.0931358
-0.110353
-0.121854
-0.132809
-0.136492
-0.139714
-0.135144
-0.130574
-0.11905
-0.109851
-0.097231
-0.0888611
-0.0831109
-0.079932
0.0703243
0.0735404
0.0793427
0.0888188
0.101997
0.114578
0.127691
0.137483
0.144247
0.147116
0.14551
0.140462
0.130685
0.118366
0.101581
0.0838779
0.0628342
0.0429329
0.0217364
0.00327734
-0.0143802
-0.0286421
-0.0405045
-0.0502877
-0.0577656
-0.0650587
-0.0717334
-0.0778748
-0.0834935
-0.0884758
-0.092741
-0.0962942
-0.0989572
-0.100866
-0.101741
-0.101857
-0.100833
-0.0990866
-0.0961354
-0.0925396
-0.0877205
-0.0823741
-0.0758341
-0.0689198
-0.0608883
-0.0526659
-0.043447
-0.0342428
-0.0242016
-0.0143942
-0.00394014
0.00605832
0.0164906
0.0262546
0.0362287
0.0453418
0.0544425
0.0625201
0.0703756
0.0770867
0.0833906
0.088476
0.093003
0.0962905
0.0989095
0.100321
0.101001
0.100556
0.0993608
0.0971712
0.0942568
0.0905142
0.086111
0.0810725
0.0754677
0.0691305
0.0625718
0.053575
0.0424532
0.0287709
0.0116401
-0.00650663
-0.0274864
-0.0474518
-0.0687525
-0.087001
-0.104607
-0.117973
-0.12909
-0.135599
-0.138929
-0.137725
-0.132781
-0.124494
-0.112809
-0.10119
-0.0887001
-0.0795791
-0.0738738
-0.0707197
0.0604155
0.0635424
0.069321
0.0790202
0.0917503
0.105778
0.118981
0.131502
0.139325
0.145679
0.145658
0.144274
0.136368
0.12736
0.112558
0.0973331
0.0780402
0.0595168
0.0395021
0.0214598
0.00436808
-0.00998788
-0.0218535
-0.0318498
-0.0395315
-0.0470688
-0.053879
-0.0603736
-0.0661354
-0.0715951
-0.0760788
-0.080231
-0.083189
-0.0858139
-0.08706
-0.0880037
-0.087425
-0.0866095
-0.0841745
-0.0816044
-0.0773673
-0.073132
-0.067233
-0.0615048
-0.0541653
-0.0471927
-0.0387074
-0.0308042
-0.0215274
-0.0130581
-0.00338714
0.00525134
0.014895
0.0232942
0.0324882
0.0402501
0.0485933
0.0553534
0.062488
0.0679355
0.0735684
0.0774649
0.0813831
0.0835759
0.0856588
0.0860887
0.0863125
0.0850151
0.0834513
0.0805515
0.0773586
0.0730587
0.068468
0.0630313
0.0572623
0.0506693
0.0438944
0.0346832
0.023533
0.00971655
-0.00691047
-0.024761
-0.0446579
-0.0634461
-0.0830998
-0.0991054
-0.114796
-0.125048
-0.134295
-0.137236
-0.138902
-0.134165
-0.128005
-0.116809
-0.104852
-0.0915587
-0.0794064
-0.0698999
-0.0642208
-0.0610917
0.0478157
0.0509252
0.0558231
0.0653472
0.0796291
0.0933486
0.109897
0.122168
0.134746
0.140984
0.146742
0.145383
0.143486
0.134636
0.125206
0.110241
0.0949208
0.0766966
0.0589103
0.0411269
0.0248444
0.0106484
-0.00109781
-0.0110565
-0.0188478
-0.0263767
-0.0335383
-0.0400257
-0.0464034
-0.051857
-0.0571907
-0.0613383
-0.065378
-0.068
-0.0705535
-0.0714961
-0.0724404
-0.0716258
-0.0709153
-0.0683481
-0.06602
-0.0617895
-0.0579637
-0.0522419
-0.0471167
-0.0401517
-0.0339955
-0.026101
-0.0192387
-0.0107789
-0.00357564
0.00505323
0.0122107
0.0206005
0.0273269
0.0350803
0.0410129
0.0477654
0.0525854
0.0580268
0.0614791
0.0653713
0.0672791
0.0694694
0.0697453
0.0701747
0.0688237
0.0675277
0.0646451
0.0617485
0.0575103
0.0532151
0.0478637
0.0424331
0.0362246
0.0296389
0.0227117
0.0135376
0.00244205
-0.0112117
-0.0272056
-0.044789
-0.0627612
-0.0812335
-0.0972847
-0.113004
-0.123642
-0.133702
-0.137101
-0.139975
-0.135799
-0.131136
-0.119937
-0.108956
-0.0932525
-0.0802465
-0.0661752
-0.0568383
-0.0517953
-0.0486833
0.0339278
0.0366724
0.041526
0.050914
0.0650454
0.0799456
0.09691
0.111923
0.125216
0.13561
0.142182
0.145903
0.144921
0.141458
0.132949
0.122935
0.10832
0.0938867
0.0764984
0.0610251
0.0449145
0.0317726
0.0202083
0.0105648
0.00289924
-0.00470867
-0.0119013
-0.0187136
-0.0251891
-0.0311962
-0.0366614
-0.0415959
-0.0458004
-0.049443
-0.0521931
-0.0543859
-0.0555568
-0.0562127
-0.055757
-0.0548667
-0.0528187
-0.0504531
-0.0469298
-0.0432378
-0.0384341
-0.0336366
-0.0278174
-0.0221964
-0.0156827
-0.00956732
-0.00272009
0.00353128
0.0103302
0.0163497
0.0227197
0.0281512
0.0337348
0.0382549
0.0427384
0.0460764
0.04921
0.0511642
0.0527763
0.0532271
0.0532348
0.0521506
0.0505635
0.0480015
0.0449187
0.0410189
0.0366196
0.0315927
0.0261212
0.0202321
0.0139793
0.00722425
0.000428902
-0.0085096
-0.0194224
-0.0321605
-0.0479989
-0.0634981
-0.0811033
-0.0960541
-0.111439
-0.12243
-0.132172
-0.136931
-0.139413
-0.137109
-0.132086
-0.122988
-0.111009
-0.0968972
-0.0806855
-0.0661339
-0.0521337
-0.0426845
-0.0376702
-0.0348429
0.0200088
0.0225566
0.0274318
0.0365504
0.0496175
0.0648687
0.0810616
0.0973998
0.111852
0.124427
0.133602
0.140083
0.142665
0.142202
0.137915
0.130728
0.120472
0.108288
0.0945815
0.080569
0.0668634
0.0544431
0.0435315
0.0340951
0.0261323
0.0184858
0.0111819
0.0041953
-0.00243477
-0.00874226
-0.0145423
-0.0199061
-0.0246337
-0.028835
-0.0323001
-0.0351787
-0.0372554
-0.0387192
-0.0393538
-0.039386
-0.0386013
-0.0372624
-0.0351587
-0.0325848
-0.0293351
-0.025732
-0.0215744
-0.0172067
-0.0124315
-0.00760878
-0.00254256
0.00239789
0.00740959
0.0121223
0.0167364
0.020888
0.0247838
0.0280738
0.0309729
0.0331524
0.0348365
0.0357242
0.036049
0.0355431
0.0344473
0.0325316
0.0300399
0.0267835
0.023004
0.0185552
0.0136692
0.00824335
0.00249167
-0.00364567
-0.010113
-0.0169568
-0.0241485
-0.0329275
-0.0433146
-0.0554053
-0.0689996
-0.0831529
-0.0972457
-0.11008
-0.121206
-0.129472
-0.134969
-0.136754
-0.135511
-0.130369
-0.12245
-0.110996
-0.097486
-0.08182
-0.0660674
-0.0509624
-0.0378895
-0.0285961
-0.0235701
-0.020899
0.00225246
0.00451125
0.00794056
0.0165005
0.0300145
0.044975
0.0634924
0.0801581
0.0976803
0.111405
0.124462
0.132848
0.139981
0.141993
0.14238
0.137923
0.131628
0.121977
0.110979
0.0988796
0.0866626
0.0753497
0.0653849
0.0563928
0.0489593
0.0414431
0.0341262
0.0271332
0.0201732
0.0137482
0.00741991
0.00182074
-0.00363596
-0.00819454
-0.0125884
-0.0159471
-0.0191466
-0.0212114
-0.0231529
-0.0239013
-0.0245937
-0.0240772
-0.0236022
-0.0219446
-0.0204533
-0.0178445
-0.0155487
-0.0122347
-0.00939543
-0.0056648
-0.00257694
0.00125595
0.00428098
0.00789441
0.0105482
0.0136326
0.015629
0.0179069
0.0190009
0.0202444
0.020249
0.0202954
0.0190944
0.0178569
0.0154135
0.0128875
0.00924654
0.00550866
0.000793533
-0.00400438
-0.00960192
-0.0152448
-0.0214791
-0.0277053
-0.0342949
-0.0410742
-0.0477829
-0.0561744
-0.0656811
-0.0767328
-0.0889926
-0.101306
-0.112898
-0.123244
-0.130601
-0.136113
-0.137022
-0.136222
-0.130352
-0.123122
-0.111094
-0.0982611
-0.0813466
-0.0651288
-0.0466714
-0.03169
-0.0178445
-0.00901405
-0.00524933
-0.00284174
-0.0149872
-0.013265
-0.00949273
-0.0019025
0.0103862
0.0250593
0.0422756
0.0600929
0.0772631
0.0937553
0.107353
0.119928
0.128351
0.13558
0.137935
0.139073
0.135219
0.130671
0.122095
0.113855
0.103483
0.0944466
0.0852548
0.0772208
0.0698187
0.0625622
0.0553468
0.0483307
0.0414359
0.034758
0.0284031
0.0223077
0.0167247
0.0114184
0.00679347
0.0024337
-0.00110368
-0.00441834
-0.00680308
-0.0090386
-0.0102745
-0.0114638
-0.011624
-0.0118652
-0.0110881
-0.0105388
-0.0090207
-0.0078885
-0.00587171
-0.00440182
-0.00216041
-0.000620248
0.00155661
0.00289423
0.00472061
0.00559522
0.00680689
0.00698799
0.00736017
0.0066634
0.00602649
0.00432716
0.00257911
-0.000178015
-0.00306404
-0.00685994
-0.0108334
-0.0155756
-0.0205116
-0.0260407
-0.0317503
-0.0378515
-0.0440953
-0.0505146
-0.0570716
-0.0637265
-0.0704765
-0.0780401
-0.0868471
-0.0957811
-0.106243
-0.114872
-0.12404
-0.129407
-0.134245
-0.134158
-0.132946
-0.126754
-0.119394
-0.10764
-0.0948476
-0.0788092
-0.062037
-0.0442281
-0.0269391
-0.0119204
0.000743204
0.00876617
0.0128483
0.0147682
-0.0341801
-0.0327549
-0.0310816
-0.0242654
-0.0129746
0.000808686
0.0182589
0.0354563
0.0541976
0.070685
0.0874184
0.100692
0.11376
0.122357
0.130477
0.133498
0.13564
0.133156
0.129723
0.123283
0.116463
0.108606
0.101245
0.0937628
0.0870191
0.0800311
0.0731084
0.066261
0.0593979
0.0528167
0.0462581
0.0401783
0.0341418
0.0287632
0.0234267
0.0189027
0.0143944
0.0108225
0.00721377
0.00463014
0.00193108
0.000308319
-0.00153212
-0.00228308
-0.00337358
-0.00339825
-0.00389771
-0.00338858
-0.00349587
-0.00268056
-0.00262132
-0.00174803
-0.00176002
-0.00108148
-0.00139834
-0.0011551
-0.00199026
-0.002394
-0.00392494
-0.00514342
-0.00749813
-0.00964206
-0.012888
-0.0160025
-0.02014
-0.0241996
-0.0291605
-0.0340702
-0.039721
-0.0453227
-0.0514741
-0.057558
-0.0639782
-0.0702981
-0.0767299
-0.083175
-0.0893819
-0.0964383
-0.103538
-0.111317
-0.118383
-0.125201
-0.12934
-0.132571
-0.13139
-0.129284
-0.122093
-0.114347
-0.101955
-0.0892947
-0.0728722
-0.0566429
-0.0377894
-0.0204492
-0.00250123
0.0117164
0.0236376
0.030927
0.0330196
0.0346512
-0.0528168
-0.0520544
-0.0497635
-0.0444843
-0.0349156
-0.0226756
-0.00748466
0.00909757
0.0264453
0.0437947
0.0601957
0.0759334
0.0896448
0.102179
0.111885
0.119882
0.12447
0.127186
0.126605
0.124613
0.120281
0.115375
0.109392
0.103372
0.0970765
0.0907487
0.0842411
0.0778028
0.0712996
0.0649465
0.0586614
0.0526063
0.046742
0.0411683
0.0358916
0.0309428
0.0263749
0.0221461
0.0183562
0.0148892
0.0118903
0.00917151
0.00692111
0.00488358
0.00328639
0.00181512
0.000730667
-0.000329235
-0.00107725
-0.00190969
-0.00252122
-0.00332646
-0.00401143
-0.00499223
-0.00595607
-0.00730332
-0.00873225
-0.0106109
-0.0126578
-0.0151937
-0.0179662
-0.0212359
-0.0247861
-0.0288087
-0.0331282
-0.0378618
-0.04288
-0.0482234
-0.0538106
-0.0596088
-0.0655857
-0.0716404
-0.07779
-0.0838742
-0.0899795
-0.0959111
-0.101778
-0.107498
-0.113293
-0.118216
-0.122767
-0.125158
-0.126309
-0.124234
-0.120369
-0.113024
-0.103956
-0.0918811
-0.0785552
-0.0629669
-0.0466181
-0.0290688
-0.0114211
0.00567284
0.0214341
0.0343292
0.0445261
0.050365
0.0530331
0.0540229
-0.07168
-0.071468
-0.0716231
-0.0678654
-0.0599583
-0.0497445
-0.035619
-0.0208997
-0.00394368
0.0123677
0.0294695
0.0452846
0.0610294
0.0748463
0.0878814
0.098261
0.106922
0.112689
0.116021
0.117019
0.115659
0.112958
0.108606
0.103851
0.0982689
0.0927637
0.0868378
0.0811068
0.0750668
0.0693492
0.0633998
0.0578846
0.0522103
0.0470618
0.0418161
0.0371637
0.0324604
0.0283909
0.0242974
0.0208507
0.0173851
0.0145521
0.0116832
0.00940848
0.00705943
0.00524568
0.00330071
0.00181674
0.0001299
-0.00117963
-0.00277351
-0.00407682
-0.00575016
-0.00721627
-0.00913621
-0.0109225
-0.0132384
-0.0154787
-0.0183099
-0.0211037
-0.0245295
-0.0279326
-0.0319838
-0.0360027
-0.0406568
-0.0452453
-0.0504258
-0.0554863
-0.061066
-0.0664555
-0.0722644
-0.0778036
-0.0836404
-0.0891265
-0.0947732
-0.0999777
-0.105206
-0.109718
-0.113922
-0.116619
-0.118202
-0.11747
-0.114609
-0.109232
-0.101059
-0.0909975
-0.0782446
-0.0645275
-0.0487565
-0.0327627
-0.0153141
0.00145241
0.0190412
0.0344281
0.0493585
0.0602906
0.0689374
0.0732683
0.0735438
0.073983
-0.0889203
-0.0891075
-0.09033
-0.0877646
-0.0827088
-0.0742477
-0.0637692
-0.0507009
-0.0368007
-0.0215402
-0.0061747
0.009429
0.0250311
0.0395559
0.0541542
0.0660943
0.0778956
0.0857756
0.0931577
0.0963107
0.098779
0.0977445
0.0959921
0.092256
0.0881858
0.0833089
0.0787629
0.0735727
0.06887
0.0636386
0.0589538
0.0538522
0.0493323
0.0445099
0.0402785
0.0358541
0.0320031
0.0280571
0.0246415
0.0212123
0.0182473
0.0153294
0.0127911
0.0103376
0.00816627
0.00609357
0.00419996
0.00239483
0.000667774
-0.00100331
-0.00268794
-0.00436874
-0.00613818
-0.00797195
-0.00994711
-0.0120657
-0.0143517
-0.0168653
-0.0195425
-0.0225304
-0.0256476
-0.0291502
-0.0327186
-0.0367323
-0.0407227
-0.045198
-0.0495403
-0.0543828
-0.0589694
-0.0640452
-0.0687373
-0.0738816
-0.0785187
-0.0835472
-0.0879472
-0.0925963
-0.0964405
-0.0999809
-0.101603
-0.102616
-0.100181
-0.0971863
-0.0898885
-0.0822019
-0.0703726
-0.0584939
-0.0436455
-0.0289499
-0.0128643
0.003161
0.0192085
0.0351083
0.0498286
0.0636711
0.0749998
0.084213
0.0899878
0.0931251
0.0922998
0.0923387
-0.103266
-0.104241
-0.105373
-0.105209
-0.101884
-0.0971679
-0.0889201
-0.0799512
-0.0681743
-0.0562888
-0.0426252
-0.0290617
-0.0146217
-0.000467841
0.013628
0.0269735
0.0390168
0.0497626
0.0579954
0.0646466
0.0682143
0.0702887
0.0694901
0.0680366
0.0646466
0.0616464
0.0578551
0.0545121
0.050551
0.0471597
0.0432073
0.039887
0.0360712
0.032928
0.0293566
0.026475
0.0232284
0.0206654
0.017791
0.0155724
0.0130827
0.0112022
0.00907505
0.00749626
0.00567815
0.00433896
0.0027509
0.00156958
0.000114131
-0.00100333
-0.00243389
-0.00358606
-0.00510102
-0.00638328
-0.0080853
-0.00958255
-0.0115595
-0.0133396
-0.0156575
-0.0177653
-0.0204622
-0.0229154
-0.0259969
-0.0287835
-0.0322203
-0.0352971
-0.0390257
-0.0423205
-0.0462453
-0.0496606
-0.0536604
-0.0570801
-0.0610156
-0.0643128
-0.0679993
-0.0708809
-0.0740956
-0.0753919
-0.0760434
-0.0738161
-0.0701726
-0.0633465
-0.0550186
-0.0439916
-0.0317154
-0.0179233
-0.00339937
0.0113638
0.0264087
0.0407052
0.0551125
0.0678045
0.0804075
0.0901871
0.0992449
0.104675
0.10867
0.109368
0.10862
0.107862
-0.112938
-0.114311
-0.117203
-0.118543
-0.117858
-0.115903
-0.111157
-0.105684
-0.0974799
-0.0891037
-0.0784673
-0.0679616
-0.0556162
-0.0437654
-0.0305242
-0.018475
-0.00593418
0.00464547
0.0144296
0.0218651
0.0273998
0.0307685
0.0316093
0.031606
0.0295875
0.02814
0.0258969
0.0241865
0.0218704
0.0201578
0.0178627
0.0162243
0.0140386
0.0125435
0.0105423
0.00924581
0.00748462
0.00642298
0.00493275
0.0041199
0.00290518
0.00233195
0.0013714
0.00100718
0.000256675
5.2976e-05
-0.000549442
-0.000653896
-0.00118192
-0.0012555
-0.00178795
-0.00190025
-0.00251459
-0.00273105
-0.00349749
-0.00387457
-0.0048509
-0.00543207
-0.0066592
-0.00747186
-0.00897058
-0.0100237
-0.0117923
-0.0130756
-0.0150891
-0.0165728
-0.0187839
-0.0204205
-0.0227615
-0.0244889
-0.0268766
-0.0286222
-0.0309637
-0.0326499
-0.0348489
-0.0362129
-0.038118
-0.0379656
-0.0369368
-0.033316
-0.027503
-0.0196963
-0.00949829
0.00158549
0.0147062
0.0273762
0.0413279
0.0538726
0.0669928
0.0782248
0.0896618
0.0987668
0.107762
0.11393
0.119402
0.121971
0.12325
0.122405
0.11991
0.118752
-0.116849
-0.118426
-0.121887
-0.124148
-0.12622
-0.126181
-0.125754
-0.122858
-0.119544
-0.113934
-0.108039
-0.100164
-0.0920353
-0.0824579
-0.0725614
-0.0622075
-0.0516925
-0.0420307
-0.0327116
-0.0253681
-0.018956
-0.0150058
-0.0124399
-0.0114316
-0.0113161
-0.0115804
-0.0115006
-0.0119505
-0.0118278
-0.0122448
-0.0120516
-0.0123929
-0.0120993
-0.0123243
-0.0119032
-0.0119791
-0.0114114
-0.0113175
-0.0105955
-0.0103262
-0.00945556
-0.00902127
-0.00802055
-0.00744621
-0.00634506
-0.00566737
-0.00450314
-0.00376653
-0.00258022
-0.00183251
-0.000664911
4.69076e-05
0.00115855
0.00179197
0.00281654
0.00333631
0.00425042
0.00463066
0.00541945
0.00564496
0.00630231
0.00636914
0.00689733
0.0068129
0.00722179
0.00700412
0.00730995
0.00698621
0.00720992
0.00681431
0.00697946
0.0065503
0.00668063
0.00625699
0.00637399
0.00617861
0.00636009
0.00751912
0.0103089
0.0145495
0.0214031
0.0291921
0.0391268
0.0493602
0.0605913
0.0715891
0.0822076
0.0924454
0.101244
0.109764
0.116276
0.122506
0.126391
0.129869
0.13082
0.13139
0.129801
0.128011
0.124972
0.123614
-0.114992
-0.116725
-0.119732
-0.122903
-0.126183
-0.128244
-0.130237
-0.130309
-0.1302
-0.127913
-0.125555
-0.121007
-0.116502
-0.10999
-0.103613
-0.095756
-0.088262
-0.0802018
-0.0728763
-0.0660554
-0.060263
-0.0558086
-0.0523524
-0.0501112
-0.0482789
-0.0469823
-0.0451564
-0.043922
-0.0420273
-0.0407138
-0.0387387
-0.0373484
-0.0353081
-0.0338387
-0.0317425
-0.030191
-0.0280457
-0.0264116
-0.0242242
-0.0225122
-0.0202912
-0.0185119
-0.0162679
-0.014437
-0.0121818
-0.0103188
-0.00806386
-0.00618922
-0.00394403
-0.00207737
0.00015197
0.0019942
0.00420528
0.00601079
0.00820488
0.00996577
0.0121466
0.013859
0.0160311
0.0176941
0.0198612
0.0214757
0.0236385
0.0252059
0.0273611
0.0288819
0.0310204
0.0324933
0.0345998
0.0360205
0.0380731
0.0394336
0.0414039
0.0426918
0.0445838
0.0459458
0.0478399
0.0502218
0.053879
0.0586339
0.0648159
0.0721009
0.0799369
0.088554
0.0965879
0.105013
0.111885
0.118922
0.123854
0.128877
0.13162
0.134347
0.134828
0.135181
0.133574
0.131946
0.129099
0.12638
0.123795
0.122293
-0.107966
-0.109591
-0.112608
-0.116224
-0.120018
-0.123857
-0.126853
-0.129823
-0.131062
-0.132347
-0.131521
-0.130893
-0.128053
-0.125552
-0.120878
-0.116756
-0.110775
-0.105634
-0.0993705
-0.0941397
-0.0887872
-0.0843411
-0.0807005
-0.0771798
-0.0746622
-0.0714672
-0.0688822
-0.0656148
-0.0629231
-0.0595801
-0.0568175
-0.0534597
-0.0506617
-0.0473355
-0.044528
-0.0412665
-0.0384676
-0.0352924
-0.032515
-0.0294375
-0.0266901
-0.023713
-0.021001
-0.0181181
-0.0154431
-0.0126403
-0.00999979
-0.0072555
-0.00464198
-0.00192769
0.000670976
0.00338866
0.00598845
0.00874522
0.0113645
0.014195
0.0168518
0.019786
0.0224955
0.0255547
0.0283264
0.0315204
0.0343554
0.0376796
0.0405692
0.0440034
0.0469275
0.0504356
0.0533627
0.056893
0.0597809
0.0632684
0.0660651
0.0694338
0.0720934
0.07535
0.0779136
0.0815184
0.085321
0.0899546
0.0956344
0.101146
0.107826
0.113266
0.119662
0.124044
0.129073
0.131781
0.134916
0.135729
0.136823
0.135739
0.13478
0.132066
0.129396
0.125914
0.122534
0.119399
0.11684
0.115484
-0.0974492
-0.0988914
-0.101648
-0.105001
-0.10935
-0.113264
-0.117827
-0.121264
-0.124747
-0.126845
-0.128721
-0.129181
-0.129376
-0.12818
-0.126707
-0.124001
-0.12099
-0.117153
-0.113073
-0.108734
-0.104323
-0.100124
-0.0960034
-0.0921263
-0.0882067
-0.0844037
-0.0802901
-0.0764056
-0.0721936
-0.0682821
-0.0640694
-0.0602125
-0.0560778
-0.0523388
-0.048341
-0.0447645
-0.0409433
-0.0375566
-0.0339333
-0.0307468
-0.0273254
-0.0243342
-0.0211027
-0.0182875
-0.0152191
-0.0125472
-0.00960167
-0.00702914
-0.00415535
-0.00162898
0.00123194
0.00377097
0.00668144
0.00929329
0.0123145
0.0150558
0.0182422
0.0211611
0.024555
0.0276865
0.0313139
0.0346754
0.0385417
0.0421312
0.0462195
0.0500133
0.0542836
0.0582365
0.0626265
0.0666737
0.0711011
0.0751604
0.0795267
0.0835022
0.0876973
0.0915373
0.095466
0.0993764
0.103548
0.107835
0.112375
0.116847
0.121063
0.12503
0.128131
0.130934
0.132441
0.133712
0.133536
0.133165
0.131346
0.129389
0.126039
0.122833
0.118517
0.114967
0.111038
0.108202
0.106041
0.104892
-0.0859765
-0.087191
-0.0890325
-0.0921377
-0.0960018
-0.100107
-0.104496
-0.108599
-0.112465
-0.115618
-0.118329
-0.12016
-0.121549
-0.121968
-0.121996
-0.12099
-0.119632
-0.117297
-0.11467
-0.111298
-0.107699
-0.103684
-0.0994372
-0.0950563
-0.0904187
-0.0858139
-0.0810168
-0.076318
-0.0715113
-0.0668495
-0.0621585
-0.0576427
-0.0531695
-0.048885
-0.0447055
-0.0407122
-0.0368754
-0.0332078
-0.0297356
-0.0264032
-0.0232912
-0.0202792
-0.0174982
-0.0147697
-0.0122677
-0.00976567
-0.00747099
-0.00512204
-0.00294783
-0.000666292
0.00148426
0.00379061
0.00601759
0.00844115
0.010841
0.0134674
0.0161257
0.0190271
0.0220114
0.0252404
0.0285952
0.0321799
0.0359217
0.0398628
0.0439789
0.0482481
0.0526952
0.057236
0.0619423
0.0666722
0.0715409
0.0763549
0.0812683
0.0860446
0.090872
0.0954817
0.100079
0.104426
0.108615
0.112594
0.116125
0.119454
0.121987
0.124248
0.12548
0.126386
0.126228
0.125721
0.124248
0.122388
0.119681
0.116597
0.112852
0.108948
0.104832
0.101098
0.0976954
0.0951488
0.0938304
0.0929388
-0.07285
-0.073622
-0.0752451
-0.0775678
-0.0812366
-0.0848608
-0.089396
-0.0933829
-0.097514
-0.100925
-0.104043
-0.106484
-0.108479
-0.109836
-0.110662
-0.110839
-0.110325
-0.109186
-0.107222
-0.104711
-0.101411
-0.0976221
-0.0931923
-0.0884362
-0.0832904
-0.078111
-0.0728501
-0.0676662
-0.0624571
-0.0574709
-0.0524567
-0.0478017
-0.0430992
-0.0388794
-0.0345753
-0.0308619
-0.0270109
-0.0238407
-0.020465
-0.0178402
-0.0149297
-0.0128188
-0.010333
-0.0086726
-0.00654302
-0.00524196
-0.00337641
-0.00232054
-0.000608458
0.000332582
0.0020132
0.00297795
0.00475261
0.00587886
0.00786794
0.00928358
0.0115938
0.013408
0.0161243
0.0184202
0.0215997
0.0244283
0.0280953
0.0314724
0.0356164
0.0395213
0.0440967
0.0484728
0.0534014
0.0581599
0.0633342
0.0683584
0.0736474
0.0787986
0.0840541
0.0891351
0.0941966
0.0988023
0.103099
0.10669
0.109813
0.112081
0.113816
0.114686
0.114938
0.114508
0.113443
0.111906
0.109757
0.107253
0.104107
0.100773
0.0967568
0.0930061
0.0887533
0.0855596
0.0823888
0.0807026
0.0797991
0.0793917
-0.0601942
-0.0607885
-0.0614449
-0.0633852
-0.0660612
-0.0692841
-0.0729231
-0.0766062
-0.0802047
-0.0834525
-0.0864017
-0.088836
-0.0909947
-0.0924956
-0.0937979
-0.0942291
-0.0944256
-0.0935661
-0.0923291
-0.0900097
-0.0871425
-0.0833578
-0.0788854
-0.0739694
-0.0684824
-0.0630802
-0.0575599
-0.0521887
-0.0468925
-0.0417826
-0.0368906
-0.0321849
-0.0278303
-0.0236401
-0.0199201
-0.0163212
-0.0132939
-0.0103239
-0.0080062
-0.00566453
-0.00403219
-0.00228053
-0.00126961
-3.43549e-05
0.000455271
0.00127892
0.00137814
0.00192032
0.00178353
0.00219219
0.00198825
0.00242015
0.00232206
0.00293286
0.00310702
0.00404124
0.00463685
0.0060183
0.00715791
0.00908164
0.0108537
0.0133799
0.0158337
0.0189841
0.0221272
0.0258838
0.0296824
0.033989
0.0383705
0.0431357
0.0479929
0.0530956
0.0582927
0.0635877
0.0689502
0.0742132
0.0794938
0.0842118
0.0884126
0.0919376
0.0944594
0.0964643
0.0973136
0.0978377
0.0972686
0.0965381
0.0949503
0.0932482
0.0909485
0.0884536
0.0855274
0.0823774
0.0789665
0.0755516
0.0722789
0.0695225
0.0674218
0.0661501
0.0661772
0.0659633
-0.0477586
-0.0478667
-0.0481036
-0.0490534
-0.051274
-0.0535349
-0.0568089
-0.0596342
-0.0628698
-0.0654496
-0.0680911
-0.0700837
-0.0720504
-0.07336
-0.0746207
-0.0751037
-0.0753714
-0.0747203
-0.0735704
-0.0714505
-0.0685907
-0.0648337
-0.0601714
-0.055106
-0.0493414
-0.0438255
-0.0381608
-0.0328468
-0.0274953
-0.0226463
-0.0177801
-0.0135513
-0.0093104
-0.00582123
-0.00230721
0.000363741
0.00309141
0.00490968
0.00683597
0.0078127
0.00896736
0.0091588
0.00961479
0.00911964
0.00898944
0.00794414
0.00737386
0.00594543
0.00510681
0.00348379
0.00256432
0.000945974
0.000137706
-0.00127769
-0.00178995
-0.00281691
-0.00286698
-0.00334382
-0.00279424
-0.00259222
-0.00134227
-0.000372445
0.00163657
0.00341951
0.00620174
0.00879825
0.0123238
0.015691
0.0198886
0.0239438
0.0287054
0.0333317
0.0385187
0.0435708
0.0490207
0.0542483
0.0597648
0.0645111
0.0688549
0.0722389
0.0746956
0.0764023
0.077111
0.0773652
0.0766891
0.0758965
0.0743421
0.07287
0.0707817
0.0688012
0.0662205
0.0638273
0.0608239
0.0583571
0.0554911
0.0537792
0.0521771
0.0519701
0.0525691
0.0528759
-0.036164
-0.0360385
-0.0358292
-0.036256
-0.0374333
-0.0390679
-0.0410774
-0.0432804
-0.0454216
-0.0474547
-0.049211
-0.0507694
-0.0520191
-0.0530194
-0.0537008
-0.0539925
-0.0538409
-0.0530866
-0.0516974
-0.049511
-0.046553
-0.0427156
-0.0381628
-0.0330143
-0.0274678
-0.0219011
-0.0164803
-0.0111976
-0.00622013
-0.00150025
0.00281738
0.0068135
0.0103286
0.0134777
0.0160885
0.0183105
0.0199607
0.0212229
0.0219047
0.0222232
0.0219783
0.0214179
0.0203357
0.0190072
0.0172209
0.0152759
0.012956
0.0105792
0.00792505
0.0053244
0.00255271
-5.22146e-05
-0.00271903
-0.00510957
-0.00745652
-0.00942758
-0.0112592
-0.0126309
-0.0137821
-0.0144097
-0.0147541
-0.0145347
-0.0139906
-0.0128677
-0.0114004
-0.00936464
-0.00698628
-0.00407402
-0.000840872
0.00286954
0.00686165
0.0112553
0.0158767
0.0208082
0.0258595
0.0310665
0.0362466
0.0410172
0.0451664
0.0485822
0.0510949
0.052833
0.0537831
0.0541267
0.0539167
0.0533272
0.0524313
0.0513039
0.0500283
0.0485338
0.046939
0.0451521
0.0433429
0.0415573
0.0400494
0.0390148
0.0385173
0.038871
0.0397385
0.040295
-0.0256384
-0.0252541
-0.0240697
-0.023871
-0.0242874
-0.0251532
-0.0264813
-0.0278505
-0.0292427
-0.0304626
-0.0314862
-0.0322909
-0.0329208
-0.0332492
-0.0335025
-0.0332307
-0.0328433
-0.0316621
-0.0301494
-0.0276867
-0.0246257
-0.0206614
-0.0158501
-0.0107174
-0.00494
0.000485213
0.0058602
0.0108881
0.0156286
0.0199811
0.023903
0.0274185
0.0303742
0.0329297
0.0348152
0.036333
0.0370934
0.0375449
0.0371783
0.0365863
0.0351447
0.0335832
0.0311711
0.0287625
0.0255331
0.0224427
0.0185907
0.0150191
0.0107707
0.00694299
0.00254449
-0.00130162
-0.00559748
-0.00922495
-0.013173
-0.0163585
-0.0197346
-0.0222807
-0.0248932
-0.0266385
-0.0283376
-0.029164
-0.0298477
-0.0296845
-0.0293014
-0.0281265
-0.026675
-0.0245136
-0.0220395
-0.01896
-0.0155516
-0.0116608
-0.007443
-0.00287996
0.00199197
0.00697081
0.0122946
0.0169937
0.021338
0.0248557
0.0274179
0.0294394
0.0304889
0.0312981
0.0313381
0.031376
0.0309621
0.030586
0.0300139
0.0293579
0.0285916
0.0277001
0.0267294
0.0258502
0.0250935
0.0248841
0.0252103
0.026226
0.028333
0.029161
-0.0160046
-0.0151713
-0.0139519
-0.0128055
-0.0128205
-0.0125983
-0.0133887
-0.0136157
-0.0144514
-0.0145809
-0.0150619
-0.0148913
-0.0149876
-0.0144973
-0.0142234
-0.0133191
-0.0124451
-0.0108278
-0.00892906
-0.00621206
-0.0029159
0.00114187
0.00598821
0.0110688
0.0167512
0.0219254
0.0271921
0.0317625
0.0363732
0.0400626
0.0438261
0.0464712
0.0492408
0.0507196
0.0523928
0.0526312
0.0531547
0.0521318
0.0515056
0.0492564
0.0475344
0.0441495
0.041439
0.0370621
0.0335188
0.0283409
0.0241624
0.0184128
0.0138288
0.00776411
0.00302408
-0.00308472
-0.00772451
-0.0136067
-0.0178975
-0.0232963
-0.0270104
-0.0316963
-0.0346382
-0.0384193
-0.0404356
-0.0431656
-0.0441503
-0.0457328
-0.0456306
-0.0460205
-0.044826
-0.0440279
-0.0417832
-0.0398478
-0.0366374
-0.0336567
-0.0296026
-0.0257044
-0.020968
-0.0163981
-0.0111882
-0.00664806
-0.00227191
0.00128043
0.00409689
0.0063641
0.00783633
0.0091226
0.00969696
0.0104502
0.0106151
0.0111682
0.0111797
0.0116208
0.0114445
0.0117609
0.0113918
0.0117558
0.0115771
0.0125321
0.013285
0.0153006
0.0173949
0.0186934
-0.00738937
-0.00654708
-0.00457362
-0.00330063
-0.00220252
-0.00170213
-0.00117434
-0.00105105
-0.000554068
-0.000307945
0.000469451
0.00102588
0.00208658
0.00297426
0.00428228
0.00558461
0.00731467
0.00929428
0.0117963
0.014791
0.0183791
0.022593
0.0273505
0.0324535
0.037737
0.0429052
0.0475884
0.0521536
0.0559748
0.05966
0.0624228
0.0650648
0.0666272
0.0681042
0.06837
0.0686081
0.067533
0.0665113
0.0641074
0.0618608
0.0581975
0.0548165
0.0500196
0.0456478
0.0398951
0.0347231
0.0282367
0.0224937
0.0155302
0.00947252
0.00230991
-0.00379184
-0.0108678
-0.0167431
-0.0234538
-0.0288463
-0.0349339
-0.0396144
-0.0448541
-0.0486308
-0.0528405
-0.0555673
-0.0586134
-0.0601941
-0.0619947
-0.0623841
-0.0629085
-0.0621113
-0.0613778
-0.0594446
-0.0575162
-0.0545389
-0.0515182
-0.0476245
-0.0436666
-0.039102
-0.034431
-0.0298653
-0.0256508
-0.0219275
-0.0188189
-0.0162487
-0.01411
-0.012429
-0.0108886
-0.00970235
-0.00836729
-0.00738253
-0.00607092
-0.00521105
-0.00399278
-0.00326883
-0.00218631
-0.00144179
-0.000208647
0.00104881
0.00297335
0.00512613
0.00795595
0.00926387
-0.000106044
0.00100092
0.00349269
0.00537436
0.00692615
0.00817901
0.00922263
0.0101988
0.0112789
0.0123964
0.0137745
0.0151749
0.016819
0.0184954
0.0203359
0.0223372
0.0245158
0.0270502
0.0298924
0.0332345
0.0370356
0.0413394
0.0462139
0.0511613
0.0564313
0.0612517
0.0658028
0.0698881
0.0734945
0.0765834
0.0790653
0.0809995
0.0822154
0.0828784
0.0827334
0.0820577
0.08051
0.0784822
0.075547
0.0722105
0.0679619
0.0634169
0.0579868
0.0523876
0.0459607
0.0395096
0.0323166
0.025255
0.0175616
0.0101585
0.00225258
-0.00520824
-0.0130307
-0.0202655
-0.0277156
-0.0344544
-0.0412643
-0.0472641
-0.0531995
-0.0582547
-0.0631242
-0.0670747
-0.0707364
-0.0734716
-0.0758358
-0.0772963
-0.0783252
-0.0785012
-0.0782066
-0.0771349
-0.0755738
-0.0733328
-0.0706029
-0.0673081
-0.0635424
-0.0594164
-0.0547971
-0.0504409
-0.0461247
-0.0423231
-0.0389957
-0.0360476
-0.0335391
-0.0312401
-0.0292024
-0.0272336
-0.0253046
-0.0234396
-0.0214777
-0.0196839
-0.0177991
-0.0161227
-0.0143986
-0.0127351
-0.0109413
-0.00888662
-0.00647624
-0.00369274
-0.000231415
0.00134703
0.00661363
0.00805296
0.0105436
0.0131588
0.0149216
0.0170776
0.0184126
0.0203991
0.0217993
0.0239411
0.0256442
0.0280299
0.0300052
0.0325917
0.0347724
0.037564
0.0400703
0.0432141
0.0463295
0.0500352
0.0540134
0.0583826
0.0633032
0.0680403
0.0732625
0.0776363
0.0821445
0.0856125
0.0891719
0.091493
0.0939228
0.0949448
0.0961045
0.0957179
0.0955133
0.0936587
0.0920486
0.0887223
0.0857224
0.0809788
0.0766638
0.0706158
0.065118
0.0579336
0.0514381
0.0433347
0.0360723
0.0273071
0.0195437
0.0104024
0.00242585
-0.0067908
-0.0146845
-0.0236754
-0.0311973
-0.039675
-0.0465571
-0.0542608
-0.0602685
-0.0669747
-0.0719162
-0.0774465
-0.0811793
-0.0854047
-0.0878383
-0.0906809
-0.0917767
-0.0932082
-0.0929769
-0.0930158
-0.0915135
-0.0902212
-0.0875442
-0.0850205
-0.0813026
-0.0777408
-0.0731735
-0.0690994
-0.0647322
-0.0608858
-0.0573639
-0.0540209
-0.0512132
-0.0482323
-0.0458361
-0.0429787
-0.0406781
-0.0377941
-0.0354713
-0.0325853
-0.0303469
-0.0275506
-0.0254785
-0.0227285
-0.0206182
-0.0176101
-0.0149725
-0.011431
-0.00798558
-0.00606797
0.012787
0.0142322
0.0166342
0.0193315
0.021845
0.0241847
0.0264907
0.0287123
0.0310885
0.0334847
0.0361122
0.0387606
0.0416152
0.044474
0.047497
0.0505639
0.0538176
0.0572142
0.0608613
0.0647618
0.0689343
0.0734127
0.0780481
0.0828004
0.0874244
0.0917943
0.0956353
0.0991
0.101891
0.10421
0.10576
0.106781
0.10696
0.106573
0.105298
0.103445
0.100686
0.097363
0.0931463
0.088407
0.0828181
0.0767756
0.0699567
0.0627789
0.0549243
0.0468283
0.0381772
0.0294201
0.0202457
0.0111129
0.00171015
-0.00749802
-0.0168264
-0.025809
-0.034767
-0.0432369
-0.0515486
-0.0592453
-0.0666666
-0.0733666
-0.0796949
-0.08522
-0.0902993
-0.0945208
-0.0982457
-0.101086
-0.103401
-0.104831
-0.105729
-0.105768
-0.105286
-0.103995
-0.102212
-0.0996906
-0.0967454
-0.0931868
-0.0893013
-0.0852095
-0.0811647
-0.0771983
-0.0734585
-0.0699026
-0.0664975
-0.063241
-0.060008
-0.0568507
-0.0536134
-0.0504328
-0.0471429
-0.0439706
-0.0407308
-0.0376568
-0.0345433
-0.0315355
-0.0284031
-0.0251926
-0.0217835
-0.0181516
-0.014988
-0.0130639
0.0172702
0.0187584
0.0222318
0.0250737
0.0281608
0.0307299
0.0336785
0.0361788
0.0392936
0.041985
0.0453841
0.0483291
0.0519377
0.055091
0.0588014
0.0621518
0.0659772
0.0696204
0.0736769
0.077749
0.0821218
0.0866655
0.0913158
0.0960228
0.100438
0.104715
0.108158
0.111511
0.113777
0.115971
0.116897
0.117782
0.117243
0.116711
0.114631
0.112624
0.10898
0.105496
0.100322
0.0954173
0.088807
0.0825957
0.0747006
0.0673517
0.058376
0.0501072
0.0403001
0.0313692
0.0210141
0.0117068
0.00110891
-0.00827449
-0.018802
-0.0279605
-0.0381115
-0.0467578
-0.0562459
-0.0641191
-0.0726899
-0.0795662
-0.0870062
-0.0927062
-0.0988487
-0.103242
-0.10797
-0.110978
-0.114224
-0.115815
-0.11756
-0.11775
-0.118018
-0.116867
-0.115724
-0.113327
-0.110875
-0.107421
-0.103809
-0.0997682
-0.0957364
-0.0916986
-0.0877513
-0.0840063
-0.0801488
-0.0766204
-0.0727469
-0.0692773
-0.065269
-0.061765
-0.0576331
-0.0541359
-0.0500413
-0.0466454
-0.0427243
-0.0394144
-0.0355932
-0.0321365
-0.0281266
-0.0243448
-0.0199053
-0.0179391
0.0214424
0.0231292
0.0266259
0.0299106
0.0331036
0.0362258
0.0393338
0.0424683
0.0457645
0.0491075
0.0526946
0.0562723
0.0600747
0.0638187
0.0677282
0.0715955
0.0756125
0.0796438
0.083861
0.0881242
0.0926048
0.097085
0.101776
0.106186
0.110598
0.114406
0.117846
0.120631
0.122895
0.124446
0.125371
0.125546
0.125008
0.123709
0.121631
0.11881
0.115169
0.110833
0.105663
0.0998756
0.0932706
0.0861542
0.0782654
0.0699949
0.0610263
0.0518246
0.0420252
0.0321534
0.0218065
0.0115527
0.000963272
-0.0093703
-0.0198895
-0.0300006
-0.0401436
-0.0497433
-0.0592239
-0.0680489
-0.076613
-0.0844354
-0.0918695
-0.0985045
-0.104642
-0.109952
-0.114676
-0.118571
-0.121814
-0.124252
-0.125996
-0.12698
-0.127248
-0.126822
-0.12568
-0.123928
-0.121478
-0.118557
-0.114947
-0.111244
-0.107167
-0.103203
-0.0991376
-0.0951804
-0.0911468
-0.0871857
-0.0831025
-0.0790587
-0.0748322
-0.0706767
-0.0663322
-0.062145
-0.0578437
-0.0537472
-0.0496259
-0.0456458
-0.0416479
-0.0376208
-0.0334931
-0.0292708
-0.0248055
-0.022646
0.025307
0.0271768
0.0306789
0.0343802
0.0376678
0.0413153
0.0445625
0.0482928
0.051751
0.0557034
0.0594575
0.0636282
0.0676015
0.0719011
0.0759892
0.080341
0.0845353
0.0889261
0.0932921
0.0977323
0.102313
0.106734
0.111463
0.115597
0.120007
0.123381
0.126818
0.129077
0.13134
0.132294
0.133219
0.132736
0.132199
0.13019
0.128113
0.124539
0.1209
0.115775
0.110608
0.104004
0.0974041
0.0894495
0.0815665
0.0724427
0.0634807
0.0534149
0.0436227
0.0328795
0.0225402
0.0114101
0.000828405
-0.0103851
-0.0208966
-0.0318899
-0.0420254
-0.0525081
-0.0619818
-0.0716882
-0.0802459
-0.0889446
-0.0963733
-0.103874
-0.110007
-0.116165
-0.120886
-0.125602
-0.128843
-0.132066
-0.133808
-0.135527
-0.135795
-0.136042
-0.1349
-0.133745
-0.131297
-0.128869
-0.125261
-0.121871
-0.117752
-0.113858
-0.109682
-0.105528
-0.101332
-0.0969697
-0.0926924
-0.0881102
-0.0836883
-0.0789199
-0.0743881
-0.0695541
-0.0650693
-0.0603173
-0.0560172
-0.0514073
-0.0472548
-0.0426855
-0.0384529
-0.0338154
-0.0293442
-0.0270067
0.0290735
0.0309465
0.033938
0.0376832
0.0413239
0.0450766
0.0487765
0.0526447
0.0565392
0.0606403
0.0647894
0.069112
0.0734469
0.0779021
0.082324
0.0868325
0.091299
0.0958339
0.100346
0.104893
0.109423
0.113901
0.118307
0.122448
0.126362
0.129732
0.132665
0.134922
0.136653
0.137606
0.137973
0.137489
0.136379
0.13437
0.131717
0.128142
0.123931
0.118807
0.113079
0.106478
0.0993324
0.0913811
0.0829725
0.0738527
0.0643846
0.0543235
0.0440424
0.0333042
0.0224884
0.0113635
0.000311233
-0.0108969
-0.0218805
-0.0328686
-0.043485
-0.0539628
-0.0639326
-0.0736347
-0.0827085
-0.0914035
-0.0993701
-0.106868
-0.11356
-0.119716
-0.125013
-0.129729
-0.133557
-0.136779
-0.139109
-0.140829
-0.141675
-0.141924
-0.141339
-0.140186
-0.13827
-0.135845
-0.132764
-0.129367
-0.125588
-0.121631
-0.1175
-0.11323
-0.108868
-0.104348
-0.0997731
-0.0950196
-0.0902385
-0.0852997
-0.0803861
-0.0753855
-0.0704906
-0.0655747
-0.0608271
-0.0560644
-0.0514526
-0.0467657
-0.0421887
-0.0375018
-0.0337482
-0.0314071
0.0315122
0.033387
0.0369434
0.040729
0.0446778
0.0485214
0.0525922
0.0565744
0.0608739
0.0650967
0.0696483
0.0740954
0.0788108
0.0833942
0.0881582
0.0927948
0.0975363
0.102187
0.106863
0.111497
0.116029
0.120555
0.124785
0.128932
0.132523
0.135891
0.13842
0.140676
0.141955
0.142907
0.142788
0.142305
0.140682
0.138674
0.135487
0.131916
0.12716
0.122039
0.115761
0.109164
0.101469
0.0935225
0.084568
0.075454
0.0654464
0.0553916
0.044578
0.0338466
0.0225043
0.0113865
-0.000188605
-0.0113897
-0.0228955
-0.0338767
-0.0450181
-0.0554894
-0.06599
-0.075686
-0.0852984
-0.0939879
-0.102501
-0.109995
-0.11724
-0.123392
-0.129246
-0.133958
-0.13834
-0.141561
-0.144434
-0.146153
-0.147523
-0.147772
-0.14768
-0.146527
-0.145057
-0.142633
-0.13991
-0.136506
-0.132924
-0.128914
-0.124783
-0.120417
-0.115875
-0.111228
-0.106349
-0.101455
-0.096297
-0.0912169
-0.0858875
-0.080749
-0.0754192
-0.0703682
-0.0651898
-0.0602996
-0.0553031
-0.050514
-0.0456294
-0.0408968
-0.0365133
-0.0341704
0.0334941
0.0353978
0.0394879
0.0433493
0.0475165
0.0514696
0.0558016
0.0599135
0.0645061
0.0688597
0.0737095
0.078278
0.0832832
0.0879753
0.093008
0.0977371
0.102703
0.107418
0.112244
0.116897
0.121473
0.125957
0.130115
0.134164
0.137575
0.140817
0.14312
0.145241
0.146262
0.147077
0.146676
0.146056
0.144133
0.141991
0.138491
0.134791
0.129712
0.124471
0.117863
0.111155
0.103127
0.0950802
0.0857927
0.0765879
0.0662489
0.0561124
0.0449698
0.0341642
0.0224953
0.0113082
-0.000591525
-0.0118599
-0.0236896
-0.0347392
-0.0462052
-0.056749
-0.067576
-0.0773514
-0.0872928
-0.0960707
-0.104916
-0.112508
-0.120086
-0.126348
-0.132534
-0.137366
-0.142077
-0.145426
-0.14862
-0.150474
-0.152151
-0.152538
-0.152732
-0.151718
-0.150502
-0.14821
-0.145691
-0.14239
-0.138894
-0.134927
-0.130751
-0.126363
-0.121657
-0.116939
-0.111812
-0.106817
-0.101362
-0.0961647
-0.0905151
-0.0852471
-0.0795902
-0.0744007
-0.0689048
-0.063879
-0.0586055
-0.0537051
-0.0485967
-0.0437935
-0.0387875
-0.0364199
0.0354059
0.0373799
0.0414798
0.0454967
0.049712
0.0538581
0.0582621
0.0625905
0.0672634
0.0718276
0.0767585
0.0815159
0.0866026
0.0914535
0.0965677
0.101413
0.106455
0.111222
0.116108
0.120718
0.125334
0.129659
0.13383
0.137621
0.141031
0.143953
0.146254
0.148033
0.149053
0.149517
0.149116
0.148145
0.146223
0.143736
0.140238
0.136207
0.13113
0.125576
0.118972
0.111974
0.10395
0.0956371
0.0863546
0.0769082
0.0665748
0.0562192
0.0450826
0.0340759
0.0224134
0.0110376
-0.000855711
-0.0123076
-0.0241309
-0.0353665
-0.0468263
-0.0575664
-0.0683876
-0.0783761
-0.0883121
-0.0973254
-0.106166
-0.114018
-0.121593
-0.128141
-0.134324
-0.139468
-0.144177
-0.147858
-0.151051
-0.153252
-0.154928
-0.15567
-0.155865
-0.155204
-0.153989
-0.152033
-0.149515
-0.146488
-0.142977
-0.139178
-0.134959
-0.130615
-0.125842
-0.121069
-0.115858
-0.110739
-0.105193
-0.0998291
-0.0940894
-0.0886249
-0.0828779
-0.0774729
-0.0718869
-0.0666447
-0.0612897
-0.0562047
-0.0510414
-0.0461008
-0.0410835
-0.0386567
0.0371764
0.0392154
0.0433245
0.0474854
0.0517451
0.0560699
0.0605406
0.0650695
0.0698168
0.074576
0.079582
0.0845143
0.0896765
0.0946744
0.0998642
0.104817
0.10993
0.114744
0.119687
0.124257
0.128909
0.133088
0.137271
0.140822
0.144231
0.146857
0.149157
0.150618
0.151638
0.151777
0.151376
0.150079
0.148158
0.145353
0.141857
0.137518
0.132444
0.1266
0.12
0.112732
0.104712
0.0961529
0.086875
0.0772049
0.0668766
0.056318
0.045187
0.0339942
0.0223375
0.0107869
-0.00110036
-0.0127222
-0.0245395
-0.0359475
-0.0474016
-0.0583234
-0.0691392
-0.0793251
-0.0892561
-0.0984873
-0.107323
-0.115417
-0.122988
-0.129802
-0.135982
-0.141415
-0.146121
-0.15011
-0.153301
-0.155825
-0.1575
-0.158571
-0.158766
-0.158433
-0.157218
-0.155573
-0.153056
-0.150283
-0.146757
-0.143115
-0.138855
-0.134553
-0.129717
-0.124893
-0.119604
-0.11437
-0.108742
-0.103223
-0.0973994
-0.091753
-0.0859224
-0.0803179
-0.0746486
-0.0692059
-0.0637755
-0.0585195
-0.0533055
-0.0482375
-0.0432098
-0.0407281
0.0388284
0.040923
0.044993
0.0492874
0.0535821
0.0580819
0.0625993
0.0673254
0.072121
0.0770742
0.0821231
0.0872348
0.0924349
0.0975912
0.102817
0.107895
0.11304
0.117922
0.122888
0.127445
0.132103
0.136167
0.140335
0.143682
0.147059
0.14943
0.151709
0.152897
0.153897
0.153756
0.153338
0.151761
0.149825
0.146745
0.143237
0.138635
0.133552
0.127459
0.120854
0.113354
0.105334
0.0965629
0.0872876
0.0774254
0.0671029
0.05637
0.0452474
0.0338948
0.0222484
0.0105479
-0.00132811
-0.0130957
-0.0249018
-0.0364576
-0.0479012
-0.058979
-0.0697861
-0.0801415
-0.0900664
-0.0994847
-0.108317
-0.116619
-0.12419
-0.131233
-0.137417
-0.143098
-0.147812
-0.152067
-0.155269
-0.15807
-0.15976
-0.161115
-0.161327
-0.161276
-0.160081
-0.158704
-0.15622
-0.153662
-0.150151
-0.14663
-0.142363
-0.138073
-0.133213
-0.128313
-0.12299
-0.117621
-0.111954
-0.106266
-0.100402
-0.0945673
-0.0886905
-0.0828853
-0.0771632
-0.0715209
-0.0660391
-0.0606129
-0.0553613
-0.050173
-0.0451945
-0.0426662
0.0404972
0.0425928
0.0462156
0.0505263
0.0548957
0.0594327
0.0640377
0.0688095
0.0736723
0.0786717
0.0837577
0.0889138
0.0941228
0.0993217
0.104529
0.109647
0.114739
0.119654
0.124514
0.129093
0.133582
0.137655
0.141584
0.144932
0.148036
0.150406
0.152419
0.153607
0.154354
0.154213
0.153561
0.151985
0.149841
0.146762
0.143079
0.138479
0.133258
0.127168
0.120464
0.112968
0.10489
0.0961229
0.0868296
0.0769716
0.0666668
0.0559384
0.044863
0.0335154
0.0219376
0.0102421
-0.00155344
-0.013316
-0.0250404
-0.0365912
-0.0479626
-0.0590356
-0.06979
-0.0801409
-0.0900414
-0.0994556
-0.108299
-0.116597
-0.124218
-0.131258
-0.137534
-0.143212
-0.148059
-0.152312
-0.155685
-0.158485
-0.16038
-0.161734
-0.16218
-0.162129
-0.16119
-0.159813
-0.157599
-0.155041
-0.151773
-0.148241
-0.144149
-0.139836
-0.13509
-0.130154
-0.124895
-0.119483
-0.113846
-0.108111
-0.102253
-0.096369
-0.0904714
-0.0846144
-0.0788421
-0.0731478
-0.0675961
-0.0621267
-0.0568222
-0.0516146
-0.0472102
-0.0446806
0.0419902
0.0440868
0.0473432
0.0516689
0.056108
0.0606795
0.0653658
0.0701798
0.0751055
0.0801477
0.0852693
0.0904664
0.0956851
0.100924
0.106116
0.111271
0.116314
0.12126
0.126024
0.130623
0.134957
0.139039
0.14275
0.146097
0.148954
0.151323
0.153091
0.154278
0.154792
0.154651
0.153784
0.152208
0.149873
0.146795
0.14295
0.138351
0.133002
0.126914
0.120118
0.112625
0.104493
0.0957287
0.0864165
0.0765624
0.0662713
0.0555472
0.0445125
0.0331694
0.0216521
0.00996127
-0.00176296
-0.0135208
-0.0251726
-0.0367189
-0.0480262
-0.0590948
-0.069803
-0.0801498
-0.0900298
-0.0994403
-0.108295
-0.11659
-0.124259
-0.131296
-0.137657
-0.143333
-0.148303
-0.152554
-0.156087
-0.158886
-0.16097
-0.162324
-0.162985
-0.162934
-0.16223
-0.160854
-0.158887
-0.156329
-0.153283
-0.149741
-0.145811
-0.141476
-0.136833
-0.131864
-0.126662
-0.12121
-0.1156
-0.109821
-0.103967
-0.0980369
-0.092118
-0.0862131
-0.080393
-0.0746506
-0.0690333
-0.0635241
-0.0581693
-0.052944
-0.0490137
-0.0464829
0.0425057
0.0446022
0.0483273
0.052666
0.0571651
0.0617668
0.0665226
0.0713736
0.0763691
0.0814492
0.0866275
0.0918616
0.0971173
0.102392
0.107599
0.112787
0.117816
0.12279
0.127502
0.13212
0.136354
0.140446
0.14401
0.147358
0.150033
0.152401
0.153978
0.155165
0.155489
0.155348
0.154299
0.152724
0.15022
0.147144
0.143147
0.13855
0.133069
0.126984
0.120079
0.112589
0.104372
0.0956118
0.0862398
0.0763894
0.0660613
0.0553412
0.0442892
0.0329503
0.0214309
0.00974434
-0.00197266
-0.0137262
-0.025368
-0.03691
-0.0482117
-0.0592762
-0.0699897
-0.0803327
-0.0902351
-0.0996421
-0.108541
-0.116833
-0.124572
-0.131606
-0.138064
-0.143738
-0.148832
-0.153082
-0.156763
-0.159561
-0.161816
-0.163169
-0.164018
-0.163967
-0.163461
-0.162085
-0.16031
-0.15775
-0.154864
-0.151311
-0.147491
-0.143133
-0.13855
-0.13355
-0.128366
-0.122876
-0.117253
-0.111434
-0.105542
-0.0995708
-0.0935946
-0.0876465
-0.0817572
-0.0759722
-0.07029
-0.0647457
-0.0593415
-0.0541009
-0.0496358
-0.0471052
0.0429831
0.0450794
0.0492385
0.0535894
0.058144
0.0627737
0.0675938
0.0724792
0.0775392
0.0826544
0.0878853
0.0931537
0.0984437
0.103752
0.108971
0.114192
0.119206
0.124207
0.12887
0.133507
0.137648
0.141749
0.145177
0.148525
0.151033
0.1534
0.154799
0.155985
0.156134
0.155993
0.154777
0.153202
0.150542
0.147467
0.143329
0.138734
0.133131
0.127048
0.120044
0.112556
0.104261
0.0955036
0.0860762
0.0762292
0.0658668
0.0551503
0.0440824
0.0327474
0.021226
0.00954346
-0.00216685
-0.0139164
-0.025549
-0.037087
-0.0483835
-0.0594442
-0.0701626
-0.0805021
-0.0904252
-0.099829
-0.108769
-0.117058
-0.124862
-0.131893
-0.138441
-0.144113
-0.149322
-0.15357
-0.15739
-0.160186
-0.1626
-0.163953
-0.164975
-0.164924
-0.164601
-0.163225
-0.161628
-0.159067
-0.156328
-0.152765
-0.149047
-0.144669
-0.140141
-0.13511
-0.129944
-0.124419
-0.118784
-0.112928
-0.107001
-0.100991
-0.0949619
-0.0889739
-0.0830205
-0.0771962
-0.0714538
-0.065877
-0.0604271
-0.0551723
-0.0502119
-0.0476816
0.0434093
0.0455127
0.0498152
0.0541731
0.0587747
0.0634083
0.0682865
0.0731757
0.0782947
0.0834107
0.0886948
0.0939582
0.099295
0.104592
0.10985
0.115053
0.120095
0.125071
0.129742
0.134345
0.13847
0.142526
0.145912
0.149208
0.151657
0.153967
0.155306
0.156436
0.156526
0.156331
0.155059
0.153434
0.150723
0.147603
0.143419
0.138786
0.133145
0.127031
0.119994
0.112485
0.104165
0.0953936
0.0859498
0.0760961
0.0657245
0.0550082
0.0439372
0.0326078
0.0210881
0.00941489
-0.00229082
-0.0140295
-0.0256566
-0.0371844
-0.0484768
-0.05953
-0.0702479
-0.0805846
-0.0905126
-0.09992
-0.108872
-0.117172
-0.124996
-0.132047
-0.138623
-0.144324
-0.14957
-0.153854
-0.157719
-0.16056
-0.163026
-0.164429
-0.165509
-0.165513
-0.165251
-0.163933
-0.162398
-0.159891
-0.157197
-0.153681
-0.14998
-0.145639
-0.141102
-0.1361
-0.130904
-0.1254
-0.119722
-0.113881
-0.107903
-0.101902
-0.0958143
-0.0898295
-0.0838119
-0.0779884
-0.0721837
-0.0666088
-0.0611102
-0.0558548
-0.0507308
-0.048196
0.0437959
0.0459096
0.0502135
0.0545931
0.0592052
0.0638629
0.0687572
0.0736706
0.078807
0.0839423
0.0892432
0.0945183
0.0998712
0.105171
0.110445
0.115639
0.120694
0.125649
0.13033
0.134894
0.139024
0.143021
0.146408
0.149629
0.152078
0.154305
0.155644
0.156692
0.156782
0.156509
0.155237
0.15354
0.150829
0.147644
0.143462
0.138774
0.133134
0.126975
0.119941
0.112397
0.104081
0.0952867
0.0858457
0.0759809
0.0656123
0.0548946
0.0438269
0.0325037
0.0209874
0.00932568
-0.00237659
-0.0141014
-0.0257252
-0.03724
-0.0485291
-0.0595732
-0.070288
-0.0806224
-0.0905474
-0.0999617
-0.108911
-0.117229
-0.12505
-0.132131
-0.138706
-0.144448
-0.149692
-0.15403
-0.157894
-0.160799
-0.163264
-0.164741
-0.16582
-0.165905
-0.165642
-0.164407
-0.162873
-0.160443
-0.157747
-0.154294
-0.150587
-0.146288
-0.14174
-0.136763
-0.131552
-0.126058
-0.120364
-0.114522
-0.108526
-0.102516
-0.0964096
-0.0904087
-0.0843712
-0.0785274
-0.0727041
-0.0671104
-0.0615996
-0.0563296
-0.0512039
-0.0486627
0.0441538
0.0462772
0.0505824
0.054982
0.0596037
0.0642839
0.069193
0.0741289
0.0792815
0.0844346
0.0897511
0.095037
0.100405
0.105707
0.110995
0.116182
0.12125
0.126184
0.130874
0.135402
0.139537
0.14348
0.146868
0.15002
0.152467
0.154619
0.155957
0.156929
0.157019
0.156674
0.155402
0.153637
0.150928
0.147683
0.143502
0.138762
0.133123
0.126923
0.119891
0.112316
0.104002
0.0951878
0.0857492
0.0758742
0.0655084
0.0547894
0.0437247
0.0324074
0.0208942
0.00924307
-0.00245603
-0.0141681
-0.0257887
-0.0372915
-0.0485775
-0.0596133
-0.0703251
-0.0806574
-0.0905797
-0.1
-0.108948
-0.117282
-0.125101
-0.132209
-0.138782
-0.144563
-0.149806
-0.154194
-0.158056
-0.161021
-0.163485
-0.165029
-0.166109
-0.166267
-0.166005
-0.164846
-0.163312
-0.160955
-0.158257
-0.154861
-0.151148
-0.146889
-0.142331
-0.137376
-0.132152
-0.126668
-0.120957
-0.115116
-0.109103
-0.103085
-0.0969608
-0.090945
-0.0848891
-0.0790265
-0.073186
-0.0675749
-0.0620528
-0.0567692
-0.051642
-0.0490948
0.0444854
0.0466176
0.050924
0.0553422
0.0599729
0.0646737
0.0695966
0.0745533
0.0797209
0.0848906
0.0902214
0.0955173
0.100899
0.106203
0.111505
0.116685
0.121764
0.12668
0.131378
0.135873
0.140012
0.143904
0.147294
0.150381
0.152828
0.154909
0.156248
0.157149
0.157239
0.156826
0.155555
0.153728
0.151019
0.147719
0.143538
0.138751
0.133114
0.126875
0.119845
0.112241
0.103929
0.0950961
0.08566
0.0757754
0.0654123
0.054692
0.0436301
0.0323181
0.0208078
0.00916656
-0.00252959
-0.0142298
-0.0258475
-0.0373392
-0.0486224
-0.0596504
-0.0703595
-0.0806898
-0.0906097
-0.100036
-0.108981
-0.11733
-0.125147
-0.132281
-0.138852
-0.144669
-0.149911
-0.154345
-0.158206
-0.161226
-0.16369
-0.165297
-0.166376
-0.166603
-0.16634
-0.165253
-0.163719
-0.161428
-0.158729
-0.155386
-0.151669
-0.147445
-0.142878
-0.137944
-0.132707
-0.127232
-0.121507
-0.115665
-0.109638
-0.103612
-0.0974713
-0.0914417
-0.0853688
-0.0794887
-0.0736324
-0.0680051
-0.0624725
-0.0571764
-0.0520477
-0.049495
0.0447924
0.0469328
0.0512403
0.0556757
0.0603147
0.0650347
0.0699704
0.0749463
0.0801277
0.0853128
0.090657
0.0959621
0.101357
0.106663
0.111977
0.117151
0.122241
0.127139
0.131845
0.136308
0.140452
0.144298
0.147688
0.150716
0.153162
0.155178
0.156516
0.157353
0.157442
0.156967
0.155696
0.153812
0.151103
0.147752
0.143572
0.138741
0.133105
0.126831
0.119802
0.112172
0.103862
0.0950112
0.0855773
0.075684
0.0653232
0.0546018
0.0435424
0.0322354
0.0207278
0.00909571
-0.00259771
-0.014287
-0.025902
-0.0373834
-0.0486639
-0.0596847
-0.0703913
-0.0807198
-0.0906374
-0.100069
-0.109012
-0.117375
-0.125191
-0.132348
-0.138918
-0.144768
-0.150008
-0.154485
-0.158345
-0.161416
-0.163879
-0.165544
-0.166623
-0.166914
-0.166651
-0.16563
-0.164096
-0.161866
-0.159166
-0.155873
-0.15215
-0.14796
-0.143385
-0.13847
-0.133222
-0.127755
-0.122017
-0.116175
-0.110133
-0.1041
-0.0979441
-0.0919017
-0.0858129
-0.0799167
-0.0740457
-0.0684034
-0.0628612
-0.0575534
-0.0524234
-0.0498656
0.0450767
0.0472247
0.0515332
0.0559846
0.0606312
0.065369
0.0703166
0.0753103
0.0805046
0.0857037
0.0910603
0.0963741
0.101781
0.107089
0.112414
0.117582
0.122682
0.127565
0.132278
0.136712
0.14086
0.144662
0.148053
0.151026
0.153472
0.155427
0.156765
0.157541
0.157631
0.157098
0.155827
0.153889
0.151182
0.147782
0.143604
0.138732
0.133097
0.12679
0.119762
0.112108
0.103799
0.0949326
0.0855007
0.0755992
0.0652407
0.0545182
0.0434613
0.0321589
0.0206538
0.0090301
-0.00266079
-0.0143399
-0.0259524
-0.0374243
-0.0487024
-0.0597165
-0.0704208
-0.0807476
-0.090663
-0.1001
-0.109041
-0.117417
-0.125231
-0.13241
-0.138978
-0.144859
-0.150098
-0.154614
-0.158474
-0.161592
-0.164055
-0.165773
-0.166852
-0.167201
-0.166939
-0.165979
-0.164446
-0.162272
-0.159571
-0.156323
-0.152597
-0.148437
-0.143854
-0.138957
-0.133698
-0.128239
-0.122488
-0.116646
-0.110591
-0.104551
-0.0983819
-0.0923276
-0.0862243
-0.0803131
-0.0744284
-0.0687723
-0.0632211
-0.0579025
-0.0527714
-0.0502088
0.04534
0.047495
0.0518045
0.0562707
0.0609244
0.0656787
0.0706371
0.0756474
0.0808535
0.0860658
0.0914339
0.0967555
0.102173
0.107483
0.112819
0.117982
0.12309
0.127959
0.132678
0.137086
0.141237
0.144999
0.148391
0.151313
0.153759
0.155658
0.156995
0.157716
0.157805
0.157219
0.155949
0.153961
0.151254
0.14781
0.143633
0.138723
0.133089
0.126752
0.119726
0.112048
0.103742
0.0948598
0.0854298
0.0755208
0.0651643
0.0544409
0.0433861
0.032088
0.0205852
0.00896934
-0.00271921
-0.014389
-0.0259991
-0.0374621
-0.048738
-0.059746
-0.0704481
-0.0807733
-0.0906868
-0.100128
-0.109067
-0.117456
-0.125268
-0.132467
-0.139034
-0.144944
-0.150182
-0.154734
-0.158593
-0.161755
-0.164217
-0.165986
-0.167064
-0.167468
-0.167206
-0.166302
-0.164769
-0.162648
-0.159946
-0.15674
-0.15301
-0.148879
-0.144289
-0.139409
-0.134139
-0.128688
-0.122925
-0.117083
-0.111015
-0.10497
-0.0987873
-0.0927221
-0.0866052
-0.0806802
-0.0747829
-0.069114
-0.0635545
-0.0582259
-0.0530936
-0.0505266
0.0455768
0.0477325
0.0518422
0.0563205
0.0609583
0.0657367
0.0706702
0.0757086
0.0808854
0.086126
0.0914626
0.0968117
0.102197
0.107534
0.112838
0.118025
0.123104
0.127991
0.132685
0.137105
0.141235
0.145001
0.148379
0.151297
0.153733
0.155626
0.156957
0.157672
0.157756
0.157165
0.15589
0.153898
0.151189
0.147742
0.143564
0.138651
0.13302
0.12668
0.119659
0.111981
0.10368
0.0947984
0.0853766
0.0754684
0.0651216
0.0543999
0.0433558
0.03206
0.0205683
0.00895518
-0.00272213
-0.014389
-0.0259883
-0.0374486
-0.0487143
-0.0597199
-0.0704131
-0.0807364
-0.0906422
-0.100083
-0.109016
-0.117404
-0.125211
-0.132411
-0.138975
-0.144886
-0.150123
-0.154678
-0.158537
-0.161702
-0.164166
-0.165939
-0.16702
-0.167429
-0.16717
-0.166272
-0.164745
-0.162629
-0.159939
-0.156729
-0.153019
-0.148875
-0.144313
-0.13941
-0.134175
-0.128696
-0.122971
-0.117099
-0.11107
-0.104993
-0.0988494
-0.0927523
-0.0866718
-0.080715
-0.0748489
-0.0691527
-0.0636139
-0.0582717
-0.0533765
-0.0508092
0.0457954
0.047951
0.0518608
0.0563392
0.0609758
0.0657561
0.0706857
0.0757269
0.0808969
0.0861401
0.0914685
0.0968197
0.102196
0.107535
0.112829
0.118018
0.123087
0.127975
0.132659
0.137078
0.141199
0.144963
0.148331
0.151249
0.153677
0.15557
0.156894
0.157608
0.157687
0.157096
0.155817
0.153826
0.151114
0.147667
0.14349
0.138578
0.132949
0.12661
0.119593
0.111916
0.103622
0.0947421
0.0853287
0.0754223
0.0650853
0.0543654
0.0433321
0.0320382
0.0205579
0.00894675
-0.00271915
-0.0143841
-0.0259723
-0.0374306
-0.0486861
-0.0596898
-0.0703739
-0.0806955
-0.0905936
-0.100032
-0.108959
-0.117346
-0.125149
-0.132348
-0.138908
-0.144818
-0.150053
-0.154608
-0.158466
-0.161631
-0.164096
-0.165869
-0.166952
-0.167361
-0.167105
-0.166208
-0.164686
-0.16257
-0.159888
-0.156678
-0.152978
-0.148834
-0.144282
-0.139379
-0.134155
-0.128675
-0.12296
-0.117087
-0.11107
-0.104991
-0.0988595
-0.0927596
-0.0866896
-0.0807297
-0.0748709
-0.0691723
-0.0636371
-0.0582948
-0.0536367
-0.0510695
0.0459979
0.0481534
0.051878
0.0563566
0.060992
0.0657741
0.0707001
0.0757438
0.0809077
0.0861531
0.091474
0.0968271
0.102195
0.107535
0.112822
0.118012
0.123072
0.12796
0.132634
0.137054
0.141165
0.144929
0.148287
0.151204
0.153625
0.155518
0.156835
0.15755
0.157623
0.157032
0.155749
0.153758
0.151045
0.147598
0.143421
0.13851
0.132883
0.126545
0.119532
0.111857
0.103569
0.09469
0.0852844
0.0753795
0.0650516
0.0543334
0.0433101
0.032018
0.0205483
0.00893894
-0.00271639
-0.0143794
-0.0259575
-0.037414
-0.04866
-0.059662
-0.0703377
-0.0806576
-0.0905485
-0.0999858
-0.108907
-0.117292
-0.125091
-0.132288
-0.138846
-0.144755
-0.149989
-0.154542
-0.158401
-0.161565
-0.164031
-0.165803
-0.166889
-0.167298
-0.167046
-0.166148
-0.164631
-0.162516
-0.15984
-0.156631
-0.152939
-0.148796
-0.144253
-0.13935
-0.134136
-0.128655
-0.122951
-0.117076
-0.11107
-0.10499
-0.0988688
-0.0927664
-0.0867062
-0.0807433
-0.0748911
-0.0691905
-0.0636585
-0.0583161
-0.0538777
-0.0513106
0.0461854
0.0483408
0.051894
0.0563726
0.0610071
0.0657908
0.0707134
0.0757595
0.0809176
0.0861652
0.091479
0.0968339
0.102195
0.107536
0.112815
0.118006
0.123057
0.127947
0.132612
0.137031
0.141133
0.144896
0.148247
0.151163
0.153577
0.15547
0.156781
0.157495
0.157564
0.156973
0.155687
0.153696
0.15098
0.147535
0.143357
0.138447
0.132822
0.126485
0.119476
0.111801
0.103519
0.0946418
0.0852433
0.0753399
0.0650204
0.0543038
0.0432897
0.0319994
0.0205393
0.00893171
-0.00271384
-0.0143752
-0.0259438
-0.0373986
-0.0486359
-0.0596362
-0.0703041
-0.0806225
-0.0905068
-0.0999427
-0.108858
-0.117242
-0.125037
-0.132234
-0.138789
-0.144697
-0.149929
-0.154482
-0.15834
-0.161504
-0.163971
-0.165743
-0.166831
-0.167239
-0.16699
-0.166093
-0.16458
-0.162465
-0.159796
-0.156588
-0.152904
-0.14876
-0.144227
-0.139324
-0.134118
-0.128636
-0.122943
-0.117066
-0.111071
-0.104988
-0.0988775
-0.0927727
-0.0867215
-0.080756
-0.0749099
-0.0692074
-0.0636784
-0.0583359
-0.0541009
-0.0515339
0.046359
0.0485143
0.0519088
0.0563875
0.061021
0.0658062
0.0707258
0.075774
0.0809268
0.0861764
0.0914837
0.0968402
0.102194
0.107537
0.112808
0.118
0.123044
0.127934
0.132591
0.13701
0.141104
0.144866
0.148209
0.151125
0.153533
0.155425
0.156731
0.157445
0.157509
0.156918
0.155629
0.153638
0.150921
0.147476
0.143298
0.138388
0.132765
0.126429
0.119424
0.11175
0.103473
0.0945971
0.0852053
0.0753032
0.0649915
0.0542763
0.0432709
0.0319821
0.020531
0.00892501
-0.00271147
-0.0143712
-0.0259311
-0.0373843
-0.0486135
-0.0596123
-0.070273
-0.08059
-0.0904681
-0.0999028
-0.108813
-0.117196
-0.124987
-0.132183
-0.138736
-0.144643
-0.149874
-0.154426
-0.158284
-0.161448
-0.163915
-0.165687
-0.166776
-0.167185
-0.166939
-0.166042
-0.164533
-0.162418
-0.159755
-0.156548
-0.152871
-0.148728
-0.144202
-0.139299
-0.134102
-0.128619
-0.122935
-0.117057
-0.111071
-0.104987
-0.0988855
-0.0927785
-0.0867357
-0.0807677
-0.0749273
-0.069223
-0.0636968
-0.0583542
-0.0543075
-0.0517407
)
;

boundaryField
{
    inlet
    {
        type            cyclic;
    }
    outlet
    {
        type            cyclic;
    }
    top
    {
        type            zeroGradient;
    }
    hills
    {
        type            zeroGradient;
    }
    front
    {
        type            empty;
    }
    back
    {
        type            empty;
    }
}


// ************************************************************************* //
