/*--------------------------------*- C++ -*----------------------------------*\
| =========                 |                                                 |
| \\      /  F ield         | OpenFOAM: The Open Source CFD Toolbox           |
|  \\    /   O peration     | Version:  v2106                                 |
|   \\  /    A nd           | Website:  www.openfoam.com                      |
|    \\/     M anipulation  |                                                 |
\*---------------------------------------------------------------------------*/
FoamFile
{
    version     2.0;
    format      ascii;
    arch        "LSB;label=32;scalar=64";
    class       volScalarField;
    location    "0";
    object      expGpCoeffs40;
}
// * * * * * * * * * * * * * * * * * * * * * * * * * * * * * * * * * * * * * //

dimensions      [0 0 0 0 0 0 0];

internalField   nonuniform List<scalar> 
8000
(
0.00336002
0.00364538
0.00407619
0.00458251
0.00497862
0.00526283
0.00538667
0.00537419
0.00524505
0.00500756
0.0047033
0.00433525
0.00393868
0.0035168
0.00310673
0.00270839
0.0023574
0.00205199
0.00180981
0.00163124
0.00151749
0.00146997
0.00147537
0.00153434
0.00161772
0.00172484
0.00183315
0.00194175
0.00204405
0.00213981
0.00222658
0.00230413
0.00237061
0.00242586
0.0024688
0.00249938
0.00251739
0.00252282
0.00251629
0.00249785
0.00246874
0.00242906
0.00238044
0.00232302
0.00225857
0.00218726
0.00211081
0.0020294
0.00194459
0.00185655
0.00176662
0.00167494
0.00158267
0.0014899
0.00139759
0.00130585
0.00121546
0.00112653
0.00103974
0.000955178
0.000873455
0.000794646
0.000719286
0.000647436
0.000579531
0.000515618
0.000455994
0.000400692
0.000349831
0.000303424
0.000261389
0.000223721
0.000190142
0.00016063
0.000134856
0.000112801
9.43542e-05
7.93391e-05
6.70958e-05
5.76514e-05
4.93758e-05
4.22762e-05
3.50605e-05
2.77029e-05
2.04808e-05
1.34011e-05
7.79188e-06
3.74304e-06
9.22567e-07
-8.21122e-07
-6.13959e-06
-1.55185e-05
-3.52682e-05
-6.67779e-05
-0.000105498
-0.000151203
-0.0001885
-0.00021024
-0.000217672
-0.000216677
0.00333704
0.00362234
0.00408117
0.00458754
0.00499082
0.00527547
0.00539771
0.00538559
0.00525206
0.0050147
0.0047072
0.00433913
0.00393972
0.00351775
0.00310444
0.00270595
0.00235274
0.00204719
0.00180456
0.00162591
0.00151229
0.00146473
0.00147201
0.00153096
0.00161721
0.00172432
0.00183356
0.00194214
0.00204469
0.00214044
0.00222741
0.00230496
0.00237158
0.00242682
0.00246983
0.00250041
0.00251839
0.00252383
0.00251721
0.00249878
0.00246953
0.00242986
0.00238108
0.00232367
0.00225905
0.00218775
0.00211114
0.00202974
0.00194479
0.00185675
0.0017667
0.00167504
0.00158266
0.0014899
0.00139751
0.00130577
0.00121531
0.00112639
0.00103953
0.000954977
0.000873191
0.000794393
0.000718979
0.000647137
0.000579189
0.000515285
0.000455633
0.000400339
0.000349468
0.000303067
0.000261041
0.000223378
0.000189827
0.000160319
0.000134566
0.000112514
9.40733e-05
7.90604e-05
6.69226e-05
5.74804e-05
4.93542e-05
4.22549e-05
3.50973e-05
2.77381e-05
2.04145e-05
1.33346e-05
7.60539e-06
3.56009e-06
9.1768e-07
-8.26444e-07
-5.5185e-06
-1.49199e-05
-3.41088e-05
-6.56696e-05
-0.000105549
-0.000151265
-0.000190429
-0.000212143
-0.000217592
-0.000216596
0.00331222
0.00359746
0.00408655
0.00459298
0.005004
0.00528911
0.00540963
0.00539791
0.00525964
0.00502242
0.00471141
0.00434333
0.00394085
0.00351877
0.00310197
0.00270332
0.00234771
0.00204202
0.00179889
0.00162017
0.00150667
0.00145908
0.00146838
0.00152732
0.00161666
0.00172375
0.001834
0.00194256
0.00204539
0.00214112
0.00222832
0.00230585
0.00237262
0.00242786
0.00247094
0.00250151
0.00251948
0.00252491
0.0025182
0.00249977
0.00247038
0.00243072
0.00238176
0.00232436
0.00225957
0.00218827
0.0021115
0.0020301
0.001945
0.00185698
0.00176679
0.00167514
0.00158265
0.00148991
0.00139742
0.00130569
0.00121514
0.00112623
0.0010393
0.000954761
0.000872907
0.000794119
0.000718647
0.000646815
0.00057882
0.000514925
0.000455243
0.000399957
0.000349076
0.000302681
0.000260666
0.000223009
0.000189487
0.000159983
0.000134253
0.000112204
9.37699e-05
7.87595e-05
6.67356e-05
5.72957e-05
4.93309e-05
4.22319e-05
3.51371e-05
2.77761e-05
2.03429e-05
1.32629e-05
7.404e-06
3.36253e-06
9.12403e-07
-8.3219e-07
-4.84782e-06
-1.42735e-05
-3.28568e-05
-6.44728e-05
-0.000105603
-0.000151332
-0.000192512
-0.000214197
-0.000217505
-0.00021651
0.00328543
0.00357059
0.00409236
0.00459885
0.00501823
0.00530385
0.00542251
0.00541121
0.00526783
0.00503074
0.00471596
0.00434786
0.00394208
0.00351988
0.0030993
0.00270048
0.00234227
0.00203643
0.00179277
0.00161396
0.0015006
0.00145297
0.00146445
0.00152338
0.00161606
0.00172314
0.00183447
0.00194302
0.00204613
0.00214186
0.00222929
0.00230682
0.00237375
0.00242898
0.00247213
0.0025027
0.00252065
0.00252608
0.00251927
0.00250085
0.0024713
0.00243164
0.00238251
0.00232511
0.00226012
0.00218884
0.00211188
0.0020305
0.00194523
0.00185722
0.00176689
0.00167526
0.00158264
0.00148991
0.00139732
0.00130561
0.00121497
0.00112607
0.00103905
0.000954527
0.0008726
0.000793824
0.000718288
0.000646467
0.000578422
0.000514537
0.000454822
0.000399544
0.000348652
0.000302265
0.000260262
0.000222609
0.000189119
0.00015962
0.000133915
0.000111869
9.34423e-05
7.84345e-05
6.65336e-05
5.70962e-05
4.93057e-05
4.2207e-05
3.51801e-05
2.78171e-05
2.02656e-05
1.31854e-05
7.18654e-06
3.14919e-06
9.06704e-07
-8.38395e-07
-4.12359e-06
-1.35756e-05
-3.15049e-05
-6.31804e-05
-0.000105662
-0.000151404
-0.000194762
-0.000216416
-0.000217411
-0.000216416
0.00325649
0.00354158
0.00409863
0.00460595
0.00503359
0.00531976
0.00543641
0.00542558
0.00527666
0.00503974
0.00472087
0.00435275
0.00394339
0.00352108
0.00309643
0.00269741
0.0023364
0.00203039
0.00178616
0.00160726
0.00149405
0.00144638
0.00146022
0.00151913
0.00161542
0.00172248
0.00183498
0.00194351
0.00204694
0.00214265
0.00223035
0.00230786
0.00237498
0.00243019
0.00247342
0.00250399
0.00252191
0.00252735
0.00252043
0.00250201
0.00247229
0.00243264
0.00238331
0.00232592
0.00226072
0.00218945
0.00211229
0.00203092
0.00194548
0.00185748
0.001767
0.00167538
0.00158263
0.00148992
0.00139721
0.00130551
0.00121477
0.00112589
0.00103879
0.000954274
0.000872269
0.000793505
0.0007179
0.000646091
0.000577993
0.000514117
0.000454368
0.000399099
0.000348195
0.000301815
0.000259824
0.000222178
0.000188723
0.000159228
0.00013355
0.000111508
9.30885e-05
7.80836e-05
6.63155e-05
5.68808e-05
4.92786e-05
4.21802e-05
3.52265e-05
2.78614e-05
2.01822e-05
1.31017e-05
6.95171e-06
2.91883e-06
9.0055e-07
-8.45095e-07
-3.34153e-06
-1.28219e-05
-3.0045e-05
-6.17849e-05
-0.000105726
-0.000151481
-0.000197638
-0.000218812
-0.00021731
-0.000216315
0.00323742
0.00352348
0.00410526
0.0046183
0.00504874
0.00534088
0.0054524
0.00544667
0.00528665
0.00505163
0.00472781
0.00436247
0.00394791
0.00352904
0.00309443
0.0026955
0.00233006
0.00202387
0.00177902
0.00160003
0.00148697
0.00143926
0.00145564
0.00151454
0.00162019
0.00172785
0.00184149
0.00195058
0.00205431
0.00215047
0.00223842
0.00231624
0.00238353
0.00243889
0.0024822
0.00251274
0.00253065
0.0025359
0.00252888
0.00251012
0.00248023
0.00244015
0.00239061
0.00233268
0.00226727
0.00219541
0.00211805
0.00203606
0.00195045
0.00186181
0.00177118
0.00167897
0.0015861
0.00149282
0.0014
0.00130779
0.00121696
0.00112763
0.00104044
0.000955529
0.000873449
0.000794355
0.000718683
0.000646598
0.000578449
0.000514349
0.000454568
0.000399125
0.000348211
0.000301698
0.000259721
0.000221977
0.000188556
0.000158992
0.00013334
0.00011125
9.27065e-05
7.77047e-05
6.608e-05
5.66482e-05
4.92492e-05
4.21512e-05
3.52767e-05
2.79093e-05
2.00865e-05
1.30091e-05
6.70367e-06
2.67906e-06
8.85947e-07
-8.72132e-07
-2.57713e-06
-1.20535e-05
-2.94418e-05
-6.09371e-05
-0.000108653
-0.000153745
-0.000203506
-0.000224316
-0.000219356
-0.00021815
0.00324275
0.00353066
0.00411239
0.00463163
0.00506245
0.00536539
0.00547777
0.00548488
0.00532603
0.00510187
0.00477937
0.0044203
0.0040071
0.00358904
0.00315575
0.00275312
0.00238612
0.0020708
0.00182724
0.0016397
0.00152914
0.00147845
0.0015004
0.00156369
0.00167595
0.00179
0.00190361
0.00201866
0.00212237
0.00222333
0.00231127
0.0023924
0.00245968
0.00251667
0.00255996
0.00259033
0.00260824
0.00261157
0.00260455
0.00258231
0.00255243
0.00250758
0.00245805
0.00239439
0.002329
0.0022508
0.00217346
0.00208485
0.00199926
0.00190402
0.00181341
0.00171484
0.00162198
0.00152275
0.00142995
0.00133231
0.0012415
0.00114733
0.00106016
0.000971038
0.000888973
0.000806298
0.000730641
0.000655583
0.000587447
0.000520944
0.000461174
0.000403842
0.000352938
0.000304985
0.000263015
0.000224209
0.000190793
0.00016047
0.000134823
0.000112195
9.35067e-05
7.81264e-05
6.64518e-05
5.67317e-05
4.93584e-05
4.19709e-05
3.51095e-05
2.75799e-05
1.97458e-05
1.27803e-05
6.47796e-06
2.57674e-06
7.8551e-07
-1.43124e-06
-3.12098e-06
-1.4154e-05
-3.14858e-05
-6.54495e-05
-0.000113051
-0.000160209
-0.000209843
-0.000230913
-0.000225918
-0.000224275
0.00324851
0.00353841
0.00412009
0.00464603
0.00507724
0.00539186
0.00550516
0.00552615
0.00536855
0.00515613
0.00483505
0.00448274
0.00407102
0.00365383
0.00322197
0.00281534
0.00244959
0.00212836
0.00188575
0.00169397
0.00158399
0.00153352
0.00155569
0.00162391
0.00173615
0.0018571
0.00197069
0.00209218
0.00219587
0.00230201
0.00238993
0.00247465
0.00254191
0.00260065
0.00264394
0.00267412
0.00269202
0.00269329
0.00268627
0.00266027
0.0026304
0.00258039
0.00253087
0.00246102
0.00239564
0.0023106
0.00223328
0.00213754
0.00205196
0.0019496
0.00185901
0.00175357
0.00166072
0.00155507
0.00146229
0.00135879
0.001268
0.0011686
0.00108145
0.000987785
0.000905736
0.000819195
0.000743553
0.000665286
0.000597164
0.000528066
0.000468308
0.000408936
0.000358042
0.000308535
0.000266574
0.000226618
0.00019321
0.000162065
0.000136423
0.000113216
9.45314e-05
7.86981e-05
6.70234e-05
5.68845e-05
4.95102e-05
4.17592e-05
3.49005e-05
2.72064e-05
1.93779e-05
1.25333e-05
6.23423e-06
2.46624e-06
6.77053e-07
-2.03499e-06
-3.70826e-06
-1.64222e-05
-3.36929e-05
-7.03222e-05
-0.000117801
-0.000167189
-0.000216685
-0.000238036
-0.000233004
-0.000230889
0.00325473
0.00354678
0.0041284
0.00466158
0.00509322
0.00542045
0.00553473
0.00557072
0.00541447
0.00521471
0.00489517
0.00455017
0.00414004
0.00372379
0.00329348
0.00288253
0.00251813
0.00219052
0.00194892
0.00175257
0.00164323
0.00159297
0.00161539
0.00168895
0.00180116
0.00192956
0.00204313
0.00217157
0.00227523
0.00238697
0.00247487
0.00256346
0.00263071
0.00269133
0.00273461
0.0027646
0.00278249
0.00278153
0.00277451
0.00274446
0.00271459
0.00265901
0.0026095
0.00253298
0.00246762
0.00237519
0.00229788
0.00219443
0.00210887
0.00199882
0.00190824
0.00179539
0.00170257
0.00158997
0.00149721
0.00138738
0.00129661
0.00119158
0.00110444
0.00100587
0.000923838
0.000833121
0.000757496
0.000675763
0.000607656
0.000535756
0.000476011
0.000414437
0.000363554
0.000312367
0.000270416
0.00022922
0.000195819
0.000163788
0.000138152
0.000114319
9.5638e-05
7.93154e-05
6.76406e-05
5.70496e-05
4.96742e-05
4.15305e-05
3.46748e-05
2.68031e-05
1.89806e-05
1.22665e-05
5.97104e-06
2.34693e-06
5.59938e-07
-2.68694e-06
-4.34243e-06
-1.88716e-05
-3.60764e-05
-7.5584e-05
-0.00012293
-0.000174727
-0.000224074
-0.000245727
-0.000240655
-0.000238031
0.00326145
0.00355582
0.00413737
0.00467837
0.00511048
0.00545131
0.00556667
0.00561884
0.00546405
0.00527797
0.00496009
0.00462298
0.00421458
0.00379935
0.0033707
0.00295509
0.00259215
0.00225764
0.00201714
0.00181585
0.0017072
0.00165718
0.00167985
0.00175917
0.00187136
0.0020078
0.00212134
0.00225729
0.00236093
0.00247871
0.00256659
0.00265936
0.00272659
0.00278926
0.00283253
0.0028623
0.00288019
0.00287681
0.0028698
0.00283536
0.0028055
0.00274392
0.00269442
0.00261068
0.00254533
0.00244493
0.00236764
0.00225587
0.00217033
0.00205196
0.00196141
0.00184055
0.00174775
0.00162766
0.00153492
0.00141826
0.0013275
0.00121638
0.00112927
0.0010254
0.000943385
0.00084816
0.000772552
0.000687077
0.000618986
0.00054406
0.000484329
0.000420378
0.000369507
0.000316506
0.000274564
0.00023203
0.000198637
0.000165648
0.000140018
0.000115509
9.68329e-05
7.9982e-05
6.8307e-05
5.72278e-05
4.98513e-05
4.12836e-05
3.44312e-05
2.63675e-05
1.85517e-05
1.19784e-05
5.68684e-06
2.21808e-06
4.33471e-07
-3.39094e-06
-5.02724e-06
-2.15165e-05
-3.86501e-05
-8.12658e-05
-0.000128468
-0.000182866
-0.000232053
-0.000254033
-0.000248918
-0.000245743
0.0032687
0.00356558
0.00414706
0.0046965
0.00512911
0.00548464
0.00560115
0.0056708
0.0055176
0.00534628
0.0050302
0.00470161
0.00429506
0.00388093
0.00345408
0.00303344
0.00267207
0.00233011
0.00209081
0.00188419
0.00177628
0.00172651
0.00174947
0.001835
0.00194717
0.0020923
0.00220581
0.00234986
0.00245347
0.00257778
0.00266563
0.00276292
0.00283014
0.002895
0.00293826
0.0029678
0.00298568
0.00297971
0.00297269
0.00293352
0.00290367
0.0028356
0.00278611
0.00269459
0.00262925
0.00252024
0.00244297
0.00232221
0.00223669
0.00210935
0.00201882
0.00188931
0.00179654
0.00166835
0.00157564
0.00145159
0.00136086
0.00124317
0.00115608
0.00104648
0.000964492
0.000864399
0.000788811
0.000699294
0.000631221
0.000553027
0.000493312
0.000426792
0.000375934
0.000320976
0.000279045
0.000235064
0.000201679
0.000167657
0.000142034
0.000116795
9.81232e-05
8.07018e-05
6.90267e-05
5.74202e-05
5.00424e-05
4.10169e-05
3.4168e-05
2.58972e-05
1.80884e-05
1.16673e-05
5.37995e-06
2.07895e-06
2.96908e-07
-4.15116e-06
-5.76672e-06
-2.43725e-05
-4.14292e-05
-8.74013e-05
-0.000134448
-0.000191656
-0.000240669
-0.000263002
-0.00025784
-0.000254071
0.00327653
0.00357612
0.00415753
0.00471608
0.00514924
0.00552063
0.00563839
0.00572691
0.00557542
0.00542005
0.0051059
0.00478651
0.00438198
0.00396902
0.00354412
0.00311804
0.00275837
0.00240838
0.00217036
0.00195798
0.00185087
0.00180138
0.00182464
0.00191689
0.00202903
0.00218354
0.00229702
0.00244982
0.0025534
0.00268475
0.00277259
0.00287475
0.00294195
0.00300919
0.00305244
0.00308172
0.0030996
0.00309081
0.0030838
0.00303952
0.00300967
0.0029346
0.00288513
0.00278519
0.00271988
0.00260156
0.00252431
0.00239385
0.00230836
0.00217133
0.00208082
0.00194197
0.00184922
0.0017123
0.00161961
0.0014876
0.00139689
0.0012721
0.00118503
0.00106925
0.000987285
0.000881934
0.000806367
0.000712487
0.000644432
0.00056271
0.000503011
0.000433719
0.000382875
0.000325802
0.000283882
0.00023834
0.000204965
0.000169827
0.00014421
0.000118183
9.95165e-05
8.14791e-05
6.98039e-05
5.7628e-05
5.02489e-05
4.0729e-05
3.38839e-05
2.53894e-05
1.75882e-05
1.13314e-05
5.04855e-06
1.92872e-06
1.49441e-07
-4.97207e-06
-6.56524e-06
-2.74566e-05
-4.44303e-05
-9.40267e-05
-0.000140906
-0.000201147
-0.000249973
-0.000272687
-0.000267475
-0.000263064
0.00331709
0.0036177
0.00417782
0.00473712
0.00517792
0.00555641
0.0056943
0.00579336
0.00565866
0.0055149
0.00521632
0.00490263
0.00450959
0.00409558
0.0036712
0.00324227
0.00287355
0.00252236
0.00227318
0.00206188
0.00194757
0.00190186
0.0019281
0.00202568
0.00215303
0.00231403
0.00243371
0.00259256
0.00270202
0.00283825
0.00293049
0.00303603
0.00310589
0.00317478
0.00321879
0.00324789
0.0032646
0.00325386
0.00324386
0.00319604
0.00316164
0.0030817
0.00302642
0.00292067
0.00284867
0.00272391
0.00263947
0.00250229
0.00240944
0.00226572
0.00216798
0.00202266
0.00192304
0.00178007
0.00168102
0.0015435
0.00144705
0.00131735
0.00122523
0.00110518
0.00101886
0.000909876
0.000830655
0.000733758
0.000662703
0.000578546
0.000516447
0.000445238
0.000392524
0.000333992
0.000290652
0.000244032
0.000209606
0.000173698
0.000147333
0.000120763
0.000101362
8.28184e-05
7.0776e-05
5.80694e-05
5.04096e-05
4.04701e-05
3.34e-05
2.4752e-05
1.69793e-05
1.08482e-05
4.77894e-06
1.79222e-06
-2.92176e-07
-5.90159e-06
-8.9232e-06
-3.1514e-05
-5.12875e-05
-0.000103797
-0.000153004
-0.000216085
-0.000264625
-0.000288342
-0.000282703
-0.000278006
0.00339618
0.00369679
0.00420024
0.00475981
0.00521193
0.00559167
0.00577434
0.00587618
0.00579319
0.00565346
0.00539226
0.00508321
0.00470932
0.00430014
0.00387887
0.00345451
0.00307557
0.00272814
0.00246391
0.00225516
0.00213409
0.00208974
0.00211935
0.00221714
0.00235593
0.00251687
0.00265535
0.00281415
0.0029414
0.00307758
0.00318319
0.00328869
0.00336666
0.00343552
0.00348185
0.00351095
0.00352413
0.00351339
0.00349437
0.00344657
0.00339838
0.00331846
0.00324562
0.0031399
0.00304767
0.00292295
0.00281676
0.00267963
0.00256453
0.00242085
0.00230125
0.00215597
0.00203554
0.00189262
0.00177433
0.00163685
0.00152304
0.00139338
0.00128596
0.00116595
0.00106646
0.000957504
0.000867207
0.000770342
0.000690197
0.000606066
0.000536693
0.000465507
0.000407121
0.000348607
0.000300958
0.000254353
0.000216738
0.000180841
0.000152203
0.000125641
0.000104591
8.60494e-05
7.23633e-05
5.96483e-05
5.03747e-05
4.04357e-05
3.23805e-05
2.37488e-05
1.61584e-05
1.00424e-05
4.67819e-06
1.69185e-06
-1.40673e-06
-6.99048e-06
-1.50257e-05
-3.74547e-05
-6.552e-05
-0.000117625
-0.000171664
-0.000234263
-0.000282057
-0.000305542
-0.000304609
-0.000299889
0.00347332
0.00377393
0.00423076
0.00479057
0.00525772
0.00563862
0.00586076
0.00596561
0.00593845
0.00580308
0.00558224
0.0052782
0.00492498
0.00452103
0.00410311
0.00368371
0.00329373
0.00295034
0.00266986
0.00246388
0.00233549
0.00229262
0.00232587
0.00242388
0.00257503
0.00273592
0.00289469
0.00305343
0.00319989
0.00333602
0.00345607
0.00356154
0.00364824
0.00371708
0.00376592
0.003795
0.00380438
0.00379365
0.00376488
0.00371709
0.00365402
0.00357412
0.00348231
0.00337663
0.00326256
0.00313789
0.00300821
0.00287112
0.002732
0.00258837
0.00244516
0.00229993
0.00215704
0.00201417
0.00187508
0.00173765
0.00160509
0.00147547
0.00135153
0.00123156
0.00111785
0.00100893
0.000906677
0.000809846
0.000719885
0.000635784
0.000558555
0.000487394
0.000422882
0.000364389
0.000312087
0.000265498
0.000224439
0.000188555
0.000157462
0.000130909
0.000108078
8.95383e-05
7.40774e-05
6.13534e-05
5.0337e-05
4.03985e-05
3.12796e-05
2.26654e-05
1.5272e-05
9.17225e-06
4.56939e-06
1.58346e-06
-2.61028e-06
-8.1663e-06
-2.16155e-05
-4.38696e-05
-8.08888e-05
-0.000132557
-0.000192259
-0.000254348
-0.000306133
-0.000329402
-0.000328135
-0.00032339
0.00342364
0.00372409
0.0042752
0.00483557
0.00535916
0.0057433
0.00601736
0.00612745
0.00613865
0.00600939
0.00581748
0.00551971
0.00517303
0.00477511
0.00433907
0.00392486
0.00350587
0.00316636
0.00286186
0.00265837
0.00252028
0.0024787
0.00252655
0.00262478
0.00280874
0.00296956
0.00315749
0.00331617
0.00348538
0.00362146
0.00375876
0.00386418
0.00396138
0.0040302
0.00408211
0.00411118
0.00411611
0.00410538
0.00406517
0.0040174
0.00393691
0.00385705
0.00374321
0.00363756
0.00349835
0.00337372
0.00321723
0.0030802
0.00291388
0.00277031
0.00260057
0.0024554
0.00228744
0.00214462
0.00198246
0.00184509
0.00169179
0.00156222
0.00142006
0.00130014
0.00117078
0.0010619
0.000946525
0.00084973
0.000749059
0.000664989
0.000579275
0.000508141
0.000437125
0.000378654
0.000321549
0.000274977
0.000230509
0.000194638
0.000161198
0.000134655
0.000110357
9.18222e-05
7.50838e-05
6.23575e-05
5.00164e-05
4.00827e-05
2.97895e-05
2.12007e-05
1.34898e-05
7.42741e-06
3.86747e-06
8.96763e-07
-2.21301e-06
-7.78622e-06
-2.31286e-05
-4.53697e-05
-8.98427e-05
-0.000141272
-0.000217202
-0.000278641
-0.000342002
-0.000364794
-0.00035146
-0.000346691
0.0033711
0.00367183
0.00431674
0.00488145
0.0054669
0.00585196
0.00618693
0.0063028
0.00635881
0.0062362
0.00607379
0.00578283
0.00544183
0.00505044
0.00459324
0.00418464
0.00373118
0.00339583
0.00306287
0.00286208
0.00271217
0.00267199
0.00273908
0.00283754
0.00306094
0.0032217
0.0034415
0.00360012
0.00379402
0.00393004
0.00408604
0.00419142
0.00430002
0.00436881
0.00442405
0.00445311
0.00445321
0.00444249
0.00438988
0.00434213
0.00424276
0.00416293
0.00402522
0.00391962
0.00375317
0.00362859
0.00344307
0.00330609
0.00311034
0.00296683
0.0027684
0.00262328
0.00242821
0.00228545
0.00209834
0.00196102
0.00178531
0.00165579
0.00149394
0.00137406
0.00122779
0.00111896
0.000989405
0.000892649
0.000780407
0.000696372
0.000601494
0.000530388
0.000452356
0.000393909
0.000331628
0.000285076
0.000236943
0.000201087
0.000165127
0.000138594
0.000112541
9.4011e-05
7.59749e-05
6.3246e-05
4.96128e-05
3.96844e-05
2.81326e-05
1.95713e-05
1.14835e-05
5.46231e-06
3.07346e-06
1.19945e-07
-1.65637e-06
-7.25033e-06
-2.42587e-05
-4.6493e-05
-9.94414e-05
-0.00015063
-0.000244305
-0.000305162
-0.000379895
-0.00040253
-0.000376878
-0.000371983
0.00338458
0.00369147
0.00433626
0.00492542
0.00551213
0.00594587
0.00629024
0.00646443
0.0065331
0.0064661
0.00631278
0.00606341
0.00572947
0.00535876
0.00490514
0.00449618
0.00404266
0.0036944
0.00336122
0.00314929
0.0030009
0.00296467
0.00303971
0.00316121
0.00339694
0.0035894
0.00381159
0.00399827
0.004194
0.00435107
0.00450846
0.00462644
0.00473588
0.00480795
0.00486343
0.00488626
0.00488599
0.00486003
0.00480648
0.00473562
0.00463482
0.00452565
0.00438614
0.00424683
0.00407834
0.00391763
0.00372993
0.00355617
0.00335823
0.00317883
0.00297824
0.00279932
0.00260222
0.00242856
0.0022396
0.00207482
0.00189744
0.00174415
0.00158083
0.00144091
0.00129338
0.0011681
0.0010375
0.000927632
0.000814537
0.000720383
0.000624831
0.000546192
0.000467646
0.000403812
0.000341154
0.000290922
0.000242524
0.000204282
0.000168141
0.000140095
0.000114005
9.44337e-05
7.62132e-05
6.25194e-05
4.86664e-05
3.81198e-05
2.63857e-05
1.8019e-05
9.9206e-06
4.48851e-06
2.24941e-06
-1.58776e-06
-3.22766e-06
-1.35239e-05
-3.05993e-05
-6.23746e-05
-0.000116534
-0.000180196
-0.000274471
-0.000345186
-0.000419076
-0.000441389
-0.000415532
-0.000407564
0.00339912
0.00371268
0.00435734
0.00497289
0.00556098
0.00604729
0.00639542
0.00663879
0.00671324
0.0067128
0.00656648
0.00636607
0.0060398
0.00569251
0.00524666
0.00483634
0.0043898
0.00402671
0.00369893
0.00347588
0.00333093
0.00330241
0.0033788
0.00352945
0.00376509
0.00399446
0.00421654
0.00443587
0.00463152
0.00481308
0.00497038
0.00510303
0.00521243
0.00528832
0.00534377
0.00535936
0.00535909
0.00531539
0.00526186
0.00516412
0.00506337
0.00492005
0.00478061
0.00460208
0.00443366
0.0042309
0.00404329
0.00382675
0.00362889
0.00340774
0.00320725
0.00298898
0.00279197
0.00258236
0.00239349
0.00219675
0.00201945
0.0018385
0.00167526
0.00151201
0.00136455
0.00122012
0.00108958
0.000964456
0.000851415
0.000745484
0.000649977
0.000562568
0.00048406
0.000413955
0.000351327
0.000296811
0.000248436
0.000207417
0.000171292
0.000141485
0.000115407
9.4496e-05
7.62836e-05
6.13573e-05
4.75195e-05
3.62135e-05
2.45077e-05
1.63756e-05
8.30592e-06
3.58156e-06
1.36201e-06
-3.52442e-06
-5.11582e-06
-2.10941e-05
-3.79759e-05
-8.13886e-05
-0.000135031
-0.000213681
-0.000307046
-0.000388406
-0.000461385
-0.00048335
-0.000457271
-0.000445987
0.00341483
0.00373558
0.00438011
0.00502415
0.00561372
0.0061568
0.00650899
0.00682708
0.00690777
0.0069792
0.00684043
0.0066929
0.00637491
0.0060529
0.00561544
0.00520366
0.00476466
0.00438555
0.00406359
0.00382855
0.00368732
0.00366712
0.00374496
0.0039271
0.00416264
0.00443185
0.00465382
0.00490842
0.00510396
0.00531196
0.00546919
0.00561768
0.00572702
0.00580705
0.00586247
0.00587022
0.00586995
0.00580711
0.00575361
0.00562684
0.00552614
0.00534594
0.00520657
0.00498568
0.00481735
0.00456918
0.00438166
0.00411892
0.00392117
0.00365492
0.00345453
0.00319378
0.00299687
0.00274844
0.00255966
0.00232841
0.0021512
0.00194038
0.00177722
0.00158878
0.0014414
0.0012763
0.00114582
0.00100422
0.000891237
0.000772588
0.00067713
0.000580252
0.000501784
0.000424907
0.000362311
0.00030317
0.00025482
0.000210802
0.000174695
0.000142985
0.000116921
9.45632e-05
7.63597e-05
6.01023e-05
4.6281e-05
3.4155e-05
2.24796e-05
1.46009e-05
6.56233e-06
2.6022e-06
4.03767e-07
-5.61571e-06
-7.15474e-06
-2.92688e-05
-4.59415e-05
-0.000101921
-0.000155004
-0.00024984
-0.000342222
-0.000435076
-0.000507073
-0.000528662
-0.000502343
-0.000487477
0.00350099
0.00382363
0.00439526
0.00504531
0.0056439
0.0062095
0.00660976
0.00696082
0.00710657
0.00721185
0.00713418
0.00701327
0.00674649
0.00644018
0.00603982
0.00563338
0.00521195
0.00483278
0.00451373
0.00428004
0.00414298
0.00413114
0.00422057
0.00441733
0.00467444
0.00495911
0.00520516
0.00547342
0.00569004
0.00590829
0.00607841
0.00623302
0.00634622
0.00642783
0.0064778
0.0064825
0.00646782
0.00639753
0.00632159
0.00618354
0.00605382
0.00585928
0.00568604
0.0054487
0.00524355
0.00497775
0.00475232
0.00447163
0.00423653
0.00395278
0.00371697
0.00343973
0.00321034
0.00294684
0.0027292
0.00248457
0.00228247
0.00206007
0.00187608
0.00167787
0.00151358
0.00134047
0.00119671
0.00104873
0.000925685
0.000802116
0.000699334
0.000598796
0.000515237
0.000435745
0.000369795
0.000308869
0.000258452
0.00021328
0.000175988
0.000143547
0.000116895
9.38759e-05
7.49972e-05
5.81458e-05
4.39642e-05
3.15117e-05
2.04685e-05
1.27171e-05
5.68368e-06
2.04388e-06
-1.37626e-06
-7.82221e-06
-1.53153e-05
-3.98107e-05
-6.73289e-05
-0.000128137
-0.000193544
-0.000294188
-0.000390576
-0.000486197
-0.000553819
-0.000574496
-0.000558471
-0.000542481
0.00354734
0.00386985
0.00440825
0.00505842
0.00569257
0.00626003
0.00673298
0.00708871
0.0073347
0.00744724
0.0074693
0.0073575
0.0071684
0.00687246
0.00651959
0.00612382
0.00572153
0.00535182
0.00503586
0.00480908
0.00468234
0.00467435
0.00478628
0.00498364
0.0052768
0.0055613
0.00585314
0.00612124
0.00637506
0.00659318
0.00678631
0.00694083
0.00706124
0.00714281
0.00718367
0.00718837
0.00714885
0.0070786
0.00696377
0.0068258
0.00664569
0.00645127
0.00621929
0.0059821
0.00571322
0.00544758
0.0051567
0.00487618
0.00457678
0.00429321
0.00399659
0.00371952
0.00343453
0.00317119
0.00290426
0.00265978
0.00241526
0.00219299
0.00197357
0.00177549
0.00158249
0.00140949
0.00124326
0.00109537
0.000955363
0.000831867
0.000716828
0.00061635
0.000524371
0.000444926
0.000373543
0.000312653
0.000259006
0.00021386
0.000174851
0.000142429
0.000114959
9.1957e-05
7.19919e-05
5.5171e-05
4.03922e-05
2.79887e-05
1.80024e-05
1.02948e-05
5.14804e-06
1.51711e-06
-2.97694e-06
-9.39191e-06
-2.55399e-05
-4.98005e-05
-9.50856e-05
-0.000155185
-0.000241992
-0.00034127
-0.000453782
-0.00054783
-0.000622896
-0.00064281
-0.000618616
-0.000602567
0.00342686
0.00374952
0.00441543
0.00506925
0.00578116
0.00635332
0.00693443
0.00729622
0.00765182
0.00777432
0.00789451
0.00779424
0.00767156
0.00738794
0.00705164
0.00666772
0.00624265
0.00588263
0.00553779
0.00531773
0.00518344
0.00517908
0.00534405
0.00554199
0.00592507
0.0062095
0.00656627
0.00683428
0.00713283
0.00735086
0.00757236
0.0077268
0.00785705
0.00793853
0.00796987
0.0079745
0.00790674
0.00783644
0.00767677
0.00753876
0.00730043
0.007106
0.00680634
0.00656914
0.00622725
0.00596162
0.00559629
0.0053158
0.00494383
0.00466029
0.00429558
0.00401855
0.00367177
0.00340848
0.00308715
0.00284273
0.00255169
0.00232948
0.00207144
0.00187342
0.00164935
0.00147641
0.00128605
0.00113821
0.000980238
0.0008568
0.000729053
0.000628626
0.000528244
0.000448844
0.000372407
0.000311554
0.000255301
0.000210185
0.000170256
0.000137857
0.00011037
8.73885e-05
6.71522e-05
5.03743e-05
3.51362e-05
2.2802e-05
1.36127e-05
5.98219e-06
3.64228e-06
4.11529e-08
-2.1866e-06
-8.59598e-06
-2.8291e-05
-5.25103e-05
-0.00011147
-0.000171197
-0.000285289
-0.000382974
-0.000533601
-0.000626639
-0.000717466
-0.000735748
-0.00067639
-0.00065974
0.00341368
0.00373861
0.00440408
0.00508035
0.00579303
0.00642957
0.00701432
0.00748047
0.00784556
0.00808862
0.0082197
0.0082354
0.008125
0.00793334
0.00761017
0.00728284
0.00686884
0.00653473
0.00619873
0.00599468
0.00586766
0.00589414
0.00606842
0.00632072
0.00671248
0.00705649
0.00741301
0.00772695
0.00802529
0.00827045
0.00849179
0.00865267
0.00878283
0.00884946
0.00888077
0.00885003
0.00878232
0.00865827
0.00849872
0.00829189
0.00805372
0.00777948
0.00748003
0.00715651
0.00681486
0.00646083
0.00609576
0.00572877
0.00535706
0.00499222
0.00462776
0.00427706
0.00393052
0.00360275
0.00328164
0.00298268
0.00269185
0.00242512
0.00216725
0.00193425
0.00171034
0.00151107
0.00132084
0.00115422
0.000996352
0.000860378
0.00073272
0.000624704
0.000524392
0.000441094
0.00036471
0.000302519
0.000246305
0.000201456
0.000161555
0.000130207
0.000102869
8.09661e-05
6.07784e-05
4.51119e-05
2.98974e-05
1.93007e-05
1.01977e-05
4.11062e-06
1.8974e-06
-3.82606e-06
-6.00379e-06
-2.25479e-05
-4.20471e-05
-8.6169e-05
-0.000144595
-0.000231505
-0.000344735
-0.000469795
-0.000618047
-0.000725005
-0.000813746
-0.000825085
-0.000765266
-0.000739905
0.00339944
0.00372682
0.00439181
0.00509233
0.00580585
0.00651191
0.00710059
0.00767944
0.00805183
0.00842776
0.0085689
0.00871179
0.00861374
0.00852228
0.008213
0.00794751
0.00754724
0.00724297
0.00691846
0.00673522
0.00661597
0.00668016
0.00685752
0.00717125
0.00756276
0.00797111
0.00832736
0.00869088
0.008989
0.00926346
0.00948463
0.00965247
0.00978253
0.00983311
0.0098644
0.00979546
0.0097278
0.00954573
0.00938629
0.00910514
0.00886715
0.00850673
0.00820751
0.00779078
0.00744939
0.0069999
0.0066351
0.00617472
0.00580329
0.00535065
0.00498647
0.00455621
0.00420993
0.00381253
0.00349166
0.00313382
0.00284321
0.0025284
0.00227072
0.00199994
0.00177619
0.0015485
0.00135842
0.0011715
0.00101375
0.000864241
0.000736679
0.000620468
0.000520232
0.000432725
0.000356399
0.000292762
0.000236591
0.00019203
0.00015216
0.000121947
9.46298e-05
7.39467e-05
5.38021e-05
3.9424e-05
2.4273e-05
1.56262e-05
6.57849e-06
2.187e-06
1.1323e-08
-8.04582e-06
-1.01258e-05
-3.77601e-05
-5.69014e-05
-0.000122963
-0.00018047
-0.000297484
-0.000408929
-0.000563548
-0.000709235
-0.000831226
-0.000917713
-0.000921407
-0.000861237
-0.00082647
0.00351191
0.00383917
0.004378
0.00507964
0.00579123
0.00651025
0.00715657
0.0077611
0.00824176
0.00865103
0.0089205
0.00909772
0.00913299
0.0090724
0.00889121
0.00865096
0.00835443
0.00807031
0.0078163
0.00765055
0.00758541
0.00766689
0.00787735
0.00820629
0.00862193
0.00904235
0.00943237
0.00980516
0.0101269
0.0104068
0.0106307
0.0107997
0.0109115
0.010959
0.010952
0.0108758
0.010752
0.0105589
0.0103285
0.0100333
0.00971326
0.00933654
0.00894831
0.00851398
0.00808087
0.00761337
0.00715818
0.00668018
0.00622322
0.00575404
0.00531196
0.00486673
0.00445214
0.00404165
0.00366316
0.00329426
0.00295697
0.00263315
0.00233935
0.00206149
0.00181123
0.00157824
0.00136996
0.00117927
0.00101015
0.000858139
0.00072448
0.000606776
0.000504254
0.000415998
0.000339902
0.00027603
0.00022154
0.000177065
0.000139416
0.000109442
8.43101e-05
6.39374e-05
4.6181e-05
3.21831e-05
2.02098e-05
1.2043e-05
5.3592e-06
1.32561e-06
-4.19203e-06
-1.26593e-05
-2.88229e-05
-5.83584e-05
-0.000102564
-0.000172221
-0.000260747
-0.000382271
-0.000518715
-0.000676714
-0.000821762
-0.000943157
-0.00101506
-0.00101689
-0.000984578
-0.000948428
0.00333305
0.00365985
0.00430952
0.00501122
0.00579531
0.00651516
0.00728399
0.00789437
0.00853424
0.00895355
0.00940382
0.0095947
0.00979729
0.00975342
0.00968936
0.00946714
0.00923108
0.00896335
0.00873964
0.00858617
0.00855613
0.00864453
0.00894288
0.00927288
0.0098057
0.0102258
0.0106928
0.0110653
0.011428
0.0117076
0.0119421
0.012111
0.0122019
0.0122493
0.0121909
0.0121148
0.011912
0.011719
0.0113868
0.0110918
0.0106531
0.0102767
0.00975972
0.00932578
0.00876075
0.00829367
0.00770959
0.00723202
0.0066544
0.00618564
0.00563503
0.00519019
0.00468169
0.00427156
0.00381491
0.00344633
0.00304669
0.00272315
0.00238193
0.00210432
0.00182008
0.00158729
0.00135654
0.00116602
0.000983822
0.000831947
0.000692447
0.000574846
0.000471661
0.000383483
0.000310066
0.000246251
0.00019625
0.000151813
0.000119383
8.94347e-05
6.95036e-05
4.91679e-05
3.53964e-05
2.1487e-05
1.3668e-05
5.59012e-06
3.75704e-06
-2.49396e-07
-4.18931e-06
-1.26725e-05
-3.80754e-05
-6.74403e-05
-0.000136705
-0.000205609
-0.000333516
-0.000453218
-0.000639113
-0.000793745
-0.00099306
-0.00111047
-0.00119904
-0.00119804
-0.00108564
-0.00104941
0.00327207
0.0035924
0.00424358
0.0049502
0.0057347
0.00650904
0.00728787
0.00800933
0.00866805
0.00924447
0.0097163
0.0100888
0.0103151
0.010451
0.0104115
0.010342
0.0101267
0.00997238
0.00976501
0.00969462
0.00967812
0.00983953
0.0101544
0.0105565
0.0111025
0.0115795
0.0120508
0.012452
0.0128168
0.0130945
0.0133295
0.0134658
0.0135555
0.0135415
0.0134802
0.0133171
0.01311
0.0128092
0.0124714
0.0120534
0.0116083
0.0111
0.0105761
0.0100077
0.00943565
0.00883761
0.00824671
0.00764697
0.007063
0.00648497
0.00592869
0.00539024
0.00487687
0.00439019
0.00392953
0.00350156
0.00309875
0.00273199
0.0023884
0.00208194
0.00179605
0.00154647
0.00131467
0.00111687
0.000934118
0.000781905
0.000642223
0.000528862
0.000425755
0.000344357
0.00027118
0.000215067
0.000165387
0.000128405
9.63197e-05
7.28768e-05
5.32509e-05
3.81661e-05
2.48072e-05
1.52577e-05
7.90054e-06
1.95543e-06
6.49805e-07
-8.11329e-06
-1.17841e-05
-3.77457e-05
-6.34806e-05
-0.00012512
-0.000194787
-0.000306727
-0.000434973
-0.000599683
-0.000786279
-0.000975276
-0.00117259
-0.0012993
-0.0013839
-0.00136036
-0.00124635
-0.00119193
0.00327381
0.00358888
0.00417965
0.00488823
0.00566293
0.00647678
0.0072694
0.00807916
0.00877932
0.00948315
0.0100159
0.0105357
0.0108399
0.0111222
0.0111743
0.0112314
0.0111068
0.011051
0.0109171
0.0109235
0.0109589
0.0111881
0.0115233
0.0119863
0.012531
0.013052
0.0135234
0.0139468
0.0143052
0.0145814
0.0147993
0.0149103
0.0149734
0.0149117
0.0148158
0.0145853
0.0143373
0.0139529
0.01357
0.0130566
0.012564
0.0119535
0.0113818
0.0107092
0.0100909
0.00939145
0.00875758
0.00806322
0.00744097
0.00677833
0.00618947
0.00557856
0.00503891
0.00449299
0.00401247
0.00353853
0.00312196
0.00272177
0.00236985
0.00204109
0.00175138
0.00148885
0.00125672
0.00105331
0.000872653
0.00072022
0.000584075
0.000474036
0.000375093
0.000298979
0.000229959
0.000179838
0.000133878
0.000102691
7.36084e-05
5.52198e-05
3.77039e-05
2.70577e-05
1.55975e-05
9.74627e-06
3.29182e-06
-9.27196e-07
-4.88927e-06
-1.74706e-05
-2.99253e-05
-6.96671e-05
-0.000110139
-0.000197071
-0.000283993
-0.000429586
-0.000573119
-0.000772805
-0.000966288
-0.00118096
-0.00136784
-0.00149871
-0.00156754
-0.00152808
-0.00143537
-0.00136814
0.00314024
0.00345484
0.00404361
0.00475042
0.00554691
0.00635948
0.00723872
0.00805038
0.00890863
0.00961873
0.010371
0.010902
0.0114593
0.0117578
0.0120581
0.0121357
0.012222
0.0121872
0.0122156
0.0122394
0.0123995
0.012639
0.013076
0.0135405
0.0141604
0.0146809
0.0151841
0.0156071
0.0159538
0.0162296
0.0163955
0.0165064
0.0164803
0.0164187
0.0162014
0.0159711
0.0155759
0.015192
0.0146435
0.0141308
0.0134625
0.0128526
0.0121033
0.0114315
0.0106414
0.00994276
0.00915
0.00845642
0.00769366
0.00703176
0.00632458
0.00571435
0.00508048
0.00453517
0.0039846
0.00351119
0.00304724
0.00264749
0.00226811
0.00193972
0.00163894
0.0013767
0.00114598
0.000942802
0.000772163
0.0006199
0.000498846
0.000388929
0.00030715
0.000231121
0.000179027
0.000128961
9.80954e-05
6.69427e-05
5.02371e-05
3.18689e-05
2.40346e-05
1.34179e-05
9.6508e-06
3.84834e-06
2.25075e-06
-1.95483e-06
-1.00759e-05
-2.25805e-05
-5.73729e-05
-9.65862e-05
-0.000182176
-0.000267549
-0.000416941
-0.000559415
-0.000770292
-0.00096486
-0.00121658
-0.00142417
-0.00164765
-0.00177131
-0.0018307
-0.00178799
-0.00161251
-0.00154515
0.00300579
0.00330368
0.00391019
0.00459537
0.00539132
0.00622309
0.00711815
0.00800903
0.00889927
0.00975285
0.0105484
0.0112779
0.011886
0.0124173
0.01277
0.0130833
0.0132145
0.0133861
0.0134491
0.0136316
0.0138188
0.0141656
0.014633
0.0151562
0.0157973
0.0163303
0.0168412
0.0172366
0.0175822
0.0177949
0.0179535
0.0179697
0.0179304
0.0177482
0.0175126
0.0171421
0.0167246
0.0161879
0.0156141
0.0149432
0.014248
0.0134814
0.012705
0.0118847
0.0110685
0.0102353
0.00941845
0.00860889
0.00782503
0.00706881
0.00634407
0.00566261
0.00501497
0.0044212
0.00386062
0.00335969
0.00288921
0.00247983
0.00209695
0.00177301
0.00147118
0.00122337
0.000993437
0.000810688
0.000642087
0.000512722
0.000394412
0.000307023
0.00022824
0.000172319
0.000123124
8.94996e-05
6.11932e-05
4.23006e-05
2.77004e-05
1.75869e-05
1.12527e-05
5.18369e-06
2.87198e-06
-3.30102e-06
-3.65466e-06
-1.85381e-05
-2.6317e-05
-6.69141e-05
-0.000103786
-0.000191068
-0.000281682
-0.000428971
-0.00058456
-0.000790687
-0.0010077
-0.00125425
-0.00151177
-0.00174593
-0.00197029
-0.00208449
-0.00213481
-0.00204593
-0.00185428
-0.00175808
0.00301446
0.00330334
0.00378766
0.00446115
0.00522967
0.0060693
0.00695551
0.00788973
0.00881817
0.00975338
0.010634
0.0114775
0.0122195
0.0128863
0.013423
0.0138767
0.0142193
0.0145184
0.0147751
0.0150601
0.0153845
0.0158021
0.0162986
0.0168575
0.0174501
0.0179896
0.0184541
0.0188342
0.0191194
0.0192973
0.0193766
0.0193408
0.0192083
0.0189598
0.0186225
0.0181751
0.0176523
0.0170319
0.0163539
0.0155964
0.014802
0.0139499
0.0130827
0.0121813
0.0112857
0.010379
0.00949629
0.0086235
0.00778872
0.00698113
0.00622101
0.00550082
0.00483292
0.00421288
0.00364576
0.00313001
0.00266448
0.00225007
0.00188085
0.00155956
0.00127708
0.00103736
0.000829533
0.000658129
0.000511785
0.00039509
0.000297159
0.00022221
0.000160548
0.000115717
7.96575e-05
5.50931e-05
3.5805e-05
2.36637e-05
1.42685e-05
8.69924e-06
4.08822e-06
7.46982e-07
-3.76274e-06
-1.01521e-05
-2.21108e-05
-4.30301e-05
-7.79859e-05
-0.000133925
-0.000213761
-0.000326712
-0.000467925
-0.000647621
-0.000850356
-0.00108886
-0.00133853
-0.00160987
-0.00187054
-0.00211439
-0.00230032
-0.00240379
-0.00241974
-0.00230825
-0.00217087
-0.00206023
0.00272931
0.00300602
0.00354659
0.00419508
0.00495031
0.00577666
0.00670162
0.00764458
0.00866477
0.0096394
0.0106707
0.0115884
0.0125305
0.0133042
0.0140606
0.0146422
0.0151858
0.0156117
0.0160281
0.016414
0.0168526
0.0173264
0.0179126
0.0184789
0.0191133
0.0196261
0.0200687
0.0204026
0.0206237
0.0207416
0.0207278
0.0206221
0.0203733
0.0200491
0.0195787
0.0190538
0.0183879
0.0176921
0.0168679
0.0160403
0.0151034
0.0141892
0.0131894
0.0122363
0.0112234
0.010277
0.00929663
0.00839693
0.00748697
0.00666529
0.00585359
0.00513125
0.00443466
0.00382275
0.00324754
0.00274791
0.00229131
0.00189835
0.00155075
0.00125355
0.0010008
0.000785324
0.00061103
0.000461961
0.000349239
0.000251497
0.000184399
0.000124159
8.85896e-05
5.39431e-05
3.81967e-05
1.95095e-05
1.45203e-05
4.54557e-06
3.88858e-06
-2.49674e-06
-2.57304e-06
-9.76909e-06
-1.35816e-05
-2.95358e-05
-4.8278e-05
-8.84009e-05
-0.00014499
-0.000231193
-0.000354245
-0.000504692
-0.000707575
-0.000923836
-0.0011927
-0.00145843
-0.00176675
-0.00204973
-0.00235801
-0.00259376
-0.00280962
-0.0028864
-0.00286634
-0.00271489
-0.00242228
-0.00229252
0.00263306
0.00288655
0.00336434
0.00397123
0.00469847
0.0055011
0.00640108
0.0073654
0.00837848
0.00943599
0.0104829
0.011551
0.0125387
0.0135249
0.0143647
0.0151969
0.015854
0.0165269
0.0170573
0.0176414
0.0181584
0.0187438
0.0193346
0.0199164
0.020498
0.0209562
0.0213483
0.0215869
0.0217518
0.0217456
0.0216706
0.0214198
0.0211085
0.0206267
0.0200961
0.0194098
0.0186889
0.0178356
0.0169642
0.0159899
0.0150151
0.0139711
0.0129437
0.0118822
0.0108524
0.00982242
0.00883579
0.00787903
0.00697267
0.00612059
0.00532106
0.00459323
0.00391565
0.00331972
0.00276828
0.00230137
0.00187104
0.00152204
0.00120098
0.000953351
0.000725418
0.000559927
0.000407137
0.000304203
0.000208619
0.00015007
9.52453e-05
6.54421e-05
3.73047e-05
2.37426e-05
1.10508e-05
4.53194e-06
-9.96153e-07
-6.48971e-06
-1.04178e-05
-1.85053e-05
-2.43373e-05
-4.02762e-05
-5.51505e-05
-9.25198e-05
-0.000131696
-0.00021351
-0.000300496
-0.00045182
-0.000609767
-0.000841965
-0.00107514
-0.00137374
-0.00166113
-0.0019926
-0.00230264
-0.00262171
-0.00290854
-0.00314161
-0.00331145
-0.0033452
-0.00328743
-0.00307232
-0.00282691
-0.00266122
0.00237119
0.00261254
0.00307433
0.00365218
0.00432646
0.00510172
0.00597801
0.00692315
0.00796069
0.00901609
0.0101548
0.0112456
0.0124031
0.0134418
0.0145202
0.0154323
0.0163584
0.0171225
0.0178956
0.0185555
0.0192363
0.019856
0.0204955
0.0210616
0.0215819
0.0219935
0.0222696
0.0224494
0.022464
0.0223935
0.0221467
0.0218302
0.0213363
0.0207916
0.020078
0.019335
0.0184402
0.0175393
0.0165112
0.0155006
0.0143929
0.0133253
0.0121939
0.011122
0.0100205
0.0089931
0.00796831
0.00702605
0.00611444
0.00528687
0.00451201
0.00381619
0.00318816
0.00262879
0.00214507
0.00171617
0.00136418
0.00105166
0.000811952
0.000596766
0.000446374
0.000307443
0.000222951
0.000139617
9.94272e-05
5.32303e-05
3.90613e-05
1.47734e-05
1.24074e-05
-1.52658e-06
-2.08685e-06
-1.3543e-05
-1.83198e-05
-3.17989e-05
-4.33483e-05
-6.13695e-05
-7.92961e-05
-0.000107882
-0.000146631
-0.000204438
-0.000291323
-0.000403966
-0.000568794
-0.000757863
-0.00101989
-0.00128819
-0.00163123
-0.0019546
-0.00233126
-0.00266974
-0.00303348
-0.00333934
-0.00364088
-0.0038415
-0.00398454
-0.00397422
-0.00383468
-0.00357273
-0.00315824
-0.00297306
0.00224951
0.00246298
0.00284739
0.00336787
0.00400139
0.00471834
0.00554429
0.00645228
0.00744699
0.00850674
0.00961897
0.0107729
0.0119319
0.0131026
0.0142246
0.0153279
0.0163397
0.0173151
0.0181869
0.0190182
0.0197612
0.0204527
0.0210705
0.0215932
0.0220271
0.0223218
0.0225117
0.0225437
0.0224705
0.0222379
0.0219065
0.0214239
0.020854
0.0201493
0.0193729
0.0184852
0.0175446
0.0165218
0.015467
0.0143628
0.0132486
0.0121191
0.0110008
0.00990044
0.00882974
0.00780659
0.00682748
0.00591953
0.00506464
0.00429686
0.00358539
0.00296858
0.00240602
0.00193747
0.00151687
0.00118272
0.000887603
0.000666288
0.000474105
0.000340178
0.000225949
0.000153614
9.30335e-05
5.88955e-05
3.05892e-05
1.54177e-05
2.29335e-06
-8.15313e-06
-1.8393e-05
-3.32971e-05
-4.82595e-05
-7.21855e-05
-9.52957e-05
-0.00012893
-0.00016096
-0.000204059
-0.000245601
-0.000309176
-0.000383136
-0.000496725
-0.000633623
-0.000828884
-0.00105273
-0.00134451
-0.00165942
-0.0020316
-0.00240726
-0.00281183
-0.00319439
-0.00357406
-0.00391323
-0.00421316
-0.00445535
-0.00460411
-0.00466163
-0.00456602
-0.00436759
-0.00401658
-0.00368464
-0.00345504
0.00194112
0.00213101
0.00250985
0.00297391
0.00354343
0.00419548
0.00496499
0.00580664
0.00676133
0.00776588
0.0088729
0.0099973
0.0112044
0.0123857
0.0136166
0.0147759
0.0159383
0.0169977
0.0180168
0.0189181
0.0197521
0.020451
0.0210583
0.0215099
0.0218403
0.0220197
0.0220761
0.0219844
0.0217653
0.0214136
0.0209344
0.0203454
0.0196352
0.0188441
0.0179435
0.0169951
0.0159537
0.0148998
0.0137731
0.0126694
0.0115154
0.0104176
0.00929324
0.00825309
0.00720929
0.00627039
0.00534821
0.00454221
0.00376921
0.00311354
0.00250203
0.0019993
0.00154655
0.00118601
0.000876387
0.000637048
0.000445802
0.000300565
0.000198243
0.000118189
7.48883e-05
3.30213e-05
2.18447e-05
-4.27832e-06
-4.98647e-06
-3.18079e-05
-3.74316e-05
-7.50734e-05
-9.46943e-05
-0.000147428
-0.00018448
-0.000251696
-0.000304984
-0.00038238
-0.00044727
-0.000532042
-0.000601913
-0.000711123
-0.000827296
-0.0010056
-0.00121407
-0.00149376
-0.00181401
-0.00219317
-0.00261483
-0.00305356
-0.003518
-0.00394889
-0.00437694
-0.00473581
-0.00507272
-0.00530861
-0.0055107
-0.00556329
-0.00555095
-0.00534863
-0.00503987
-0.00459312
-0.00404492
-0.00377612
0.00172854
0.00190123
0.00219622
0.00262142
0.00310409
0.00370434
0.00436697
0.00515343
0.00599227
0.00694842
0.00794609
0.00904058
0.0101678
0.0113489
0.0125531
0.0137454
0.0149395
0.0160517
0.0171267
0.01807
0.0189159
0.0196108
0.0201251
0.0205187
0.0206744
0.020766
0.0206397
0.020454
0.0200661
0.0196242
0.0190023
0.018333
0.0175166
0.0166603
0.0156984
0.0147044
0.0136519
0.012575
0.0114894
0.0103867
0.00932444
0.00825129
0.00726372
0.00626995
0.00539913
0.00452478
0.00379996
0.00307189
0.00250693
0.0019368
0.00152962
0.00111383
0.000847948
0.000569661
0.000417684
0.000250503
0.000178995
9.16267e-05
6.62268e-05
2.71421e-05
1.70639e-05
-1.64028e-06
-2.04141e-05
-4.04339e-05
-8.35621e-05
-0.000119216
-0.000193868
-0.00025214
-0.00035795
-0.000439383
-0.00057004
-0.000670094
-0.000815155
-0.000925737
-0.00107326
-0.00118963
-0.00133365
-0.00147938
-0.00169222
-0.00191842
-0.00225841
-0.00259647
-0.00305909
-0.00349498
-0.00403003
-0.00450749
-0.00502049
-0.00545861
-0.00585563
-0.00618546
-0.00641853
-0.00659269
-0.00663617
-0.00660508
-0.00641049
-0.00612163
-0.00565665
-0.00514569
-0.00453193
-0.00423566
0.00149366
0.00162855
0.0018955
0.00223192
0.00266752
0.0031524
0.00375381
0.00440223
0.00517172
0.00597839
0.00690321
0.00785426
0.00891077
0.00997719
0.0111218
0.0122452
0.013397
0.0144785
0.0155223
0.0164317
0.0172401
0.0178415
0.0182942
0.0185194
0.0185915
0.018488
0.0182941
0.0179318
0.0174879
0.0169057
0.0162456
0.015483
0.0146495
0.0137553
0.0127994
0.011828
0.0108052
0.0098125
0.00877959
0.00781925
0.00682987
0.00594959
0.00505076
0.00428838
0.00351647
0.00289672
0.00227432
0.00180661
0.0013406
0.00101854
0.000700143
0.000503179
0.000310171
0.000207269
0.000108005
6.26936e-05
2.13149e-05
-2.80305e-06
-2.10903e-05
-5.5404e-05
-7.99049e-05
-0.000147265
-0.000198871
-0.000311854
-0.000401861
-0.000562783
-0.000693241
-0.000895522
-0.00106067
-0.00129101
-0.00147934
-0.00172019
-0.00191659
-0.00214861
-0.0023389
-0.00255334
-0.0027258
-0.0029667
-0.00321563
-0.003564
-0.00394527
-0.00442223
-0.00491546
-0.00546357
-0.00600072
-0.00651918
-0.00699547
-0.00737969
-0.00770385
-0.00789078
-0.00802419
-0.00799237
-0.00791999
-0.00765623
-0.00734744
-0.00684552
-0.00629956
-0.00563159
-0.00502665
-0.00466889
0.00121126
0.00132118
0.00154857
0.00182239
0.00217719
0.00257755
0.00307507
0.00361428
0.00425637
0.00493127
0.00571252
0.00651454
0.00742571
0.00833599
0.00935243
0.0103259
0.0113791
0.0123258
0.0132917
0.0140779
0.0147993
0.0152777
0.0155965
0.0156982
0.0156119
0.0154024
0.0150754
0.0146422
0.0141012
0.0134904
0.0127739
0.0120288
0.0111856
0.0103562
0.00944076
0.00857975
0.00764782
0.00680618
0.0059111
0.00513443
0.004323
0.00364793
0.00295681
0.00240781
0.00186015
0.00144729
0.0010506
0.000768582
0.000514066
0.000343155
0.000207272
0.000116263
6.44016e-05
1.5271e-05
7.04061e-06
-3.93311e-05
-4.40814e-05
-0.00012226
-0.000157855
-0.000293219
-0.000383986
-0.000589908
-0.000747992
-0.00102503
-0.0012503
-0.00158737
-0.00186897
-0.00224584
-0.00256482
-0.00295532
-0.00328781
-0.00366328
-0.00398345
-0.00431584
-0.00459871
-0.00487729
-0.00510306
-0.00538684
-0.00570019
-0.00608993
-0.00656253
-0.00706338
-0.00763323
-0.00815273
-0.00871098
-0.00912612
-0.00953794
-0.0097473
-0.00992202
-0.00988641
-0.00981406
-0.0095432
-0.00924514
-0.00875851
-0.0082389
-0.00756459
-0.00685085
-0.00607621
-0.00529081
-0.00489844
0.000972753
0.00106532
0.0012312
0.00146172
0.00172558
0.002063
0.002436
0.00289139
0.00337344
0.00394425
0.0045309
0.00521101
0.00589859
0.00667427
0.00745015
0.00828431
0.00909723
0.00990857
0.0106486
0.0113099
0.0118244
0.0121927
0.0123279
0.0123423
0.0121148
0.0118456
0.0114343
0.010973
0.0104123
0.00980803
0.00914042
0.00843746
0.00771182
0.00695903
0.00622557
0.00547208
0.004778
0.00406905
0.00345453
0.00282781
0.00232257
0.00180496
0.00142545
0.00103056
0.000778116
0.000504812
0.00036534
0.000197794
0.000143159
5.27936e-05
4.42687e-05
-6.44673e-06
-1.30272e-05
-6.52843e-05
-0.00011335
-0.000206024
-0.000332072
-0.000496124
-0.000724609
-0.0009788
-0.00131898
-0.00166769
-0.00211281
-0.002546
-0.00307484
-0.00357007
-0.00415015
-0.00467603
-0.00526788
-0.00578809
-0.00634984
-0.00682728
-0.00731893
-0.00771945
-0.00810647
-0.00841826
-0.00867777
-0.00896964
-0.00930257
-0.00967847
-0.0101563
-0.0106095
-0.011117
-0.0115371
-0.0119262
-0.0121865
-0.0123208
-0.0123335
-0.0121591
-0.0119086
-0.0114653
-0.0109858
-0.0103397
-0.00967484
-0.00887424
-0.00807487
-0.00718612
-0.00634748
-0.0054943
-0.00508316
0.000781401
0.000853392
0.000970332
0.00115115
0.00135681
0.00162077
0.00190909
0.00226497
0.0026352
0.00307975
0.00352605
0.00405425
0.00457198
0.00517395
0.005751
0.00639758
0.00699076
0.00761292
0.00813316
0.00861844
0.00894425
0.00916646
0.00919055
0.00910401
0.00884512
0.00852434
0.00812533
0.00766043
0.00716264
0.00660325
0.00604962
0.0054389
0.00487201
0.00425462
0.00371516
0.00313292
0.00265562
0.00214355
0.00175378
0.00133687
0.00104801
0.000738677
0.000550444
0.000347042
0.000245034
0.000131615
8.83583e-05
3.60768e-05
1.37256e-05
-1.60042e-05
-6.13077e-05
-0.000112037
-0.000224549
-0.000338928
-0.000557158
-0.000770837
-0.00112182
-0.00145813
-0.00195307
-0.00241944
-0.00305153
-0.00363813
-0.00438286
-0.00506373
-0.00588154
-0.00661779
-0.00745854
-0.00820297
-0.00901143
-0.00971377
-0.0104354
-0.0110474
-0.0116335
-0.0121137
-0.0125302
-0.0128658
-0.0131015
-0.0133717
-0.0136206
-0.0139329
-0.0142416
-0.0145766
-0.0148282
-0.0150595
-0.0151162
-0.0151211
-0.0148855
-0.0146018
-0.0140655
-0.0135126
-0.0127472
-0.0119919
-0.0110852
-0.0101994
-0.0092218
-0.00827895
-0.00730904
-0.00640544
-0.00562296
-0.00519528
0.00060384
0.000652649
0.000757326
0.000881278
0.00105382
0.00123645
0.00147973
0.00172534
0.00203727
0.00234072
0.00271483
0.00306997
0.00350082
0.00389906
0.00437602
0.00479532
0.00528195
0.00567065
0.00608937
0.00636373
0.00660705
0.00667695
0.00664675
0.00648898
0.00621315
0.00590039
0.00551252
0.00512165
0.00466023
0.00423398
0.0037386
0.00331228
0.00282208
0.00242839
0.00197908
0.00164441
0.0012645
0.00100586
0.000713618
0.000536429
0.00033768
0.000234618
0.000121611
7.25728e-05
2.4104e-05
-2.48025e-06
-1.94533e-05
-6.38353e-05
-9.09858e-05
-0.00019788
-0.000280801
-0.000494009
-0.000676404
-0.00103285
-0.00135039
-0.00187438
-0.00234917
-0.00304781
-0.00368429
-0.00454491
-0.00532818
-0.00631829
-0.00721483
-0.00828463
-0.00924568
-0.0103329
-0.0112995
-0.0123357
-0.013245
-0.0141626
-0.014954
-0.0156926
-0.0163138
-0.0168261
-0.01724
-0.0175137
-0.0177052
-0.0178221
-0.0179873
-0.0180548
-0.0182399
-0.0182281
-0.0183096
-0.0181036
-0.0179556
-0.0174731
-0.0170219
-0.0162569
-0.01552
-0.0145404
-0.0136049
-0.0125082
-0.0114704
-0.0103464
-0.00928432
-0.0082148
-0.00720846
-0.00627267
-0.00546519
-0.00504078
0.000460438
0.000501299
0.000575683
0.000678399
0.000799283
0.000951035
0.00112188
0.00132528
0.00154166
0.00179122
0.00204561
0.0023347
0.00262117
0.00294109
0.00325092
0.00358197
0.00388745
0.00418601
0.00442938
0.00462679
0.00473111
0.00475593
0.00465554
0.00449447
0.00422665
0.00394289
0.00361858
0.00327872
0.00292904
0.00257069
0.00222689
0.0018802
0.00157087
0.00126219
0.00100971
0.000758324
0.000575861
0.000391404
0.000280916
0.000161716
0.000112876
4.52992e-05
3.55698e-05
-5.50869e-06
-9.5709e-06
-5.90329e-05
-9.91379e-05
-0.000198552
-0.000320707
-0.000513975
-0.00076336
-0.00109139
-0.00150651
-0.00200138
-0.00260822
-0.00328779
-0.00409478
-0.00495843
-0.00595311
-0.00697955
-0.00812779
-0.00927552
-0.0105233
-0.0117336
-0.0130118
-0.0142143
-0.015445
-0.0165643
-0.0176688
-0.0186326
-0.019539
-0.0202845
-0.0209347
-0.0214151
-0.02177
-0.0219738
-0.0220194
-0.0220215
-0.0219471
-0.0218352
-0.0216814
-0.0214338
-0.021087
-0.0206191
-0.0199947
-0.0192609
-0.0183434
-0.0173662
-0.0162243
-0.0150843
-0.0138321
-0.0126284
-0.0113706
-0.0101899
-0.00900501
-0.00792304
-0.00688357
-0.00596621
-0.00513833
-0.00472761
0.000364471
0.000395335
0.000445423
0.00052349
0.000616406
0.000730793
0.000859107
0.00101123
0.0011721
0.00135621
0.0015427
0.00175192
0.0019574
0.00218323
0.00239748
0.00262316
0.00282218
0.00301348
0.00315529
0.00326117
0.00329626
0.00326782
0.00316635
0.00300199
0.00279104
0.00254516
0.00229651
0.00202341
0.00176748
0.00149804
0.00126019
0.00101784
0.000817301
0.000620073
0.000469159
0.000327003
0.000228904
0.000141778
8.92679e-05
4.61686e-05
2.12591e-05
2.52766e-07
-2.51143e-05
-5.57669e-05
-0.000117933
-0.000197497
-0.00033816
-0.00050997
-0.000772161
-0.00107909
-0.00150227
-0.00198143
-0.00259603
-0.00327321
-0.00409539
-0.00497996
-0.00600722
-0.0070884
-0.00829689
-0.00954208
-0.0108865
-0.0122423
-0.0136581
-0.0150541
-0.016463
-0.0178179
-0.0191351
-0.0203646
-0.0215066
-0.0225319
-0.0234255
-0.0241807
-0.0247696
-0.0252085
-0.0254637
-0.0255759
-0.0254963
-0.0253441
-0.0250507
-0.0247097
-0.0242258
-0.0236856
-0.0229691
-0.0221803
-0.021209
-0.020167
-0.0189727
-0.017734
-0.0164004
-0.0150625
-0.0136946
-0.0123588
-0.0110484
-0.00979786
-0.00861475
-0.00751763
-0.00651544
-0.00561954
-0.00495546
-0.00456208
0.000269037
0.000290692
0.000335428
0.0003901
0.000462667
0.000543539
0.00064528
0.000752288
0.000878775
0.00100658
0.00115071
0.00129296
0.00144841
0.00159767
0.00175642
0.00189954
0.0020427
0.00215495
0.00224802
0.00229497
0.00229731
0.00224949
0.00213444
0.00199741
0.00179936
0.00161653
0.00140359
0.00121407
0.00100846
0.000833982
0.000655171
0.000510489
0.000372873
0.000266656
0.000177034
0.000109938
6.57687e-05
2.92673e-05
1.78005e-05
-6.12356e-06
-7.77682e-06
-4.60438e-05
-6.98627e-05
-0.000156762
-0.000241749
-0.00041643
-0.000605497
-0.000908484
-0.00124436
-0.0017132
-0.00223349
-0.00289784
-0.00362968
-0.00450619
-0.0054611
-0.00654894
-0.00771855
-0.00899626
-0.0103498
-0.0117742
-0.0132587
-0.0147664
-0.0163094
-0.0178213
-0.0193366
-0.0207646
-0.0221603
-0.0234156
-0.0246031
-0.0256053
-0.0265082
-0.0271933
-0.0277549
-0.0280818
-0.0282707
-0.0282314
-0.0280451
-0.0276849
-0.0272374
-0.0266078
-0.0259306
-0.0250444
-0.0241029
-0.0229696
-0.0217711
-0.0204391
-0.019046
-0.0176004
-0.0161166
-0.0146569
-0.0131918
-0.0118071
-0.0104468
-0.00920487
-0.00801036
-0.00696295
-0.00598261
-0.00515849
-0.00442115
-0.00406535
0.000209694
0.000227761
0.000255363
0.00030084
0.000350717
0.000416771
0.000485288
0.000571841
0.000655831
0.000757879
0.000851607
0.000963082
0.00106101
0.00117479
0.0012697
0.00137416
0.00145199
0.00152683
0.00156582
0.00158444
0.00156289
0.0015048
0.00141524
0.00128908
0.00115561
0.000997963
0.000861873
0.000705682
0.000583479
0.000446823
0.000350319
0.0002445
0.000179374
0.000109344
7.41307e-05
3.68591e-05
2.19151e-05
5.52043e-06
-7.25489e-06
-2.35533e-05
-6.01981e-05
-0.000105271
-0.000198421
-0.000307537
-0.000494246
-0.000706469
-0.00102518
-0.00137988
-0.0018666
-0.00239918
-0.00308305
-0.00382018
-0.00471874
-0.00567342
-0.0067882
-0.00795558
-0.00926856
-0.010623
-0.0120948
-0.0135889
-0.0151595
-0.016726
-0.018318
-0.0198745
-0.021399
-0.0228546
-0.0242194
-0.0254836
-0.0266022
-0.0275943
-0.0283949
-0.0290516
-0.0294845
-0.0297668
-0.0298102
-0.029711
-0.0293679
-0.0289212
-0.0282444
-0.0274951
-0.0265132
-0.0254865
-0.0242368
-0.0229663
-0.0215171
-0.0200723
-0.0185189
-0.016996
-0.015442
-0.013941
-0.0124753
-0.0110795
-0.00976652
-0.00853618
-0.00742071
-0.00639969
-0.00550917
-0.00471472
-0.00412836
-0.00378761
0.000156222
0.000168593
0.00019333
0.000224402
0.000264257
0.000309713
0.000364875
0.000423989
0.000490954
0.000559584
0.000632946
0.000706187
0.000780828
0.000853096
0.000923031
0.000985793
0.00103969
0.00107907
0.00109923
0.00109857
0.00106795
0.00101671
0.00093009
0.00083793
0.000720623
0.000614538
0.000502546
0.000404218
0.00030998
0.000230453
0.000162465
0.000106868
6.79868e-05
3.54879e-05
2.14728e-05
4.20523e-06
2.9184e-06
-1.44438e-05
-2.31038e-05
-6.30729e-05
-0.000106493
-0.000197775
-0.00030919
-0.000484947
-0.000701224
-0.000996582
-0.00135521
-0.00180402
-0.00233937
-0.00297034
-0.00370934
-0.0045418
-0.00549935
-0.00653894
-0.0077136
-0.0089487
-0.0103194
-0.0117187
-0.0132428
-0.0147552
-0.0163697
-0.0179258
-0.0195503
-0.0210677
-0.0226111
-0.0240011
-0.0253693
-0.0265453
-0.0276513
-0.0285377
-0.0293099
-0.0298502
-0.0302405
-0.0304029
-0.0303912
-0.0301709
-0.0297662
-0.0291806
-0.028413
-0.0274855
-0.0263879
-0.0251676
-0.0237973
-0.0223645
-0.0208121
-0.0192678
-0.0176442
-0.0160919
-0.0145044
-0.013032
-0.0115634
-0.010236
-0.00894212
-0.0078031
-0.00672021
-0.00579854
-0.00494968
-0.00425085
-0.00363731
-0.00334082
0.000123989
0.000133661
0.000149411
0.000173635
0.000202858
0.000237616
0.000276674
0.000321277
0.000367985
0.000418828
0.000469101
0.000521856
0.000571484
0.00062128
0.000665016
0.000704952
0.000734407
0.000754153
0.000758466
0.000746725
0.000717501
0.000668967
0.000607647
0.000532214
0.000454466
0.000373295
0.000300412
0.000230026
0.000171733
0.000119784
8.0616e-05
4.92519e-05
2.81897e-05
1.37941e-05
3.70677e-06
-3.91188e-06
-1.67497e-05
-3.4566e-05
-7.03498e-05
-0.000121694
-0.000206329
-0.000319808
-0.000483492
-0.000691231
-0.000966373
-0.00130158
-0.00172003
-0.00221386
-0.00280356
-0.0034815
-0.00426267
-0.00514047
-0.00612165
-0.00720142
-0.0083759
-0.00964277
-0.0109859
-0.012406
-0.0138741
-0.0153942
-0.0169256
-0.0184757
-0.0199943
-0.0214919
-0.0229128
-0.0242703
-0.0255077
-0.0266404
-0.027616
-0.0284509
-0.0291019
-0.0295858
-0.0298717
-0.0299763
-0.0298818
-0.0296033
-0.0291361
-0.028482
-0.0276436
-0.0266339
-0.0254641
-0.0241586
-0.0227433
-0.0212421
-0.0196918
-0.0181095
-0.0165369
-0.0149801
-0.0134797
-0.012031
-0.010669
-0.00938372
-0.00820195
-0.00711452
-0.00613942
-0.00527066
-0.00450964
-0.00385631
-0.00339748
-0.00312214
9.19163e-05
9.97759e-05
0.000112202
0.000131676
0.000151417
0.000179284
0.000206042
0.000241527
0.000272972
0.000312975
0.000345713
0.000386571
0.000417358
0.00045498
0.000480277
0.000509007
0.000523188
0.000534927
0.000530674
0.000517093
0.000489554
0.000447577
0.000399208
0.000337823
0.000283373
0.000219586
0.000174755
0.000121133
9.06681e-05
5.25919e-05
3.7506e-05
1.53957e-05
1.19102e-05
9.25228e-07
-2.67352e-07
-1.08721e-05
-2.48548e-05
-5.1836e-05
-9.91896e-05
-0.000164855
-0.000270837
-0.000401993
-0.000595152
-0.00082144
-0.00113164
-0.00148324
-0.00193908
-0.00244383
-0.00306953
-0.00374951
-0.00456142
-0.00542928
-0.00643226
-0.00748768
-0.00867182
-0.00989849
-0.0112368
-0.0126007
-0.014048
-0.0154974
-0.0169921
-0.0184597
-0.0199264
-0.0213341
-0.0226901
-0.0239554
-0.0251178
-0.0261617
-0.027056
-0.0278111
-0.0283789
-0.0287969
-0.0290024
-0.0290587
-0.0288927
-0.0285849
-0.0280634
-0.0273937
-0.0264826
-0.0254639
-0.0241995
-0.0228988
-0.0214025
-0.0199303
-0.018337
-0.0168104
-0.0152426
-0.0137624
-0.0123083
-0.010947
-0.00965777
-0.00846191
-0.00736523
-0.00636212
-0.00547339
-0.00467816
-0.00400246
-0.00340891
-0.00293324
-0.00268286
7.0967e-05
7.56383e-05
8.70814e-05
9.8699e-05
0.000116668
0.000133018
0.000157161
0.000177537
0.000205703
0.000227931
0.000256978
0.000278535
0.000305346
0.000323555
0.000344676
0.000356201
0.000366506
0.000367111
0.000360318
0.000346501
0.000318827
0.000290969
0.000245475
0.000210406
0.000160436
0.000128199
8.69189e-05
6.37305e-05
3.58422e-05
2.29587e-05
9.11557e-06
3.81396e-06
1.19513e-08
-4.78126e-06
-7.8634e-06
-2.39134e-05
-4.11368e-05
-8.48239e-05
-0.000136308
-0.000228105
-0.000338418
-0.000501892
-0.000698696
-0.000959003
-0.00127112
-0.00165299
-0.0021079
-0.00263312
-0.00325393
-0.00393843
-0.00474048
-0.00559132
-0.00657868
-0.00759106
-0.00875345
-0.00990847
-0.011219
-0.0124824
-0.0138967
-0.0152191
-0.0166767
-0.0179962
-0.0194237
-0.0206697
-0.0219867
-0.023086
-0.0242122
-0.0250959
-0.0259592
-0.0265701
-0.0271141
-0.0274127
-0.0276032
-0.0275721
-0.0274
-0.0270385
-0.0265234
-0.0258216
-0.0249263
-0.0238841
-0.0226498
-0.0213453
-0.0198915
-0.0184532
-0.0169109
-0.0154626
-0.0139488
-0.0125845
-0.0111826
-0.00995966
-0.00871804
-0.00766649
-0.00661168
-0.00574586
-0.00489225
-0.00421744
-0.00356787
-0.00307152
-0.00262483
-0.00241825
5.63577e-05
6.10068e-05
6.73895e-05
7.87388e-05
8.96215e-05
0.000105301
0.000119448
0.000138805
0.000154831
0.000175749
0.000191621
0.000211611
0.000225395
0.00024179
0.00025142
0.00026097
0.000263649
0.000262379
0.000255261
0.000240037
0.000222339
0.000193781
0.000168658
0.000133528
0.000108335
7.61346e-05
5.76026e-05
3.4441e-05
2.39568e-05
1.10882e-05
6.9463e-06
1.65081e-06
-1.54663e-06
-6.3343e-06
-1.80271e-05
-3.40585e-05
-6.78033e-05
-0.00011144
-0.000184605
-0.000276296
-0.000409347
-0.000572631
-0.000787964
-0.00104797
-0.00136829
-0.00174972
-0.00219591
-0.00272052
-0.00330919
-0.00399291
-0.00473359
-0.00558345
-0.00647587
-0.00748709
-0.00851882
-0.0096725
-0.0108174
-0.0120793
-0.0132971
-0.014618
-0.0158558
-0.0171737
-0.0183689
-0.0196135
-0.0206987
-0.0217967
-0.0227059
-0.0235886
-0.0242635
-0.0248737
-0.0252701
-0.0255683
-0.0256612
-0.0256301
-0.0254147
-0.0250536
-0.0245421
-0.0238438
-0.0229929
-0.021966
-0.0208138
-0.0195335
-0.0182022
-0.0167927
-0.0154116
-0.0139921
-0.0126668
-0.0113285
-0.0101258
-0.00892541
-0.0078778
-0.00684532
-0.00596688
-0.00511636
-0.00441328
-0.00374922
-0.00321808
-0.00272647
-0.00238455
-0.00217848
4.3828e-05
4.73104e-05
5.28436e-05
6.12976e-05
6.96621e-05
8.13219e-05
9.21402e-05
0.000106369
0.000118362
0.000133485
0.00014493
0.000159048
0.000168341
0.000179463
0.000185031
0.000190779
0.000190603
0.000188215
0.000180361
0.000167931
0.000152301
0.00013082
0.000110481
8.5259e-05
6.65685e-05
4.44619e-05
3.22948e-05
1.71556e-05
1.19055e-05
3.82689e-06
3.11543e-06
-1.15401e-06
-3.06907e-06
-1.04572e-05
-2.30274e-05
-4.43907e-05
-8.08115e-05
-0.000130841
-0.000207743
-0.000304489
-0.000441254
-0.000605244
-0.000822905
-0.00107581
-0.00139551
-0.00175837
-0.00219936
-0.00269034
-0.00326764
-0.00389953
-0.00462132
-0.00539883
-0.00626386
-0.00718117
-0.00817661
-0.00921542
-0.0103154
-0.011444
-0.0126094
-0.0137832
-0.014963
-0.0161266
-0.0172609
-0.0183518
-0.0193763
-0.0203304
-0.0211824
-0.0219399
-0.0225644
-0.0230762
-0.0234321
-0.0236649
-0.0237295
-0.0236698
-0.0234412
-0.0230895
-0.0225852
-0.0219321
-0.0210972
-0.0201462
-0.0190165
-0.0178411
-0.0165476
-0.0152665
-0.0139386
-0.0126617
-0.0114011
-0.0102085
-0.00907569
-0.00801401
-0.00703502
-0.0061273
-0.00531185
-0.00456784
-0.00391886
-0.00334059
-0.00285409
-0.00242885
-0.00208846
-0.00191022
3.43239e-05
3.63273e-05
4.17199e-05
4.65689e-05
5.44626e-05
6.09675e-05
7.11144e-05
7.87837e-05
8.99364e-05
9.76918e-05
0.000108206
0.000114874
0.000123172
0.000127616
0.000132123
0.00013316
0.00013197
0.000128455
0.000119865
0.000111434
9.55497e-05
8.35807e-05
6.35678e-05
5.13414e-05
3.32637e-05
2.41677e-05
1.23319e-05
7.53413e-06
2.40534e-06
5.01622e-07
-3.14239e-07
-3.26196e-06
-5.47747e-06
-1.62225e-05
-2.92055e-05
-5.74542e-05
-9.42609e-05
-0.000152554
-0.000229623
-0.000332927
-0.000469404
-0.000634368
-0.000851013
-0.00109486
-0.00141253
-0.00175158
-0.00218924
-0.00263705
-0.00320948
-0.00377476
-0.00448994
-0.00517444
-0.00603104
-0.00682757
-0.00781279
-0.00870383
-0.009792
-0.0107491
-0.0119015
-0.012886
-0.0140522
-0.015017
-0.0161377
-0.0170309
-0.0180426
-0.0188115
-0.0196523
-0.0202487
-0.0208645
-0.0212495
-0.0215996
-0.0217481
-0.0218102
-0.0217136
-0.0214859
-0.0211462
-0.0206475
-0.0200521
-0.019232
-0.0183752
-0.0172727
-0.0162255
-0.0149668
-0.0138423
-0.0125513
-0.0114489
-0.010223
-0.00921007
-0.00810744
-0.00721846
-0.00626485
-0.00551344
-0.00471896
-0.00410873
-0.0034763
-0.00300559
-0.00253102
-0.00218683
-0.00185434
-0.00171135
2.89662e-05
3.09616e-05
3.40231e-05
3.87672e-05
4.39993e-05
5.02434e-05
5.66418e-05
6.39182e-05
7.07426e-05
7.80013e-05
8.41873e-05
9.02765e-05
9.4815e-05
9.86138e-05
0.000100527
0.000100891
9.91613e-05
9.50462e-05
8.90453e-05
8.02016e-05
7.04849e-05
5.83357e-05
4.70635e-05
3.48264e-05
2.51026e-05
1.6015e-05
9.93577e-06
5.1424e-06
2.3116e-06
4.09636e-07
-1.86458e-06
-4.80959e-06
-1.17837e-05
-2.25188e-05
-4.22173e-05
-7.04399e-05
-0.000113663
-0.000171903
-0.000251973
-0.000355182
-0.000487391
-0.000652203
-0.000852918
-0.00109654
-0.00138195
-0.00172068
-0.00210516
-0.00255255
-0.00304679
-0.00361155
-0.00422047
-0.00490435
-0.00562512
-0.00642092
-0.00724137
-0.00813158
-0.00902921
-0.00998544
-0.0109275
-0.0119111
-0.0128559
-0.0138199
-0.0147194
-0.0156118
-0.0164151
-0.0171834
-0.0178417
-0.0184376
-0.0189089
-0.0192935
-0.019547
-0.0196953
-0.019715
-0.0196185
-0.0194019
-0.0190625
-0.0186194
-0.0180272
-0.0173261
-0.016484
-0.0155625
-0.0145379
-0.0134915
-0.0123923
-0.0113231
-0.0102447
-0.00923212
-0.00823973
-0.00733157
-0.00645951
-0.00567632
-0.00493857
-0.00428714
-0.00368738
-0.00316883
-0.00270511
-0.00231208
-0.00197085
-0.00173478
-0.00159206
2.2747e-05
2.4621e-05
2.68146e-05
3.12129e-05
3.43275e-05
4.00633e-05
4.38239e-05
5.04477e-05
5.42564e-05
6.0786e-05
6.39363e-05
6.93052e-05
7.12029e-05
7.43701e-05
7.45345e-05
7.44444e-05
7.24324e-05
6.81599e-05
6.38334e-05
5.52345e-05
4.92632e-05
3.77378e-05
3.16984e-05
2.02661e-05
1.60814e-05
7.67916e-06
6.06731e-06
1.65193e-06
1.50139e-06
-3.58202e-07
-1.85711e-06
-5.02069e-06
-1.26837e-05
-2.37105e-05
-4.45295e-05
-7.28102e-05
-0.000115955
-0.000173597
-0.000250214
-0.00035165
-0.000474416
-0.000635689
-0.000818079
-0.00105577
-0.00131101
-0.00164081
-0.00198049
-0.00241539
-0.00284786
-0.00339619
-0.00392479
-0.00458808
-0.00520948
-0.00598063
-0.0066835
-0.00754541
-0.00830969
-0.00923476
-0.0100318
-0.0109826
-0.0117765
-0.0127074
-0.0134572
-0.0143181
-0.0149809
-0.015721
-0.0162561
-0.0168289
-0.0172017
-0.0175699
-0.0177559
-0.0178955
-0.0178826
-0.0177857
-0.0175762
-0.0172448
-0.0168536
-0.0162793
-0.0156603
-0.0148512
-0.0140322
-0.0130523
-0.0121334
-0.0110843
-0.0101591
-0.00913055
-0.00826783
-0.00732116
-0.00655726
-0.00572511
-0.00507215
-0.00436803
-0.00382824
-0.00325565
-0.00282811
-0.00238496
-0.00206486
-0.00173799
-0.00151303
-0.00137539
1.89045e-05
2.01966e-05
2.23627e-05
2.53873e-05
2.8378e-05
3.22806e-05
3.58303e-05
4.02464e-05
4.37802e-05
4.80093e-05
5.08399e-05
5.41552e-05
5.56978e-05
5.74237e-05
5.72127e-05
5.67036e-05
5.4339e-05
5.10941e-05
4.64975e-05
4.05912e-05
3.44696e-05
2.69907e-05
2.09108e-05
1.38727e-05
9.69102e-06
4.8397e-06
3.22912e-06
7.72759e-07
6.2234e-07
-1.02264e-06
-2.52037e-06
-6.83769e-06
-1.44946e-05
-2.70865e-05
-4.78891e-05
-7.65766e-05
-0.000119687
-0.000174421
-0.000250977
-0.000343525
-0.000466194
-0.000609564
-0.000791811
-0.000999375
-0.00125441
-0.00153871
-0.00187812
-0.00224937
-0.0026815
-0.00314595
-0.00367413
-0.00423229
-0.0048532
-0.00549838
-0.00620069
-0.0069179
-0.00768157
-0.00844723
-0.00924368
-0.0100262
-0.0108195
-0.0115811
-0.0123303
-0.0130296
-0.0136919
-0.0142875
-0.0148222
-0.0152767
-0.0156492
-0.0159329
-0.0161188
-0.0162133
-0.0162005
-0.0161006
-0.0158913
-0.0156001
-0.0152093
-0.0147192
-0.0141073
-0.0134208
-0.0126171
-0.0117904
-0.0108909
-0.0100107
-0.0091055
-0.00824716
-0.00740242
-0.00661605
-0.00586726
-0.00517827
-0.00453774
-0.00395578
-0.00342601
-0.00295303
-0.0025329
-0.00216675
-0.00185101
-0.00158127
-0.00135736
-0.00124402
1.53536e-05
1.61067e-05
1.82793e-05
2.00198e-05
2.29063e-05
2.50733e-05
2.84584e-05
3.07993e-05
3.41039e-05
3.61772e-05
3.87451e-05
4.01254e-05
4.1382e-05
4.17303e-05
4.12028e-05
4.02745e-05
3.75834e-05
3.52901e-05
3.04434e-05
2.70307e-05
2.07699e-05
1.70382e-05
1.09208e-05
7.95214e-06
3.77317e-06
2.21018e-06
6.0079e-07
-4.14039e-08
-1.91713e-07
-1.63795e-06
-3.13458e-06
-8.52036e-06
-1.61717e-05
-3.02129e-05
-5.10002e-05
-8.00645e-05
-0.000123144
-0.000175184
-0.000251683
-0.000336001
-0.000458579
-0.000585372
-0.000767485
-0.000947148
-0.001202
-0.00144416
-0.00178332
-0.00209563
-0.00252744
-0.00291421
-0.00344201
-0.00390281
-0.00452327
-0.00505179
-0.00575358
-0.00633679
-0.0070999
-0.00771793
-0.00851379
-0.0091406
-0.00993332
-0.0105381
-0.0112868
-0.0118364
-0.0124982
-0.01296
-0.0134943
-0.0138392
-0.0142115
-0.014417
-0.0146027
-0.0146555
-0.0146426
-0.0145401
-0.014331
-0.014077
-0.0136865
-0.0132744
-0.0126691
-0.0120962
-0.0113065
-0.0106218
-0.00974024
-0.00901653
-0.00812979
-0.00742919
-0.006601
-0.00596327
-0.00522828
-0.00467205
-0.00404285
-0.00357419
-0.00305351
-0.00267306
-0.00225953
-0.00196512
-0.00165369
-0.00143662
-0.00121346
-0.00112262
1.35734e-05
1.43239e-05
1.56951e-05
1.74002e-05
1.94877e-05
2.1549e-05
2.39085e-05
2.60786e-05
2.83347e-05
3.01961e-05
3.18837e-05
3.303e-05
3.37522e-05
3.38539e-05
3.33073e-05
3.21329e-05
3.01264e-05
2.76203e-05
2.42449e-05
2.07212e-05
1.65645e-05
1.28183e-05
8.92128e-06
5.98129e-06
3.35713e-06
1.80362e-06
6.09319e-07
-2.77949e-08
-8.96847e-07
-2.3416e-06
-5.38607e-06
-1.07709e-05
-2.00828e-05
-3.41182e-05
-5.55107e-05
-8.45563e-05
-0.000125566
-0.000177564
-0.00024729
-0.000331529
-0.00044027
-0.000566934
-0.000725582
-0.000905052
-0.00112422
-0.00136611
-0.00165499
-0.00196694
-0.00233197
-0.00271827
-0.00316165
-0.00362189
-0.00414026
-0.00466812
-0.00525149
-0.00583396
-0.00646522
-0.00708245
-0.00773758
-0.00836356
-0.00901274
-0.00961674
-0.0102263
-0.0107752
-0.0113104
-0.0117716
-0.0121997
-0.012544
-0.0128376
-0.0130427
-0.0131826
-0.0132353
-0.0132127
-0.0131102
-0.0129261
-0.0126724
-0.0123363
-0.0119269
-0.0114199
-0.0108578
-0.0102083
-0.00953944
-0.00881482
-0.00810872
-0.00737764
-0.00669351
-0.00600761
-0.00538393
-0.00477261
-0.00422801
-0.00370296
-0.00324376
-0.00280798
-0.00243471
-0.00208744
-0.00179751
-0.00153295
-0.00131753
-0.00115266
-0.00106195
1.15024e-05
1.225e-05
1.31857e-05
1.48566e-05
1.62346e-05
1.82142e-05
1.97203e-05
2.1776e-05
2.31401e-05
2.48665e-05
2.57846e-05
2.67834e-05
2.70235e-05
2.69713e-05
2.63839e-05
2.50618e-05
2.35911e-05
2.09652e-05
1.87565e-05
1.51592e-05
1.26627e-05
8.88875e-06
6.76383e-06
3.82281e-06
2.58033e-06
1.0278e-06
5.17553e-07
-1.1916e-07
-9.94645e-07
-2.43849e-06
-5.839e-06
-1.12205e-05
-2.05354e-05
-3.4562e-05
-5.45162e-05
-8.35435e-05
-0.000120208
-0.000172174
-0.000232854
-0.00031704
-0.00041
-0.000536584
-0.000670564
-0.000849921
-0.00103344
-0.00127517
-0.00151557
-0.00182732
-0.00212964
-0.0025157
-0.00288148
-0.00334144
-0.00376758
-0.00429511
-0.004773
-0.00535511
-0.00587028
-0.00648713
-0.00701949
-0.00764508
-0.00816993
-0.00877355
-0.00926327
-0.00981183
-0.0102382
-0.010699
-0.0110358
-0.0113799
-0.0116054
-0.0118104
-0.01191
-0.0119626
-0.0119302
-0.0118278
-0.0116656
-0.011412
-0.0111299
-0.0107224
-0.0103015
-0.00974798
-0.00921059
-0.00855491
-0.00795848
-0.00726721
-0.00666787
-0.00599777
-0.00543722
-0.00482556
-0.00432687
-0.00379218
-0.00336376
-0.00291263
-0.00255627
-0.00218928
-0.00190434
-0.00161869
-0.00140123
-0.00118758
-0.00104533
-0.000954798
9.73664e-06
1.0419e-05
1.11638e-05
1.26784e-05
1.36013e-05
1.53837e-05
1.63487e-05
1.818e-05
1.89743e-05
2.04861e-05
2.09005e-05
2.17373e-05
2.16327e-05
2.15078e-05
2.08276e-05
1.95501e-05
1.83228e-05
1.58767e-05
1.42799e-05
1.09853e-05
9.39354e-06
5.97959e-06
4.84964e-06
2.2199e-06
1.79902e-06
4.18118e-07
3.74177e-07
-2.50931e-07
-9.94493e-07
-2.51563e-06
-5.90447e-06
-1.12891e-05
-2.02883e-05
-3.3979e-05
-5.26672e-05
-8.06499e-05
-0.000114238
-0.000163982
-0.00021873
-0.00029897
-0.000381966
-0.00050228
-0.000621038
-0.000791189
-0.000953043
-0.00118207
-0.00139334
-0.00168842
-0.00195341
-0.00231855
-0.00263849
-0.00307323
-0.00344521
-0.00394351
-0.00435979
-0.00490927
-0.00535692
-0.00593876
-0.00639996
-0.00698953
-0.0074425
-0.00801076
-0.00843132
-0.00894705
-0.00931065
-0.00974312
-0.0100272
-0.0103491
-0.0105353
-0.0107258
-0.010802
-0.0108487
-0.0108103
-0.010711
-0.0105616
-0.0103202
-0.0100704
-0.00968502
-0.00931595
-0.00879607
-0.00832591
-0.00771222
-0.00719398
-0.00654771
-0.00602995
-0.00540333
-0.00492124
-0.00434881
-0.00392097
-0.00342009
-0.00305273
-0.00262969
-0.00232388
-0.00197928
-0.00173428
-0.00146557
-0.0012786
-0.0010773
-0.00094177
-0.000856109
8.55328e-06
9.07346e-06
9.80992e-06
1.096e-05
1.18462e-05
1.31824e-05
1.40874e-05
1.54307e-05
1.61506e-05
1.72202e-05
1.75526e-05
1.80877e-05
1.78973e-05
1.76991e-05
1.69343e-05
1.58851e-05
1.45849e-05
1.27058e-05
1.10589e-05
8.62062e-06
7.00469e-06
4.56004e-06
3.42473e-06
1.60752e-06
1.18684e-06
2.45233e-07
2.01316e-07
-3.94597e-07
-1.13776e-06
-2.85877e-06
-6.24579e-06
-1.16436e-05
-2.0638e-05
-3.34793e-05
-5.21575e-05
-7.74849e-05
-0.000111055
-0.000155145
-0.000209863
-0.00028005
-0.000363001
-0.000467332
-0.000586026
-0.000732707
-0.000894473
-0.0010911
-0.00130225
-0.00155481
-0.00181966
-0.00213144
-0.0024512
-0.00282163
-0.00319341
-0.00361715
-0.0040332
-0.00449947
-0.00494687
-0.00543942
-0.00590037
-0.00639804
-0.00685076
-0.00732881
-0.00774914
-0.00818107
-0.00854448
-0.00890446
-0.00918836
-0.00945367
-0.00963974
-0.00979317
-0.00986927
-0.009901
-0.00986259
-0.00977129
-0.00962193
-0.00941175
-0.00916211
-0.00883213
-0.00846685
-0.00802372
-0.00756172
-0.0070405
-0.00653261
-0.00598466
-0.00547744
-0.00494647
-0.00447378
-0.00398857
-0.00356855
-0.00314349
-0.00278252
-0.00242276
-0.00212206
-0.00182817
-0.00158693
-0.0013569
-0.00117213
-0.000999327
-0.000864312
-0.000790758
7.4574e-06
7.82737e-06
8.55616e-06
9.36868e-06
1.02209e-05
1.11438e-05
1.19933e-05
1.28847e-05
1.35357e-05
1.41958e-05
1.44522e-05
1.47079e-05
1.44381e-05
1.41719e-05
1.33289e-05
1.2491e-05
1.11234e-05
9.76932e-06
8.07608e-06
6.43079e-06
4.79248e-06
3.24545e-06
2.10517e-06
1.04043e-06
6.19926e-07
8.51314e-08
4.12365e-08
-5.27641e-07
-1.27043e-06
-3.17654e-06
-6.56186e-06
-1.19719e-05
-2.09618e-05
-3.30166e-05
-5.16854e-05
-7.4554e-05
-0.000108107
-0.000146961
-0.000201651
-0.000262529
-0.000345438
-0.000434968
-0.000553603
-0.000678549
-0.000840234
-0.00100685
-0.0012179
-0.00143108
-0.0016958
-0.00195815
-0.00227776
-0.00258864
-0.00296023
-0.00331492
-0.00373076
-0.00411996
-0.00456714
-0.00497699
-0.00543771
-0.00585028
-0.00630278
-0.00669727
-0.00711739
-0.00747173
-0.00783495
-0.0081278
-0.00841156
-0.00862441
-0.00881038
-0.00892946
-0.00900553
-0.00902333
-0.00898494
-0.00890103
-0.00875174
-0.00857044
-0.00832097
-0.00804229
-0.00768053
-0.00730847
-0.00685403
-0.00641845
-0.00592014
-0.00546325
-0.00496579
-0.00452338
-0.00405941
-0.00365497
-0.00324219
-0.00288734
-0.00253228
-0.00223114
-0.00193517
-0.00168823
-0.00145048
-0.00125627
-0.00107352
-0.000927121
-0.000792582
-0.000730239
6.47912e-06
6.71966e-06
7.43729e-06
7.9511e-06
8.77153e-06
9.31303e-06
1.01254e-05
1.05937e-05
1.12062e-05
1.14749e-05
1.16997e-05
1.16709e-05
1.13794e-05
1.10067e-05
1.01507e-05
9.44937e-06
8.07882e-06
7.14267e-06
5.45891e-06
4.47812e-06
2.8586e-06
2.08026e-06
9.60109e-07
5.45095e-07
1.32153e-07
-5.26267e-08
-1.09057e-07
-6.54656e-07
-1.4191e-06
-3.4844e-06
-6.88218e-06
-1.23026e-05
-2.12654e-05
-3.26431e-05
-5.12018e-05
-7.19542e-05
-0.000105258
-0.000139605
-0.000193838
-0.000246704
-0.00032887
-0.000405663
-0.000523185
-0.000629428
-0.000789549
-0.000930337
-0.0011393
-0.0013186
-0.00158065
-0.00180049
-0.00211682
-0.00237646
-0.00274421
-0.00303948
-0.00345096
-0.00377385
-0.00421629
-0.00455497
-0.00501073
-0.00535007
-0.00579762
-0.00612021
-0.00653565
-0.00682322
-0.0071823
-0.00741738
-0.0076978
-0.0078655
-0.00804915
-0.00813868
-0.0082136
-0.00821941
-0.00818114
-0.00810359
-0.00795563
-0.00779918
-0.00755129
-0.00731726
-0.00696117
-0.00665175
-0.00620734
-0.00584759
-0.00536115
-0.00498509
-0.00449938
-0.00413569
-0.00368207
-0.00334939
-0.00294523
-0.00265272
-0.00230472
-0.00205565
-0.0017654
-0.0015602
-0.00132685
-0.00116437
-0.000984811
-0.000861223
-0.00072882
-0.000676121
5.97711e-06
6.21696e-06
6.74378e-06
7.24813e-06
7.90061e-06
8.42015e-06
9.04546e-06
9.48409e-06
9.93651e-06
1.0172e-05
1.0307e-05
1.02444e-05
9.96738e-06
9.5623e-06
8.84603e-06
8.11676e-06
7.01641e-06
6.06068e-06
4.74782e-06
3.75751e-06
2.52449e-06
1.74388e-06
8.99809e-07
4.84893e-07
1.31924e-07
-5.27765e-08
-2.7309e-07
-8.18455e-07
-1.86977e-06
-3.93418e-06
-7.51368e-06
-1.29318e-05
-2.15914e-05
-3.29643e-05
-5.01912e-05
-7.09347e-05
-0.000101169
-0.000135502
-0.00018407
-0.000236913
-0.000309841
-0.0003866
-0.000490268
-0.000596465
-0.000737085
-0.000877812
-0.00106072
-0.00123994
-0.00146871
-0.00168845
-0.00196398
-0.00222351
-0.00254316
-0.0028383
-0.00319525
-0.003518
-0.00390098
-0.00423951
-0.0046331
-0.0049723
-0.00535777
-0.00568023
-0.0060369
-0.00632434
-0.00663138
-0.00686636
-0.00710471
-0.00727234
-0.0074267
-0.00751618
-0.00757661
-0.00758242
-0.00754544
-0.00746793
-0.00733647
-0.00718009
-0.00696216
-0.00672902
-0.00642047
-0.00611521
-0.00573378
-0.00538029
-0.00496288
-0.00459374
-0.00417584
-0.00381857
-0.00342671
-0.00309944
-0.00274882
-0.00246071
-0.00215765
-0.0019121
-0.00165833
-0.00145581
-0.0012508
-0.00109009
-0.000930923
-0.000808067
-0.000699924
-0.000647281
5.50622e-06
5.74542e-06
6.10094e-06
6.59652e-06
7.09439e-06
7.5936e-06
8.04708e-06
8.45827e-06
8.76367e-06
8.96846e-06
9.02119e-06
8.92729e-06
8.66382e-06
8.22878e-06
7.64121e-06
6.88611e-06
6.03421e-06
5.06038e-06
4.08847e-06
3.08931e-06
2.21187e-06
1.42912e-06
8.40013e-07
4.25182e-07
1.31008e-07
-5.36192e-08
-4.16227e-07
-9.61375e-07
-2.26191e-06
-4.32551e-06
-8.04869e-06
-1.34646e-05
-2.18099e-05
-3.31782e-05
-4.9129e-05
-6.98642e-05
-9.72054e-05
-0.000131524
-0.000174788
-0.00022761
-0.000291919
-0.000368648
-0.000459422
-0.000565577
-0.000688084
-0.000828756
-0.000987489
-0.00116664
-0.00136457
-0.00158422
-0.001822
-0.00208142
-0.00235661
-0.00265163
-0.00295818
-0.0032808
-0.00360886
-0.00394727
-0.00428346
-0.00462253
-0.00495071
-0.00527304
-0.0055755
-0.00586283
-0.00612184
-0.00635674
-0.00655627
-0.00672384
-0.00685116
-0.00694061
-0.00698763
-0.00699344
-0.00695762
-0.00688014
-0.0067639
-0.00660758
-0.00641732
-0.00618501
-0.00592032
-0.0056189
-0.00529552
-0.00494782
-0.00459401
-0.00423128
-0.00387594
-0.00352463
-0.00318979
-0.00286755
-0.00256645
-0.00228242
-0.00202096
-0.00177868
-0.00155866
-0.00135864
-0.00117982
-0.00102077
-0.00088047
-0.000758296
-0.000671847
-0.000619257
4.97057e-06
5.20906e-06
5.49765e-06
5.985e-06
6.3527e-06
6.83322e-06
7.15421e-06
7.54089e-06
7.73374e-06
7.91161e-06
7.90223e-06
7.78113e-06
7.53205e-06
7.07099e-06
6.58992e-06
5.81226e-06
5.15814e-06
4.16815e-06
3.46011e-06
2.45254e-06
1.85217e-06
1.06691e-06
7.01257e-07
2.86394e-07
1.17044e-07
-6.75151e-08
-3.85411e-07
-9.30357e-07
-2.15551e-06
-4.21834e-06
-7.61607e-06
-1.303e-05
-2.04578e-05
-3.18219e-05
-4.57911e-05
-6.65186e-05
-9.02166e-05
-0.000124523
-0.000161777
-0.000214579
-0.000269736
-0.000346436
-0.000424119
-0.000530235
-0.000634965
-0.000775585
-0.000911245
-0.00109033
-0.0012595
-0.00147907
-0.00168232
-0.00194165
-0.00217686
-0.00247178
-0.00273369
-0.00305619
-0.0033362
-0.00367447
-0.00396092
-0.00429986
-0.00457874
-0.00490095
-0.00515696
-0.00544419
-0.00566215
-0.00589696
-0.00606326
-0.00623077
-0.00633477
-0.00642419
-0.00645935
-0.00646516
-0.00642971
-0.00635226
-0.00624897
-0.00609271
-0.00592816
-0.00569659
-0.00546963
-0.00517167
-0.0048954
-0.00455299
-0.00425181
-0.00389502
-0.00359286
-0.00324719
-0.00296234
-0.00264493
-0.00238835
-0.00210832
-0.00188483
-0.00164582
-0.00145698
-0.00125953
-0.00110528
-0.000947994
-0.000826553
-0.00070511
-0.000624004
-0.000571489
4.47453e-06
4.71235e-06
4.93897e-06
5.4187e-06
5.66586e-06
6.12907e-06
6.32736e-06
6.69133e-06
6.77995e-06
6.93289e-06
6.866e-06
6.71971e-06
6.48396e-06
5.9988e-06
5.61636e-06
4.8178e-06
4.34683e-06
3.34188e-06
2.87822e-06
1.86285e-06
1.51906e-06
7.31484e-07
5.72761e-07
1.57868e-07
1.04112e-07
-8.03836e-08
-3.56873e-07
-9.01633e-07
-2.05696e-06
-4.11909e-06
-7.21544e-06
-1.26275e-05
-1.92057e-05
-3.05659e-05
-4.27e-05
-6.34205e-05
-8.37445e-05
-0.000118039
-0.000149728
-0.000202512
-0.000249193
-0.000325867
-0.000391427
-0.000497506
-0.000585774
-0.000726346
-0.000840637
-0.00101966
-0.0011622
-0.00138169
-0.00155297
-0.00181221
-0.00201041
-0.00230523
-0.00252579
-0.00284819
-0.00308369
-0.00342185
-0.00366223
-0.00400106
-0.00423427
-0.00455637
-0.00476937
-0.0050565
-0.00523645
-0.00547117
-0.00560671
-0.00577415
-0.00585657
-0.00594596
-0.00597013
-0.00597593
-0.00594084
-0.00586341
-0.00577211
-0.0056159
-0.00547517
-0.00524428
-0.00505226
-0.0047575
-0.00452486
-0.00418735
-0.0039349
-0.00358362
-0.00333072
-0.00299026
-0.0027517
-0.00243877
-0.00222341
-0.00194708
-0.00175877
-0.00152279
-0.00136282
-0.00116775
-0.00103625
-0.000880595
-0.000776622
-0.000655857
-0.000579698
-0.000527253
4.17788e-06
4.39951e-06
4.60442e-06
5.05348e-06
5.2426e-06
5.67701e-06
5.80942e-06
6.1478e-06
6.17433e-06
6.31222e-06
6.19908e-06
6.05674e-06
5.79878e-06
5.34231e-06
4.96783e-06
4.22369e-06
3.79406e-06
2.86454e-06
2.4704e-06
1.53922e-06
1.27633e-06
5.62277e-07
4.72225e-07
1.00654e-07
8.57885e-08
-9.31906e-08
-3.55847e-07
-9.18905e-07
-2.05077e-06
-4.11293e-06
-7.10837e-06
-1.24278e-05
-1.87219e-05
-2.97863e-05
-4.13074e-05
-6.13816e-05
-8.05789e-05
-0.000113694
-0.000143525
-0.000194388
-0.000238239
-0.000312023
-0.000373535
-0.000475525
-0.000558298
-0.000693375
-0.000800533
-0.000972492
-0.00110614
-0.00131691
-0.00147752
-0.0017264
-0.00191224
-0.00219519
-0.00240196
-0.00271125
-0.0029319
-0.00325617
-0.00348117
-0.00380586
-0.00402384
-0.00433223
-0.00453088
-0.00480545
-0.00497272
-0.00519679
-0.00532205
-0.00548141
-0.00555662
-0.00564101
-0.00566152
-0.00566575
-0.00563078
-0.00555532
-0.00546802
-0.00531731
-0.00518366
-0.00496152
-0.00478297
-0.0044992
-0.00428567
-0.00396067
-0.00373035
-0.00339185
-0.00316152
-0.00283318
-0.00261563
-0.00231366
-0.00211665
-0.00184986
-0.0016771
-0.00144906
-0.00130197
-0.00111317
-0.000991862
-0.000841024
-0.000744542
-0.000627722
-0.000553314
-0.000502689
3.98598e-06
4.18394e-06
4.38749e-06
4.78599e-06
4.96926e-06
5.34782e-06
5.47118e-06
5.75602e-06
5.77193e-06
5.87141e-06
5.74718e-06
5.59373e-06
5.32485e-06
4.89367e-06
4.5092e-06
3.83054e-06
3.3931e-06
2.56428e-06
2.16544e-06
1.35239e-06
1.08761e-06
4.79369e-07
3.88997e-07
8.03837e-08
6.55217e-08
-1.05513e-07
-3.68092e-07
-9.57691e-07
-2.08923e-06
-4.15176e-06
-7.14633e-06
-1.23326e-05
-1.86249e-05
-2.92636e-05
-4.07813e-05
-5.99246e-05
-7.91164e-05
-0.000110534
-0.000140356
-0.00018845
-0.000232288
-0.000301905
-0.000363399
-0.000459496
-0.000542245
-0.000669401
-0.000776528
-0.000938307
-0.00107191
-0.00127012
-0.00143068
-0.00166462
-0.00185041
-0.00211625
-0.00232295
-0.00261338
-0.00283396
-0.0031382
-0.00336313
-0.00366744
-0.00388536
-0.00417399
-0.00437258
-0.00462906
-0.00479627
-0.00500498
-0.00513021
-0.00527789
-0.00535308
-0.00543025
-0.00545076
-0.00545273
-0.00541776
-0.00534513
-0.00525786
-0.00511505
-0.00498145
-0.00477247
-0.00459475
-0.00432866
-0.00411689
-0.00381282
-0.00358473
-0.00326824
-0.00304018
-0.00273307
-0.00251755
-0.00223481
-0.00203949
-0.00178932
-0.00161793
-0.00140371
-0.00125772
-0.00107999
-0.000959494
-0.000817112
-0.000721123
-0.000610546
-0.00053626
-0.000488288
3.80828e-06
3.98431e-06
4.1866e-06
4.53829e-06
4.71612e-06
5.04297e-06
5.15794e-06
5.39321e-06
5.39927e-06
5.46318e-06
5.32869e-06
5.16495e-06
4.88596e-06
4.47821e-06
4.08448e-06
3.46645e-06
3.02178e-06
2.28622e-06
1.88302e-06
1.17937e-06
9.12838e-07
4.02592e-07
3.11922e-07
6.16123e-08
4.67533e-08
-1.16924e-07
-3.79432e-07
-9.93609e-07
-2.12484e-06
-4.18772e-06
-7.18147e-06
-1.22445e-05
-1.85351e-05
-2.87796e-05
-4.02941e-05
-5.85755e-05
-7.7762e-05
-0.000107607
-0.000137421
-0.000182951
-0.000226777
-0.000292536
-0.000354013
-0.000444652
-0.000527378
-0.0006472
-0.000754297
-0.000906649
-0.00104022
-0.00122679
-0.0013873
-0.00160741
-0.00179315
-0.00204314
-0.0022498
-0.00252274
-0.00274326
-0.00302895
-0.00325382
-0.00353926
-0.00375712
-0.00402744
-0.00422598
-0.00446571
-0.00463288
-0.00482735
-0.00495255
-0.00508942
-0.00516459
-0.00523508
-0.00525558
-0.00525545
-0.0052205
-0.00515048
-0.00506324
-0.00492775
-0.0047942
-0.0045974
-0.00442045
-0.00417073
-0.00396059
-0.00367591
-0.00344987
-0.00315377
-0.00292781
-0.00264036
-0.00242672
-0.00216179
-0.00196803
-0.00173326
-0.00156313
-0.00136172
-0.00121673
-0.00104926
-0.000929519
-0.000794969
-0.000699436
-0.00059464
-0.000520467
-0.000474952
3.64371e-06
3.79945e-06
4.00056e-06
4.30889e-06
4.4817e-06
4.76066e-06
4.86787e-06
5.05722e-06
5.05417e-06
5.08514e-06
4.94114e-06
4.76788e-06
4.47952e-06
4.09346e-06
3.69116e-06
3.12929e-06
2.67792e-06
2.02872e-06
1.62149e-06
1.01914e-06
7.5099e-07
3.31491e-07
2.40546e-07
4.42288e-08
2.93727e-08
-1.27492e-07
-3.89933e-07
-1.02687e-06
-2.15781e-06
-4.22103e-06
-7.21402e-06
-1.2163e-05
-1.8452e-05
-2.83313e-05
-3.9843e-05
-5.7326e-05
-7.65077e-05
-0.000104896
-0.000134702
-0.000177858
-0.000221674
-0.000283859
-0.000345321
-0.000430905
-0.000513611
-0.00062664
-0.000733711
-0.000877331
-0.00101087
-0.00118666
-0.00134713
-0.00155443
-0.00174012
-0.00197545
-0.00218204
-0.0024388
-0.00265927
-0.00292777
-0.00315259
-0.00342056
-0.00363836
-0.00389174
-0.00409022
-0.00431444
-0.00448156
-0.00466286
-0.00478803
-0.00491488
-0.00499004
-0.00505434
-0.00507483
-0.00507276
-0.00503782
-0.00497023
-0.00488301
-0.00475429
-0.00462079
-0.00443527
-0.00425904
-0.00402448
-0.00381585
-0.00354912
-0.00332499
-0.00304776
-0.00282375
-0.00255451
-0.00234261
-0.00209418
-0.00190185
-0.00168134
-0.00151238
-0.00132284
-0.00117878
-0.0010208
-0.00090176
-0.000774462
-0.000679352
-0.00057991
-0.000505841
-0.000462602
3.49131e-06
3.62825e-06
3.82828e-06
4.09646e-06
4.26461e-06
4.49922e-06
4.59925e-06
4.74608e-06
4.73459e-06
4.73505e-06
4.58225e-06
4.40017e-06
4.10313e-06
3.73715e-06
3.32692e-06
2.81705e-06
2.35949e-06
1.79026e-06
1.37929e-06
8.70759e-07
6.01109e-07
2.65647e-07
1.74448e-07
2.81306e-08
1.32771e-08
-1.37278e-07
-3.99658e-07
-1.05767e-06
-2.18835e-06
-4.25187e-06
-7.24417e-06
-1.20874e-05
-1.8375e-05
-2.79162e-05
-3.94252e-05
-5.6169e-05
-7.53462e-05
-0.000102386
-0.000132185
-0.000173142
-0.000216947
-0.000275823
-0.000337271
-0.000418175
-0.000500861
-0.0006076
-0.000714646
-0.000850181
-0.000983687
-0.0011495
-0.00130993
-0.00150536
-0.00169102
-0.00191275
-0.0021193
-0.00236107
-0.00258148
-0.00283408
-0.00305885
-0.00331063
-0.00352838
-0.00376606
-0.0039645
-0.00417435
-0.00434143
-0.00451053
-0.00463567
-0.00475325
-0.00482839
-0.00488697
-0.00490745
-0.00490358
-0.00486864
-0.0048033
-0.0047161
-0.00459367
-0.0044602
-0.00428513
-0.00410956
-0.00388904
-0.00368181
-0.0034317
-0.00320934
-0.00294959
-0.00272738
-0.00247501
-0.00226472
-0.00203156
-0.00184057
-0.00163326
-0.00146538
-0.00128682
-0.00114363
-0.000994451
-0.000876054
-0.000755472
-0.000660754
-0.00056627
-0.000492297
-0.000451166
3.35017e-06
3.4697e-06
3.66874e-06
3.89974e-06
4.06358e-06
4.25711e-06
4.35048e-06
4.45794e-06
4.43863e-06
4.41085e-06
4.24989e-06
4.05964e-06
3.75457e-06
3.4072e-06
2.98961e-06
2.5279e-06
2.0646e-06
1.56943e-06
1.155e-06
7.33349e-07
4.6231e-07
2.04672e-07
1.13237e-07
1.32227e-08
-1.62839e-09
-1.46341e-07
-4.08664e-07
-1.0862e-06
-2.21663e-06
-4.28043e-06
-7.27208e-06
-1.20175e-05
-1.83036e-05
-2.75318e-05
-3.90383e-05
-5.50975e-05
-7.42705e-05
-0.000100061
-0.000129854
-0.000168775
-0.000212571
-0.000268382
-0.000329817
-0.000406386
-0.000489054
-0.000589969
-0.000696991
-0.000825039
-0.000958515
-0.00111508
-0.00127548
-0.00145993
-0.00164554
-0.00185469
-0.0020612
-0.00228908
-0.00250945
-0.00274732
-0.00297204
-0.00320883
-0.00342653
-0.00364968
-0.00384808
-0.00404462
-0.00421167
-0.00436946
-0.00449457
-0.00460357
-0.00467869
-0.00473196
-0.00475245
-0.00474691
-0.00471198
-0.00464872
-0.00456153
-0.00444491
-0.00431148
-0.00414609
-0.00397114
-0.00376362
-0.00355769
-0.00332297
-0.00310224
-0.00285868
-0.00263813
-0.00240138
-0.00219258
-0.00197357
-0.00178381
-0.00158874
-0.00142186
-0.00125347
-0.00111109
-0.000970047
-0.000852248
-0.000737886
-0.00064353
-0.000553638
-0.000479754
-0.000440575
3.21948e-06
3.32289e-06
3.52099e-06
3.71756e-06
3.87741e-06
4.03291e-06
4.12011e-06
4.1911e-06
4.16456e-06
4.11062e-06
3.9421e-06
3.7443e-06
3.43178e-06
3.10163e-06
2.67724e-06
2.26013e-06
1.79151e-06
1.36492e-06
9.47291e-07
6.061e-07
3.33773e-07
1.48205e-07
5.6551e-08
-5.82994e-10
-1.54318e-08
-1.54733e-07
-4.17004e-07
-1.11262e-06
-2.24283e-06
-4.30688e-06
-7.29793e-06
-1.19527e-05
-1.82376e-05
-2.71758e-05
-3.868e-05
-5.41052e-05
-7.32744e-05
-9.79083e-05
-0.000127695
-0.000164731
-0.000208517
-0.000261491
-0.000322913
-0.000395469
-0.00047812
-0.00057364
-0.000680642
-0.000801756
-0.000935205
-0.00108321
-0.00124358
-0.00141785
-0.00160343
-0.00180093
-0.00200739
-0.00222242
-0.00244274
-0.00266697
-0.00289164
-0.00311456
-0.00333221
-0.0035419
-0.00374026
-0.00392448
-0.00409149
-0.00423883
-0.00436391
-0.00446496
-0.00454007
-0.00458842
-0.0046089
-0.00460182
-0.0045669
-0.00450556
-0.0044184
-0.00430716
-0.00417376
-0.00401733
-0.00384294
-0.00364747
-0.00344274
-0.00322228
-0.00300306
-0.00277449
-0.00255549
-0.0023332
-0.00212578
-0.00191987
-0.00173126
-0.00154751
-0.00138155
-0.00122259
-0.00108094
-0.000947447
-0.000830203
-0.0007216
-0.00062758
-0.000541939
-0.000468139
-0.000430766
3.21694e-06
3.31826e-06
3.509e-06
3.69561e-06
3.86387e-06
4.00094e-06
4.1021e-06
4.15078e-06
4.14155e-06
4.06482e-06
3.91591e-06
3.69692e-06
3.40542e-06
3.05736e-06
2.65374e-06
2.22417e-06
1.77368e-06
1.34196e-06
9.3722e-07
5.9781e-07
3.30816e-07
1.50524e-07
5.466e-08
1.71474e-09
-2.89271e-08
-1.67669e-07
-4.60379e-07
-1.15767e-06
-2.33669e-06
-4.40043e-06
-7.46213e-06
-1.21071e-05
-1.84873e-05
-2.73953e-05
-3.9021e-05
-5.43808e-05
-7.36975e-05
-9.82126e-05
-0.00012817
-0.000165012
-0.000208983
-0.000261667
-0.000323274
-0.00039542
-0.000478236
-0.000573206
-0.000680325
-0.000800732
-0.000934224
-0.00108136
-0.00124167
-0.0014149
-0.00160029
-0.00179661
-0.00200276
-0.00221647
-0.00243636
-0.0026592
-0.00288335
-0.00310485
-0.00332193
-0.00353026
-0.00372805
-0.00391102
-0.00407754
-0.00422381
-0.00434852
-0.00444876
-0.00452365
-0.00457151
-0.00459196
-0.00458472
-0.00454995
-0.00448882
-0.00440191
-0.00429123
-0.00415756
-0.00400256
-0.00382722
-0.00363542
-0.00342863
-0.00321343
-0.00299115
-0.00276848
-0.00254596
-0.00232938
-0.00211847
-0.00191757
-0.00172583
-0.00154628
-0.00137766
-0.00122217
-0.0010783
-0.000947587
-0.00082859
-0.000721982
-0.000626825
-0.000542188
-0.00047062
-0.000433477
3.22721e-06
3.32853e-06
3.50745e-06
3.69404e-06
3.86062e-06
3.99765e-06
4.09658e-06
4.14513e-06
4.13444e-06
4.05749e-06
3.90853e-06
3.68929e-06
3.39949e-06
3.05118e-06
2.65105e-06
2.22131e-06
1.77573e-06
1.34397e-06
9.44139e-07
6.04822e-07
3.3976e-07
1.59558e-07
5.85176e-08
5.58668e-09
-4.15037e-08
-1.80222e-07
-5.04506e-07
-1.20168e-06
-2.43135e-06
-4.49473e-06
-7.62977e-06
-1.22739e-05
-1.8753e-05
-2.76595e-05
-3.94115e-05
-5.47687e-05
-7.42387e-05
-9.87496e-05
-0.000128884
-0.00016572
-0.000209883
-0.000262558
-0.000324358
-0.000396491
-0.000479481
-0.000574434
-0.000681679
-0.000802065
-0.000935604
-0.00108271
-0.00124296
-0.00141617
-0.00160137
-0.00179765
-0.00200348
-0.00221716
-0.0024366
-0.0026594
-0.00288301
-0.00310447
-0.00332097
-0.00352926
-0.00372648
-0.00390941
-0.00407542
-0.00422167
-0.00434599
-0.00444622
-0.00452088
-0.00456874
-0.00458914
-0.00458191
-0.00454729
-0.00448617
-0.00439953
-0.00428886
-0.00415543
-0.00400045
-0.00382564
-0.00363388
-0.00342795
-0.00321276
-0.00299131
-0.00276861
-0.00254675
-0.0023301
-0.00211965
-0.00191867
-0.0017272
-0.00154756
-0.00137911
-0.00122352
-0.00107973
-0.000948919
-0.000829913
-0.00072324
-0.000627916
-0.000543267
-0.000474385
-0.000437244
3.23673e-06
3.33804e-06
3.50602e-06
3.69258e-06
3.85761e-06
3.9946e-06
4.09147e-06
4.13989e-06
4.12785e-06
4.0507e-06
3.90171e-06
3.68223e-06
3.394e-06
3.04546e-06
2.64857e-06
2.21866e-06
1.77763e-06
1.34584e-06
9.50547e-07
6.11316e-07
3.48042e-07
1.67924e-07
6.209e-08
9.17234e-09
-5.31505e-08
-1.91847e-07
-5.45369e-07
-1.24243e-06
-2.519e-06
-4.58206e-06
-7.78501e-06
-1.24284e-05
-1.89992e-05
-2.79042e-05
-3.97731e-05
-5.51278e-05
-7.47399e-05
-9.92469e-05
-0.000129545
-0.000166375
-0.000210717
-0.000263383
-0.000325362
-0.000397484
-0.000480633
-0.000575571
-0.000682932
-0.000803299
-0.000936881
-0.00108396
-0.00124416
-0.00141734
-0.00160237
-0.00179862
-0.00200415
-0.00221779
-0.00243683
-0.00265959
-0.0028827
-0.00310412
-0.00332008
-0.00352833
-0.00372502
-0.00390792
-0.00407346
-0.00421969
-0.00434365
-0.00444386
-0.00451832
-0.00456616
-0.00458654
-0.00457931
-0.00454483
-0.00448372
-0.00439732
-0.00428668
-0.00415345
-0.0039985
-0.00382418
-0.00363246
-0.00342732
-0.00321213
-0.00299146
-0.00276872
-0.00254749
-0.00233077
-0.00212074
-0.00191968
-0.00172848
-0.00154875
-0.00138045
-0.00122477
-0.00108106
-0.000950153
-0.000831139
-0.000724405
-0.000628926
-0.000544266
-0.000477872
-0.000440732
3.24554e-06
3.34684e-06
3.50469e-06
3.69123e-06
3.85482e-06
3.99178e-06
4.08673e-06
4.13504e-06
4.12176e-06
4.04442e-06
3.89538e-06
3.67568e-06
3.38891e-06
3.04017e-06
2.64626e-06
2.21621e-06
1.77938e-06
1.34757e-06
9.56482e-07
6.17329e-07
3.55711e-07
1.75672e-07
6.53982e-08
1.24929e-08
-6.39361e-08
-2.02612e-07
-5.83212e-07
-1.28017e-06
-2.60018e-06
-4.66293e-06
-7.92877e-06
-1.25715e-05
-1.92271e-05
-2.81308e-05
-4.01079e-05
-5.54604e-05
-7.5204e-05
-9.97074e-05
-0.000130157
-0.000166982
-0.000211488
-0.000264147
-0.000326292
-0.000398403
-0.0004817
-0.000576624
-0.000684092
-0.000804441
-0.000938065
-0.00108513
-0.00124527
-0.00141842
-0.00160329
-0.00179951
-0.00200477
-0.00221838
-0.00243703
-0.00265976
-0.00288241
-0.0031038
-0.00331926
-0.00352748
-0.00372367
-0.00390654
-0.00407165
-0.00421785
-0.00434148
-0.00444168
-0.00451594
-0.00456378
-0.00458413
-0.0045769
-0.00454255
-0.00448145
-0.00439528
-0.00428465
-0.00415162
-0.0039967
-0.00382283
-0.00363113
-0.00342673
-0.00321156
-0.0029916
-0.00276882
-0.00254817
-0.00233139
-0.00212176
-0.00192062
-0.00172966
-0.00154985
-0.00138169
-0.00122592
-0.00108228
-0.000951296
-0.000832273
-0.000725484
-0.000629861
-0.000545192
-0.000481101
-0.000443963
3.2537e-06
3.355e-06
3.50346e-06
3.68998e-06
3.85224e-06
3.98917e-06
4.08235e-06
4.13055e-06
4.11611e-06
4.0386e-06
3.88953e-06
3.66962e-06
3.3842e-06
3.03526e-06
2.64413e-06
2.21394e-06
1.78101e-06
1.34917e-06
9.61977e-07
6.22898e-07
3.62814e-07
1.82847e-07
6.84619e-08
1.55679e-08
-7.39242e-08
-2.12581e-07
-6.18256e-07
-1.31512e-06
-2.67535e-06
-4.73782e-06
-8.0619e-06
-1.2704e-05
-1.94381e-05
-2.83406e-05
-4.04181e-05
-5.57685e-05
-7.56338e-05
-0.000100134
-0.000130724
-0.000167544
-0.000212203
-0.000264854
-0.000327153
-0.000399254
-0.000482689
-0.0005776
-0.000685167
-0.0008055
-0.00093916
-0.0010862
-0.0012463
-0.00141943
-0.00160415
-0.00180034
-0.00200534
-0.00221892
-0.00243722
-0.00265992
-0.00288214
-0.0031035
-0.00331849
-0.00352669
-0.00372242
-0.00390527
-0.00406997
-0.00421615
-0.00433947
-0.00443965
-0.00451374
-0.00456158
-0.00458189
-0.00457466
-0.00454044
-0.00447934
-0.00439339
-0.00428278
-0.00414993
-0.00399503
-0.00382158
-0.00362991
-0.00342619
-0.00321102
-0.00299172
-0.00276892
-0.0025488
-0.00233196
-0.0021227
-0.00192148
-0.00173075
-0.00155086
-0.00138284
-0.00122699
-0.00108342
-0.000952355
-0.000833324
-0.000726483
-0.000630728
-0.000546049
-0.000484091
-0.000446954
)
;

boundaryField
{
    inlet
    {
        type            cyclic;
    }
    outlet
    {
        type            cyclic;
    }
    top
    {
        type            zeroGradient;
    }
    hills
    {
        type            zeroGradient;
    }
    front
    {
        type            empty;
    }
    back
    {
        type            empty;
    }
}


// ************************************************************************* //
