/*--------------------------------*- C++ -*----------------------------------*\
| =========                 |                                                 |
| \\      /  F ield         | OpenFOAM: The Open Source CFD Toolbox           |
|  \\    /   O peration     | Version:  v2106                                 |
|   \\  /    A nd           | Website:  www.openfoam.com                      |
|    \\/     M anipulation  |                                                 |
\*---------------------------------------------------------------------------*/
FoamFile
{
    version     2.0;
    format      ascii;
    arch        "LSB;label=32;scalar=64";
    class       volScalarField;
    location    "0";
    object      expGpCoeffs54;
}
// * * * * * * * * * * * * * * * * * * * * * * * * * * * * * * * * * * * * * //

dimensions      [0 0 0 0 0 0 0];

internalField   nonuniform List<scalar> 
8000
(
0.000299921
0.000328476
0.000368863
0.000412364
0.000440131
0.000454146
0.000455644
0.000447354
0.000434031
0.000415993
0.000394241
0.000368745
0.000339374
0.000306228
0.000271759
0.000236063
0.000203619
0.000174368
0.000151343
0.000134609
0.000124857
0.000122227
0.000125766
0.000135538
0.00014896
0.000166038
0.00018464
0.000204679
0.000225587
0.000247342
0.000269762
0.000292825
0.000316328
0.000340249
0.000364373
0.000388675
0.000412926
0.000437099
0.00046094
0.000484421
0.000507252
0.0005294
0.000550536
0.000570625
0.000589304
0.000606538
0.000621958
0.000635531
0.000646923
0.000656106
0.000662832
0.000667082
0.000668733
0.000667782
0.000664254
0.000658159
0.000649671
0.000638813
0.000625875
0.00061089
0.000594223
0.000575911
0.000556346
0.000535564
0.000513943
0.000491518
0.000468626
0.0004453
0.00042183
0.000398242
0.00037478
0.000351468
0.00032851
0.000305926
0.000284483
0.000264299
0.000248508
0.000237155
0.000234214
0.000239592
0.000254918
0.000279988
0.000314767
0.000359208
0.000411645
0.000472433
0.000538185
0.000609187
0.000683
0.000759414
0.000836608
0.000914273
0.000983923
0.00104489
0.00107888
0.0010788
0.00103885
0.000952826
0.000867187
0.000803802
0.000297621
0.000326171
0.000369936
0.000413451
0.000441373
0.000455428
0.000456164
0.000447888
0.000434309
0.000416273
0.000394595
0.0003691
0.000339678
0.00030653
0.000271711
0.000236006
0.000203195
0.000173932
0.000150788
0.000134046
0.000124286
0.000121652
0.00012534
0.00013511
0.0001488
0.000165875
0.000184564
0.000204601
0.000225527
0.000247279
0.00026972
0.000292779
0.000316305
0.000340222
0.000364369
0.000388668
0.000412943
0.000437113
0.000460981
0.000484459
0.000507321
0.000529466
0.000550636
0.000570722
0.000589437
0.000606669
0.000622123
0.000635694
0.000647114
0.000656296
0.000663039
0.000667289
0.000668945
0.000667994
0.000664456
0.000658363
0.000649852
0.000638995
0.000626026
0.000611043
0.000594339
0.00057603
0.000556427
0.000535648
0.000513992
0.000491569
0.000468647
0.000445324
0.000421827
0.000398242
0.000374758
0.000351449
0.000328471
0.00030589
0.000284326
0.000264145
0.00024795
0.000236599
0.000233418
0.000238802
0.000254126
0.000279207
0.000314012
0.000358473
0.000411119
0.000471933
0.000537948
0.000608976
0.000682879
0.000759321
0.000836721
0.000914412
0.000985267
0.00104621
0.00108256
0.00108237
0.00104212
0.000956053
0.000862069
0.000798698
0.000295138
0.000323681
0.000371095
0.000414624
0.000442715
0.000456813
0.000456725
0.000448465
0.00043461
0.000416575
0.000394977
0.000369484
0.000340006
0.000306856
0.000271659
0.000235943
0.000202737
0.000173461
0.000150189
0.000133438
0.000123669
0.000121031
0.000124879
0.000134647
0.000148626
0.000165699
0.000184483
0.000204517
0.000225462
0.000247211
0.000269674
0.00029273
0.000316279
0.000340193
0.000364365
0.00038866
0.000412962
0.000437129
0.000461026
0.000484501
0.000507395
0.000529537
0.000550744
0.000570827
0.00058958
0.00060681
0.000622301
0.000635869
0.00064732
0.000656501
0.000663264
0.000667513
0.000669174
0.000668223
0.000664675
0.000658582
0.000650047
0.000639192
0.000626188
0.000611207
0.000594464
0.000576157
0.000556514
0.000535738
0.000514044
0.000491625
0.000468669
0.00044535
0.000421824
0.000398243
0.000374733
0.000351428
0.000328428
0.000305851
0.000284156
0.000263978
0.000247347
0.000235998
0.000232559
0.000237949
0.000253271
0.000278363
0.000313197
0.00035768
0.000410551
0.000471394
0.000537692
0.000608749
0.000682748
0.00075922
0.000836843
0.000914563
0.000986718
0.00104764
0.00108653
0.00108623
0.00104565
0.000959539
0.000856543
0.000793187
0.000292457
0.000320992
0.000372346
0.000415891
0.000444163
0.000458308
0.000457332
0.000449087
0.000434935
0.000416902
0.00039539
0.000369899
0.00034036
0.000307208
0.000271604
0.000235876
0.000202242
0.000172952
0.000149541
0.000132782
0.000123003
0.000120361
0.000124381
0.000134147
0.000148438
0.000165509
0.000184394
0.000204426
0.000225392
0.000247138
0.000269624
0.000292677
0.000316251
0.000340162
0.00036436
0.000388652
0.000412982
0.000437145
0.000461075
0.000484545
0.000507475
0.000529615
0.00055086
0.00057094
0.000589735
0.000606962
0.000622492
0.000636059
0.000647543
0.000656722
0.000663506
0.000667754
0.000669421
0.00066847
0.000664911
0.000658819
0.000650258
0.000639404
0.000626363
0.000611385
0.000594599
0.000576295
0.000556609
0.000535836
0.000514101
0.000491686
0.000468694
0.000445378
0.000421821
0.000398243
0.000374707
0.000351405
0.000328383
0.000305808
0.000283973
0.000263797
0.000246696
0.00023535
0.000231632
0.000237027
0.000252348
0.000277452
0.000312317
0.000356824
0.000409938
0.000470811
0.000537416
0.000608503
0.000682607
0.000759112
0.000836974
0.000914726
0.000988284
0.00104919
0.00109082
0.0010904
0.00104946
0.000963302
0.000850575
0.000787235
0.000289562
0.000318089
0.000373697
0.000417554
0.000445728
0.000459923
0.000457987
0.000449759
0.000435286
0.000417254
0.000395836
0.000370346
0.000340742
0.000307587
0.000271543
0.000235803
0.000201709
0.000172403
0.000148842
0.000132074
0.000122284
0.000119637
0.000123843
0.000133607
0.000148236
0.000165303
0.000184299
0.000204327
0.000225316
0.000247059
0.000269571
0.00029262
0.000316222
0.000340129
0.000364355
0.000388643
0.000413004
0.000437163
0.000461127
0.000484594
0.000507562
0.000529698
0.000550986
0.000571063
0.000589902
0.000607126
0.0006227
0.000636264
0.000647783
0.000656961
0.000663768
0.000668015
0.000669688
0.000668737
0.000665166
0.000659075
0.000650486
0.000639633
0.000626553
0.000611577
0.000594745
0.000576444
0.000556711
0.000535941
0.000514163
0.000491751
0.00046872
0.000445408
0.000421817
0.000398243
0.000374679
0.00035138
0.000328333
0.000305763
0.000283775
0.000263603
0.000245993
0.00023465
0.00023063
0.000236032
0.000251351
0.000276468
0.000311366
0.000355899
0.000409275
0.000470182
0.000537118
0.000608238
0.000682454
0.000758995
0.000837117
0.000914902
0.000989976
0.00105086
0.00109545
0.00109491
0.00105423
0.000967366
0.000844131
0.000780808
0.000288269
0.000317019
0.000376266
0.000421167
0.000448158
0.000463416
0.000459114
0.000451563
0.000435736
0.000417905
0.000396494
0.000371275
0.000341447
0.000308642
0.000271586
0.000235867
0.000201132
0.00017181
0.000148087
0.000131309
0.000121507
0.000118855
0.000123263
0.000133024
0.000148729
0.000165941
0.000185043
0.000205237
0.000226247
0.00024817
0.000270706
0.000293945
0.000317573
0.000341676
0.00036593
0.000390416
0.000414807
0.00043916
0.000463156
0.000486808
0.00050981
0.000532119
0.000553445
0.000573666
0.000592546
0.000609889
0.000625501
0.000639145
0.000650702
0.000659912
0.000666741
0.000670995
0.00067267
0.000671678
0.000668097
0.000661922
0.000653308
0.000642343
0.000629227
0.000614103
0.000597228
0.000578769
0.000558988
0.000538039
0.000516221
0.000493616
0.00047055
0.000447047
0.000423424
0.000399659
0.000376068
0.000352586
0.000329515
0.000306772
0.000284637
0.00026431
0.000245234
0.000233894
0.000229548
0.000234957
0.000250274
0.000275406
0.00031034
0.0003549
0.000408795
0.000469705
0.000538071
0.000608619
0.000683307
0.000759329
0.000837942
0.000915285
0.000994525
0.00105375
0.00110462
0.00110146
0.00106347
0.000974023
0.000842073
0.000778208
0.000290782
0.000320034
0.000379288
0.00042507
0.00045215
0.000467949
0.000463789
0.000456493
0.000440819
0.000423213
0.000401949
0.000377026
0.000347339
0.000314751
0.000277833
0.000242034
0.000207138
0.000177053
0.000153464
0.000135866
0.000126342
0.000123545
0.000128597
0.000139301
0.000155849
0.000174581
0.000193679
0.000215618
0.000236624
0.000260434
0.000282966
0.000308203
0.000331826
0.000357997
0.000382247
0.00040882
0.000433206
0.000459608
0.000483599
0.000509194
0.000532192
0.000556269
0.000577591
0.000599335
0.000618211
0.000636764
0.000652373
0.000666857
0.000678412
0.000688052
0.00069488
0.000699134
0.000700808
0.00069939
0.00069581
0.000688806
0.000680194
0.000668043
0.00065493
0.00063832
0.000621448
0.00060127
0.000581493
0.00055866
0.000536846
0.000512257
0.000489196
0.000463672
0.000440054
0.000414288
0.000390701
0.000365284
0.000342218
0.000317646
0.000295515
0.000273563
0.00025339
0.00024104
0.000235822
0.000241592
0.000256524
0.000283077
0.000317792
0.000364183
0.000418334
0.000480687
0.000548812
0.000620651
0.000695056
0.000772029
0.000850316
0.0009281
0.00100698
0.00106579
0.00111632
0.00111165
0.00107344
0.000981719
0.000849749
0.000784654
0.000293496
0.00032329
0.000382552
0.000429283
0.00045646
0.000472843
0.000468837
0.000461817
0.000446308
0.000428946
0.00040784
0.000383236
0.000353702
0.000321347
0.000284578
0.000248693
0.000213932
0.000183465
0.000159982
0.000142084
0.000132627
0.000130114
0.000135192
0.000146992
0.000163537
0.00018391
0.000203005
0.000226827
0.000247829
0.000273677
0.000296205
0.0003236
0.000347218
0.000375622
0.000399867
0.000428694
0.000453075
0.000481688
0.000505674
0.000533368
0.00055636
0.000582348
0.000603665
0.000627052
0.000645925
0.000665784
0.00068139
0.000696781
0.000708334
0.000718439
0.000725265
0.000729519
0.000731193
0.000729314
0.000725734
0.000717837
0.000709226
0.000695795
0.000682684
0.000664471
0.000647602
0.000625568
0.000605794
0.000580927
0.000559117
0.000532387
0.00050933
0.000481626
0.000458012
0.000430085
0.000406503
0.000378997
0.000355935
0.000329388
0.000307262
0.000283555
0.000263385
0.000249871
0.000244617
0.000250217
0.000265057
0.000292374
0.000326938
0.000374692
0.000428635
0.000492545
0.000560411
0.000633643
0.000707744
0.000785743
0.000863678
0.000941938
0.00102043
0.0010788
0.00112896
0.00112266
0.0010842
0.00099003
0.000858038
0.000791614
0.000296427
0.000326806
0.000386076
0.000433834
0.000461115
0.000478128
0.000474289
0.000467566
0.000452235
0.000435136
0.0004142
0.000389942
0.000360573
0.00032847
0.000291861
0.000255884
0.000221268
0.000190389
0.00016702
0.000148798
0.000139414
0.000137207
0.000142314
0.000155298
0.000171839
0.000193985
0.000213075
0.000238931
0.000259929
0.000287978
0.000310501
0.000340226
0.000363839
0.000394654
0.000418894
0.000450154
0.00047453
0.000505531
0.000529512
0.000559471
0.000582459
0.000610508
0.000631821
0.000656983
0.000675852
0.000697121
0.000712724
0.000729095
0.000740645
0.000751252
0.000758076
0.000762331
0.000764004
0.000761627
0.000758048
0.000749185
0.000740576
0.000725762
0.000712654
0.000692709
0.000675844
0.000651805
0.000632036
0.000604971
0.000583167
0.000554124
0.000531072
0.000501012
0.000477404
0.000447143
0.000423566
0.000393804
0.000370748
0.000342068
0.000319947
0.000294345
0.000274179
0.000259407
0.000254115
0.000259531
0.000274271
0.000302414
0.000336815
0.000386041
0.000439758
0.000505351
0.000572936
0.000647673
0.000721444
0.000800551
0.000878106
0.000956881
0.00103495
0.00109285
0.0011426
0.00113455
0.00109583
0.000999005
0.000866988
0.00079913
0.000299591
0.000330602
0.000389881
0.000438747
0.000466141
0.000483835
0.000480176
0.000473773
0.000458636
0.00044182
0.000421069
0.000397184
0.000367992
0.000336162
0.000299726
0.000263648
0.00022919
0.000197866
0.000174621
0.000156048
0.000146743
0.000144867
0.000150004
0.000164266
0.000180804
0.000204863
0.000223949
0.000252002
0.000272995
0.00030342
0.000325938
0.000358179
0.000381787
0.000415205
0.000439439
0.000473328
0.000497698
0.000531277
0.000555253
0.000587659
0.000610641
0.000640917
0.000662224
0.000689304
0.000708168
0.000730961
0.00074656
0.000763989
0.000775536
0.000786684
0.000793507
0.000797762
0.000799435
0.00079652
0.000792942
0.000783036
0.000774429
0.000758122
0.000745017
0.000723202
0.000706341
0.000680138
0.000660374
0.000630936
0.000609137
0.000577597
0.00055455
0.000521946
0.000498344
0.000465563
0.000441991
0.000409794
0.000386743
0.00035576
0.000333644
0.000305996
0.000285834
0.000269705
0.000264371
0.000269589
0.00028422
0.000313255
0.00034748
0.000398295
0.000451769
0.000519179
0.000586461
0.000662823
0.000736238
0.000816542
0.000893687
0.000973017
0.00105063
0.00110802
0.00115733
0.00114738
0.00110839
0.0010087
0.000876653
0.000807245
0.000303008
0.000334702
0.00039399
0.000444053
0.000471569
0.000489997
0.000486533
0.000480477
0.000465548
0.000449038
0.000428486
0.000405003
0.000376004
0.000344468
0.000308219
0.000272033
0.000237745
0.00020594
0.000182828
0.000163877
0.000154656
0.000153138
0.000158309
0.00017395
0.000190484
0.00021661
0.000235691
0.000266117
0.000287104
0.000320096
0.000342607
0.000377566
0.000401168
0.000437398
0.000461625
0.000498352
0.000522715
0.000559079
0.000583049
0.000618097
0.000641073
0.000673753
0.000695056
0.000724205
0.000743065
0.000767502
0.000783097
0.000801668
0.000813212
0.000824945
0.000831767
0.000836022
0.000837694
0.000834199
0.000830622
0.000819589
0.000810985
0.000793066
0.000779964
0.00075613
0.000739273
0.000710732
0.000690973
0.000658973
0.00063718
0.000602943
0.000579902
0.000544552
0.000520956
0.000485454
0.000461888
0.00042706
0.000404015
0.000370546
0.000348435
0.000318577
0.00029842
0.000280824
0.000275446
0.00028045
0.000294965
0.000324961
0.000358997
0.000411528
0.000464739
0.000534111
0.000601066
0.000679182
0.000752213
0.00083381
0.000910512
0.000990441
0.00106756
0.0011244
0.00117325
0.00116124
0.00112194
0.00101916
0.00088709
0.000816009
0.000306698
0.000339129
0.000398428
0.000449782
0.00047743
0.000496652
0.000493397
0.000487715
0.000473011
0.000456832
0.000436495
0.000413447
0.000384656
0.000353437
0.00031739
0.000281087
0.000246982
0.000214659
0.00019169
0.000172331
0.000163202
0.00016207
0.000167276
0.000184408
0.000200938
0.000229295
0.000248371
0.000281358
0.00030234
0.000338103
0.000360608
0.000398501
0.000422096
0.000461362
0.000485583
0.000525373
0.00054973
0.000589101
0.000613064
0.000650965
0.000673935
0.000709211
0.000730508
0.000761893
0.000780747
0.00080696
0.000822551
0.000842356
0.000853897
0.000866262
0.000873081
0.000877336
0.000879008
0.000874887
0.000871311
0.000859061
0.000850459
0.000830799
0.000817701
0.000791686
0.000774834
0.00074377
0.000724016
0.000689249
0.000667462
0.000630313
0.000607279
0.000568963
0.000545373
0.000506932
0.000483373
0.000445705
0.000422666
0.000386511
0.000364407
0.000332163
0.000312011
0.000292832
0.000287405
0.000292177
0.000306567
0.000337603
0.000371433
0.000425818
0.000478745
0.000550235
0.000616837
0.000696848
0.000769464
0.000852456
0.00092868
0.00100926
0.00108585
0.00114209
0.00119043
0.00117621
0.00113658
0.00103046
0.00089836
0.000825473
0.000315694
0.000348461
0.000406669
0.000457742
0.000486696
0.000505619
0.000503783
0.000497888
0.000483614
0.000467657
0.000448015
0.000425189
0.000397264
0.000366094
0.000330347
0.000294078
0.000259356
0.000227182
0.000203179
0.000184143
0.000174337
0.000173953
0.000179805
0.000198144
0.000217252
0.000247154
0.000268004
0.000302764
0.000325786
0.000363467
0.000388154
0.000428077
0.000453955
0.000495322
0.000521876
0.000563787
0.000590464
0.000631915
0.000658114
0.000697989
0.000723037
0.000760103
0.000783236
0.000816168
0.000836541
0.000863978
0.000880702
0.000901361
0.000913592
0.000926401
0.000933448
0.000937696
0.000939126
0.00093457
0.000930289
0.000917202
0.000907475
0.00088661
0.000872024
0.000844506
0.000825869
0.000793053
0.000771294
0.000734612
0.000710663
0.000671504
0.000646227
0.000605858
0.000580014
0.000539541
0.000513773
0.000474139
0.000448987
0.000410975
0.000387017
0.000353121
0.000329951
0.000309495
0.000303394
0.000307406
0.000322914
0.000353894
0.000389712
0.000444727
0.000499808
0.000572666
0.000640569
0.000722301
0.000794878
0.000879113
0.000954771
0.0010359
0.00111167
0.0011687
0.00121305
0.00119937
0.00115603
0.00105041
0.000921303
0.000847587
0.000330917
0.000363691
0.000415765
0.000466957
0.000497987
0.00051725
0.000518723
0.000513321
0.000500519
0.000485071
0.000466131
0.000443791
0.000416869
0.00038618
0.000351542
0.000315746
0.000281191
0.000249424
0.000224626
0.000205877
0.000196058
0.00019583
0.000203487
0.000221851
0.000244608
0.000274501
0.000300717
0.000335466
0.000364658
0.000402326
0.000433612
0.000473522
0.000506303
0.000547657
0.000581262
0.00062316
0.000656851
0.000698289
0.000731249
0.000771111
0.000802433
0.000839488
0.000868167
0.000901088
0.000926047
0.000953475
0.000973622
0.000994274
0.00100861
0.00102141
0.00102915
0.0010334
0.00103409
0.00102953
0.00102313
0.00101004
0.000996927
0.000976068
0.000956991
0.000929482
0.000905455
0.000872649
0.000844818
0.000808148
0.000777667
0.000738521
0.000706472
0.000666115
0.000633457
0.000592997
0.000560552
0.00052093
0.000489388
0.000451387
0.000421823
0.000387938
0.000361175
0.000340686
0.000333084
0.000336882
0.000353346
0.000383924
0.000423061
0.000477468
0.000536668
0.000608728
0.000680658
0.000761443
0.000837647
0.000920789
0.000998335
0.00107823
0.00115102
0.00120685
0.00124193
0.00122743
0.00117829
0.00107238
0.000958273
0.00088454
0.000346455
0.000379237
0.000427848
0.000479153
0.00051135
0.000530954
0.000534856
0.000529985
0.000518773
0.000503876
0.000485693
0.000463878
0.00043804
0.000407871
0.000374429
0.000339143
0.00030477
0.000273442
0.000247785
0.000229346
0.000219512
0.000219454
0.000229061
0.00024745
0.000274149
0.000304031
0.000336042
0.000370779
0.000406633
0.000444288
0.000482698
0.000522594
0.00056283
0.000604169
0.00064539
0.000687274
0.000728539
0.000769962
0.000810223
0.000850071
0.000888169
0.000925211
0.000959879
0.000992788
0.0010227
0.00105012
0.00107396
0.0010946
0.00111121
0.00112401
0.00113249
0.00113674
0.00113663
0.00113207
0.00112338
0.0011103
0.00109352
0.00107267
0.00104874
0.00102124
0.000991394
0.0009586
0.000924211
0.000887554
0.000850021
0.000810889
0.000771526
0.000731183
0.000691167
0.000650721
0.000611065
0.000571457
0.000533014
0.000495026
0.000459407
0.000425535
0.000394891
0.000374367
0.000365145
0.000368712
0.000386208
0.000416351
0.000459074
0.000512824
0.00057647
0.00064767
0.000723947
0.00080371
0.000883829
0.000965793
0.00104538
0.00112394
0.00119352
0.00124804
0.0012764
0.00126108
0.00120887
0.0011027
0.00099617
0.000922415
0.000348739
0.000381511
0.000445012
0.000496544
0.000532482
0.000552713
0.000555511
0.000551317
0.000539749
0.000525486
0.000508579
0.00048738
0.000462887
0.000433331
0.000399535
0.000364809
0.000328376
0.000297483
0.000269604
0.00025145
0.000240909
0.000241
0.000253376
0.000271789
0.00030462
0.000334491
0.0003735
0.000408223
0.000451417
0.000489058
0.000535337
0.000575218
0.000623702
0.000665026
0.000714693
0.00075656
0.00080625
0.000847658
0.000896076
0.000935909
0.00098162
0.00101865
0.0010601
0.00109299
0.00112856
0.00115597
0.00118408
0.00120472
0.00122399
0.00123678
0.00124618
0.00125043
0.00124945
0.00124489
0.0012336
0.00122052
0.00119957
0.00117873
0.00114927
0.00112178
0.00108532
0.00105254
0.00101074
0.000974095
0.000928638
0.00088952
0.000841983
0.000801656
0.000753455
0.000713025
0.00066538
0.000625788
0.000579726
0.000541753
0.000498625
0.000464765
0.00042721
0.000406653
0.000394374
0.000397739
0.000416667
0.000446419
0.00049354
0.000546673
0.000616755
0.00068709
0.000769986
0.000848663
0.000933821
0.00101451
0.00109797
0.00117503
0.00124927
0.00130207
0.00133356
0.00131662
0.00125419
0.00114742
0.00100445
0.000930708
0.000351356
0.000384213
0.000462538
0.000515133
0.000555192
0.000575923
0.000577838
0.000574381
0.000562516
0.00054894
0.000533425
0.000512896
0.000489841
0.00046095
0.000426684
0.000392564
0.000353568
0.000323144
0.000292502
0.000274654
0.000263096
0.000263347
0.000279017
0.000297454
0.000337447
0.000367306
0.000413911
0.00044862
0.000499747
0.000537373
0.000592158
0.000632023
0.000689426
0.000730733
0.000789531
0.000831382
0.000890183
0.000931574
0.000988813
0.00102863
0.00108258
0.00111959
0.00116838
0.00120126
0.00124296
0.00127035
0.00130309
0.00132372
0.00134587
0.00135866
0.00136906
0.00137331
0.00137138
0.00136684
0.00135273
0.00133966
0.00131418
0.00129335
0.00125791
0.00123043
0.00118681
0.00115404
0.00110422
0.00106759
0.00101356
0.000974455
0.000918077
0.000877766
0.000820715
0.000780301
0.00072402
0.000684443
0.000630147
0.000592189
0.0005409
0.000507054
0.000461345
0.000440753
0.000424688
0.000427834
0.000448528
0.00047786
0.000530056
0.000582527
0.000659989
0.000729392
0.000819658
0.000897162
0.000987813
0.00106712
0.00115492
0.00123037
0.00130956
0.00136049
0.00139413
0.00137623
0.00130179
0.00119266
0.00101393
0.000939988
0.000363738
0.000399119
0.0004775
0.000534809
0.000575329
0.000599451
0.000602114
0.000600528
0.000589251
0.00057704
0.000562374
0.00054346
0.000521222
0.000493988
0.000460236
0.000427051
0.000388198
0.000357777
0.000327204
0.000309554
0.000298287
0.000301024
0.000317974
0.000342737
0.00038502
0.000424476
0.000471652
0.00051727
0.000568992
0.000618377
0.000673801
0.000726029
0.000784102
0.000838068
0.000897552
0.000951995
0.00101148
0.001065
0.0011229
0.00117397
0.00122853
0.00127551
0.00132485
0.00136603
0.00140819
0.00144192
0.001475
0.00149977
0.00152214
0.00153674
0.00154721
0.00155092
0.00154893
0.00154158
0.00152726
0.00150929
0.00148347
0.00145588
0.00141999
0.00138415
0.00133999
0.00129759
0.00124716
0.00119992
0.00114524
0.00109485
0.00103781
0.000985845
0.000928129
0.00087599
0.000819061
0.000767965
0.00071305
0.000664031
0.000612128
0.000568264
0.000519789
0.000492763
0.000475108
0.000476922
0.000497262
0.000529511
0.000581743
0.000639458
0.000717208
0.000792189
0.000882358
0.000964247
0.00105402
0.00113569
0.0012223
0.0012973
0.00137531
0.00142173
0.00145337
0.001426
0.00135043
0.00122948
0.0010506
0.000970702
0.000377109
0.000415216
0.000493655
0.000556056
0.000597074
0.000624859
0.000628342
0.00062877
0.000618394
0.00060767
0.000593879
0.00057673
0.000555352
0.000529902
0.000497001
0.000464838
0.00042677
0.000396526
0.000366585
0.000349649
0.000338803
0.000345208
0.000362332
0.000395141
0.000437406
0.000488031
0.000535185
0.000593497
0.000645195
0.000708263
0.000763661
0.000830277
0.000888322
0.000957021
0.00101648
0.00108558
0.00114503
0.00121266
0.00127054
0.00133469
0.00138923
0.00144781
0.00149712
0.00154797
0.0015901
0.00163121
0.00166427
0.00169385
0.00171622
0.00173292
0.00174339
0.00174648
0.00174449
0.00173388
0.00171956
0.0016959
0.00167009
0.00163463
0.00159875
0.0015532
0.00150906
0.00145544
0.00140504
0.00134544
0.00129079
0.00122726
0.00117025
0.00110472
0.00104703
0.000981249
0.000924347
0.000859846
0.000804957
0.000743064
0.000691186
0.000635663
0.000587209
0.00055201
0.000534121
0.000533643
0.000553391
0.000588668
0.000639952
0.000703822
0.000780271
0.000862156
0.000950729
0.00103826
0.00112621
0.00121109
0.00129568
0.0013705
0.00144632
0.00148771
0.00151734
0.00147974
0.00140295
0.00126924
0.00109021
0.00100387
0.000391548
0.000432597
0.000511101
0.000579
0.000620556
0.000652294
0.000656663
0.000659267
0.000649864
0.000640746
0.0006279
0.000612656
0.000592206
0.000568682
0.000536701
0.000505643
0.000468422
0.000438367
0.000409109
0.000392944
0.000382554
0.000392921
0.000410231
0.000451728
0.000493975
0.000556661
0.000603791
0.00067581
0.000727482
0.000805326
0.000860696
0.000942849
0.00100086
0.00108547
0.0011449
0.00122982
0.00128925
0.00137212
0.00142996
0.00150825
0.00156276
0.00163386
0.00168314
0.00174443
0.00178654
0.00183561
0.00186866
0.00190344
0.00192579
0.00194477
0.00195524
0.00195765
0.00195566
0.00194153
0.00192723
0.0018974
0.00187161
0.00182765
0.00179179
0.00173575
0.00169163
0.0016259
0.00157553
0.00150258
0.00144796
0.00137025
0.00131326
0.00123309
0.00117543
0.00109491
0.00103804
0.000959063
0.000904202
0.000828408
0.000776556
0.000708444
0.000660011
0.000615987
0.000597846
0.000594893
0.000614001
0.000652548
0.000702807
0.000773325
0.000848368
0.000937708
0.00102456
0.00111818
0.00120417
0.00129251
0.00137491
0.00144953
0.00152299
0.00155897
0.00158642
0.00153778
0.00145967
0.00131217
0.00113298
0.00103968
0.000418048
0.000459983
0.00052933
0.000598438
0.000644148
0.000677874
0.000688341
0.000692392
0.000686213
0.000678418
0.000667218
0.000653375
0.000634762
0.000612617
0.000583408
0.000553478
0.000519229
0.000490091
0.000463305
0.000448394
0.000441242
0.000454128
0.000476965
0.000522472
0.000573858
0.000641229
0.00069952
0.000776863
0.000841273
0.000924855
0.000993726
0.00108191
0.00115385
0.00124464
0.001318
0.00140907
0.00148199
0.00157078
0.00164121
0.00172498
0.00179071
0.00186666
0.00192539
0.00199073
0.0020402
0.00209236
0.00213046
0.00216725
0.00219224
0.00221211
0.00222281
0.00222496
0.0022209
0.0022054
0.00218687
0.00215466
0.0021227
0.00207543
0.00203169
0.00197158
0.0019181
0.00184766
0.00178671
0.00170858
0.00164244
0.00155922
0.00149004
0.00140419
0.00133397
0.00124773
0.00117823
0.00109363
0.00102637
0.000945175
0.000882156
0.000809156
0.000751614
0.000703509
0.000680947
0.000675955
0.000694834
0.000733531
0.00078661
0.000858598
0.000936919
0.00102808
0.00111722
0.00121204
0.00129872
0.00138704
0.00146687
0.00153983
0.00160424
0.00163655
0.0016475
0.00159325
0.00150467
0.00135385
0.00119782
0.00110242
0.000441445
0.000483385
0.000554178
0.000623568
0.000674657
0.000709238
0.000724895
0.000730154
0.000727443
0.000720903
0.000711856
0.000699227
0.000683287
0.000662352
0.000636913
0.000608192
0.000578186
0.000550153
0.000527615
0.000513557
0.00051265
0.000526038
0.000558804
0.000604386
0.000670387
0.000737717
0.000815486
0.000892782
0.000978898
0.00106243
0.00115434
0.00124247
0.00133819
0.00142892
0.00152612
0.00161713
0.00171316
0.00180189
0.00189389
0.00197762
0.00206261
0.00213851
0.0022135
0.0022788
0.00234096
0.00239309
0.00243993
0.0024767
0.00250629
0.00252615
0.00253729
0.00253944
0.00253182
0.00251633
0.00249052
0.00245833
0.00241573
0.00236849
0.00231116
0.00225108
0.0021815
0.0021111
0.00203199
0.00195391
0.00186801
0.00178484
0.0016948
0.00160899
0.0015173
0.00143112
0.00134005
0.0012555
0.00116709
0.00108594
0.00100325
0.000930291
0.000858253
0.000810043
0.000779417
0.000773732
0.000791375
0.000828813
0.000886572
0.000956744
0.00104182
0.0011307
0.00122606
0.0013183
0.00140863
0.00149413
0.00157248
0.00164241
0.00169738
0.00172679
0.00172279
0.00166654
0.0015642
0.00141273
0.00125337
0.00115796
0.000444673
0.000486898
0.000585237
0.000656441
0.000716962
0.000752954
0.000769393
0.000776222
0.00077357
0.000768433
0.000762021
0.00075076
0.000738675
0.00071918
0.000696444
0.000669066
0.000639681
0.000612802
0.000590241
0.000577022
0.000578533
0.000592393
0.000637322
0.000682974
0.000770844
0.000838183
0.000938766
0.00101607
0.00112603
0.00120957
0.00132687
0.00141501
0.00153703
0.00162777
0.00175141
0.00184243
0.00196417
0.00205291
0.00216902
0.00225274
0.00235935
0.00243526
0.0025286
0.00259389
0.00267047
0.00272259
0.00277944
0.0028162
0.00285112
0.00287096
0.00288269
0.00288484
0.00287322
0.00285773
0.00282367
0.00279147
0.0027368
0.00268956
0.00261685
0.00255677
0.00246904
0.00239865
0.00229915
0.00222108
0.00211311
0.00202993
0.00191668
0.00183087
0.00171538
0.00162919
0.0015143
0.00142975
0.00131803
0.00123688
0.00113058
0.00105762
0.000961344
0.000913035
0.000869852
0.000863519
0.000883014
0.000919241
0.000985953
0.00105431
0.00115206
0.00123855
0.00134511
0.00143438
0.00153056
0.00161292
0.00169331
0.00175978
0.00181549
0.00184121
0.00183086
0.00177143
0.00164322
0.00148779
0.00126377
0.00116773
0.000465481
0.000512213
0.000610639
0.000691214
0.00075256
0.000797111
0.000814992
0.000827926
0.00082687
0.00082605
0.000821269
0.000814057
0.000803577
0.000788632
0.000767444
0.000745181
0.000717189
0.000695912
0.000674671
0.000668879
0.000671636
0.000698122
0.000744846
0.000811457
0.000901483
0.000996994
0.00109751
0.00120644
0.00131632
0.00143378
0.001551
0.00167449
0.00179643
0.00192286
0.00204641
0.00217227
0.00229393
0.00241546
0.00253148
0.00264477
0.00275131
0.00285255
0.00294582
0.00303146
0.00310798
0.00317494
0.00323174
0.0032776
0.00331249
0.0033357
0.00334743
0.00334745
0.00333584
0.0033131
0.00327906
0.00323492
0.00318029
0.00311687
0.00304421
0.00296418
0.00287651
0.00278284
0.00268341
0.0025792
0.0024713
0.00235965
0.00224648
0.00213044
0.00201503
0.00189753
0.00178272
0.0016665
0.00155486
0.00144245
0.00133623
0.00123406
0.0011347
0.00106527
0.0010197
0.00100477
0.00102267
0.00106054
0.00112546
0.00120045
0.00129616
0.00138923
0.00149293
0.0015851
0.00167779
0.00175706
0.00183369
0.00189004
0.00194187
0.00194975
0.00193603
0.00185382
0.00172371
0.00154648
0.00132225
0.00121641
0.000487951
0.000539549
0.000638052
0.000728764
0.000791001
0.000844795
0.000864233
0.000883758
0.000884496
0.000888311
0.000885321
0.000882408
0.000873712
0.000863629
0.000844242
0.000827536
0.000801274
0.000786453
0.000766694
0.000769814
0.000773626
0.000815072
0.000862241
0.000952588
0.00104255
0.00116849
0.00126892
0.00141201
0.00152181
0.0016759
0.00179303
0.00195468
0.00207653
0.0022415
0.00236496
0.00252846
0.00265003
0.00280695
0.00292289
0.0030681
0.00317455
0.00330316
0.00339636
0.00350396
0.00358043
0.00366339
0.00372016
0.00377583
0.00381069
0.00383755
0.00384926
0.003847
0.0038354
0.00380483
0.00377081
0.00371377
0.00365918
0.0035783
0.0035057
0.00340411
0.00331651
0.0031977
0.00309835
0.00296591
0.0028581
0.0027157
0.00260261
0.00245393
0.00233861
0.00218729
0.00207256
0.00192215
0.00181059
0.00166444
0.00155829
0.00142459
0.00132529
0.00123199
0.00118577
0.00116024
0.00117651
0.00121532
0.00127776
0.00135969
0.00145216
0.00155261
0.00165257
0.00174811
0.00183677
0.00191294
0.00198534
0.00203076
0.00207834
0.00206696
0.00204959
0.00194279
0.00181062
0.00160973
0.00138541
0.00126898
0.000535345
0.000587598
0.000666777
0.000758386
0.000828954
0.000885381
0.000919566
0.00094181
0.000952704
0.000959136
0.000961746
0.000961341
0.00095724
0.000949748
0.000937021
0.000923198
0.00090672
0.000895215
0.000888184
0.000895241
0.000916174
0.000962592
0.00103065
0.0011267
0.00124316
0.00137484
0.00150893
0.00165848
0.00180637
0.00196739
0.00212456
0.00229342
0.00245607
0.00262832
0.00279195
0.00296256
0.00312227
0.00328588
0.00343656
0.0035878
0.00372445
0.00385821
0.00397616
0.0040879
0.00418312
0.0042691
0.00433841
0.00439593
0.00443721
0.00446475
0.00447705
0.00447434
0.0044579
0.00442585
0.004382
0.00432253
0.0042535
0.00416933
0.00407805
0.00397241
0.00386219
0.00373864
0.00361307
0.00347531
0.00333805
0.00318985
0.00304457
0.00288973
0.00274012
0.00258241
0.00243204
0.00227518
0.00212749
0.00197495
0.00183535
0.00169568
0.0015703
0.0014712
0.0014078
0.00137765
0.00138499
0.00142083
0.00148194
0.00156175
0.001654
0.00175234
0.00184976
0.00194235
0.00202413
0.00209586
0.00215288
0.0021922
0.00221133
0.00219283
0.00213872
0.00202511
0.00187437
0.00167123
0.00149439
0.00137655
0.000539046
0.000591261
0.000710425
0.0008034
0.000891262
0.000949283
0.000990432
0.00101504
0.0010311
0.00103993
0.00104846
0.00105043
0.00105289
0.0010478
0.00104162
0.00103019
0.00102091
0.00101157
0.00101419
0.00102292
0.0010588
0.00110621
0.00120355
0.00129973
0.00146063
0.0015922
0.00177504
0.00192445
0.00212394
0.00228481
0.00249656
0.00266527
0.00288382
0.00305592
0.00327486
0.00344532
0.00365774
0.00382121
0.00402008
0.00417118
0.00434982
0.00448347
0.00463593
0.00474757
0.00486898
0.00495489
0.0050417
0.00509917
0.00514932
0.00517684
0.00518975
0.00518705
0.00516355
0.00513153
0.00507362
0.0050142
0.00492478
0.00484068
0.00472322
0.00461767
0.00447601
0.00435257
0.00419076
0.00405311
0.00387535
0.00372728
0.0035379
0.00338319
0.00318671
0.00302915
0.0028302
0.00267347
0.00247668
0.00232429
0.00213425
0.00199471
0.00181954
0.00172022
0.00162735
0.00159566
0.00159788
0.00163093
0.00169896
0.00177481
0.00187871
0.00197214
0.00207683
0.00216398
0.00224252
0.00230858
0.00235309
0.0023866
0.0023878
0.0023637
0.00228552
0.00216855
0.00197555
0.00176974
0.00150316
0.0013854
0.00056526
0.000623763
0.000743518
0.000851242
0.000940562
0.00101502
0.0010589
0.0010979
0.00111668
0.00113681
0.00114832
0.00115972
0.00116522
0.00116928
0.00116603
0.00116505
0.00115868
0.00116297
0.00116859
0.00119663
0.00123563
0.00131187
0.00141363
0.00155163
0.00171775
0.0019024
0.00208787
0.00229632
0.00249855
0.00272244
0.0029371
0.003171
0.00339252
0.00362984
0.00385173
0.00408515
0.00430038
0.00452232
0.00472375
0.00492689
0.00510775
0.00528547
0.00543975
0.00558648
0.00570927
0.00582083
0.00590856
0.00598226
0.00603287
0.00606757
0.00608051
0.00607652
0.00605264
0.00601149
0.00595284
0.005877
0.0057865
0.00567915
0.00556031
0.005425
0.00528168
0.00512227
0.00495855
0.00477907
0.00459916
0.00440388
0.00421217
0.00400564
0.00380667
0.00359367
0.00339215
0.00317767
0.00297828
0.00276727
0.0025745
0.00237846
0.00219602
0.00205242
0.00195385
0.00189794
0.00189661
0.00192167
0.00198621
0.00206109
0.0021612
0.00225181
0.00235158
0.00242783
0.00250016
0.00254488
0.00258261
0.00258468
0.00257885
0.00251594
0.00243086
0.00227453
0.00207822
0.00184154
0.00157368
0.00144368
0.000607616
0.000670478
0.000778951
0.000896213
0.000991331
0.00107837
0.00113315
0.00118393
0.00121238
0.00124225
0.00126112
0.00128069
0.00129252
0.00130444
0.00130793
0.00131619
0.00131789
0.00133473
0.00135038
0.00139637
0.00144833
0.00155066
0.00166739
0.0018406
0.00202493
0.00225072
0.00245837
0.00271257
0.0029397
0.00321243
0.00345308
0.0037375
0.00398531
0.00427317
0.00452074
0.00480295
0.00504237
0.00530962
0.00553297
0.00577642
0.00597631
0.00618815
0.00635812
0.00653203
0.00666696
0.00679839
0.0068947
0.00698097
0.00703673
0.007077
0.00709185
0.00708687
0.00706189
0.00701366
0.00695107
0.00686253
0.00676535
0.00663999
0.00651182
0.00635347
0.00619818
0.00601091
0.00583263
0.00562074
0.00542378
0.00519194
0.0049809
0.00473421
0.00451396
0.00425801
0.00403369
0.00377445
0.00355129
0.00329488
0.0030796
0.00283976
0.00263804
0.00245717
0.00234415
0.00226499
0.00225238
0.00226728
0.00232321
0.00239436
0.00248471
0.00257112
0.00265837
0.00272447
0.00278134
0.00280746
0.00282579
0.0028011
0.00277121
0.00267649
0.00256706
0.00238042
0.00217258
0.00191565
0.00167546
0.001537
0.000627668
0.000690488
0.000824149
0.000941975
0.00106019
0.00114932
0.00122598
0.00127994
0.00132776
0.00136121
0.00139612
0.00141941
0.00144477
0.00146055
0.00147701
0.00148917
0.00150719
0.00152763
0.00156754
0.00161642
0.00170476
0.00180885
0.00197927
0.00215269
0.00240769
0.00263323
0.00292197
0.00317589
0.00349035
0.00376277
0.00409512
0.00437922
0.00472016
0.00500771
0.00534658
0.00562848
0.0059541
0.00622106
0.00652257
0.00676575
0.00703336
0.00724497
0.00747064
0.00764436
0.00782217
0.00795345
0.00807974
0.00816591
0.00823923
0.00827946
0.00830026
0.00829528
0.00826549
0.00821732
0.00813992
0.00805148
0.00793002
0.0078048
0.00764313
0.00748496
0.0072871
0.00710003
0.00687023
0.00665858
0.00640149
0.0061699
0.00589077
0.00564435
0.00534917
0.0050935
0.00478898
0.00453003
0.0042234
0.00396727
0.0036667
0.00342713
0.00314536
0.00296405
0.00279475
0.00271243
0.00267237
0.00268175
0.00272704
0.00279077
0.00287428
0.00295214
0.00302388
0.00308118
0.00310692
0.00312448
0.00309712
0.0030644
0.00297989
0.00287832
0.00271409
0.0025231
0.00226692
0.00200884
0.00171844
0.00158008
0.000649928
0.00071928
0.000859436
0.000995508
0.00111847
0.0012313
0.00131366
0.00139296
0.00144632
0.00150284
0.00154358
0.00158699
0.00161816
0.00165197
0.00167387
0.00170428
0.00172781
0.00177079
0.00181705
0.0018977
0.00199362
0.00214364
0.00232583
0.00256243
0.00283237
0.00313549
0.00343657
0.00377593
0.00410329
0.00446643
0.00481238
0.00518988
0.00554468
0.00592531
0.0062778
0.00664939
0.00698788
0.00733819
0.00765136
0.00796909
0.00824679
0.00852231
0.00875626
0.00898214
0.00916629
0.00933759
0.00946827
0.00958245
0.0096583
0.00971499
0.00973659
0.00973716
0.00970658
0.00965358
0.00957392
0.00947061
0.00934551
0.00919554
0.00902889
0.0088361
0.00863194
0.0084004
0.00816299
0.00789715
0.00763119
0.00733619
0.007047
0.00672884
0.00642258
0.00608818
0.0057718
0.00542893
0.00510995
0.0047668
0.00445294
0.00412719
0.00382572
0.00357209
0.0033877
0.00325736
0.00320916
0.0031898
0.00322841
0.00326987
0.00334646
0.00339649
0.00345868
0.00347582
0.00348885
0.00345395
0.00341223
0.0033192
0.00322002
0.00305774
0.00287925
0.00263834
0.00237153
0.0020802
0.00177608
0.00162682
0.000710489
0.000783025
0.00089702
0.00104102
0.00117385
0.00129999
0.00140582
0.00150062
0.00157944
0.00165104
0.00171374
0.00177069
0.00182121
0.00186746
0.00190904
0.00195253
0.00199856
0.00205785
0.00213237
0.00223519
0.00236906
0.00254928
0.00277383
0.00304824
0.00336512
0.00371069
0.00407039
0.00445651
0.00484912
0.00526189
0.00567548
0.00610408
0.00652701
0.00695858
0.0073777
0.00779835
0.0082
0.00859591
0.00896705
0.00932555
0.00965466
0.00996513
0.010243
0.0104974
0.0107174
0.0109106
0.011069
0.0111985
0.0112941
0.0113598
0.0113932
0.0113969
0.0113704
0.0113148
0.0112317
0.0111202
0.010984
0.0108205
0.0106349
0.0104232
0.0101923
0.00993642
0.0096644
0.00936894
0.00906081
0.00873114
0.00839276
0.00803535
0.00767373
0.00729627
0.00691948
0.00653068
0.00614761
0.00575685
0.00538145
0.00500853
0.00465788
0.00436084
0.004131
0.00396709
0.00387413
0.00383108
0.00383091
0.00385274
0.00388806
0.00391646
0.00393278
0.00392229
0.00388579
0.0038167
0.00372087
0.00358966
0.00343382
0.00323484
0.00300982
0.00274063
0.00245711
0.00215097
0.00190886
0.00175434
0.000699619
0.00077471
0.000931636
0.00108485
0.00124264
0.00138352
0.00151342
0.00162703
0.00172996
0.00182152
0.00190818
0.00198481
0.00205678
0.00212183
0.00218066
0.00224218
0.00230464
0.00238272
0.00247953
0.00260461
0.00277207
0.00298078
0.00326291
0.00357379
0.00396923
0.00435921
0.00479892
0.00523332
0.00570964
0.00617327
0.00667471
0.00715547
0.00766766
0.00815129
0.00865808
0.00912922
0.00961402
0.0100575
0.0105047
0.0109066
0.0113026
0.0116515
0.0119857
0.012273
0.0125383
0.0127583
0.0129509
0.0131011
0.01322
0.0133003
0.0133468
0.0133589
0.0133358
0.0132826
0.0131934
0.0130781
0.0129264
0.0127527
0.0125422
0.0123139
0.0120484
0.0117695
0.0114531
0.0111283
0.0107662
0.0104013
0.00999989
0.00960194
0.00916922
0.00874671
0.00829226
0.0078549
0.00738953
0.00694781
0.00648295
0.0060585
0.0056058
0.00526339
0.00495925
0.00475818
0.00462922
0.00455383
0.00453078
0.00451888
0.00453077
0.00451976
0.00449788
0.00444229
0.00434964
0.00423314
0.0040728
0.00389614
0.00367815
0.00344025
0.00316074
0.00286458
0.00253418
0.00221397
0.00188598
0.0017282
0.000740804
0.000820692
0.000960824
0.00112838
0.00129178
0.00145895
0.00160425
0.00175239
0.00187532
0.00200392
0.00211129
0.00222356
0.00231652
0.00241453
0.00249533
0.00258895
0.00267443
0.00278896
0.00291047
0.00308324
0.00327903
0.00355245
0.00386315
0.00425601
0.00468142
0.0051641
0.00564041
0.00617557
0.00669218
0.00726197
0.00780482
0.00839451
0.00894838
0.00954072
0.0100886
0.0106652
0.0111896
0.0117323
0.0122168
0.0127095
0.0131398
0.0135689
0.0139339
0.0142896
0.0145817
0.0148576
0.0150725
0.015266
0.0154025
0.0155131
0.0155723
0.015602
0.0155862
0.0155377
0.0154502
0.0153267
0.0151711
0.0149759
0.0147556
0.0144924
0.0142113
0.0138841
0.0135464
0.0131603
0.0127717
0.0123331
0.0119004
0.0114178
0.0109497
0.0104331
0.00993994
0.00940122
0.00889455
0.00834649
0.00784187
0.00730989
0.00682454
0.0063807
0.00604094
0.00575673
0.00558438
0.00544211
0.00537337
0.00529868
0.00526068
0.00517991
0.00510718
0.00497096
0.00483067
0.00462678
0.00442273
0.00416068
0.00390426
0.00359399
0.00328781
0.00294293
0.00260463
0.00226209
0.00197322
0.00180939
0.000729484
0.000810563
0.000978152
0.0011517
0.00134102
0.0015204
0.00170294
0.00186945
0.00203701
0.00218803
0.00234283
0.00247988
0.00261852
0.00274223
0.00286384
0.00298296
0.003107
0.00324677
0.00341307
0.00361234
0.00386821
0.00417141
0.00456857
0.00499582
0.00552882
0.00605166
0.00664098
0.00721892
0.00785408
0.00846845
0.00913459
0.00976983
0.0104487
0.0110867
0.0117581
0.0123796
0.0130228
0.0136088
0.0142046
0.014738
0.0152696
0.0157363
0.0161908
0.0165801
0.0169486
0.0172536
0.0175311
0.0177485
0.0179332
0.0180623
0.0181549
0.018197
0.0181997
0.0181571
0.0180726
0.0179483
0.0177797
0.0175769
0.0173272
0.0170496
0.0167225
0.0163742
0.0159744
0.0155611
0.0150948
0.0146235
0.0140991
0.0135789
0.0130069
0.0124488
0.0118418
0.0112584
0.0106305
0.0100356
0.0094016
0.00882152
0.00819733
0.00770796
0.00725039
0.00692085
0.00666193
0.00647202
0.00632561
0.00619844
0.00607564
0.00593804
0.00576389
0.00557062
0.00531748
0.00506132
0.00474731
0.00444153
0.004091
0.00374831
0.0033728
0.00300911
0.00263009
0.00228089
0.00194441
0.00178011
0.000765258
0.000849059
0.000992208
0.00117667
0.00137025
0.00157521
0.00177484
0.0019812
0.00217579
0.00237591
0.00256308
0.0027532
0.00292836
0.00310554
0.00326819
0.00344034
0.0036087
0.00380421
0.00401665
0.00428061
0.00458529
0.00496781
0.0054091
0.00593026
0.006505
0.00713029
0.00777046
0.00845759
0.00914785
0.009876
0.0105982
0.0113497
0.012085
0.0128397
0.0135673
0.0143034
0.0150022
0.0156986
0.0163485
0.016986
0.0175696
0.0181319
0.0186353
0.0191102
0.0195232
0.0199022
0.0202187
0.0204971
0.0207141
0.0208899
0.0210068
0.0210802
0.0210983
0.0210707
0.0209919
0.0208655
0.0206926
0.0204702
0.0202062
0.0198916
0.0195407
0.0191385
0.0187062
0.0182232
0.0177168
0.0171616
0.0165907
0.0159744
0.0153506
0.0146865
0.0140234
0.0133262
0.012639
0.0119245
0.0112338
0.0105312
0.00986195
0.00924931
0.00873209
0.00828585
0.00794347
0.00764197
0.0074041
0.00716312
0.00694598
0.0066886
0.00642792
0.00611308
0.00578809
0.00541787
0.00504603
0.00464335
0.00424911
0.00383526
0.00343535
0.00303174
0.00264958
0.002288
0.00200645
0.00184111
0.000723342
0.000807164
0.000977641
0.00116692
0.00137846
0.00159934
0.0018296
0.0020653
0.00230227
0.00254371
0.00278239
0.00302329
0.00325407
0.00348827
0.0037046
0.00393645
0.00415483
0.0044107
0.00467454
0.00500045
0.00536504
0.00581341
0.0063357
0.00692799
0.00759903
0.00830087
0.00903671
0.009803
0.0105909
0.0114002
0.0122233
0.0130573
0.0138952
0.0147329
0.0155631
0.0163824
0.0171819
0.0179608
0.0187078
0.0194259
0.0201012
0.0207408
0.0213287
0.0218756
0.0223642
0.0228078
0.0231893
0.0235227
0.0237924
0.0240115
0.0241675
0.0242707
0.0243127
0.0242999
0.0242291
0.0241018
0.0239202
0.0236811
0.0233917
0.0230451
0.0226526
0.0222047
0.0217156
0.0211747
0.020598
0.019975
0.019322
0.01863
0.0179146
0.0171686
0.0164065
0.0156229
0.0148311
0.014027
0.0132231
0.0124277
0.0116302
0.0109214
0.0102846
0.00973329
0.00928916
0.00887182
0.00852938
0.00816478
0.00783332
0.00745267
0.0070691
0.00664266
0.00619877
0.00573722
0.00526492
0.00479493
0.00432621
0.00386989
0.00342253
0.0030004
0.00259592
0.00223425
0.00190516
0.00174321
0.000714173
0.000797844
0.000955604
0.00114717
0.00136664
0.00159857
0.0018557
0.0021138
0.00239853
0.00267263
0.0029778
0.0032592
0.00357257
0.00385276
0.00416378
0.00444505
0.00476447
0.005072
0.00543913
0.0058191
0.00628892
0.00679401
0.00741867
0.00806853
0.00884004
0.00959957
0.0104425
0.0112684
0.0121657
0.0130361
0.0139697
0.0148658
0.0158153
0.0167157
0.0176589
0.018541
0.0194549
0.0202959
0.021158
0.0219368
0.0227262
0.023424
0.0241223
0.0247235
0.0253153
0.0258078
0.0262811
0.0266561
0.027002
0.0272539
0.0274666
0.0275922
0.0276683
0.0276667
0.0276053
0.0274773
0.0272801
0.0270284
0.0266994
0.0263288
0.025875
0.0253926
0.0248236
0.0242392
0.0235677
0.0228935
0.0221345
0.0213853
0.0205557
0.0197479
0.0188659
0.018017
0.0171014
0.0162296
0.0153006
0.0144353
0.0135155
0.0127288
0.0119437
0.011303
0.0106749
0.0101595
0.00961602
0.00914948
0.00861783
0.0081383
0.00757762
0.00706334
0.00647996
0.00594723
0.00537514
0.00485318
0.00432111
0.00383308
0.00335638
0.00292189
0.00251649
0.00215591
0.00186126
0.00170204
0.000688397
0.00076837
0.000919603
0.00110851
0.00132711
0.00157078
0.00183557
0.00212711
0.00242997
0.00276173
0.00309533
0.00345794
0.00381002
0.0041918
0.00455131
0.00494844
0.0053228
0.00575316
0.00617675
0.00668099
0.00720456
0.00783109
0.00850297
0.00926913
0.0100803
0.0109515
0.0118332
0.0127693
0.0137052
0.0146856
0.0156574
0.016664
0.0176522
0.0186648
0.0196475
0.0206446
0.0215993
0.0225585
0.0234627
0.0243617
0.025194
0.0260117
0.0267524
0.0274693
0.0281015
0.0287003
0.0292097
0.0296762
0.0300518
0.0303748
0.0306088
0.0307807
0.0308684
0.0308852
0.030825
0.0306866
0.0304801
0.0301901
0.0298421
0.029408
0.0289267
0.0283596
0.0277564
0.0270706
0.0263599
0.0255724
0.0247708
0.0239001
0.0230259
0.0220918
0.0211641
0.0201862
0.0192244
0.0182222
0.0172469
0.0162469
0.0152824
0.014341
0.0134892
0.0126595
0.011943
0.0112104
0.0105692
0.00988037
0.00925547
0.00857403
0.00793702
0.00726072
0.00662295
0.00597499
0.00536786
0.00477459
0.00422385
0.00370238
0.003222
0.0027848
0.0023868
0.0020433
0.00176527
0.00161784
0.000621731
0.000696693
0.000850519
0.00103058
0.00124646
0.00148749
0.00176258
0.00206325
0.00239426
0.0027512
0.00313367
0.00354069
0.00396293
0.00440959
0.00485723
0.00533703
0.00581014
0.00633315
0.00685823
0.00745421
0.00807571
0.00878179
0.00954406
0.0103725
0.0112626
0.0121852
0.01314
0.0141222
0.015128
0.0161517
0.0171925
0.0182416
0.0192993
0.0203558
0.0214106
0.0224548
0.0234854
0.0244963
0.0254804
0.0264359
0.0273511
0.0282284
0.0290525
0.0298293
0.0305414
0.0311964
0.0317773
0.0322917
0.0327257
0.033084
0.0333587
0.03355
0.0336576
0.0336759
0.0336133
0.0334584
0.0332276
0.0329044
0.0325124
0.0320313
0.0314895
0.0308651
0.0301889
0.0294392
0.028647
0.0277923
0.0269044
0.025966
0.0250035
0.024003
0.0229869
0.0219451
0.0208956
0.0198323
0.0187689
0.0177072
0.0166486
0.0156295
0.0146519
0.0137102
0.0128353
0.011966
0.0111526
0.0103295
0.00954299
0.0087522
0.0079851
0.00723494
0.00650794
0.0058197
0.00516116
0.00455362
0.00398107
0.00346396
0.00298345
0.00256316
0.00218061
0.00186053
0.00158272
0.00144721
0.000565248
0.00063577
0.000773195
0.000944129
0.00114459
0.00137895
0.00164724
0.00194801
0.00228787
0.00265521
0.00306803
0.00349873
0.00397871
0.00446454
0.00500039
0.00553437
0.00612073
0.00670773
0.00735611
0.00801641
0.00875156
0.00951099
0.0103556
0.0112203
0.0121599
0.0131068
0.0141032
0.015105
0.0161459
0.0171867
0.0182589
0.0193242
0.0204131
0.0214868
0.0225764
0.0236406
0.0247128
0.0257475
0.0267815
0.0277649
0.0287377
0.0296462
0.0305328
0.0313419
0.0321163
0.032802
0.0334392
0.0339795
0.034457
0.0348335
0.0351338
0.0353331
0.0354448
0.0354598
0.0353787
0.0352093
0.0349388
0.0345912
0.0341418
0.0336283
0.0330163
0.0323542
0.0316003
0.03081
0.0299375
0.0290417
0.0280747
0.0270967
0.0260592
0.0250214
0.0239361
0.0228602
0.0217481
0.0206542
0.0195347
0.018443
0.0173336
0.0162721
0.0151961
0.0141876
0.0131626
0.0122115
0.0112386
0.0103386
0.00942018
0.0085723
0.00772102
0.00693858
0.00617403
0.00547494
0.00481219
0.00420897
0.00365299
0.00315011
0.00269928
0.0022989
0.00195285
0.00165358
0.0014117
0.00128599
0.00052067
0.00058479
0.000698615
0.000856093
0.0010402
0.00126128
0.00151321
0.00180612
0.00213375
0.00250337
0.00291229
0.00335998
0.00385061
0.00437216
0.00493936
0.00552845
0.00616705
0.00682267
0.00753389
0.00826384
0.00905344
0.00986763
0.0107362
0.0116325
0.0125669
0.0135285
0.0145128
0.015522
0.0165458
0.0175901
0.0186421
0.0197095
0.020778
0.0218551
0.0229269
0.0239983
0.0250576
0.0261051
0.0271326
0.0281348
0.0291074
0.0300398
0.0309311
0.0317668
0.0325484
0.0332601
0.0339038
0.0344654
0.0349457
0.0353352
0.0356317
0.0358331
0.0359331
0.0359381
0.0358371
0.0356458
0.0353486
0.034969
0.0344884
0.0339356
0.0332904
0.0325849
0.0317987
0.0309642
0.0300625
0.0291244
0.0281334
0.0271166
0.0260615
0.0249902
0.0238945
0.0227908
0.0216758
0.0205601
0.0194448
0.0183341
0.0172338
0.0161402
0.0150499
0.0139839
0.0129189
0.0118954
0.010882
0.00991763
0.00897817
0.00808985
0.00724336
0.00644779
0.00570811
0.00501743
0.00438975
0.00380826
0.00329041
0.00281628
0.00240363
0.00203443
0.00172264
0.00145174
0.00125609
0.00114381
0.000459165
0.000513366
0.000623877
0.00075882
0.000930955
0.00112542
0.00136482
0.00163049
0.00194687
0.00229327
0.00269443
0.00312881
0.00361743
0.00414217
0.00471541
0.00532791
0.00598064
0.00667559
0.007405
0.00817567
0.00898031
0.00981564
0.0106879
0.0115745
0.0124985
0.0134287
0.0144004
0.0153693
0.0163777
0.0173774
0.0184128
0.0194343
0.0204865
0.0215196
0.0225765
0.0236087
0.0246555
0.0256707
0.0266887
0.0276663
0.0286326
0.0295475
0.0304351
0.0312588
0.0320384
0.0327406
0.0333826
0.0339344
0.0344119
0.0347886
0.0350804
0.0352643
0.035357
0.0353393
0.0352287
0.0350103
0.0347016
0.0342927
0.0337996
0.0332178
0.0325605
0.031829
0.0310321
0.0301771
0.0292671
0.0283158
0.0273197
0.0262988
0.0252422
0.0241764
0.0230831
0.0219952
0.0208866
0.0197968
0.0186915
0.0176137
0.0165293
0.0154609
0.014376
0.0133138
0.012246
0.0112159
0.0102012
0.00924043
0.00830769
0.00744376
0.00661367
0.00586205
0.00514571
0.00451044
0.00390921
0.00338639
0.00289557
0.00247814
0.00209129
0.00177348
0.00148505
0.00125766
0.00106922
0.000976493
0.000398086
0.000447756
0.000544957
0.00066849
0.000816607
0.000996215
0.00120671
0.00145412
0.00173875
0.00206432
0.00243442
0.00284696
0.00331087
0.00381516
0.0043761
0.00497183
0.00562672
0.00630869
0.00704853
0.00780643
0.00861545
0.00943198
0.0102837
0.0111419
0.01202
0.012915
0.0138341
0.0147652
0.0157174
0.0166785
0.0176561
0.0186388
0.0196339
0.020629
0.0216318
0.0226275
0.0236251
0.0246058
0.0255805
0.0265261
0.0274553
0.0283408
0.029197
0.029994
0.0307466
0.031425
0.032043
0.0325739
0.033029
0.0333881
0.0336579
0.0338278
0.0338988
0.0338711
0.0337398
0.0335159
0.0331886
0.032779
0.032271
0.0316937
0.0310268
0.0303048
0.0295051
0.0286647
0.0277597
0.026828
0.0258454
0.0248487
0.0238146
0.0227775
0.0217158
0.0206609
0.019593
0.0185401
0.0174851
0.0164473
0.0154208
0.0143919
0.0133535
0.0123294
0.0112943
0.0103027
0.00932355
0.00840406
0.00751841
0.00669857
0.00592758
0.00522063
0.00456982
0.00397701
0.00344064
0.00295615
0.00252473
0.00214056
0.00180555
0.00151523
0.00127037
0.00106458
0.000901673
0.000817646
0.000366848
0.0004108
0.000486834
0.00059685
0.00072972
0.000890652
0.00107939
0.00130372
0.00156035
0.00185957
0.00219546
0.00258044
0.00300572
0.00348426
0.00400514
0.00457955
0.00519507
0.00585983
0.00655971
0.00729983
0.00806298
0.00885345
0.0096513
0.0104715
0.0112888
0.012138
0.0129918
0.013874
0.0147589
0.0156699
0.01658
0.0175127
0.0184406
0.0193867
0.0203229
0.0212716
0.0222035
0.0231397
0.0240502
0.0249544
0.0258212
0.0266688
0.0274656
0.0282282
0.0289259
0.0295735
0.0301429
0.0306469
0.0310615
0.0313977
0.0316372
0.0317887
0.0318408
0.0318
0.0316619
0.0314306
0.0311091
0.0306983
0.0302081
0.029636
0.0289978
0.0282879
0.0275265
0.0267047
0.0258465
0.0249397
0.024011
0.0230453
0.0220713
0.0210711
0.0200748
0.0190623
0.0180646
0.0170593
0.0160764
0.0150902
0.0141338
0.0131575
0.0121942
0.0112204
0.0102668
0.00932436
0.00842467
0.00755654
0.00674726
0.00598151
0.00528211
0.00462992
0.00404408
0.00350358
0.00302431
0.00258716
0.00220443
0.00186128
0.00156672
0.00131016
0.00109512
0.000914606
0.000790602
0.000717539
0.000307589
0.00034458
0.000421555
0.000514237
0.00063244
0.000769415
0.00093968
0.00113215
0.0013661
0.00162514
0.00193501
0.00227194
0.00266932
0.00309373
0.00358718
0.004104
0.00469466
0.00529995
0.00597752
0.00665507
0.00739573
0.0081166
0.00888254
0.00962339
0.010399
0.0111624
0.0119756
0.0127702
0.0136149
0.0144378
0.0153078
0.0161526
0.0170412
0.0179
0.0187984
0.0196609
0.0205569
0.0214086
0.0222856
0.0231075
0.0239436
0.0247125
0.0254814
0.0261708
0.0268435
0.0274254
0.0279727
0.0284212
0.028817
0.0291102
0.0293345
0.0294576
0.0294988
0.0294456
0.0293014
0.0290745
0.0287521
0.0283622
0.0278766
0.027341
0.0267132
0.0260536
0.0253081
0.0245487
0.0237117
0.0228774
0.0219747
0.0210898
0.0201462
0.0192335
0.0182718
0.0173521
0.0163928
0.0154845
0.0145452
0.0136588
0.0127541
0.0118774
0.0109611
0.0100849
0.00917159
0.00832542
0.00746941
0.00669557
0.00593337
0.00525775
0.00460663
0.00403757
0.00349798
0.00303124
0.00259362
0.00221973
0.00187295
0.00158238
0.00131753
0.00110281
0.000912703
0.000764086
0.000639388
0.00057952
0.000278397
0.000312656
0.000371524
0.000457445
0.000557431
0.000683954
0.000827778
0.00100601
0.00120401
0.00144486
0.00170792
0.00202287
0.00236239
0.00276164
0.00318714
0.00367649
0.00419059
0.00476671
0.0053602
0.00600684
0.00665599
0.00734387
0.00801451
0.0087213
0.00939928
0.0101278
0.0108395
0.0115985
0.0123401
0.0131272
0.0138939
0.014703
0.0154882
0.0163116
0.0171065
0.0179339
0.0187263
0.0195435
0.0203174
0.021106
0.021841
0.022578
0.0232503
0.0239099
0.0244937
0.0250491
0.0255192
0.0259452
0.0262795
0.0265552
0.0267372
0.0268489
0.0268693
0.0268113
0.0266693
0.0264444
0.0261468
0.0257656
0.0253261
0.0248055
0.0242423
0.0236034
0.0229383
0.0222044
0.0214604
0.0206556
0.0198558
0.0190038
0.0181703
0.0172931
0.0164467
0.0155647
0.0147237
0.0138547
0.0130339
0.012188
0.0113977
0.0105639
0.00976621
0.00893632
0.00814558
0.00734674
0.00660742
0.00587989
0.00522491
0.00459283
0.0040372
0.00350763
0.00305088
0.00261883
0.00225142
0.00190707
0.00161829
0.001352
0.00113354
0.000937576
0.00078149
0.000645509
0.000553748
0.000499061
0.00023605
0.000264479
0.000323104
0.000394363
0.00048458
0.000590186
0.000720793
0.000869938
0.00105052
0.00125262
0.00149386
0.00175922
0.00207257
0.00241115
0.00280697
0.00322539
0.00370786
0.00420442
0.00476566
0.00532592
0.00594268
0.00653893
0.00717308
0.0077835
0.00842173
0.00905053
0.00972423
0.0103819
0.0110862
0.011771
0.0125006
0.0132065
0.0139548
0.0146744
0.015433
0.0161563
0.0169131
0.0176267
0.018366
0.0190527
0.0197546
0.0203937
0.021035
0.0216036
0.0221594
0.0226342
0.02308
0.0234396
0.0237543
0.0239815
0.0241496
0.0242332
0.0242463
0.0241823
0.02404
0.0238317
0.0235409
0.0231981
0.0227722
0.0223097
0.0217666
0.0212029
0.0205633
0.0199188
0.019205
0.0185006
0.0177348
0.0169913
0.0161949
0.0154319
0.0146247
0.01386
0.01306
0.0123096
0.0115322
0.0108047
0.0100623
0.00934542
0.00859442
0.00787956
0.00713271
0.0064459
0.00575181
0.00512972
0.00451954
0.00398323
0.00346986
0.00302433
0.00260539
0.00224484
0.00190983
0.00162465
0.00136278
0.001144
0.000947001
0.00078748
0.000648275
0.000539147
0.00044884
0.000405106
0.000218305
0.000243966
0.000288115
0.000352512
0.000431646
0.00052663
0.000639996
0.000774111
0.000930243
0.00111218
0.00132006
0.00155955
0.00182906
0.00213584
0.0024758
0.00285667
0.0032704
0.00372437
0.0042049
0.00471867
0.00524623
0.00579378
0.00634191
0.00690354
0.0074607
0.008041
0.00862788
0.00923627
0.00985048
0.0104854
0.0111232
0.0117789
0.0124337
0.0131028
0.0137661
0.0144388
0.0150991
0.0157622
0.0164049
0.0170419
0.017649
0.0182404
0.0187916
0.0193159
0.0197898
0.0202254
0.0206017
0.020929
0.0211904
0.021394
0.0215281
0.021598
0.0215985
0.0215317
0.0213988
0.0211986
0.0209386
0.0206146
0.020239
0.0198049
0.0193292
0.0188022
0.0182442
0.0176431
0.0170218
0.0163663
0.0157009
0.0150102
0.0143192
0.0136117
0.0129127
0.0122051
0.0115136
0.0108209
0.0101485
0.00947855
0.00883256
0.00817503
0.00752772
0.00687435
0.00623819
0.00561223
0.00502058
0.00445573
0.00393523
0.0034505
0.00301265
0.00261203
0.00225542
0.00193292
0.00164883
0.00139504
0.00117398
0.00098022
0.000814657
0.000673937
0.000556103
0.000459652
0.000394236
0.000355702
0.000181417
0.000204452
0.000247356
0.00030489
0.000370799
0.000455725
0.000551005
0.000670816
0.000802333
0.000964724
0.00114034
0.001354
0.00158279
0.00185654
0.00214759
0.0024879
0.00284608
0.00325263
0.00367319
0.00413461
0.00459973
0.00509302
0.00557189
0.00607918
0.00656189
0.0070863
0.00760031
0.00815115
0.00869268
0.0092684
0.00983261
0.0104277
0.0110084
0.0116158
0.0122048
0.0128149
0.0134013
0.014002
0.014572
0.0151477
0.0156847
0.0162176
0.016703
0.0171736
0.0175883
0.0179772
0.0183033
0.0185931
0.0188156
0.0189927
0.0191014
0.0191575
0.0191474
0.0190802
0.0189523
0.0187652
0.0185258
0.0182274
0.0178871
0.0174903
0.017063
0.0165831
0.0160847
0.0155389
0.0149862
0.0143921
0.0138021
0.0131772
0.0125665
0.0119274
0.0113115
0.0106733
0.0100662
0.0094425
0.00885625
0.00825407
0.00769805
0.00710699
0.0065445
0.00595858
0.00539964
0.00484014
0.00432402
0.00382094
0.00337197
0.00294179
0.0025689
0.00221454
0.00191426
0.00162984
0.00139261
0.00116941
0.000986125
0.000816197
0.00068
0.00055692
0.000461833
0.000377802
0.000316585
0.000282864
0.000161298
0.000179716
0.000220232
0.000266422
0.000329817
0.000397726
0.000489198
0.00058472
0.000710873
0.000840043
0.00100835
0.00117816
0.00139712
0.00161499
0.00189303
0.00216478
0.00250652
0.00283243
0.00323376
0.00360473
0.00404959
0.00444639
0.00490769
0.00531519
0.00578316
0.00620651
0.00670384
0.00715065
0.00767448
0.00814321
0.00868902
0.00917458
0.00973626
0.010232
0.0108014
0.0112987
0.0118652
0.0123529
0.0129032
0.0133681
0.0138859
0.014313
0.0147804
0.0151538
0.0155526
0.0158568
0.0161697
0.0163915
0.0166042
0.0167336
0.0168363
0.0168675
0.0168557
0.0167876
0.0166623
0.0164986
0.0162659
0.016014
0.0156842
0.0153547
0.0149412
0.0145465
0.0140646
0.0136187
0.0130846
0.0126016
0.0120318
0.0115259
0.0109362
0.0104208
0.00982632
0.00931366
0.0087279
0.00822894
0.00766314
0.00718348
0.00664551
0.00617639
0.00563596
0.00516921
0.00463659
0.00419072
0.00370051
0.00330107
0.00287516
0.00253588
0.00218209
0.00190488
0.0016198
0.00139909
0.00117389
0.00100196
0.000828109
0.000698142
0.000569033
0.000475529
0.000385237
0.000321681
0.000264317
0.000239061
0.000144157
0.000162535
0.000193185
0.000239003
0.000289601
0.00035661
0.000429049
0.00052315
0.000622415
0.000749578
0.0008812
0.00104829
0.00121879
0.00143302
0.00164897
0.00191601
0.00218095
0.00250128
0.00281198
0.00317729
0.0035214
0.00391388
0.00427155
0.00467773
0.00504147
0.00546433
0.00585219
0.00629848
0.00670789
0.00717608
0.00760329
0.00808829
0.00852776
0.00902292
0.00946744
0.00996409
0.0104045
0.0108916
0.0113166
0.011781
0.0121777
0.0126043
0.0129587
0.0133316
0.0136298
0.0139337
0.0141629
0.0143845
0.0145347
0.0146639
0.0147284
0.0147595
0.0147358
0.0146678
0.0145574
0.0143939
0.0142021
0.0139505
0.0136856
0.0133565
0.013029
0.0126349
0.0122567
0.0118113
0.011395
0.0109126
0.0104706
0.00996526
0.00950997
0.00899508
0.00853792
0.00802585
0.00757712
0.00707874
0.00664656
0.00616746
0.00575762
0.00529023
0.00487815
0.00441745
0.00401137
0.00357376
0.00319983
0.00280893
0.00248465
0.00215293
0.00188461
0.00161353
0.00139841
0.00118251
0.00101336
0.00084516
0.000715004
0.00058779
0.000491397
0.000399668
0.000332149
0.000269309
0.000229157
0.00020397
0.000124354
0.00014019
0.000170164
0.000209541
0.000255054
0.000312717
0.000377943
0.000458724
0.000548017
0.000656846
0.000775165
0.000917734
0.00107095
0.00125332
0.00144761
0.0016746
0.0019137
0.00218586
0.00246749
0.00277803
0.00309138
0.00342546
0.00375097
0.00409689
0.00442819
0.00478821
0.00514325
0.00552361
0.00589941
0.00629852
0.00669102
0.00710424
0.00750814
0.00792944
0.00833784
0.00875944
0.00916362
0.00957585
0.00996522
0.0103566
0.010719
0.0110767
0.0113992
0.0117098
0.0119797
0.0122303
0.0124361
0.0126159
0.0127484
0.0128493
0.0129028
0.0129205
0.0128931
0.0128272
0.0127206
0.0125744
0.0123938
0.012174
0.0119272
0.0116429
0.0113396
0.0110016
0.0106527
0.0102727
0.00988978
0.00947972
0.00907429
0.00864609
0.00822933
0.00779426
0.00737665
0.00694504
0.00653598
0.00611689
0.0057244
0.00532246
0.00495264
0.00456045
0.00418866
0.00380208
0.00343508
0.00306848
0.00273239
0.00240561
0.002116
0.00183932
0.00160118
0.00137557
0.00118555
0.00100618
0.000857251
0.000717687
0.000603414
0.000497975
0.000413557
0.000337629
0.000278814
0.000227063
0.000188905
0.000168126
0.000110523
0.000123137
0.000152509
0.000183966
0.000228498
0.000274292
0.000338079
0.000401866
0.000489147
0.000574598
0.000690202
0.000801564
0.000951129
0.001093
0.00128241
0.00145855
0.00169146
0.00190238
0.00217691
0.00241736
0.00272369
0.00298216
0.00330244
0.00356956
0.00389744
0.00417654
0.0045271
0.00482256
0.00519354
0.00550371
0.00589113
0.00621193
0.00661052
0.0069367
0.00733965
0.00766462
0.00806328
0.00837905
0.00876298
0.0090603
0.00941755
0.00968638
0.0100042
0.0102343
0.0105001
0.0106821
0.0108845
0.0110105
0.0111406
0.0112051
0.0112573
0.0112577
0.01123
0.0111667
0.011061
0.0109371
0.0107585
0.0105796
0.0103357
0.0101092
0.00980973
0.00954399
0.00919965
0.00890373
0.00852588
0.00820899
0.007809
0.00748016
0.00706907
0.00673678
0.00632492
0.00599692
0.00559355
0.00527657
0.00488952
0.00458694
0.0042213
0.00392741
0.00356247
0.00327166
0.00291431
0.00263829
0.00231234
0.00206679
0.00178637
0.00157932
0.0013487
0.00118069
0.000996504
0.000863498
0.000719082
0.000615938
0.000505148
0.000427434
0.000345574
0.000289706
0.000232633
0.000194536
0.000157253
0.000142062
0.000103665
0.00011626
0.00013764
0.000168892
0.000206132
0.000251425
0.000303999
0.000366977
0.000438356
0.000522646
0.000616493
0.000726262
0.000846823
0.000986549
0.00113799
0.00131133
0.00149586
0.0017034
0.00191902
0.00215601
0.00239512
0.00265093
0.00290253
0.00316886
0.00342821
0.00370705
0.00398312
0.00427831
0.00456936
0.00487925
0.0051824
0.0055029
0.0058136
0.00613948
0.00645199
0.00677666
0.00708392
0.00739939
0.00769308
0.00799013
0.00826097
0.00852955
0.00876782
0.00899775
0.00919405
0.00937588
0.00952193
0.00964781
0.00973729
0.00980174
0.00983084
0.00983124
0.00979899
0.00973572
0.00964394
0.00952019
0.00937317
0.00919449
0.00899846
0.00877215
0.00853475
0.00826925
0.0079989
0.00770325
0.00740873
0.00709214
0.00678217
0.00645363
0.00613661
0.00580462
0.0054883
0.0051606
0.00485187
0.00453518
0.00423898
0.00393667
0.00365607
0.00336321
0.00308548
0.00279843
0.00252888
0.00225795
0.00201104
0.00177067
0.00155717
0.00135459
0.00117818
0.00101371
0.000872423
0.00074214
0.000631232
0.000530147
0.000444943
0.000368705
0.000305554
0.000250604
0.000205921
0.000168185
0.000142921
0.000127761
8.79095e-05
0.000100077
0.000120094
0.000150113
0.000180146
0.000223575
0.000266145
0.000326452
0.000384051
0.000464683
0.000540072
0.000644968
0.000741411
0.00087478
0.000995701
0.00116099
0.00130844
0.00150631
0.00167897
0.00190524
0.00209709
0.00234215
0.00254222
0.00279858
0.00300318
0.00327152
0.00349063
0.00377463
0.00400596
0.00430398
0.00454446
0.00485254
0.00509826
0.00541132
0.00565742
0.00596909
0.00620969
0.00651228
0.0067406
0.00702521
0.00723379
0.00749081
0.00767198
0.00789164
0.00803811
0.00821138
0.00831689
0.00843628
0.00849624
0.00855655
0.00856843
0.00856721
0.00853079
0.00846848
0.00838571
0.00826544
0.00814021
0.00796737
0.007805
0.00758664
0.00739345
0.00713771
0.00692053
0.00663611
0.0064019
0.00609764
0.00585322
0.00553774
0.00528958
0.00497101
0.00472499
0.00441074
0.00417203
0.00386849
0.0036414
0.00335179
0.0031395
0.00285906
0.00264728
0.00237419
0.00216646
0.00190992
0.00172065
0.0014936
0.00133119
0.00113999
0.00100687
0.000851599
0.000745562
0.000622517
0.000539425
0.000443921
0.000380088
0.000308014
0.000260727
0.000208708
0.000175572
0.000139766
0.000118016
0.000103523
7.92804e-05
8.93909e-05
0.000109332
0.000134291
0.000164006
0.000200046
0.00024204
0.000291864
0.000348626
0.000414913
0.000489171
0.000574962
0.000669903
0.000778446
0.000897401
0.00103132
0.00117635
0.00133606
0.00150608
0.00168813
0.00187763
0.00207434
0.00227312
0.00247818
0.00268261
0.00289702
0.00311597
0.00334253
0.00357367
0.0038108
0.00405108
0.00429538
0.0045409
0.00478811
0.00503401
0.0052789
0.00551931
0.00575565
0.00598379
0.00620451
0.00641292
0.00661046
0.00679149
0.00695829
0.00710464
0.0072338
0.00733923
0.00742514
0.00748505
0.00752394
0.00753582
0.00752615
0.00748976
0.00743225
0.00734955
0.00724702
0.00712188
0.00697889
0.00681665
0.00663901
0.00644598
0.00624028
0.00602327
0.00579647
0.00556244
0.00532149
0.00507726
0.00482886
0.00458089
0.0043313
0.00408547
0.00384029
0.00360177
0.00336582
0.00313891
0.00291458
0.00270248
0.00248578
0.00227573
0.00206433
0.00185989
0.00166125
0.00147579
0.00129997
0.00114116
0.000993118
0.000862995
0.000742766
0.000639078
0.000543742
0.00046246
0.000388364
0.000325898
0.000269878
0.00022354
0.000183025
0.000150407
0.000122531
0.000100894
8.96296e-05
7.13113e-05
7.95178e-05
9.94179e-05
0.000119706
0.000149109
0.000178256
0.000219755
0.000259834
0.00031585
0.000368823
0.000442072
0.000510132
0.000603734
0.000689234
0.00080641
0.000911244
0.00105403
0.00117839
0.00134597
0.00148707
0.0016744
0.00182632
0.00202391
0.00218148
0.00238574
0.00255022
0.002769
0.00294237
0.00317335
0.00335408
0.00359419
0.00377941
0.00402476
0.00421099
0.00445671
0.00463974
0.00487998
0.00505497
0.00528294
0.00544449
0.00565275
0.00579521
0.0059761
0.00609395
0.0062402
0.0063285
0.00643386
0.00648875
0.00654862
0.00656769
0.00657956
0.00656207
0.0065257
0.00647263
0.00638999
0.00630389
0.00617885
0.0060635
0.00590138
0.00576145
0.00556856
0.00540921
0.00519236
0.0050189
0.00478505
0.00460272
0.00435868
0.0041724
0.00392461
0.00373888
0.00349324
0.00331202
0.00307368
0.00290031
0.00267357
0.00250969
0.00229777
0.0021401
0.00193165
0.00177737
0.00157599
0.00143096
0.00124903
0.00112066
0.00096518
0.000857187
0.00072976
0.00064209
0.000540467
0.000470874
0.000391186
0.000336976
0.000275716
0.000234638
0.000189102
0.000159337
0.000127213
0.000106666
8.50715e-05
7.67935e-05
6.84119e-05
7.66095e-05
9.17945e-05
0.000111977
0.000137464
0.000166294
0.000201875
0.000241393
0.000289166
0.00034133
0.000403453
0.000470433
0.000549311
0.000633386
0.000731358
0.00083434
0.000952676
0.00107479
0.00121246
0.00135125
0.00150412
0.00165411
0.00181594
0.00197265
0.0021406
0.00230484
0.00248316
0.00265628
0.0028435
0.00302396
0.00321771
0.00340266
0.00359963
0.00378557
0.00398173
0.00416448
0.00435505
0.00452976
0.0047093
0.00487059
0.00503322
0.00517544
0.00531518
0.00543283
0.00554407
0.00563221
0.00571019
0.00576497
0.00580629
0.0058253
0.0058282
0.0058107
0.00577524
0.00572222
0.00565019
0.00556419
0.00545889
0.00534369
0.00520955
0.00506981
0.00491202
0.0047529
0.00457698
0.00440378
0.00421534
0.00403328
0.0038377
0.00365171
0.00345405
0.00326861
0.0030734
0.00289247
0.00270366
0.00253057
0.00235098
0.00218737
0.00201856
0.00186196
0.00169746
0.00154577
0.00138824
0.00124644
0.00110355
0.000978403
0.000855492
0.000750233
0.000648832
0.000563313
0.000481999
0.000414074
0.000350075
0.000297142
0.000247802
0.000207626
0.000170834
0.000141577
0.000115302
9.49168e-05
7.93616e-05
7.10958e-05
6.11227e-05
6.93067e-05
8.25444e-05
0.0001026
0.00012386
0.000152373
0.000181973
0.000220998
0.000260526
0.000312012
0.000363098
0.000429183
0.000493659
0.000576561
0.000656201
0.000757696
0.00085338
0.000973771
0.00108454
0.00122161
0.0013441
0.00149281
0.00162168
0.00177804
0.00191092
0.00207506
0.00221593
0.00238894
0.0025362
0.00271654
0.00286808
0.00305292
0.003206
0.00339182
0.00354318
0.00372581
0.00387166
0.00404625
0.00418234
0.00434353
0.00446534
0.00460747
0.00471046
0.00482802
0.00490798
0.00499607
0.00504952
0.00510426
0.00512879
0.00514778
0.00514231
0.00512482
0.00508969
0.00503671
0.00497363
0.00488768
0.00479953
0.0046844
0.00457488
0.00443523
0.00430858
0.00414955
0.00401021
0.00383712
0.00368945
0.00350751
0.00335565
0.00316978
0.00301752
0.0028322
0.00268285
0.00250203
0.00235842
0.00218543
0.00204959
0.00188608
0.00175939
0.00160324
0.0014796
0.00132962
0.00121094
0.00107149
0.000963844
0.000841112
0.000748454
0.000645308
0.000568777
0.000484947
0.000423457
0.000356837
0.000308266
0.000256333
0.000218694
0.000179249
0.00015103
0.000122238
0.00010202
8.18142e-05
6.94243e-05
6.11751e-05
5.4312e-05
6.20914e-05
7.47073e-05
9.371e-05
0.000112192
0.000139186
0.000164903
0.000201788
0.000236014
0.000284599
0.000328652
0.000390909
0.000446254
0.000524218
0.000592293
0.000687583
0.000769121
0.000882016
0.000976227
0.00110474
0.00120882
0.00134842
0.00145746
0.0016045
0.00171654
0.00187074
0.00198943
0.00215182
0.00227553
0.0024446
0.00257129
0.00274435
0.00287163
0.00304537
0.00317043
0.00334093
0.00346055
0.00362327
0.00373392
0.00388384
0.00398177
0.00411363
0.00419513
0.0043038
0.00436548
0.0044464
0.00448549
0.00453511
0.00454978
0.0045659
0.00455546
0.00453746
0.00450243
0.00445129
0.00439335
0.00431151
0.00423328
0.00412433
0.00402913
0.00389749
0.003789
0.00363952
0.00352155
0.00335919
0.00323541
0.00306506
0.00293887
0.0027651
0.00263951
0.00246649
0.00234412
0.00217549
0.00205849
0.00189731
0.00178738
0.00163515
0.00153347
0.00138814
0.00128919
0.00115012
0.00105511
0.000926158
0.000840335
0.000726963
0.000653304
0.000557998
0.000497232
0.000419708
0.000370827
0.00030916
0.000270423
0.000222299
0.000192161
0.000155557
0.00013286
0.000106096
8.98124e-05
7.10138e-05
5.99504e-05
5.22445e-05
5.01829e-05
5.69544e-05
6.95346e-05
8.6074e-05
0.000104401
0.000127841
0.000153276
0.000185176
0.000218995
0.000260835
0.000304342
0.000357718
0.000412342
0.000478882
0.000546022
0.000626982
0.000707381
0.000802891
0.000895874
0.00100419
0.00110719
0.0012245
0.00133296
0.00145608
0.00156806
0.00169688
0.00181551
0.00195077
0.00207441
0.0022147
0.00234133
0.00248433
0.00261154
0.00275445
0.00287943
0.00301896
0.00313851
0.0032709
0.00338149
0.00350262
0.0036005
0.0037061
0.00378756
0.0038735
0.00393514
0.00399776
0.00403683
0.00407335
0.00408801
0.00409677
0.00408633
0.004067
0.00403198
0.00398554
0.00392762
0.00385625
0.00377806
0.00368489
0.00358974
0.00347853
0.00337011
0.00324496
0.00312705
0.0029921
0.00286839
0.00272764
0.00260151
0.00245866
0.00233315
0.00219152
0.00206922
0.00193169
0.00181476
0.00168371
0.00157384
0.00145042
0.0013488
0.0012313
0.00113306
0.0010206
0.000926957
0.000822696
0.000738461
0.00064672
0.000574561
0.000497325
0.00043781
0.00037486
0.000326956
0.000276757
0.000238773
0.000199482
0.000169912
0.000139924
0.000117621
9.56104e-05
7.95398e-05
6.40473e-05
5.30295e-05
4.66788e-05
4.63592e-05
5.21973e-05
6.47445e-05
7.90026e-05
9.71869e-05
0.000117334
0.000142509
0.000169792
0.000203233
0.000238828
0.000281828
0.000326981
0.000380938
0.000436897
0.000503173
0.000570862
0.000650207
0.000729616
0.000821461
0.000911076
0.00101307
0.00110975
0.00121767
0.00131864
0.00143055
0.00153588
0.00165445
0.00176459
0.00188816
0.00200181
0.00212837
0.00224354
0.00237068
0.00248503
0.00260995
0.00272079
0.00284028
0.00294458
0.00305511
0.00314959
0.00324742
0.00332871
0.00341012
0.00347501
0.00353662
0.0035823
0.00362134
0.00364573
0.00366038
0.00366232
0.00365189
0.00363131
0.00359632
0.00355422
0.00349633
0.00343465
0.0033565
0.00327794
0.00318283
0.00309055
0.00298218
0.00287957
0.00276172
0.00265215
0.0025285
0.00241516
0.0022891
0.00217488
0.00204943
0.00193689
0.00181465
0.00170593
0.00158905
0.0014859
0.00137609
0.00127935
0.0011778
0.00108606
0.00098848
0.00090066
0.000808281
0.000726883
0.000644118
0.000572409
0.00050164
0.000441138
0.000382782
0.000333327
0.000286329
0.00024675
0.000209463
0.000178352
0.000149308
0.000125447
0.000103508
8.59001e-05
7.00267e-05
5.75959e-05
4.66203e-05
4.15245e-05
4.29794e-05
4.80149e-05
6.039e-05
7.26784e-05
9.06145e-05
0.000107852
0.000132674
0.000155864
0.000188814
0.000218878
0.000261225
0.000299103
0.000352199
0.000398802
0.00046395
0.000519911
0.000597843
0.000663049
0.000753267
0.000826436
0.000926779
0.00100539
0.00111198
0.00119372
0.00130466
0.00138978
0.00150705
0.00159557
0.00171776
0.00180848
0.00193359
0.00202481
0.00215046
0.00224024
0.00236366
0.00244981
0.00256783
0.00264796
0.00275708
0.00282862
0.00292517
0.00298553
0.00306583
0.00311259
0.00317329
0.00320438
0.00324277
0.00325671
0.00327098
0.00326706
0.00325654
0.0032349
0.00320012
0.00316175
0.00310436
0.00305102
0.00297363
0.00290763
0.00281351
0.00273752
0.00263032
0.00254711
0.00243058
0.00234284
0.00222061
0.00213086
0.00200627
0.0019167
0.00179274
0.00170522
0.00158446
0.00150053
0.00138509
0.00130594
0.00119748
0.00112371
0.00102307
0.000953715
0.000857552
0.000791378
0.000700864
0.000639681
0.000558774
0.000504862
0.000435712
0.000390119
0.000333052
0.000295631
0.000249618
0.000219507
0.000182982
0.000159165
0.00013071
0.000112315
9.0807e-05
7.71111e-05
6.15438e-05
5.17641e-05
4.09619e-05
3.69448e-05
4.16317e-05
4.66634e-05
5.70195e-05
6.92611e-05
8.54472e-05
0.000102566
0.000124799
0.000147795
0.000177166
0.000206955
0.000244537
0.000282044
0.000328949
0.000375062
0.000432307
0.000487639
0.000555721
0.000620192
0.000698577
0.000771014
0.000857819
0.000935885
0.0010281
0.00110969
0.00120571
0.00129079
0.00139184
0.00148032
0.00158517
0.00167584
0.00178278
0.00187395
0.00198089
0.00207062
0.00217517
0.00226129
0.00236074
0.00244083
0.00253224
0.00260375
0.00268401
0.00274435
0.00281042
0.00285717
0.00290628
0.00293736
0.00296731
0.00298125
0.0029906
0.00298668
0.00297496
0.00295333
0.0029211
0.00288275
0.0028315
0.00277819
0.00271024
0.00264427
0.00256247
0.00248651
0.002394
0.00231083
0.00221083
0.00212314
0.00201874
0.00192902
0.00182303
0.00173349
0.00162839
0.0015409
0.00143879
0.00135489
0.0012575
0.00117839
0.00108696
0.00101322
0.000928367
0.00085917
0.000778481
0.000712921
0.000637289
0.000576946
0.000509215
0.000456162
0.000398063
0.000353216
0.000305059
0.000268231
0.000229245
0.00019959
0.00016854
0.000145069
0.0001208
0.000102654
8.42317e-05
7.06901e-05
5.72427e-05
4.75214e-05
3.88531e-05
3.48402e-05
4.02579e-05
4.5286e-05
5.38299e-05
6.60276e-05
8.05905e-05
9.75972e-05
0.00011743
0.000140245
0.000166297
0.000195829
0.00022899
0.000266152
0.000307316
0.000352971
0.000402897
0.000457646
0.000516617
0.000580405
0.000647854
0.000719611
0.000793908
0.000871468
0.00095038
0.00103184
0.00111402
0.00119907
0.00128511
0.00137356
0.00146236
0.00155299
0.00164311
0.00173425
0.00182387
0.00191357
0.00200066
0.00208674
0.00216903
0.00224909
0.00232411
0.00239559
0.00246081
0.00252113
0.00257405
0.00262078
0.00265919
0.00269026
0.0027124
0.00272634
0.00273113
0.00272721
0.00271438
0.00269276
0.00266287
0.00262454
0.00257897
0.00252567
0.00246644
0.0024005
0.00233007
0.00225414
0.00217521
0.00209207
0.00200736
0.0019197
0.00183179
0.00174211
0.00165331
0.00156381
0.00147614
0.00138869
0.00130384
0.00121997
0.00113928
0.0010602
0.000984549
0.000910838
0.000840623
0.000771572
0.00070521
0.000640218
0.000578343
0.000518779
0.000463232
0.000410975
0.000363104
0.00031895
0.000279048
0.000242771
0.000210302
0.000181071
0.0001551
0.000131952
0.000111564
9.36498e-05
7.80859e-05
6.46883e-05
5.32065e-05
4.35398e-05
3.67999e-05
3.27909e-05
3.69011e-05
4.19235e-05
4.99883e-05
6.2133e-05
7.49499e-05
9.18232e-05
0.000109256
0.000131865
0.000154677
0.00018393
0.000212837
0.000249637
0.000285346
0.000330535
0.000373633
0.000427798
0.000478458
0.000541579
0.00059926
0.000670366
0.000733661
0.000810744
0.000877622
0.000958952
0.00102823
0.00111324
0.00118554
0.00127395
0.00134821
0.00143881
0.00151371
0.00160482
0.00167882
0.00176849
0.00183988
0.00192593
0.00199282
0.00207285
0.00213323
0.00220469
0.00225649
0.00231678
0.002358
0.00240471
0.00243358
0.00246464
0.00247978
0.00249371
0.00249435
0.00249043
0.00247644
0.00245483
0.00242682
0.0023885
0.00234775
0.00229448
0.0022428
0.00217688
0.00211642
0.00204052
0.0019736
0.00189049
0.0018194
0.00173177
0.00165865
0.001569
0.00149572
0.00140625
0.0013344
0.00124698
0.00117784
0.001094
0.00102857
0.000949524
0.000888474
0.00081479
0.000758458
0.000689542
0.00063634
0.000571883
0.000522247
0.000463424
0.00041887
0.000367382
0.000328923
0.000285448
0.000253303
0.000217573
0.000191319
0.000162515
0.000141416
0.000118598
0.000101941
8.42714e-05
7.14823e-05
5.82412e-05
4.87746e-05
3.91679e-05
3.32335e-05
2.92302e-05
3.37925e-05
3.88095e-05
4.64307e-05
5.85263e-05
6.97263e-05
8.64762e-05
0.000101685
0.000124104
0.000143916
0.000172911
0.000197879
0.000234343
0.000265002
0.000309757
0.000346532
0.000400157
0.00044312
0.000505624
0.000554259
0.000624763
0.000677869
0.00075451
0.000810244
0.000891455
0.000948778
0.00103376
0.00109334
0.00118172
0.0012425
0.00133307
0.00139389
0.00148496
0.0015445
0.00163413
0.00169098
0.001777
0.00182964
0.00190964
0.00195646
0.00202789
0.00206727
0.00212755
0.00215793
0.00220462
0.00222465
0.0022557
0.00226437
0.00227829
0.00227507
0.00227116
0.0022561
0.00223449
0.00220823
0.00216992
0.00213364
0.00208038
0.00203569
0.0019698
0.00191857
0.00184269
0.0017869
0.00170381
0.00164534
0.00155774
0.00149832
0.0014087
0.00134979
0.00126035
0.00120313
0.00111575
0.00106115
0.000977345
0.000926055
0.000847032
0.000799502
0.000725843
0.000682367
0.000613577
0.000572563
0.0005086
0.000470298
0.000412162
0.000377788
0.000327012
0.000297269
0.000254422
0.000229461
0.000194238
0.00017374
0.000145331
0.000128743
0.000106231
9.30299e-05
7.55865e-05
6.5367e-05
5.22707e-05
4.46704e-05
3.51193e-05
2.99308e-05
2.59327e-05
3.21469e-05
3.70105e-05
4.4477e-05
5.62228e-05
6.6758e-05
8.30508e-05
9.73094e-05
0.000119096
0.000137629
0.000165766
0.000189074
0.000224412
0.000252943
0.000296262
0.000330358
0.00038218
0.000421899
0.000482185
0.000527098
0.000594958
0.000644057
0.000717679
0.000769412
0.000847232
0.000900689
0.000981989
0.00103732
0.00112178
0.00117806
0.0012645
0.00132061
0.00140739
0.0014621
0.00154737
0.00159937
0.00168104
0.00172892
0.00180472
0.00184702
0.00191452
0.00194975
0.00200651
0.00203327
0.00207698
0.00209407
0.0021228
0.00212931
0.00214168
0.00213718
0.00213254
0.00211713
0.00209565
0.00206997
0.00203264
0.00199785
0.00194636
0.00190401
0.0018406
0.00179246
0.00171968
0.0016676
0.00158811
0.00153385
0.00145024
0.00139538
0.00131
0.00125587
0.0011708
0.00111846
0.00103546
0.000985713
0.0009062
0.000859624
0.000784723
0.000741701
0.00067195
0.00063262
0.000567477
0.000530843
0.00047018
0.000436347
0.000381145
0.000350972
0.000302684
0.000276625
0.000235813
0.000213904
0.000180312
0.000162245
0.000135127
0.000120442
9.89261e-05
8.71982e-05
7.04995e-05
6.13759e-05
4.8825e-05
4.19877e-05
3.28556e-05
2.79213e-05
2.4107e-05
3.12505e-05
3.5891e-05
4.33489e-05
5.45501e-05
6.5051e-05
8.0561e-05
9.47606e-05
0.000115458
0.000133906
0.000160583
0.000183778
0.000217212
0.000245592
0.000286485
0.000320385
0.000369195
0.000408677
0.000465337
0.000509995
0.000573663
0.000622536
0.000691525
0.000743135
0.000815955
0.000869395
0.000945388
0.0010007
0.0010795
0.00113577
0.00121623
0.00127233
0.00135291
0.00140761
0.00148658
0.00153856
0.00161397
0.00166184
0.00173157
0.00177386
0.00183568
0.0018709
0.00192257
0.00194933
0.00198874
0.00200582
0.0020312
0.00203771
0.00204784
0.00204334
0.00203765
0.00202224
0.00200095
0.00197528
0.00193934
0.00190457
0.00185563
0.00181329
0.00175347
0.00170534
0.00163704
0.00158496
0.00151068
0.00145643
0.00137855
0.00132371
0.00124443
0.00119032
0.00111154
0.00105922
0.000982525
0.000932797
0.000859477
0.000812914
0.000743958
0.000700948
0.000636834
0.000597518
0.000537757
0.000501256
0.000445668
0.000412089
0.000361549
0.000331671
0.000287451
0.000261672
0.000224259
0.000202585
0.00017174
0.000153857
0.000128908
0.000114365
9.45285e-05
8.29081e-05
6.74757e-05
5.84276e-05
4.67952e-05
4.00002e-05
3.15141e-05
2.65891e-05
2.30412e-05
3.04204e-05
3.48543e-05
4.23043e-05
5.3001e-05
6.34702e-05
7.82554e-05
9.24002e-05
0.000112088
0.000130459
0.000155784
0.000178873
0.000210544
0.000238784
0.000277431
0.00031115
0.000357169
0.000396432
0.000449734
0.000494157
0.000553941
0.000602606
0.000667305
0.000718801
0.000786991
0.000840415
0.000911492
0.000966791
0.00104035
0.00109661
0.00117154
0.00122762
0.00130247
0.00135715
0.00143028
0.00148225
0.00155185
0.00159971
0.00166382
0.0017061
0.00176267
0.00179788
0.00184484
0.00187159
0.00190702
0.00192409
0.00194638
0.00195289
0.00196093
0.00195644
0.00194977
0.00193437
0.00191325
0.00188758
0.00185295
0.00181818
0.00177161
0.00172927
0.00167277
0.00162466
0.0015605
0.00150844
0.00143897
0.00138474
0.00131217
0.00125735
0.00118371
0.00112962
0.00105666
0.00100436
0.000933508
0.000883794
0.000816208
0.000769657
0.000706207
0.000663209
0.000604315
0.000565011
0.000510234
0.000473856
0.000422969
0.000389624
0.000343402
0.000313796
0.000273344
0.000247825
0.000213558
0.000192102
0.000163801
0.000146089
0.000123149
0.000108738
9.0456e-05
7.89351e-05
6.46755e-05
5.56973e-05
4.49156e-05
3.81596e-05
3.02718e-05
2.53554e-05
2.20542e-05
2.96517e-05
3.38943e-05
4.13368e-05
5.15666e-05
6.20063e-05
7.61202e-05
9.02143e-05
0.000108968
0.000127266
0.000151339
0.000174331
0.000204369
0.00023248
0.000269047
0.000302598
0.000346033
0.000385092
0.000435285
0.000479489
0.000535678
0.00058415
0.000644875
0.000696265
0.000760169
0.000813577
0.000880103
0.000935388
0.0010041
0.00106034
0.00113015
0.00118621
0.00125575
0.00131042
0.00137814
0.0014301
0.00149433
0.00154217
0.00160109
0.00164335
0.00169506
0.00173026
0.00177286
0.0017996
0.00183134
0.00184841
0.00186783
0.00187433
0.00188045
0.00187596
0.0018684
0.001853
0.00183203
0.00180637
0.00177294
0.00173818
0.00169379
0.00165147
0.00159805
0.00154994
0.00148962
0.00143758
0.00137256
0.00131834
0.0012507
0.00119589
0.00112749
0.00107341
0.00100584
0.000953549
0.000888116
0.000838414
0.000776138
0.000729599
0.000671247
0.00062826
0.000574199
0.000534907
0.000484746
0.000448483
0.000401948
0.000368821
0.000326597
0.000297244
0.00026028
0.000235001
0.000203649
0.000182395
0.00015645
0.000138896
0.000117816
0.000103527
8.66846e-05
7.52559e-05
6.20823e-05
5.31688e-05
4.31749e-05
3.64551e-05
2.91213e-05
2.42129e-05
2.11402e-05
2.89398e-05
3.30052e-05
4.04409e-05
5.02381e-05
6.06507e-05
7.41429e-05
8.819e-05
0.000106079
0.00012431
0.000147223
0.000170124
0.000198651
0.000226642
0.000261282
0.000294678
0.00033572
0.000374591
0.000421905
0.000465907
0.000518766
0.000567059
0.000624104
0.000675396
0.000735329
0.000788724
0.000851035
0.000906306
0.000970522
0.00102675
0.00109182
0.00114787
0.00121249
0.00126714
0.00132986
0.00138181
0.00144106
0.00148889
0.00154299
0.00158525
0.00163244
0.00166764
0.0017062
0.00173294
0.00176125
0.00177832
0.00179508
0.00180159
0.00180593
0.00180143
0.00179303
0.00177764
0.00175682
0.00173117
0.00169885
0.0016641
0.00162173
0.00157942
0.00152884
0.00148075
0.00142398
0.00137195
0.00131106
0.00125685
0.00119377
0.00113897
0.00107541
0.00102135
0.000958776
0.000906498
0.00084608
0.000796389
0.000739031
0.000692503
0.000638872
0.000595895
0.000546311
0.000507029
0.000461142
0.000424985
0.000382481
0.000349555
0.000311034
0.000281915
0.000248181
0.000223126
0.000194472
0.000173406
0.000149642
0.000132234
0.000112878
9.8701e-05
8.31921e-05
7.18488e-05
5.96808e-05
5.08273e-05
4.15629e-05
3.48766e-05
2.80559e-05
2.31548e-05
2.02938e-05
2.82806e-05
3.21819e-05
3.96113e-05
4.90079e-05
5.93952e-05
7.23118e-05
8.63154e-05
0.000103403
0.000121572
0.000143412
0.000166229
0.000193355
0.000221236
0.000254092
0.000287344
0.000326169
0.000364866
0.000409513
0.000453328
0.000503103
0.000551231
0.000604869
0.00065607
0.000712326
0.000765709
0.000824116
0.000879375
0.00093943
0.000995644
0.00105632
0.00111236
0.00117242
0.00122707
0.00128515
0.00133709
0.00139173
0.00143955
0.00148919
0.00153144
0.00157446
0.00160965
0.00164447
0.0016712
0.00169635
0.00171341
0.00172772
0.00173422
0.00173691
0.00173242
0.00172325
0.00170785
0.00168717
0.00166152
0.00163024
0.00159549
0.001555
0.0015127
0.00146476
0.00141668
0.0013632
0.00131118
0.00125411
0.00119991
0.00114105
0.00108626
0.00102719
0.00097314
0.000915193
0.000862926
0.000807151
0.000757472
0.000704667
0.00065815
0.000608891
0.000565923
0.000520485
0.000481213
0.000439284
0.000403225
0.000364453
0.000331714
0.000296622
0.000267719
0.000236978
0.000212129
0.000185974
0.000165081
0.000143337
0.000126065
0.000108304
9.42319e-05
7.99578e-05
6.86935e-05
5.74569e-05
4.86589e-05
4.00701e-05
3.34148e-05
2.70692e-05
2.2175e-05
1.951e-05
2.76701e-05
3.14194e-05
3.8843e-05
4.78687e-05
5.82326e-05
7.06161e-05
8.45794e-05
0.000100925
0.000119036
0.000139882
0.000162622
0.000188451
0.000216229
0.000247433
0.000280552
0.000317325
0.00035586
0.000398038
0.000441679
0.000488599
0.000536574
0.000587056
0.000638173
0.000691024
0.000744395
0.000799187
0.000854435
0.000910636
0.000966839
0.00102345
0.00107948
0.00113532
0.00118996
0.00124375
0.00129567
0.00134605
0.00139386
0.00143937
0.0014816
0.00152076
0.00155595
0.0015873
0.00161403
0.00163625
0.0016533
0.00166533
0.00167183
0.00167299
0.0016685
0.00165862
0.00164323
0.00162267
0.00159703
0.0015667
0.00153196
0.00149321
0.00145091
0.00140541
0.00135734
0.00130691
0.0012549
0.00120136
0.00114718
0.00109223
0.00103745
0.000982539
0.000928496
0.000874833
0.000822576
0.000771101
0.000721432
0.000672844
0.000626336
0.000581126
0.000538168
0.000496568
0.000457305
0.000419041
0.000383074
0.000347759
0.000315192
0.000283275
0.000254573
0.000226603
0.000201945
0.000178104
0.000157371
0.000137498
0.000120353
0.000104069
9.00932e-05
7.69626e-05
6.57715e-05
5.53974e-05
4.66508e-05
3.86877e-05
3.20611e-05
2.61555e-05
2.12677e-05
1.87841e-05
2.79781e-05
3.17087e-05
3.89419e-05
4.78882e-05
5.83617e-05
7.05821e-05
8.47104e-05
0.000100816
0.000119141
0.000139668
0.000162676
0.000188093
0.000216204
0.00024688
0.000280396
0.000316517
0.000355484
0.000396917
0.000440966
0.000487127
0.000535407
0.000585234
0.000636514
0.000688938
0.000742375
0.0007968
0.000852014
0.000907824
0.00096398
0.00102018
0.00107616
0.00113157
0.00118615
0.00123951
0.00129137
0.00134131
0.00138906
0.00143415
0.00147632
0.00151509
0.00155021
0.00158121
0.00160789
0.00162981
0.00164683
0.00165863
0.00166511
0.00166612
0.00166163
0.00165168
0.00163632
0.00161577
0.00159019
0.00155995
0.00152529
0.00148671
0.0014445
0.00139925
0.00135126
0.00130114
0.00124921
0.00119603
0.00114192
0.00108736
0.00103264
0.000978152
0.000924153
0.000870923
0.000818698
0.000767658
0.000718009
0.000669848
0.000623352
0.000578551
0.000535589
0.000494377
0.000455001
0.000417198
0.000381001
0.000346413
0.000313454
0.000282393
0.000253188
0.000226065
0.000200888
0.000177794
0.000156592
0.000137327
0.000119793
0.000103985
8.97048e-05
7.6943e-05
6.55172e-05
5.54208e-05
4.65029e-05
3.87275e-05
3.19978e-05
2.6183e-05
2.14185e-05
1.89566e-05
2.83564e-05
3.20868e-05
3.90955e-05
4.80437e-05
5.85517e-05
7.07808e-05
8.4931e-05
0.00010105
0.00011939
0.000139931
0.000162949
0.000188381
0.000216495
0.000247187
0.000280692
0.000316829
0.000355764
0.000397209
0.000441203
0.000487367
0.000535575
0.000585397
0.00063663
0.000689046
0.000742472
0.000796887
0.000852067
0.000907868
0.000963976
0.00102017
0.00107609
0.0011315
0.00118602
0.00123936
0.00129116
0.0013411
0.00138878
0.00143386
0.00147597
0.00151473
0.00154979
0.00158078
0.0016074
0.00162932
0.0016463
0.00165809
0.00166455
0.00166556
0.00166108
0.00165112
0.0016358
0.00161525
0.00158972
0.00155949
0.0015249
0.00148633
0.0014442
0.00139896
0.00135105
0.00130095
0.00124909
0.00119593
0.00114189
0.00108734
0.00103268
0.000978194
0.000924239
0.000871018
0.000818825
0.000767794
0.000718166
0.000670013
0.000623529
0.000578735
0.00053577
0.000494564
0.000455161
0.000417364
0.000381172
0.000346588
0.000313662
0.000282598
0.000253415
0.000226284
0.000201113
0.000178007
0.000156799
0.000137522
0.000119976
0.000104158
8.98654e-05
7.70943e-05
6.56574e-05
5.55528e-05
4.66222e-05
3.88416e-05
3.20912e-05
2.62753e-05
2.16681e-05
1.92062e-05
2.87068e-05
3.2437e-05
3.92377e-05
4.81876e-05
5.87277e-05
7.09648e-05
8.51353e-05
0.000101266
0.00011962
0.000140175
0.000163201
0.000188648
0.000216763
0.000247471
0.000280966
0.000317118
0.000356023
0.000397479
0.000441423
0.00048759
0.000535731
0.000585548
0.000636738
0.000689145
0.000742561
0.000796968
0.000852117
0.000907908
0.000963972
0.00102015
0.00107603
0.00113143
0.00118589
0.00123923
0.00129097
0.0013409
0.00138852
0.0014336
0.00147564
0.0015144
0.00154939
0.00158038
0.00160694
0.00162886
0.0016458
0.00165759
0.00166404
0.00166504
0.00166056
0.00165061
0.00163531
0.00161477
0.00158929
0.00155907
0.00152454
0.00148598
0.00144393
0.00139869
0.00135087
0.00130076
0.00124899
0.00119583
0.00114185
0.00108731
0.00103271
0.000978233
0.000924319
0.000871107
0.000818943
0.00076792
0.000718311
0.000670165
0.000623692
0.000578906
0.000535936
0.000494738
0.000455309
0.000417518
0.000381331
0.00034675
0.000313855
0.000282788
0.000253625
0.000226486
0.000201321
0.000178205
0.00015699
0.000137704
0.000120146
0.000104318
9.00142e-05
7.72344e-05
6.57872e-05
5.5675e-05
4.67328e-05
3.89472e-05
3.21776e-05
2.63608e-05
2.18992e-05
1.94375e-05
2.90312e-05
3.27613e-05
3.93694e-05
4.83209e-05
5.88907e-05
7.11352e-05
8.53245e-05
0.000101467
0.000119833
0.000140401
0.000163434
0.000188895
0.000217012
0.000247734
0.000281219
0.000317385
0.000356263
0.000397729
0.000441626
0.000487796
0.000535875
0.000585688
0.000636838
0.000689238
0.000742644
0.000797043
0.000852162
0.000907946
0.000963969
0.00102014
0.00107597
0.00113136
0.00118578
0.00123911
0.0012908
0.00134072
0.00138828
0.00143335
0.00147533
0.00151409
0.00154902
0.00158001
0.00160653
0.00162844
0.00164534
0.00165713
0.00166356
0.00166456
0.00166009
0.00165014
0.00163486
0.00161433
0.00158889
0.00155868
0.00152421
0.00148566
0.00144367
0.00139844
0.00135069
0.0013006
0.00124889
0.00119574
0.00114183
0.00108729
0.00103273
0.000978269
0.000924393
0.000871188
0.000819052
0.000768036
0.000718445
0.000670306
0.000623843
0.000579064
0.000536091
0.000494898
0.000455446
0.00041766
0.000381478
0.0003469
0.000314033
0.000282964
0.00025382
0.000226674
0.000201513
0.000178389
0.000157167
0.000137872
0.000120302
0.000104467
9.0152e-05
7.73641e-05
6.59074e-05
5.57882e-05
4.68352e-05
3.9045e-05
3.22577e-05
2.64399e-05
2.21132e-05
1.96516e-05
2.93317e-05
3.30616e-05
3.94914e-05
4.84443e-05
5.90416e-05
7.1293e-05
8.54997e-05
0.000101653
0.00012003
0.000140611
0.00016365
0.000189124
0.000217243
0.000247977
0.000281454
0.000317633
0.000356486
0.000397961
0.000441815
0.000487987
0.000536008
0.000585817
0.000636931
0.000689323
0.000742721
0.000797112
0.000852205
0.00090798
0.000963966
0.00102013
0.00107592
0.0011313
0.00118567
0.001239
0.00129064
0.00134055
0.00138806
0.00143312
0.00147505
0.0015138
0.00154869
0.00157967
0.00160614
0.00162805
0.00164492
0.00165671
0.00166311
0.00166412
0.00165965
0.0016497
0.00163445
0.00161392
0.00158853
0.00155831
0.0015239
0.00148535
0.00144344
0.00139821
0.00135053
0.00130044
0.0012488
0.00119566
0.0011418
0.00108727
0.00103276
0.000978302
0.000924461
0.000871264
0.000819152
0.000768144
0.000718569
0.000670437
0.000623983
0.00057921
0.000536234
0.000495047
0.000455573
0.000417792
0.000381614
0.000347038
0.000314199
0.000283128
0.000254
0.000226847
0.000201692
0.000178558
0.000157331
0.000138027
0.000120448
0.000104604
9.02795e-05
7.74842e-05
6.60188e-05
5.58929e-05
4.693e-05
3.91356e-05
3.23319e-05
2.65132e-05
2.23114e-05
1.98499e-05
)
;

boundaryField
{
    inlet
    {
        type            cyclic;
    }
    outlet
    {
        type            cyclic;
    }
    top
    {
        type            zeroGradient;
    }
    hills
    {
        type            zeroGradient;
    }
    front
    {
        type            empty;
    }
    back
    {
        type            empty;
    }
}


// ************************************************************************* //
