/*--------------------------------*- C++ -*----------------------------------*\
| =========                 |                                                 |
| \\      /  F ield         | OpenFOAM: The Open Source CFD Toolbox           |
|  \\    /   O peration     | Version:  v2106                                 |
|   \\  /    A nd           | Website:  www.openfoam.com                      |
|    \\/     M anipulation  |                                                 |
\*---------------------------------------------------------------------------*/
FoamFile
{
    version     2.0;
    format      ascii;
    arch        "LSB;label=32;scalar=64";
    class       volScalarField;
    location    "0";
    object      expGpCoeffs30;
}
// * * * * * * * * * * * * * * * * * * * * * * * * * * * * * * * * * * * * * //

dimensions      [0 0 0 0 0 0 0];

internalField   nonuniform List<scalar> 
8000
(
0.0220939
0.0224657
0.0227203
0.0225732
0.0215801
0.019925
0.0178913
0.0155515
0.0132733
0.0110416
0.00901121
0.00718964
0.00560428
0.00425768
0.00314668
0.00225874
0.00156548
0.00105701
0.000677471
0.000425451
0.000244731
0.000136417
6.44605e-05
2.98648e-05
1.9423e-05
3.43118e-05
7.63743e-05
0.000146095
0.000248643
0.000384366
0.000556211
0.000764254
0.00100802
0.00128723
0.00159738
0.00193783
0.00229999
0.00268287
0.00307443
0.00347341
0.00386557
0.00424953
0.00461047
0.00494708
0.00524585
0.00550565
0.00571596
0.00587599
0.00597951
0.00602615
0.0060146
0.00594497
0.00582091
0.00564294
0.00541904
0.00515011
0.00484735
0.0045119
0.0041568
0.0037833
0.00340479
0.0030225
0.00264878
0.0022847
0.00194043
0.00161677
0.00132086
0.00105324
0.000817577
0.000614099
0.000443041
0.000304328
0.000195169
0.000115243
5.95292e-05
2.75467e-05
1.68001e-05
2.6255e-05
6.97369e-05
0.000146641
0.000302445
0.000536412
0.00092778
0.00147862
0.00227269
0.0033227
0.00467343
0.00634123
0.00832833
0.0106308
0.0132005
0.0160265
0.0188963
0.0218265
0.0243544
0.0263884
0.0275918
0.0277409
0.0274011
0.0269264
0.022064
0.0224357
0.0227915
0.0226454
0.0216305
0.0199765
0.0178992
0.0155586
0.0132616
0.0110287
0.00899421
0.00717155
0.00558628
0.00423882
0.00312995
0.00224141
0.0015529
0.00104411
0.000669926
0.000417804
0.000240848
0.000132516
6.24215e-05
2.78277e-05
1.74696e-05
3.23564e-05
7.39099e-05
0.000143621
0.000245796
0.000381502
0.000553246
0.000761262
0.00100527
0.00128445
0.00159523
0.00193563
0.00229877
0.0026816
0.0030744
0.00347333
0.00386686
0.00425077
0.00461304
0.00494961
0.00524951
0.00550928
0.00572037
0.00588039
0.00598426
0.00603089
0.00601923
0.00594961
0.005825
0.00564705
0.00542226
0.00515336
0.00484946
0.00451405
0.00415772
0.00378426
0.00340453
0.00302229
0.00264752
0.00228349
0.00193839
0.00161477
0.00131834
0.00105075
0.000814891
0.000611439
0.00044048
0.000301785
0.000192973
0.000113057
5.78501e-05
2.58718e-05
1.51332e-05
2.45889e-05
6.59634e-05
0.000142887
0.000293574
0.000527658
0.000911211
0.00146243
0.00224938
0.00330018
0.00464783
0.00631675
0.00830442
0.0106083
0.0131848
0.0160124
0.0189073
0.0218384
0.0244199
0.0264526
0.0276808
0.0278287
0.0273628
0.0268882
0.0220317
0.0224032
0.0228684
0.0227233
0.021685
0.020032
0.0179077
0.0155663
0.013249
0.0110148
0.00897586
0.00715203
0.00556684
0.00421845
0.0031119
0.00222269
0.00153931
0.00103019
0.000661779
0.000409547
0.000236655
0.000128304
6.02198e-05
2.5628e-05
1.53602e-05
3.0245e-05
7.12487e-05
0.000140951
0.000242722
0.000378409
0.000550044
0.000758031
0.00100231
0.00128145
0.0015929
0.00193326
0.00229745
0.00268023
0.00307437
0.00347325
0.00386826
0.00425211
0.00461582
0.00495235
0.00525346
0.00551319
0.00572514
0.00588513
0.00598938
0.00603601
0.00602423
0.00595462
0.00582942
0.0056515
0.00542573
0.00515687
0.00485174
0.00451638
0.0041587
0.0037853
0.00340426
0.00302207
0.00264615
0.00228217
0.00193618
0.00161261
0.00131562
0.00104807
0.00081199
0.000608567
0.000437715
0.000299039
0.000190602
0.000110697
5.60371e-05
2.40631e-05
1.33331e-05
2.27898e-05
6.18885e-05
0.000138834
0.000283994
0.000518205
0.00089332
0.00144496
0.00222421
0.00327586
0.00462018
0.00629032
0.00827859
0.010584
0.0131679
0.0159972
0.0189192
0.0218512
0.0244907
0.0265219
0.0277769
0.0279235
0.0273214
0.0268469
0.0219968
0.0223682
0.0229514
0.0228075
0.0217439
0.0200921
0.0179169
0.0155746
0.0132354
0.0109997
0.00895604
0.00713094
0.00554585
0.00419646
0.00309239
0.00220248
0.00152464
0.00101515
0.000652981
0.000400631
0.000232127
0.000123756
5.78422e-05
2.32526e-05
1.30824e-05
2.79649e-05
6.8375e-05
0.000138067
0.000239403
0.000375069
0.000546586
0.000754543
0.000999106
0.0012782
0.00159039
0.0019307
0.00229603
0.00267875
0.00307433
0.00347316
0.00386976
0.00425356
0.00461882
0.0049553
0.00525773
0.00551742
0.00573028
0.00589025
0.00599492
0.00604154
0.00602963
0.00596003
0.00583419
0.0056563
0.00542948
0.00516066
0.0048542
0.00451889
0.00415976
0.00378642
0.00340397
0.00302184
0.00264467
0.00228075
0.00193381
0.00161029
0.00131268
0.00104517
0.000808858
0.000605465
0.000434729
0.000296074
0.000188042
0.000108149
5.40792e-05
2.21101e-05
1.13893e-05
2.08471e-05
5.74884e-05
0.000134456
0.000273649
0.000507998
0.000874
0.00142609
0.00219704
0.0032496
0.00459033
0.00626178
0.00825071
0.0105577
0.0131496
0.0159807
0.018932
0.0218651
0.024567
0.0265968
0.0278806
0.0280259
0.0272767
0.0268024
0.0219591
0.0223304
0.023041
0.0229058
0.0218074
0.0201569
0.0179269
0.0155836
0.0132208
0.0109834
0.00893464
0.00710817
0.00552319
0.00417271
0.00307134
0.00218066
0.0015088
0.000998919
0.000643481
0.000391003
0.000227238
0.000118845
5.52748e-05
2.06876e-05
1.06227e-05
2.55029e-05
6.5272e-05
0.000134952
0.000235818
0.000371463
0.000542853
0.000750776
0.000995649
0.0012747
0.00158767
0.00192793
0.00229449
0.00267715
0.0030743
0.00347306
0.00387139
0.00425512
0.00462207
0.00495848
0.00526234
0.00552199
0.00573584
0.00589579
0.00600089
0.00604751
0.00603546
0.00596587
0.00583935
0.00566148
0.00543353
0.00516476
0.00485686
0.0045216
0.00416091
0.00378762
0.00340365
0.00302158
0.00264308
0.00227921
0.00193124
0.00160777
0.00130951
0.00104204
0.000805476
0.000602116
0.000431505
0.000292873
0.000185277
0.000105397
5.19651e-05
2.0001e-05
9.29039e-06
1.87492e-05
5.27369e-05
0.00012973
0.000262478
0.000496975
0.000853138
0.00140571
0.00216769
0.00322124
0.0045581
0.00623096
0.0082206
0.0105294
0.0131298
0.0159629
0.0189459
0.0218801
0.0246495
0.0266776
0.0280018
0.0281365
0.0272284
0.0267542
0.0219754
0.0223518
0.0231723
0.0230584
0.0219082
0.0202906
0.0179553
0.0156336
0.0132077
0.0109749
0.00891779
0.00709594
0.0055066
0.00416014
0.00305055
0.002159
0.00149169
0.000981387
0.000633222
0.000380607
0.000221958
0.000113541
5.25025e-05
1.79178e-05
8.5665e-06
2.30679e-05
6.22164e-05
0.000131692
0.000232101
0.000367768
0.000539032
0.000747245
0.000992415
0.00127204
0.00158576
0.00192684
0.00229458
0.00267826
0.00307692
0.00347681
0.0038768
0.00426169
0.00463025
0.00496772
0.00527294
0.00553344
0.00574824
0.00590875
0.0060143
0.0060611
0.00604892
0.00597919
0.00585199
0.0056736
0.00544457
0.00517494
0.00486568
0.00452936
0.00416717
0.00379269
0.00340725
0.003024
0.00264421
0.00227927
0.0019303
0.00160596
0.00130707
0.00103901
0.000802198
0.000598532
0.000428046
0.000289397
0.000182226
0.000102576
4.97617e-05
1.82177e-05
7.02384e-06
1.64839e-05
4.7606e-05
0.000124625
0.000250415
0.000485072
0.00083061
0.00138371
0.00213846
0.00319318
0.0045406
0.00620813
0.00820422
0.0105069
0.0131201
0.0159473
0.0190112
0.021918
0.0248166
0.0268033
0.0281893
0.028297
0.0272531
0.0267726
0.0221144
0.0225006
0.0233217
0.0232231
0.0220762
0.0204626
0.0181315
0.015799
0.0133771
0.011121
0.00906712
0.00721436
0.00562748
0.00424745
0.00313959
0.00221695
0.00154752
0.00101039
0.000663976
0.000393976
0.000237362
0.000119759
6.03666e-05
2.05559e-05
1.18956e-05
2.25075e-05
6.16486e-05
0.000129122
0.000229512
0.00036563
0.000536861
0.000748407
0.000993531
0.00127947
0.00159314
0.00194326
0.00231094
0.00270578
0.00310436
0.00351662
0.00391653
0.00431389
0.00468238
0.00503123
0.0053364
0.00560609
0.00582085
0.0059874
0.00609293
0.00614199
0.00612981
0.00605829
0.00593112
0.00574704
0.00551804
0.00523938
0.00493017
0.00458236
0.00422024
0.00383296
0.0034476
0.00305151
0.00267179
0.00229517
0.00194627
0.00161242
0.00131359
0.00103887
0.000802107
0.000594971
0.000424516
0.000285481
0.00017833
0.000100923
4.81181e-05
2.08628e-05
9.11447e-06
2.45608e-05
5.40007e-05
0.000142146
0.000265442
0.000522394
0.000865543
0.0014544
0.00221186
0.00330848
0.00465363
0.00636538
0.00835824
0.0106995
0.0133085
0.0161622
0.0192212
0.0221375
0.025031
0.0270099
0.0283917
0.0284796
0.0274349
0.0269424
0.0222646
0.0226613
0.0234831
0.0234009
0.0222577
0.0206484
0.0183218
0.0159777
0.01356
0.0112788
0.00922837
0.00734223
0.00575802
0.00434173
0.00323574
0.00227954
0.00161126
0.00104781
0.000701994
0.000414333
0.00025795
0.000129719
7.03791e-05
2.41489e-05
1.54905e-05
2.19023e-05
6.10355e-05
0.000126346
0.000226716
0.00036332
0.000534517
0.000749661
0.000994735
0.0012875
0.0016011
0.00196099
0.00232859
0.00273549
0.00313399
0.0035596
0.00395943
0.00437026
0.00473867
0.00509982
0.00540492
0.00568454
0.00589925
0.00607233
0.00617783
0.00622934
0.00621717
0.00614371
0.00601656
0.00582633
0.00559739
0.00530896
0.00499981
0.00463959
0.00427754
0.00387646
0.00349117
0.00308122
0.00270158
0.00231234
0.00196351
0.00161939
0.00132062
0.00103872
0.000802009
0.000591125
0.000420705
0.000281251
0.000174122
9.91371e-05
4.63432e-05
2.37192e-05
1.19731e-05
3.47553e-05
6.41474e-05
0.000165381
0.00028842
0.000568461
0.000910882
0.00153515
0.00229111
0.00343299
0.00477568
0.00653519
0.00852455
0.0109076
0.013512
0.0163943
0.0194479
0.0223746
0.0252624
0.0272329
0.0286103
0.0286768
0.0276312
0.0271257
0.0224268
0.0228348
0.0236574
0.023593
0.0224537
0.020849
0.0185273
0.0161706
0.0137575
0.0114491
0.0094025
0.00748031
0.00589897
0.00444354
0.00333957
0.00234712
0.0016801
0.00108822
0.000743047
0.000436316
0.000280182
0.000140474
8.1191e-05
2.80287e-05
1.93724e-05
2.12487e-05
6.03734e-05
0.000123349
0.000223697
0.000360826
0.000531986
0.000751015
0.000996036
0.00129617
0.0016097
0.00198014
0.00234766
0.00276757
0.00316598
0.00360601
0.00400576
0.00443112
0.00479945
0.00517389
0.00547892
0.00576924
0.00598391
0.00616404
0.00626952
0.00632367
0.00631149
0.00623595
0.00610883
0.00591196
0.00568306
0.00538409
0.00507501
0.00470139
0.00433942
0.00392342
0.00353822
0.0031133
0.00273374
0.00233088
0.00198213
0.00162691
0.00132821
0.00103857
0.000801904
0.000586973
0.00041659
0.000276684
0.000169579
9.7209e-05
4.44267e-05
2.68036e-05
1.506e-05
4.57637e-05
7.51043e-05
0.00019047
0.000313233
0.000618206
0.000959841
0.00162236
0.0023767
0.00356744
0.00490748
0.00671856
0.00870414
0.0111322
0.0137318
0.0166449
0.0196927
0.0226305
0.0255123
0.0274737
0.0288464
0.0288897
0.0278432
0.0273237
0.0226019
0.0230221
0.0238456
0.0238004
0.0226653
0.0210656
0.0187492
0.0163789
0.0139708
0.0116331
0.00959053
0.00762942
0.00605118
0.00455348
0.00345169
0.0024201
0.00175443
0.00113186
0.000787379
0.000460054
0.00030419
0.000152088
9.28661e-05
3.22183e-05
2.35642e-05
2.05431e-05
5.96584e-05
0.000120112
0.000220436
0.000358133
0.000529252
0.000752478
0.00099744
0.00130553
0.00161899
0.00200082
0.00236825
0.00280221
0.00320053
0.00365613
0.00405578
0.00449685
0.00486509
0.00525386
0.00555883
0.00586072
0.00607533
0.00626307
0.00636853
0.00642552
0.00641335
0.00633555
0.00620846
0.00600442
0.00577558
0.00546522
0.00515621
0.00476813
0.00440624
0.00397414
0.00358902
0.00314794
0.00276847
0.00235091
0.00200224
0.00163504
0.00133641
0.0010384
0.000801789
0.000582488
0.000412146
0.000271753
0.000164672
9.51269e-05
4.23571e-05
3.01343e-05
1.83933e-05
5.7651e-05
8.6936e-05
0.000217563
0.000340027
0.000671923
0.00101271
0.00171652
0.00246911
0.00371263
0.00504979
0.00691657
0.00889807
0.0113748
0.0139691
0.0169156
0.019957
0.022907
0.0257821
0.0277338
0.0291013
0.0291197
0.0280721
0.0275374
0.022791
0.0232244
0.0240488
0.0240244
0.0228938
0.0212995
0.0189888
0.0166039
0.0142011
0.0118317
0.00979357
0.00779043
0.00621554
0.0046722
0.00357276
0.0024989
0.0018347
0.00117898
0.000835249
0.000485687
0.000330113
0.000164628
0.000105473
3.67424e-05
2.80907e-05
1.9781e-05
5.88864e-05
0.000116617
0.000216916
0.000355225
0.000526301
0.000754057
0.000998957
0.00131564
0.00162902
0.00202315
0.00239048
0.00283962
0.00323783
0.00371026
0.0041098
0.00456782
0.00493597
0.00534023
0.00564511
0.00595949
0.00617405
0.00637001
0.00647544
0.00653551
0.00652334
0.00644311
0.00631605
0.00610427
0.00587549
0.00555283
0.0052439
0.00484019
0.0044784
0.0040289
0.00364389
0.00318535
0.00280597
0.00237253
0.00202395
0.00164382
0.00134526
0.00103821
0.000801666
0.000577646
0.000407347
0.000266427
0.000159374
9.28786e-05
4.01223e-05
3.37309e-05
2.19927e-05
7.04874e-05
9.97124e-05
0.000246818
0.00036896
0.000729929
0.0010698
0.00181821
0.00256891
0.00386941
0.00520347
0.00713038
0.00910748
0.0116367
0.0142253
0.0172078
0.0202424
0.0232055
0.0260735
0.0280146
0.0293765
0.0293679
0.0283193
0.0277683
0.0229952
0.0234429
0.0242682
0.0242663
0.0231406
0.0215521
0.0192475
0.0168468
0.0144498
0.0120462
0.0100128
0.00796429
0.00639303
0.00480039
0.0037035
0.00258399
0.00192137
0.00122987
0.000886942
0.000513366
0.000358107
0.000178171
0.000119087
4.16277e-05
3.29787e-05
1.89582e-05
5.80528e-05
0.000112843
0.000213114
0.000352085
0.000523113
0.000755762
0.00100059
0.00132655
0.00163985
0.00204726
0.00241449
0.00288001
0.00327812
0.0037687
0.00416813
0.00464446
0.0050125
0.00543349
0.00573829
0.00606615
0.00628066
0.00648549
0.00659089
0.00665428
0.00664211
0.00655925
0.00643223
0.00621209
0.00598337
0.00564743
0.00533859
0.00491801
0.00455632
0.00408804
0.00370313
0.00322574
0.00284647
0.00239588
0.00204739
0.0016533
0.00135482
0.00103802
0.000801533
0.000572417
0.000402165
0.000260676
0.000153653
9.04508e-05
3.77091e-05
3.76147e-05
2.58796e-05
8.43487e-05
0.000113509
0.00027841
0.000400203
0.000792566
0.00113145
0.00192801
0.00267667
0.0040387
0.00536942
0.00736127
0.00933362
0.0119196
0.014502
0.0175233
0.0205507
0.0235278
0.0263881
0.0283179
0.0296737
0.029636
0.0285862
0.0280176
0.0233667
0.0238202
0.0245929
0.0245822
0.0235134
0.0219015
0.0196376
0.0172078
0.0148036
0.0123732
0.0103285
0.00824381
0.00665036
0.0050184
0.00388502
0.00273318
0.00203432
0.00131941
0.000951453
0.000561282
0.00039242
0.00020109
0.000136098
5.13548e-05
3.95596e-05
2.1581e-05
5.77506e-05
0.000110497
0.000210179
0.000349594
0.000522818
0.000758835
0.00100889
0.00134124
0.00166267
0.00207924
0.00245706
0.00293389
0.00334423
0.00384734
0.00425965
0.0047486
0.005129
0.00556154
0.00587701
0.00621418
0.00643663
0.0066476
0.00675738
0.00682308
0.00681128
0.00672659
0.00659581
0.0063699
0.00613361
0.00578851
0.00546903
0.00503679
0.00466243
0.00418119
0.00378283
0.00329241
0.0029002
0.00243776
0.00207801
0.00167427
0.00136713
0.00104359
0.00080158
0.000568955
0.000396465
0.000254597
0.000148358
8.74459e-05
3.79966e-05
4.22683e-05
3.43919e-05
0.000101176
0.000137457
0.000316599
0.000455551
0.000870102
0.00124196
0.00207046
0.00286786
0.00427354
0.00565308
0.00769677
0.00969668
0.012328
0.0149213
0.0179733
0.0210046
0.0240142
0.0268196
0.0287758
0.0300602
0.0300327
0.029049
0.0284731
0.0239338
0.0243878
0.0249484
0.0249425
0.0239626
0.0223625
0.0201974
0.0177836
0.0153683
0.012953
0.0108255
0.00875289
0.00704866
0.00542575
0.00417622
0.00303047
0.00222467
0.00151316
0.00106204
0.000673352
0.000450234
0.000259368
0.000162708
7.80264e-05
4.91903e-05
3.12175e-05
5.8583e-05
0.000111312
0.000209277
0.000348647
0.000528598
0.000764538
0.00103049
0.00136273
0.00170888
0.00212532
0.00253526
0.00301193
0.00345941
0.00396237
0.00441373
0.00490253
0.0053204
0.0057528
0.00610064
0.00643771
0.00668424
0.00689514
0.00701825
0.00708393
0.00707321
0.00698855
0.00684633
0.00662049
0.00636124
0.00601626
0.0056645
0.0052324
0.00481961
0.00433852
0.00389935
0.00340909
0.00297759
0.0025153
0.00212134
0.00171774
0.00138425
0.00106081
0.000802
0.000569449
0.000390108
0.000248286
0.000144351
8.34582e-05
4.39141e-05
4.81844e-05
5.92519e-05
0.000125983
0.000199891
0.000378541
0.000587633
0.00100044
0.00148466
0.00230888
0.00325213
0.00464989
0.00618475
0.00821658
0.0103572
0.0129728
0.0156608
0.0186935
0.0217234
0.024713
0.0273856
0.0293273
0.0305004
0.030467
0.0297464
0.0291699
0.0245338
0.0249883
0.025479
0.0254773
0.0244946
0.0229063
0.0208019
0.0184055
0.0159781
0.0135792
0.0113621
0.00930261
0.00747876
0.00586562
0.00449066
0.0033515
0.00243022
0.00172238
0.00118146
0.000794369
0.000512663
0.000322299
0.000191444
0.000106827
5.95899e-05
4.16234e-05
5.94819e-05
0.000112193
0.000208302
0.000347624
0.000534838
0.000770697
0.00105381
0.00138594
0.00175878
0.00217508
0.0026197
0.00309621
0.00358379
0.00408657
0.00458011
0.00506874
0.00552709
0.00595933
0.00634213
0.00667908
0.00695162
0.00716244
0.00729994
0.0073656
0.00735605
0.00727141
0.00711685
0.00689109
0.00660705
0.00626219
0.00587557
0.00544363
0.00498933
0.00450842
0.00402517
0.00353508
0.00306115
0.00259902
0.00216813
0.00176467
0.00140274
0.00107941
0.000802453
0.000569984
0.000383244
0.000241471
0.000140023
7.91521e-05
5.0304e-05
5.45729e-05
8.60968e-05
0.00015277
0.000267309
0.000445429
0.000730261
0.00114118
0.00174674
0.00256633
0.00366709
0.00505628
0.00675888
0.00877788
0.0110704
0.013669
0.0164594
0.0194712
0.0224996
0.0254675
0.0280547
0.0299819
0.0311541
0.0311157
0.0304837
0.0299065
0.024981
0.0254359
0.0263189
0.0263285
0.0253386
0.0237733
0.0215258
0.0191503
0.0165896
0.0142067
0.0118572
0.00980938
0.00784397
0.0062388
0.00473215
0.00359768
0.00257482
0.00186928
0.00126122
0.000875074
0.000553154
0.000363095
0.000208131
0.000123565
5.68767e-05
3.89169e-05
4.25698e-05
9.52606e-05
0.000186118
0.000325388
0.000519231
0.000755
0.00105801
0.00139001
0.00179582
0.00221196
0.00270075
0.00317708
0.00371663
0.00421922
0.00476795
0.00525639
0.00576791
0.00619999
0.00662867
0.00696549
0.00727194
0.00748268
0.00763852
0.00770415
0.00769538
0.00761078
0.00743923
0.00721356
0.00689644
0.0065517
0.00611927
0.00568749
0.00517931
0.00469858
0.00415879
0.00366888
0.00314127
0.00267932
0.0022025
0.00179919
0.00140284
0.00107964
0.000781903
0.000549521
0.00035601
0.000214291
0.000118717
5.78686e-05
4.44958e-05
4.8763e-05
0.000101322
0.000167953
0.000310131
0.000487939
0.000822793
0.00123264
0.00192643
0.00274321
0.00398074
0.00536391
0.00724361
0.00925219
0.0117302
0.0143134
0.0172677
0.0202587
0.0234414
0.0263827
0.0291287
0.0310273
0.0321955
0.0321432
0.0310248
0.0304472
0.0254657
0.0259224
0.0271673
0.0271772
0.0262451
0.0246815
0.0223079
0.0199552
0.0172455
0.0148799
0.0123853
0.0103501
0.00823214
0.00663546
0.00498306
0.00385357
0.00271848
0.00201539
0.00133712
0.000951997
0.000590582
0.000400853
0.000223469
0.000138957
5.31975e-05
3.5245e-05
2.33463e-05
7.60158e-05
0.000161027
0.00030024
0.000501176
0.00073685
0.00106141
0.00139328
0.00183491
0.00225089
0.00278773
0.00326387
0.00386
0.00436239
0.00497121
0.00545946
0.0060289
0.00646081
0.00693948
0.00727616
0.00761952
0.00783018
0.00800599
0.00807159
0.00806363
0.00797906
0.00778898
0.00756339
0.00721022
0.00686562
0.00638328
0.00595167
0.00538482
0.00490428
0.00430296
0.00381325
0.00322724
0.00276547
0.00223875
0.0018356
0.00140188
0.00107881
0.000758582
0.000526294
0.000325537
0.000183875
9.48157e-05
3.3992e-05
3.75408e-05
4.18063e-05
0.000115191
0.000181778
0.000349423
0.000526894
0.000910132
0.00131882
0.00210408
0.00291787
0.00430611
0.00568291
0.00775871
0.00975621
0.0124344
0.0150012
0.0181356
0.0211042
0.0244592
0.0273717
0.0302532
0.0321498
0.0332332
0.03318
0.0316131
0.0310333
0.0260998
0.0266044
0.0278526
0.0279476
0.0270325
0.0255123
0.0231616
0.0207845
0.0180825
0.0156387
0.0131459
0.0109913
0.00887118
0.00713364
0.00547151
0.004203
0.00305625
0.00223682
0.00155048
0.00108225
0.000715543
0.000473297
0.000293781
0.00017496
8.96816e-05
4.42904e-05
3.11877e-05
6.54974e-05
0.00015002
0.000282883
0.000484288
0.000727974
0.00105408
0.00140903
0.00185327
0.00230627
0.00284663
0.00337086
0.00397114
0.00452832
0.00514157
0.00568595
0.00625966
0.00674331
0.00722567
0.0076042
0.00795029
0.00818832
0.0083656
0.00844095
0.00843306
0.00833932
0.00814787
0.00789498
0.00753915
0.00715192
0.0066659
0.00618088
0.0056097
0.00507073
0.00446488
0.00391797
0.00332766
0.00281588
0.00228549
0.00184444
0.00140799
0.0010624
0.000740549
0.000502365
0.000301127
0.000169372
8.08545e-05
4.30488e-05
4.7911e-05
8.51623e-05
0.000157422
0.000265731
0.000435461
0.000679875
0.00106948
0.00158791
0.00238373
0.0033529
0.00475713
0.00631738
0.00840658
0.0105835
0.0132645
0.015974
0.0191055
0.0221575
0.0255005
0.0284278
0.0312791
0.0331116
0.0341742
0.0340133
0.0324423
0.0318038
0.0267845
0.0273407
0.0285926
0.0287795
0.0278827
0.0264093
0.0240842
0.0216799
0.0190027
0.0164613
0.0139892
0.0116887
0.00958474
0.00767675
0.00602634
0.00458918
0.00344992
0.00248833
0.00180598
0.00123445
0.000869413
0.000559708
0.000380627
0.000217704
0.000132468
5.51478e-05
4.20514e-05
5.49989e-05
0.000139481
0.00026496
0.00046627
0.000719288
0.00104524
0.00142706
0.00187109
0.00236719
0.0029073
0.0034875
0.0040875
0.00470845
0.00532141
0.00593113
0.00650457
0.00704843
0.00753057
0.00795781
0.00830374
0.00857362
0.00875082
0.0088375
0.00882962
0.0087252
0.00853385
0.00824918
0.00789351
0.00745667
0.00697087
0.0064237
0.00585279
0.00524581
0.00464024
0.00402676
0.00343673
0.00286674
0.0023366
0.00185143
0.00141519
0.00104337
0.000721675
0.000476622
0.00027548
0.000155247
6.67716e-05
5.57471e-05
6.06069e-05
0.000136242
0.000208466
0.000370407
0.000539632
0.000869905
0.00125745
0.00191213
0.00270287
0.00386174
0.00525623
0.00703901
0.0091129
0.011507
0.0141671
0.0170513
0.0201563
0.0233128
0.0266245
0.0295673
0.0323869
0.0341502
0.0351903
0.0349131
0.0333377
0.0326358
0.0275238
0.0281359
0.0293916
0.0296778
0.0288009
0.027378
0.0250804
0.0226467
0.0199964
0.0173497
0.0148999
0.0124418
0.0103553
0.00826324
0.00662548
0.0050062
0.00387501
0.00275993
0.00208188
0.0013988
0.00103557
0.000653018
0.000474408
0.000263861
0.000178671
6.68722e-05
5.37824e-05
4.36622e-05
0.000128101
0.000245606
0.000446813
0.000709908
0.00103569
0.00144653
0.00189033
0.00243298
0.00297281
0.00361346
0.00421315
0.00490296
0.00551561
0.00619589
0.00676904
0.00737792
0.00785981
0.00833965
0.0086854
0.00898968
0.00916679
0.00926572
0.00925784
0.00914189
0.00895064
0.00863165
0.00827616
0.00778575
0.0073002
0.0066859
0.00611528
0.00543487
0.00482961
0.00414423
0.0035545
0.00292166
0.00239179
0.00185898
0.00142296
0.00102282
0.000701295
0.000448824
0.000247785
0.000139994
5.15642e-05
6.94592e-05
7.43166e-05
0.0001914
0.000263584
0.00048344
0.000652121
0.00107511
0.00146044
0.00226224
0.00304748
0.0044112
0.00579518
0.00781827
0.00987563
0.0125043
0.0151417
0.0182146
0.0212909
0.0245603
0.0278382
0.0307977
0.0335832
0.0352717
0.0362876
0.0358848
0.0343046
0.0335342
0.0284647
0.0290943
0.0299963
0.0303337
0.0296115
0.0282435
0.0261205
0.0236969
0.0210933
0.0184206
0.0159283
0.0134203
0.0112429
0.00908768
0.00733112
0.00564549
0.00438545
0.00321146
0.00241828
0.00168951
0.0012412
0.000826181
0.0005921
0.00035969
0.000239754
0.000114541
7.52845e-05
5.61668e-05
0.000124267
0.000238619
0.000435084
0.000702018
0.00103598
0.001458
0.00192271
0.00248333
0.00305511
0.00371911
0.00435873
0.00507517
0.00573165
0.00643922
0.00705545
0.00768949
0.00820899
0.00870919
0.00908281
0.0094004
0.0095923
0.00969597
0.00968788
0.00956749
0.00936075
0.00902848
0.00864377
0.00813262
0.00760728
0.006967
0.00635052
0.0056417
0.00498976
0.00427658
0.00364475
0.00298761
0.00242498
0.00187378
0.0014179
0.00100686
0.000680272
0.000424997
0.000233744
0.000130847
6.52897e-05
9.44619e-05
0.000133136
0.000266352
0.000382158
0.000628615
0.000868592
0.00133284
0.00183137
0.00269338
0.00363319
0.00507554
0.0066292
0.00873987
0.0109453
0.0136542
0.0163943
0.0195255
0.0226378
0.0259318
0.0291363
0.0320754
0.0346394
0.0362559
0.0370828
0.0366166
0.0354728
0.0346809
0.029393
0.0300233
0.0309649
0.0313125
0.0306591
0.0293169
0.0272869
0.0248967
0.0222932
0.0196524
0.0170442
0.0145632
0.012198
0.0100643
0.00808961
0.00641957
0.00493967
0.00377531
0.0027888
0.00206483
0.00147091
0.00105768
0.000723348
0.00049124
0.000303711
0.000178574
9.23274e-05
7.32211e-05
0.000111157
0.00022544
0.000412823
0.000679598
0.00102816
0.00144992
0.0019527
0.00251298
0.00314324
0.00380684
0.00451976
0.00523577
0.00597285
0.00668
0.00737551
0.00800918
0.00859789
0.00909778
0.00952263
0.00984003
0.0100591
0.0101627
0.0101541
0.0100338
0.00979859
0.00946652
0.00902814
0.00851729
0.00791899
0.0072791
0.00657864
0.00587024
0.00513298
0.00442022
0.00371152
0.00305477
0.00243241
0.00188153
0.00138948
0.000978682
0.000642874
0.000387751
0.000214208
0.000111372
8.71676e-05
0.000116322
0.000214911
0.000348047
0.000547773
0.000793877
0.00116203
0.00162404
0.00231548
0.0031713
0.00436998
0.00579969
0.00764288
0.00973303
0.0122132
0.0148941
0.0178533
0.0209501
0.024179
0.027433
0.0306114
0.0335093
0.0359448
0.0375299
0.0382677
0.0377891
0.0366004
0.0358076
0.0300612
0.0306971
0.0322988
0.032664
0.0321594
0.0308389
0.0287125
0.0263592
0.0235889
0.0209827
0.0181759
0.0157221
0.013114
0.0110012
0.00875839
0.00710182
0.00538356
0.00422688
0.00306659
0.00234634
0.00164012
0.00122831
0.000825571
0.000593743
0.000345423
0.000220202
7.48101e-05
5.55866e-05
5.30359e-05
0.000167162
0.00034124
0.000607816
0.000974126
0.00139565
0.00194736
0.00250737
0.00321394
0.00387726
0.00468654
0.00540226
0.00624574
0.0069526
0.00775295
0.00838638
0.00906659
0.0095663
0.0100588
0.0103761
0.0106308
0.0107344
0.010725
0.0106047
0.0103318
0.00999981
0.00949075
0.00898008
0.00828603
0.00764637
0.00683608
0.00612794
0.00527942
0.00456694
0.00375834
0.00310188
0.00240216
0.00185156
0.00131289
0.000902343
0.000554821
0.000299918
0.000149274
4.66249e-05
7.54008e-05
0.000104709
0.000276346
0.000409603
0.000682539
0.000928313
0.00138112
0.00184133
0.00267833
0.00352937
0.00495859
0.00637823
0.00853751
0.0106099
0.013436
0.0160894
0.0193452
0.0224068
0.0258592
0.0290694
0.0324222
0.0352745
0.0378013
0.0393595
0.0399042
0.0394039
0.0374036
0.0366041
0.0309816
0.0316999
0.0333063
0.0338454
0.0333672
0.0321982
0.0301108
0.0278162
0.0250847
0.0224197
0.0196458
0.0170332
0.0144521
0.0121097
0.0098836
0.00796753
0.00625523
0.00485149
0.00369242
0.00277048
0.00206263
0.00150486
0.00110183
0.000763937
0.000518815
0.000304088
0.000158797
6.84972e-05
6.59483e-05
0.000134247
0.000308204
0.000560028
0.000926082
0.00136612
0.00191744
0.0025274
0.00323348
0.00397253
0.00478125
0.00558962
0.00643251
0.00723789
0.00803768
0.00876352
0.00944327
0.0100178
0.01051
0.0108751
0.0111296
0.0112476
0.0112382
0.0110965
0.0108237
0.0104367
0.00992799
0.00933505
0.00864149
0.00790245
0.00709272
0.00628056
0.00543264
0.00462476
0.00381672
0.00308577
0.00238654
0.00179213
0.00125385
0.000836128
0.000488848
0.000264858
0.00011432
7.75131e-05
0.000106269
0.000229108
0.000400624
0.00064746
0.000915745
0.00129593
0.00174865
0.00239792
0.00323688
0.00435197
0.00577961
0.00751912
0.00967063
0.0120678
0.014872
0.0177968
0.0210176
0.0242498
0.0276604
0.0309149
0.034219
0.0369785
0.0394576
0.0408218
0.0413345
0.0406217
0.0386157
0.0377168
0.0319755
0.0327827
0.0343872
0.0351212
0.0346714
0.0336661
0.0316208
0.0293895
0.0267018
0.0239714
0.0212366
0.018449
0.0159006
0.0133068
0.0111064
0.0089044
0.00721019
0.00553301
0.00438471
0.00323747
0.00253474
0.00181102
0.00140954
0.00095098
0.000706051
0.000394671
0.000249489
8.24386e-05
7.98917e-05
9.87037e-05
0.000272529
0.000508425
0.000874203
0.00133422
0.00188513
0.00254903
0.00325457
0.00407541
0.00488352
0.00579194
0.00663419
0.00754595
0.00834514
0.00917078
0.00985001
0.0105054
0.0109972
0.0114139
0.0116683
0.0118018
0.0117924
0.0116275
0.011355
0.0109085
0.0104001
0.00971837
0.00902532
0.00817897
0.00736985
0.00644537
0.00559809
0.00468718
0.00387976
0.00306838
0.00236968
0.00172797
0.00119009
0.000764626
0.000417607
0.000226999
7.65748e-05
0.000110867
0.000139602
0.000363438
0.000534826
0.000904307
0.00117238
0.00170548
0.00215621
0.00302025
0.00385248
0.00526232
0.00667577
0.00876914
0.0108969
0.0136519
0.0164226
0.0196446
0.0228235
0.0262438
0.0296054
0.0329094
0.0361593
0.0388186
0.0412462
0.0424007
0.042879
0.041928
0.0399245
0.0389182
0.0333447
0.0341648
0.0351399
0.0359117
0.0357279
0.0347974
0.033127
0.0309479
0.0284453
0.0257387
0.0230047
0.0202155
0.01755
0.0149347
0.0125411
0.0103037
0.00836482
0.00664638
0.00524226
0.00405465
0.00313043
0.0023713
0.00179813
0.0013115
0.000945356
0.000615644
0.000377893
0.000196231
0.000123613
0.00013292
0.000262457
0.000495139
0.000846069
0.00130962
0.00187534
0.00254914
0.00329594
0.00413191
0.0050014
0.0059284
0.00684347
0.00777503
0.00864843
0.00949266
0.0102373
0.0109078
0.011447
0.0118733
0.0121502
0.0122866
0.0122713
0.0121021
0.0117954
0.0113378
0.0107711
0.0100728
0.00930496
0.00843859
0.00754851
0.00660311
0.00568013
0.00475008
0.00388351
0.00305725
0.00232546
0.00167511
0.00113676
0.000710099
0.000398024
0.000213948
0.000132533
0.000180441
0.000306992
0.000550051
0.000844181
0.00123694
0.00166211
0.00223079
0.00290471
0.00381431
0.00493596
0.00639822
0.00814015
0.0102863
0.0127127
0.0155108
0.0184971
0.0217416
0.0250325
0.0284484
0.0317795
0.0350477
0.0380539
0.0406449
0.0426127
0.0436747
0.0438331
0.0428363
0.0416079
0.0405862
0.0340674
0.0348877
0.0368451
0.0376293
0.0376857
0.0367867
0.0351334
0.0330131
0.0304529
0.0278002
0.0249137
0.0221706
0.0192379
0.0166601
0.0139163
0.0117069
0.00940601
0.00770557
0.0059887
0.00481087
0.00364747
0.00289251
0.00215163
0.00166588
0.00115309
0.000823669
0.000444399
0.000262897
7.7706e-05
8.70045e-05
0.000148413
0.00038089
0.000715291
0.00117843
0.00178016
0.00245337
0.00328324
0.00411848
0.00510685
0.00603304
0.0070871
0.00801784
0.00903207
0.00987556
0.0107442
0.0114141
0.0120439
0.0124699
0.0127914
0.0129276
0.0129042
0.0127352
0.0123678
0.0119106
0.0112381
0.0105403
0.00963497
0.00876937
0.00772833
0.00678376
0.00571693
0.0047877
0.00380443
0.0029789
0.00217459
0.00152481
0.000969798
0.000543511
0.000275518
9.1604e-05
0.000112602
0.000160468
0.000438439
0.000681284
0.0011566
0.00154902
0.00215638
0.00272393
0.00361011
0.00451413
0.00594589
0.00739507
0.00954146
0.0116637
0.0145455
0.0173069
0.0207109
0.023907
0.0274909
0.0308488
0.0343248
0.0375263
0.0405696
0.0430887
0.045017
0.0460409
0.0459042
0.0448926
0.042468
0.0414461
0.0350836
0.036015
0.0379837
0.0390396
0.0391389
0.0385384
0.0369584
0.0350493
0.0325464
0.0299574
0.0271102
0.0242738
0.0213683
0.018566
0.0158331
0.0133131
0.0110089
0.00896938
0.00724263
0.00575194
0.0045761
0.00356635
0.00281693
0.00212717
0.00161087
0.00109964
0.000712541
0.000375894
0.000184327
7.66897e-05
0.000134107
0.000297824
0.000631021
0.00107787
0.00168124
0.00238871
0.00322279
0.00413491
0.00512947
0.00616217
0.00722354
0.0082739
0.00929558
0.0102538
0.0111291
0.0118917
0.0125263
0.013009
0.0133328
0.0134807
0.0134569
0.0132519
0.0128813
0.012345
0.0116668
0.0108578
0.00994519
0.0089522
0.00790317
0.00683423
0.00575982
0.00472878
0.00373945
0.0028521
0.00204415
0.00138555
0.000829946
0.000454804
0.000189519
0.000116784
0.000143649
0.000355959
0.000642434
0.0010902
0.00157549
0.0022001
0.00281092
0.00363634
0.00453258
0.00575991
0.0072073
0.00905033
0.011209
0.0137456
0.0166304
0.0197521
0.0231399
0.0265759
0.0301229
0.0335572
0.0369817
0.0400771
0.0430478
0.0452954
0.0471337
0.0477933
0.0476047
0.0462695
0.043831
0.0426779
0.0363604
0.0373697
0.0389665
0.0402239
0.0404881
0.0401429
0.0388093
0.0370898
0.034766
0.0322439
0.0294883
0.0265932
0.0237119
0.0207456
0.0179826
0.0152262
0.0128436
0.0105394
0.00870387
0.006962
0.00567356
0.00445116
0.00360041
0.00273869
0.00214221
0.00149005
0.00103474
0.000577808
0.000330732
0.000132394
0.000148312
0.000258631
0.000566687
0.00100077
0.00159584
0.00232968
0.00317086
0.00414237
0.00515624
0.00627129
0.00735965
0.00850254
0.00955355
0.0106006
0.0115021
0.0123365
0.0129894
0.0135159
0.0138469
0.0140037
0.0139741
0.0137414
0.0133528
0.0127553
0.0120497
0.0111546
0.0102095
0.00911797
0.00803717
0.00687203
0.0057725
0.00466276
0.00366052
0.00272546
0.00192119
0.00125594
0.000723282
0.00038793
0.000165481
0.000179034
0.000267135
0.000606977
0.000969632
0.00157627
0.00215133
0.00295593
0.00366991
0.00471268
0.00573763
0.00723427
0.00882134
0.0109797
0.0132664
0.0161255
0.0190919
0.0224867
0.025893
0.0295015
0.0330039
0.03648
0.0397838
0.0427747
0.0455244
0.0475299
0.0490709
0.0494194
0.0490347
0.0474588
0.0454776
0.0442328
0.0372399
0.0382491
0.0404269
0.0417018
0.0423269
0.0420308
0.0410448
0.039391
0.0373059
0.0348521
0.0321454
0.0293145
0.0262793
0.0233703
0.0202877
0.0175784
0.0147792
0.0125089
0.0102363
0.00851471
0.00683034
0.00561728
0.00444068
0.00358099
0.0027027
0.00205126
0.0013396
0.00088318
0.000421296
0.000223179
8.49504e-05
0.000195147
0.000420375
0.000853971
0.00143979
0.00217282
0.00307192
0.00404235
0.00516697
0.00628078
0.00751219
0.00865381
0.00985597
0.0109018
0.0119379
0.0127714
0.0135204
0.0140463
0.0144188
0.0145755
0.0145254
0.0142929
0.0138236
0.0132268
0.012392
0.0114979
0.0103948
0.00930449
0.00806184
0.006898
0.00565987
0.00455137
0.00345912
0.00252509
0.00169969
0.00103518
0.000562931
0.000227952
0.000151022
0.00016456
0.00047735
0.000816814
0.00146863
0.00207459
0.0029796
0.0037833
0.00485042
0.00589054
0.00732335
0.00880742
0.0108876
0.0130189
0.0158348
0.0186496
0.0220948
0.0254291
0.0291754
0.0327121
0.0363496
0.0397466
0.0429523
0.0458601
0.0483
0.050226
0.0513409
0.0516302
0.0508172
0.0492203
0.0465468
0.0453021
0.0380602
0.0391837
0.041487
0.043072
0.0438347
0.0439462
0.0430845
0.0418223
0.039823
0.0376199
0.0349652
0.0321981
0.0291836
0.0261551
0.0230589
0.0200819
0.0172425
0.0146143
0.0122914
0.0101898
0.00845533
0.00689335
0.00567862
0.00451217
0.00360094
0.00266375
0.0019121
0.00120317
0.000706989
0.000306516
0.000144047
0.000116173
0.000329049
0.000695546
0.00128131
0.00201668
0.00292696
0.00395955
0.00510418
0.00632343
0.0075802
0.00884913
0.0100779
0.0112495
0.0123092
0.0132443
0.0140103
0.0145957
0.0149759
0.015139
0.0150857
0.0148043
0.0143215
0.0136277
0.0127708
0.0117473
0.0106168
0.00938638
0.00811529
0.00682582
0.00556278
0.00436778
0.00325845
0.0022981
0.00146692
0.000850966
0.000386412
0.000181476
0.00012633
0.000349158
0.000696859
0.0013141
0.0020115
0.00294561
0.00390137
0.00506407
0.00617076
0.00758894
0.00906752
0.0109761
0.0131175
0.0157
0.0185755
0.0217966
0.0252853
0.0289021
0.0326557
0.036293
0.0398959
0.0431811
0.0463165
0.0489004
0.0512321
0.0526783
0.0536416
0.0534454
0.0524673
0.0505115
0.0476852
0.0463105
0.0394215
0.0406013
0.0421876
0.0439378
0.0449239
0.0452928
0.0448986
0.0438871
0.0423054
0.0402756
0.0378922
0.035195
0.0323126
0.0292512
0.0261636
0.0230657
0.0201097
0.0173013
0.014757
0.0124503
0.0104432
0.0086801
0.00717714
0.00582876
0.00467105
0.00357737
0.00262762
0.00178033
0.0011183
0.000606844
0.000312946
0.00020919
0.000331413
0.000660792
0.0011985
0.00193468
0.00283657
0.00390267
0.00507129
0.00634772
0.00765009
0.0089882
0.0102713
0.0115112
0.012621
0.0136113
0.0144117
0.0150295
0.0154204
0.0155868
0.0155177
0.0152095
0.0146864
0.0139397
0.0130254
0.0119313
0.0107377
0.00943109
0.00810487
0.00674715
0.00545098
0.00420918
0.0031012
0.00212699
0.00134089
0.000752027
0.000381229
0.000247909
0.000335283
0.000673021
0.0012072
0.00197675
0.00289535
0.00400925
0.00521925
0.00657856
0.00799568
0.00963799
0.011469
0.0136212
0.0160788
0.0189025
0.0220152
0.0254374
0.0290274
0.0327659
0.0364751
0.0401269
0.0435489
0.0467299
0.0495269
0.0518896
0.0537149
0.0548547
0.0552604
0.0547567
0.0535188
0.05137
0.0494279
0.0479893
0.0395063
0.040732
0.0433078
0.0452125
0.0466356
0.0472492
0.0472129
0.0464854
0.0451944
0.0434109
0.041196
0.0386643
0.0357818
0.0327896
0.0295266
0.0264027
0.0231482
0.0202339
0.017345
0.0148819
0.0125408
0.0106041
0.00882479
0.00730159
0.00587733
0.0046077
0.00337541
0.00237006
0.00146099
0.0008198
0.000341623
0.000144622
0.000157265
0.000433941
0.000940039
0.00166353
0.00260593
0.00369428
0.00496119
0.00628578
0.00772306
0.00912336
0.0105528
0.0118558
0.0130971
0.0141391
0.0150333
0.0156811
0.0161115
0.0162804
0.0161888
0.0158545
0.0152498
0.0144527
0.0134105
0.0122508
0.0109041
0.00952899
0.00805107
0.0066357
0.00521702
0.00394189
0.0027659
0.00179384
0.00101376
0.000469992
0.000190561
0.000148273
0.000414261
0.000887109
0.00167963
0.00262197
0.00386263
0.00517673
0.00673857
0.00831338
0.0100488
0.0118995
0.014057
0.0164092
0.0192603
0.0222552
0.0257609
0.0292871
0.0332001
0.0369455
0.0408238
0.0443726
0.0477593
0.0507279
0.0532989
0.0553588
0.0568214
0.0576201
0.0575937
0.0568043
0.0550572
0.0527369
0.0496128
0.0481255
0.0402894
0.0416013
0.043701
0.0458877
0.0474428
0.0485317
0.0487694
0.0485691
0.0475737
0.0462242
0.0442566
0.0419892
0.0392943
0.0363692
0.0332281
0.0299775
0.0267592
0.0235606
0.0206167
0.0177735
0.0153099
0.0129609
0.0110147
0.0090916
0.00750677
0.00587026
0.00450372
0.003169
0.00214647
0.00123519
0.000665162
0.000274408
0.000220813
0.000388519
0.000855234
0.0015534
0.00248164
0.00361767
0.0048913
0.00631765
0.00777608
0.00930739
0.0107647
0.0122005
0.0134686
0.0146191
0.0155321
0.0162431
0.0166797
0.0168538
0.0167539
0.0163651
0.0157389
0.0148363
0.013764
0.0124666
0.011088
0.00956873
0.0080651
0.00652815
0.00509827
0.0037522
0.0025869
0.00161791
0.000875785
0.000424854
0.000213481
0.000360012
0.000724064
0.00147792
0.0023955
0.00369769
0.00508474
0.00681604
0.00854527
0.0105694
0.012502
0.0148298
0.0171831
0.0200138
0.0229947
0.0264134
0.0299617
0.0337838
0.037631
0.0414808
0.045197
0.0486256
0.0517777
0.0544018
0.0566711
0.0581955
0.0593043
0.0594701
0.0591226
0.0577777
0.0558812
0.0532445
0.050705
0.0491264
0.0400225
0.041358
0.0441154
0.0464015
0.0484226
0.049704
0.0505326
0.0505896
0.0501713
0.049083
0.0475643
0.0455164
0.0430705
0.0402976
0.0371732
0.0339937
0.0305738
0.0273607
0.0240556
0.0211242
0.0182169
0.0157323
0.0133393
0.0112559
0.00922918
0.00742351
0.00562509
0.00413813
0.00273935
0.0017033
0.00084443
0.000363837
0.00012531
0.00024175
0.000632316
0.00131718
0.0022706
0.00342648
0.00480758
0.00627848
0.00789828
0.00948779
0.0111262
0.0126217
0.0140555
0.0152554
0.0162875
0.0170282
0.0175149
0.0176935
0.0175647
0.0171539
0.0164239
0.0154767
0.0142436
0.012887
0.0113196
0.00973772
0.00805298
0.00646289
0.00489677
0.00351952
0.00229628
0.0013286
0.000632236
0.000222325
0.000174607
0.000405
0.00105225
0.00193148
0.003241
0.00470451
0.00657029
0.00848969
0.0107462
0.012973
0.0154278
0.0179417
0.0208089
0.0237888
0.0272649
0.0307697
0.0347002
0.038518
0.0425526
0.0462979
0.0499475
0.0531795
0.0559993
0.0583519
0.0600613
0.061271
0.0616797
0.0615434
0.0605
0.0589383
0.056519
0.0537808
0.0504831
0.0488835
0.040317
0.0417072
0.0438135
0.0463271
0.0484432
0.0501803
0.0512864
0.0519218
0.0518664
0.0513353
0.0501702
0.0485613
0.0464264
0.0439179
0.0410403
0.0379193
0.03464
0.0312795
0.0279768
0.0247311
0.0216987
0.0187972
0.0161753
0.0136411
0.011375
0.00913874
0.00714494
0.0052708
0.00370856
0.00235562
0.00136598
0.00065784
0.000326389
0.000313908
0.000650593
0.00130356
0.00223931
0.00344796
0.00484113
0.00642779
0.00808014
0.00982005
0.0115007
0.0131499
0.0146247
0.0159519
0.0170143
0.0178317
0.0183313
0.0185215
0.0183853
0.017918
0.0171619
0.0160998
0.0148271
0.0133178
0.0117061
0.00996274
0.00823991
0.00651215
0.00492579
0.00346669
0.00225187
0.00128518
0.000634398
0.000326923
0.000367158
0.000809438
0.0015882
0.00278546
0.00426698
0.00614052
0.00821174
0.0106097
0.0131049
0.0158476
0.0185913
0.0216298
0.0247603
0.0282071
0.0318076
0.0356425
0.0395411
0.0434847
0.0473258
0.0509555
0.0542916
0.0571721
0.0596095
0.0614149
0.0627005
0.0632373
0.0632235
0.0624087
0.0610536
0.0589775
0.0564601
0.0534834
0.0509806
0.0493326
0.039076
0.0404761
0.0432984
0.0459162
0.048385
0.0503989
0.0519927
0.053042
0.053508
0.0534375
0.0527434
0.051562
0.0497762
0.0476061
0.0449038
0.0419883
0.0386894
0.0353703
0.0318723
0.028503
0.0251501
0.021997
0.0190067
0.0161513
0.013487
0.0109164
0.0085242
0.00635403
0.00444772
0.00285987
0.00161267
0.000744732
0.000257145
0.00016589
0.00045161
0.00110403
0.00208602
0.00336112
0.00487884
0.00658061
0.00840811
0.0102885
0.0121618
0.0139517
0.0156026
0.0170466
0.018238
0.0191288
0.0196881
0.019896
0.0197396
0.0192311
0.0183775
0.0172218
0.0157904
0.0141505
0.0123459
0.010457
0.00854097
0.00667874
0.0049351
0.0033791
0.00207609
0.0010734
0.000429572
0.000164356
0.000322412
0.000894554
0.00190581
0.0033208
0.00514128
0.00731169
0.00980928
0.0125665
0.0155373
0.0186751
0.0218794
0.0252868
0.0288299
0.0325495
0.0364954
0.0404411
0.0445294
0.0483852
0.052207
0.0555584
0.0586484
0.0611031
0.063097
0.0643851
0.0650951
0.0650935
0.064462
0.0631822
0.0612736
0.0589061
0.0560162
0.0529528
0.0496297
0.0479851
0.0381086
0.0395128
0.0420935
0.0447815
0.0474329
0.0496532
0.0516863
0.0530486
0.0541219
0.0544018
0.0543613
0.0535113
0.0523304
0.0504293
0.0482096
0.0454618
0.0424466
0.039166
0.0356935
0.0322303
0.0286466
0.025292
0.0218711
0.018758
0.0155983
0.0127754
0.00993925
0.00754559
0.00527681
0.00351152
0.00200413
0.00101535
0.00038233
0.000231304
0.000486648
0.00113824
0.00219308
0.00351786
0.0051891
0.00697724
0.00900834
0.0109943
0.0130863
0.014982
0.0168315
0.0183632
0.0197024
0.0206484
0.0212817
0.0215029
0.0213351
0.0207957
0.0198467
0.0186206
0.017024
0.0152859
0.0132718
0.0112734
0.00913736
0.00717416
0.00523751
0.00360885
0.00217668
0.00114727
0.000469462
0.00023652
0.000477853
0.00114827
0.00237018
0.00394966
0.00610521
0.00849974
0.0114411
0.0144694
0.0179693
0.0214052
0.0251897
0.0288926
0.0329199
0.0368582
0.0410305
0.0450599
0.0490614
0.0528425
0.0562731
0.0594002
0.0618766
0.0639948
0.0652542
0.0661434
0.0660922
0.0656826
0.0643753
0.0627447
0.0603774
0.0577912
0.0547447
0.0516198
0.0486263
0.0469875
0.036559
0.0379189
0.0403005
0.0430194
0.0456963
0.0482057
0.0503753
0.0522627
0.0535586
0.0544969
0.0547121
0.0545466
0.0536322
0.0523487
0.0503801
0.0480908
0.0452619
0.0421942
0.0388001
0.035261
0.0316353
0.0279463
0.0243829
0.0207879
0.017448
0.0141317
0.011141
0.00833152
0.00594337
0.00387834
0.00229525
0.00114187
0.000480267
0.00030446
0.00057685
0.00133334
0.00244464
0.00398028
0.00573723
0.00780764
0.0099408
0.0122391
0.0144353
0.0166298
0.0185716
0.0203482
0.0217557
0.0228594
0.0235282
0.0237984
0.0236286
0.0230221
0.0220335
0.0206326
0.0189636
0.0169657
0.0148557
0.0125477
0.0103051
0.00802579
0.00598672
0.00408185
0.00256668
0.00134483
0.000617269
0.000311771
0.000547362
0.00128907
0.00255565
0.00435938
0.00661125
0.00937623
0.0124615
0.0159847
0.0196665
0.0236777
0.0276736
0.031923
0.0361071
0.040397
0.0445986
0.0486584
0.0525442
0.0560127
0.0592042
0.0617425
0.063914
0.0652842
0.0662348
0.066333
0.065999
0.0648637
0.0633224
0.0611453
0.0586465
0.0557936
0.0527365
0.0496335
0.046889
0.045326
0.0340042
0.0352906
0.0378882
0.0405081
0.0432652
0.0458133
0.0482599
0.0503426
0.0520513
0.0533112
0.0540128
0.0542426
0.0538226
0.0529532
0.0514198
0.0495009
0.0469693
0.0441543
0.0408504
0.037389
0.0336279
0.0298365
0.0259607
0.0221517
0.0184332
0.0148962
0.0115761
0.00860897
0.0059795
0.00384178
0.00212767
0.000993733
0.000319609
0.000252754
0.000626622
0.00156955
0.00287969
0.00465929
0.00668561
0.0090319
0.0114709
0.0140486
0.0165497
0.0189985
0.0212075
0.0231876
0.0247922
0.026028
0.0267996
0.0271166
0.0269422
0.0262917
0.0251905
0.0236577
0.0217806
0.019575
0.0171856
0.0146144
0.0120546
0.00948287
0.0071283
0.00493216
0.00314342
0.00166259
0.000740049
0.000236225
0.000384069
0.00101055
0.00231397
0.00409934
0.00651683
0.00936399
0.0127344
0.0164336
0.0204961
0.024753
0.0291817
0.0336631
0.0381887
0.0425691
0.0468874
0.0508208
0.0545515
0.0576955
0.0604959
0.0625927
0.0642342
0.0651394
0.0655234
0.0652048
0.0643447
0.0628948
0.060934
0.0585915
0.0558375
0.0529908
0.0498984
0.0469478
0.0439834
0.0425199
0.0313897
0.0326078
0.0349566
0.0374602
0.0400961
0.042601
0.0451169
0.0472566
0.0492241
0.050634
0.0517393
0.0521875
0.0522639
0.0516484
0.0506397
0.0489659
0.0468894
0.044258
0.0412315
0.0378488
0.0341273
0.0303003
0.0262487
0.0223361
0.0183747
0.0147418
0.0112637
0.00824887
0.00557258
0.00344828
0.00180976
0.00075262
0.000274841
0.000343733
0.0010202
0.00214725
0.00384077
0.00583738
0.00829437
0.0108719
0.0137511
0.0165543
0.0194668
0.0221162
0.0246723
0.0268111
0.0286687
0.0300076
0.030916
0.0312715
0.0311047
0.0304238
0.0291983
0.0275678
0.0254425
0.0230787
0.0203359
0.0175583
0.0145686
0.0117594
0.00893503
0.00649061
0.00423366
0.00251555
0.00116857
0.000459444
0.000264902
0.000735894
0.00180888
0.00350126
0.00581839
0.00864115
0.0120457
0.0157882
0.0200099
0.0243646
0.0290519
0.0336379
0.0383337
0.0427367
0.0469634
0.0507875
0.0541563
0.0570791
0.0593385
0.0611602
0.0622213
0.0628608
0.0627368
0.0622087
0.0609724
0.0593986
0.0572326
0.0548694
0.0521118
0.0493485
0.0464468
0.0436525
0.0410099
0.0396344
0.0289388
0.0300566
0.0319377
0.0342714
0.0366714
0.039077
0.0414185
0.0435685
0.0454855
0.0470184
0.0482048
0.0488724
0.0491427
0.0488094
0.0480725
0.0466914
0.0449151
0.0425221
0.039763
0.0365115
0.0329758
0.0291605
0.0252103
0.0212428
0.0173611
0.0136895
0.0103453
0.00735728
0.00487935
0.00285928
0.0014799
0.000603558
0.000434625
0.00075199
0.00177099
0.00319825
0.00524882
0.00757622
0.0103846
0.0132995
0.0165053
0.0196279
0.0228256
0.0257535
0.0285399
0.0308965
0.0329195
0.0344
0.0354017
0.035812
0.0356611
0.0349432
0.0336533
0.0318944
0.0296238
0.0270469
0.0240807
0.0210183
0.0177342
0.0145873
0.0114095
0.00859857
0.00594696
0.00386023
0.00209927
0.00104682
0.000443304
0.000621111
0.00131431
0.00278327
0.004771
0.0074524
0.010594
0.0142811
0.018314
0.0226884
0.0272515
0.031876
0.0364282
0.0407938
0.0447929
0.0484488
0.0515182
0.0541668
0.0561175
0.0576273
0.0584371
0.0588011
0.0585291
0.0578135
0.0565586
0.0549104
0.0528634
0.0505446
0.0480263
0.0454154
0.0428059
0.0402302
0.0381432
0.0368931
0.0262751
0.0272345
0.0290757
0.0311122
0.0333722
0.0355391
0.0377736
0.0397866
0.0416385
0.0431639
0.044328
0.0451215
0.045416
0.0453256
0.0446566
0.0435942
0.0419084
0.0398454
0.0371698
0.0341966
0.0307176
0.0271055
0.0231854
0.0193899
0.0155498
0.0120954
0.00882972
0.00613906
0.00377463
0.00213122
0.000898519
0.000465715
0.000471407
0.00128016
0.00249365
0.00443644
0.00669123
0.00953239
0.0125436
0.0159449
0.0193411
0.0228996
0.026265
0.0295587
0.0324816
0.0351186
0.0372398
0.0389038
0.0399602
0.0404487
0.0403057
0.039555
0.0382247
0.0363195
0.0339605
0.0311251
0.0280254
0.0245984
0.0211412
0.0175359
0.0141537
0.0108096
0.00793274
0.00526336
0.00326876
0.00161391
0.000781304
0.000368472
0.000849455
0.00176971
0.0035726
0.00577314
0.00876502
0.0120585
0.0159812
0.0200566
0.0245557
0.028942
0.0334482
0.0375558
0.0414861
0.0448235
0.0478061
0.0501095
0.0519792
0.0531878
0.0539539
0.0541238
0.0538635
0.0530926
0.0519014
0.0503399
0.0483988
0.0462933
0.0439183
0.041615
0.039176
0.0369621
0.0349299
0.0338704
0.0237208
0.0246064
0.0263141
0.0281816
0.0301867
0.0321744
0.0342033
0.0360505
0.0377705
0.0391682
0.040301
0.041018
0.041389
0.0412784
0.0407828
0.0397558
0.0383069
0.0363278
0.0339026
0.0310494
0.0277979
0.0243314
0.0206152
0.0169921
0.0133854
0.0101331
0.00717358
0.00470632
0.00271401
0.00130644
0.00049922
0.000304866
0.000773223
0.00181345
0.00350708
0.00566588
0.008397
0.0114321
0.014895
0.0184638
0.0222685
0.0259659
0.0296812
0.0330851
0.0362876
0.0390068
0.0413285
0.0430476
0.0442187
0.0447353
0.0446162
0.0438655
0.0424644
0.0405283
0.0380017
0.0351009
0.0317372
0.0282065
0.0243936
0.0206439
0.0168241
0.0132943
0.00991376
0.0070199
0.00447642
0.0025641
0.00116226
0.000467878
0.00038576
0.00101171
0.00228331
0.00418968
0.0067048
0.0097177
0.0132384
0.0170597
0.0212459
0.0254193
0.0296621
0.0336005
0.0372648
0.0404781
0.0431989
0.0454335
0.0470856
0.0482896
0.0489294
0.0491603
0.0488897
0.0482403
0.0471541
0.0457647
0.0440256
0.0421263
0.0400169
0.0379272
0.0357965
0.0337811
0.0319111
0.0309379
0.0218199
0.0226128
0.0238571
0.0255364
0.0272841
0.0290729
0.0308113
0.0324801
0.0339516
0.0352192
0.0361787
0.0368325
0.0371174
0.0370165
0.0365219
0.0355718
0.034219
0.0323713
0.0301503
0.0274686
0.0245264
0.0212625
0.0179462
0.0145563
0.0113796
0.00839027
0.00585728
0.00368156
0.00210312
0.0010043
0.000579564
0.000698385
0.0014999
0.00284514
0.00481105
0.00725547
0.0101938
0.0134862
0.0170942
0.0208859
0.024783
0.028666
0.0324345
0.0359859
0.0392177
0.0420471
0.0443882
0.0461812
0.0473721
0.0479261
0.0478315
0.0470802
0.0457054
0.0437271
0.0412192
0.03823
0.0348623
0.0311926
0.0273349
0.0233923
0.0194694
0.0156926
0.0121358
0.00894459
0.00614333
0.00389114
0.00214934
0.0010844
0.000588251
0.000827975
0.00162791
0.0031493
0.00515866
0.00780535
0.0108094
0.0142999
0.0179696
0.0218544
0.0256313
0.0293316
0.032659
0.0356894
0.0382125
0.040328
0.0419156
0.0430742
0.0437574
0.044023
0.0438868
0.0433511
0.0424878
0.0412793
0.039838
0.0381628
0.03639
0.0345372
0.0326996
0.030904
0.0295659
0.0287011
0.0195249
0.0202056
0.0215885
0.0230302
0.024649
0.026193
0.0278246
0.0292623
0.0306325
0.0317151
0.0325921
0.0331313
0.0333677
0.0332398
0.0327427
0.0318628
0.0305488
0.0288701
0.0267091
0.0242881
0.0214129
0.0184885
0.015244
0.0122554
0.00919647
0.00664827
0.0042808
0.00255058
0.00116614
0.000491752
0.000279844
0.000781407
0.00180722
0.00347859
0.00567189
0.00837789
0.011538
0.0150269
0.0188429
0.0227723
0.0268564
0.0308294
0.034758
0.0383661
0.0417263
0.0445932
0.0470272
0.0488498
0.0500952
0.0506774
0.0505962
0.0498716
0.0484672
0.0465077
0.0439259
0.0409354
0.0374497
0.0337425
0.0297247
0.0256912
0.0215701
0.0176335
0.0138468
0.010416
0.00736122
0.00478511
0.00277606
0.00130654
0.000539811
0.000306295
0.000842845
0.0018422
0.00360526
0.00570739
0.00849638
0.0114521
0.0149653
0.0183718
0.0220528
0.0253634
0.0286111
0.0313621
0.0338279
0.0357841
0.0373511
0.0384701
0.039187
0.0395224
0.0394742
0.0391006
0.0383602
0.0373834
0.0360787
0.0346769
0.0330375
0.0314661
0.0297812
0.0282564
0.0267624
0.0260256
0.017883
0.0185186
0.0195418
0.020882
0.0222432
0.0236588
0.0250075
0.0263112
0.0274287
0.0283902
0.0290792
0.0295244
0.0296573
0.02947
0.0289655
0.0280665
0.02686
0.0252093
0.0232933
0.0209529
0.0184639
0.0156703
0.0129307
0.0101087
0.00759602
0.00522516
0.00338541
0.00183349
0.0009299
0.000424438
0.000619113
0.00127194
0.00260998
0.00440904
0.00681172
0.00961883
0.0128891
0.0164525
0.0202941
0.0242742
0.0283223
0.0323273
0.0361864
0.0398135
0.0430993
0.0459782
0.0483582
0.0501907
0.0514202
0.052013
0.0519622
0.0512489
0.049918
0.0479678
0.0454886
0.0425005
0.0391234
0.0354048
0.0314724
0.0274068
0.0233164
0.0193203
0.0154809
0.0119583
0.00874499
0.00604294
0.00375694
0.00212842
0.000966309
0.000545389
0.000581131
0.00137255
0.00255478
0.00443897
0.00659964
0.00934052
0.0122104
0.0154187
0.0185188
0.0216803
0.0245028
0.027171
0.0293869
0.031327
0.0328059
0.0339654
0.0347215
0.0351424
0.0352336
0.0349818
0.0344671
0.0336387
0.0326247
0.0313815
0.0300616
0.0286385
0.0272407
0.0258316
0.0247439
0.0240584
0.0160887
0.0166295
0.0177196
0.0188595
0.020125
0.0213306
0.0225863
0.0236854
0.0247073
0.0254977
0.0261
0.0264316
0.0264989
0.0262749
0.0257369
0.0248939
0.0236901
0.0222001
0.0203198
0.0182478
0.0158232
0.0133933
0.0107427
0.00834638
0.005958
0.0040298
0.0023324
0.00119125
0.000432532
0.000275644
0.000608761
0.00152733
0.00299181
0.00496326
0.00747638
0.010363
0.0137256
0.0172868
0.0212026
0.0251186
0.0292241
0.0331288
0.0370313
0.0405499
0.043868
0.0466562
0.0490602
0.0508404
0.0520873
0.0526788
0.0526388
0.0519777
0.0506498
0.0487977
0.0463108
0.0434492
0.0400501
0.0364621
0.0324895
0.0285297
0.0243776
0.0204337
0.0165084
0.0129586
0.00963439
0.00680711
0.00438626
0.00252558
0.00120771
0.00045016
0.0003144
0.00067886
0.00168084
0.00307249
0.00505564
0.00727382
0.00998888
0.0127027
0.0156932
0.0184433
0.0211915
0.0235694
0.025752
0.0275319
0.0290212
0.0301403
0.030951
0.0314321
0.031614
0.0315027
0.0311
0.0304696
0.0295736
0.02856
0.0273496
0.0261581
0.0248697
0.023681
0.0225161
0.0219352
0.0148443
0.0153395
0.0160902
0.0171298
0.0182065
0.0192897
0.0203244
0.0212958
0.0221203
0.0227955
0.0232504
0.0234937
0.0234766
0.0232014
0.0226499
0.0218019
0.0206778
0.0192398
0.0175637
0.015608
0.0135213
0.0112673
0.0090588
0.0068745
0.00493589
0.00322227
0.00191788
0.000975411
0.000530929
0.000542076
0.00108771
0.00213367
0.00369534
0.00574846
0.00824342
0.0111664
0.0144087
0.0179664
0.0216846
0.025567
0.0294305
0.0332842
0.0369372
0.040401
0.0434988
0.0462412
0.0484856
0.0502393
0.0514102
0.0520006
0.0519798
0.0513443
0.0501292
0.0483255
0.0460308
0.0432321
0.0400786
0.0365559
0.0328482
0.0289422
0.0250354
0.0211193
0.0173817
0.0138213
0.0105939
0.00770826
0.00526972
0.00329849
0.00183726
0.000918056
0.000516153
0.000674673
0.00130455
0.00245794
0.00398835
0.00595319
0.00815715
0.0106248
0.0131216
0.015673
0.0180544
0.0203077
0.0222771
0.0240093
0.0254229
0.0265598
0.0273924
0.0279419
0.028217
0.0282125
0.0279678
0.0274715
0.0267873
0.0259188
0.0249477
0.0238928
0.0228078
0.02173
0.020945
0.0204146
0.0133041
0.013755
0.0145916
0.0155303
0.0164922
0.0174625
0.0183963
0.0192543
0.0199795
0.0205569
0.0209296
0.0211035
0.0210386
0.0207324
0.0201834
0.0193524
0.018287
0.0169229
0.0153567
0.0135358
0.0116027
0.00953551
0.00751476
0.00554549
0.00383192
0.0023283
0.00125404
0.00048607
0.00024666
0.000380093
0.00108991
0.00219604
0.00387282
0.00592119
0.00847976
0.0113377
0.0145958
0.0180397
0.0217346
0.0254715
0.0292858
0.0329824
0.0365754
0.0398918
0.0429339
0.0455582
0.047764
0.0494445
0.0506028
0.0511746
0.0511708
0.0505742
0.0494038
0.047692
0.0454623
0.0427969
0.0397172
0.0363523
0.0327125
0.0289681
0.0251079
0.0213352
0.0176079
0.0141523
0.0108869
0.00805088
0.00551816
0.00353059
0.00191658
0.000911592
0.000302045
0.00030948
0.000686643
0.00163494
0.00288611
0.00461011
0.00654381
0.008769
0.0110436
0.0133887
0.0155948
0.0177038
0.0195565
0.0212137
0.0225742
0.0236981
0.0245426
0.0251292
0.0254711
0.0255432
0.0254002
0.0250093
0.0244406
0.0236933
0.0228334
0.0218984
0.020937
0.019966
0.0190744
0.018591
0.0121575
0.0125312
0.0133016
0.0140849
0.0149894
0.0157947
0.0166571
0.0173566
0.0180112
0.018461
0.0187708
0.0188698
0.0187533
0.0184422
0.0178558
0.0171047
0.0160228
0.0148364
0.0132837
0.0117413
0.00985421
0.00814952
0.00620001
0.00463087
0.00299343
0.00187005
0.000855628
0.000404199
0.000204306
0.000560375
0.0012852
0.00250212
0.00416756
0.00620977
0.00873182
0.0114749
0.0146753
0.0179164
0.0215388
0.0250153
0.0287504
0.0321656
0.0356815
0.0387337
0.0417093
0.0441219
0.0462794
0.0478286
0.0489623
0.049501
0.0494993
0.0489728
0.047831
0.0462842
0.0441066
0.0416805
0.0386706
0.0355887
0.0320285
0.0285734
0.0247937
0.0212774
0.0176223
0.0143532
0.0111436
0.0083943
0.00589446
0.00387476
0.00226707
0.00110481
0.000474299
0.000206874
0.000538033
0.00111432
0.00229889
0.0035868
0.00543679
0.00721065
0.00940832
0.0113517
0.0135101
0.0153174
0.0171582
0.0186284
0.0200091
0.0210524
0.0219385
0.0225334
0.0229309
0.0230828
0.0230075
0.02275
0.0222581
0.0216755
0.0208938
0.0201296
0.0192309
0.018422
0.0176052
0.0172034
0.0111326
0.0115047
0.0120976
0.0128645
0.013606
0.0143768
0.0150708
0.015727
0.0162387
0.0166419
0.0168597
0.0169115
0.016771
0.0164132
0.0158834
0.0150887
0.0141595
0.0129378
0.0116469
0.0100826
0.00856009
0.00684717
0.00532611
0.00375764
0.00253571
0.00141363
0.000744471
0.000293564
0.000330674
0.000686331
0.00151478
0.00273029
0.00435529
0.00639513
0.00873821
0.0114782
0.0143823
0.0176197
0.0208632
0.0243357
0.0276531
0.0310644
0.0341721
0.0372208
0.0398448
0.0422546
0.0441579
0.0457053
0.046712
0.0472501
0.0472636
0.0467377
0.0457525
0.0442075
0.0423104
0.0398872
0.03725
0.0341716
0.0310336
0.0275824
0.0242253
0.020713
0.0174313
0.014166
0.0112365
0.00849041
0.0061436
0.00412623
0.0025249
0.00136399
0.00058981
0.000322694
0.000373103
0.000948726
0.00174232
0.00302874
0.00441714
0.0061903
0.00791823
0.00987106
0.0116351
0.0134672
0.0150276
0.0165376
0.0177543
0.0188469
0.0196675
0.0203153
0.0207283
0.0209339
0.0209432
0.0207393
0.0203858
0.0198537
0.0192393
0.0185157
0.0177808
0.0169915
0.0163597
0.0159598
0.0101135
0.0104405
0.0110572
0.0117289
0.0124152
0.013087
0.0137255
0.0142884
0.0147453
0.0150772
0.0152491
0.0152648
0.0150944
0.0147459
0.0142084
0.0134764
0.0125656
0.0114653
0.0102199
0.00883367
0.00738116
0.00588696
0.00445288
0.00311246
0.00198514
0.0010636
0.000476528
0.00016634
0.000262175
0.000680188
0.00153747
0.00272744
0.00434883
0.00627528
0.00858338
0.0111319
0.0139743
0.0169609
0.0201236
0.0233113
0.0265388
0.0296609
0.0326805
0.035466
0.0380143
0.0402148
0.042064
0.0434786
0.0444591
0.0449554
0.044974
0.0445021
0.0435527
0.0421519
0.0403172
0.0381133
0.0355578
0.0327503
0.0297036
0.0265461
0.0232789
0.0200517
0.0168479
0.0138291
0.0109555
0.00839189
0.00607183
0.0041548
0.00254671
0.0013952
0.000580124
0.000232512
0.000210848
0.000626492
0.00132392
0.00239
0.00366981
0.00519604
0.00682574
0.008544
0.010231
0.0118732
0.0133858
0.0147653
0.015965
0.0169867
0.0178186
0.0184487
0.0188959
0.0191296
0.0191893
0.0190498
0.018755
0.0183112
0.0177547
0.017127
0.016449
0.015754
0.0150883
0.0147338
0.00926659
0.00953679
0.0101335
0.0106921
0.0113492
0.011904
0.012505
0.0129605
0.0133779
0.0136315
0.0137661
0.013749
0.013545
0.013222
0.0126557
0.0120175
0.0110862
0.0101546
0.00890065
0.0077548
0.0063068
0.00510374
0.00368453
0.00264311
0.00153397
0.000870712
0.000295898
0.000167087
0.000268291
0.000766893
0.00162159
0.00277907
0.00438962
0.00617056
0.00846019
0.0107628
0.0135806
0.0162448
0.0193788
0.0222005
0.0253979
0.0281483
0.0311392
0.0335864
0.0361103
0.0380418
0.0398732
0.0411172
0.0420883
0.0425308
0.0425495
0.0421468
0.0412069
0.0399916
0.038175
0.0362529
0.0337222
0.0312632
0.0282454
0.0254655
0.0222287
0.0193681
0.0161931
0.0134911
0.0106421
0.00831281
0.00601092
0.00422256
0.0026248
0.00148495
0.000671823
0.000220251
0.000192517
0.000401981
0.00108641
0.00186872
0.0031292
0.00433175
0.00594593
0.00735184
0.00903473
0.0104202
0.0119425
0.0131406
0.0143627
0.0152791
0.0161418
0.0167346
0.0172179
0.0174722
0.0175724
0.0175004
0.017249
0.016904
0.0163895
0.0158728
0.0152273
0.0146434
0.0140007
0.0137034
0.0086206
0.0088898
0.00929241
0.00983946
0.0103796
0.0109102
0.0113874
0.0118122
0.0121336
0.0123544
0.0124392
0.0123894
0.0121924
0.0118376
0.0113421
0.0106749
0.00988825
0.00893407
0.00790612
0.00674694
0.00559366
0.00438606
0.0032894
0.00224841
0.00142145
0.000758808
0.000384146
0.000255454
0.000449443
0.000947586
0.00177036
0.00292678
0.00437587
0.00615517
0.00816311
0.0104636
0.0129021
0.0155638
0.0182546
0.0210737
0.0238053
0.0265531
0.0291002
0.0315451
0.0336905
0.0356203
0.0371763
0.0384191
0.0392459
0.0396879
0.0397085
0.0393062
0.0385148
0.0373006
0.0357648
0.0338445
0.0316987
0.029242
0.0266747
0.0238974
0.0211316
0.0182736
0.015544
0.0128444
0.0103727
0.00804556
0.00601919
0.00423248
0.00278677
0.00164797
0.000855586
0.00040443
0.000272198
0.000481469
0.0009538
0.00173539
0.00270063
0.00390264
0.00517973
0.00659041
0.00796378
0.00936341
0.0106438
0.0118661
0.012925
0.0138728
0.0146429
0.0152704
0.0157223
0.0160131
0.0161397
0.0161049
0.0159313
0.015622
0.0152203
0.0147324
0.0141982
0.0136282
0.0131977
0.0129016
0.00782484
0.00808545
0.00852305
0.00904568
0.00951619
0.0100149
0.0104333
0.0108246
0.0110973
0.0112884
0.0113465
0.0112743
0.0110833
0.0107156
0.0102661
0.0095973
0.00889872
0.00795597
0.00705313
0.00591859
0.00491674
0.00374305
0.00280684
0.00180177
0.0011247
0.000490997
0.000225489
0.000111784
0.000353606
0.000849635
0.00164833
0.00278419
0.00413485
0.00587572
0.00771634
0.00996307
0.0121785
0.0147753
0.0172069
0.0199556
0.0224158
0.0250938
0.0273834
0.0297656
0.0316926
0.0335726
0.0349709
0.0361818
0.0369273
0.0373583
0.0373824
0.0369911
0.0362879
0.0351056
0.0337335
0.0318632
0.0299406
0.0275469
0.0252399
0.0225327
0.0200387
0.0172514
0.0147787
0.012144
0.00989048
0.00761671
0.00575051
0.00400155
0.00264543
0.00152633
0.000748075
0.000298121
0.000107507
0.000300866
0.000653111
0.00140474
0.00220895
0.00337386
0.00448047
0.00585608
0.00706973
0.00844357
0.00959196
0.0108016
0.0117655
0.0127135
0.0134296
0.0140685
0.0145057
0.0148174
0.0149613
0.0149555
0.014821
0.0145454
0.0141926
0.0137375
0.0132653
0.0127201
0.0122288
0.0119412
0.00723178
0.00745324
0.00788687
0.00833197
0.00878757
0.00920997
0.0096067
0.00993216
0.0101806
0.0103308
0.0103645
0.0102879
0.0100732
0.00974596
0.00927434
0.00869575
0.00797852
0.00717631
0.00626073
0.00530901
0.00430108
0.00333193
0.00239468
0.00158322
0.000906678
0.000421877
0.000156579
0.000120774
0.000362405
0.000849214
0.00164728
0.00267986
0.00402944
0.0055759
0.00741507
0.00938905
0.0116027
0.01387
0.0162997
0.0186902
0.0211485
0.0234718
0.0257595
0.0278232
0.0297486
0.0313762
0.0327733
0.033822
0.034567
0.0349418
0.0349659
0.0346304
0.0339277
0.0329079
0.031537
0.0299204
0.0279993
0.0259262
0.023621
0.0212706
0.0187786
0.0163507
0.01388
0.0115746
0.00932284
0.00731979
0.00545506
0.00389697
0.00254192
0.0015217
0.000744053
0.000298726
0.000108262
0.000219178
0.000571144
0.00116894
0.00197253
0.00293786
0.00404548
0.005209
0.006429
0.00761027
0.00877212
0.00982835
0.0108123
0.0116537
0.0123939
0.0129733
0.0134365
0.0137328
0.0139039
0.0139207
0.0138139
0.0135891
0.0132616
0.012872
0.0124176
0.0119441
0.0114576
0.0112079
0.00668315
0.00686832
0.00729844
0.00767197
0.00811336
0.00846454
0.00884148
0.00910566
0.00933194
0.00944392
0.00945548
0.00937448
0.00913839
0.00884804
0.00835633
0.00786086
0.00712636
0.0064543
0.00552692
0.00474451
0.00373093
0.00295121
0.00201299
0.00138083
0.000704775
0.000357868
9.2765e-05
0.0001291
0.000370554
0.000848823
0.00164631
0.00258324
0.00393183
0.00529826
0.00713607
0.00885747
0.0110695
0.0130317
0.0154596
0.0175184
0.0199749
0.0219698
0.0242558
0.0260244
0.0279485
0.0293422
0.0307383
0.0316367
0.0323811
0.032704
0.0327281
0.0324441
0.031742
0.0308727
0.0295028
0.0281212
0.0262015
0.0244253
0.0221218
0.0201018
0.0176116
0.0155166
0.0130477
0.0110472
0.00879716
0.00704482
0.00518146
0.00380011
0.00244606
0.0015174
0.000740328
0.000299285
0.000108961
0.000143529
0.000495238
0.000950584
0.00175359
0.00253409
0.00364265
0.00460977
0.00583564
0.00683858
0.00801291
0.00892711
0.00992952
0.0106729
0.0114348
0.0119599
0.0124465
0.0127288
0.0129248
0.0129627
0.0128812
0.0127038
0.0123995
0.0120709
0.0116333
0.011226
0.010744
0.0105294
0.00629251
0.0064771
0.00677471
0.00714109
0.00751235
0.00784796
0.00815435
0.00839893
0.00857583
0.00866733
0.00866152
0.00856061
0.00834542
0.00803631
0.00760747
0.0070955
0.00646949
0.00578518
0.00501053
0.0042221
0.00339183
0.00261155
0.00185928
0.00122878
0.000703478
0.000357159
0.000181019
0.000217514
0.000471652
0.000949576
0.00167392
0.00260997
0.00379856
0.00516359
0.00676268
0.00848227
0.0103936
0.0123536
0.0144426
0.0164992
0.0186069
0.0205996
0.0225574
0.0243241
0.0259698
0.027362
0.028555
0.0294524
0.0300882
0.0304108
0.0304311
0.0301475
0.0295473
0.028679
0.0275076
0.0261275
0.0244845
0.0227103
0.0207359
0.0187181
0.0165793
0.0144865
0.0123596
0.0103613
0.00841473
0.00666421
0.00504169
0.00366173
0.00246941
0.00154161
0.000839542
0.000398808
0.000198124
0.000232472
0.000497623
0.000952297
0.00160557
0.00238428
0.00330483
0.00427242
0.00530835
0.00631745
0.00732682
0.00825392
0.00913008
0.00989104
0.010568
0.0111134
0.0115548
0.0118591
0.0120493
0.0121103
0.0120596
0.0119049
0.0116592
0.0113493
0.0109754
0.010577
0.0102464
0.0100325
0.00582689
0.00601082
0.00629126
0.00665103
0.00697064
0.00729264
0.00755327
0.00778132
0.00792566
0.00800003
0.00798445
0.00786687
0.0076713
0.00734638
0.00697026
0.00644428
0.00590466
0.0052097
0.00455079
0.0037562
0.00305949
0.00227707
0.00165657
0.00102619
0.000607061
0.000260961
0.000145748
0.00018222
0.000437259
0.000914882
0.00157284
0.0025083
0.00356281
0.00492698
0.00633101
0.00804951
0.00971813
0.0116769
0.0134943
0.0155496
0.0173791
0.0193706
0.0210676
0.0228332
0.0242585
0.0256498
0.0266829
0.0275797
0.0281305
0.0284528
0.0284711
0.0281877
0.0276688
0.0268011
0.025787
0.0244078
0.0229836
0.0212105
0.0194964
0.0174799
0.0156193
0.0135279
0.0116728
0.00967579
0.00797189
0.00622248
0.00479476
0.00341567
0.00235724
0.00143003
0.000794656
0.0003542
0.000153574
0.000187901
0.000393411
0.000847798
0.00139573
0.00217423
0.00296215
0.00393185
0.00483061
0.00584604
0.0067324
0.00767062
0.00844914
0.00922497
0.00983448
0.0103969
0.0108019
0.0111247
0.0113077
0.011388
0.0113549
0.0112192
0.0110073
0.0107134
0.0103832
0.00999275
0.00966508
0.00945196
0.00540249
0.00557782
0.00586832
0.00620833
0.00649547
0.00679567
0.00702727
0.007235
0.00735667
0.00741644
0.00739038
0.00726698
0.00707727
0.0067571
0.00640565
0.00589579
0.00539997
0.00473233
0.0041336
0.0033753
0.00274861
0.00200611
0.00145519
0.000860872
0.000498962
0.000177472
9.39049e-05
0.000137568
0.000390857
0.00085513
0.00147396
0.00237445
0.00335234
0.00466108
0.00595478
0.00760069
0.00913273
0.011007
0.0126719
0.0146374
0.0163112
0.0182149
0.0197662
0.0214535
0.0227559
0.0240854
0.0250293
0.0258861
0.0263897
0.0266975
0.0267149
0.0264439
0.0259706
0.0251411
0.0242148
0.0228962
0.0215941
0.0198986
0.0183297
0.0164008
0.0146955
0.0126942
0.0109911
0.00907905
0.00751117
0.00583487
0.00451688
0.00319383
0.00221155
0.00132004
0.000723674
0.000297464
9.89009e-05
0.000126991
0.000301403
0.000731915
0.00122291
0.00196544
0.00268345
0.00361229
0.00443949
0.0054164
0.00623928
0.00714661
0.00787595
0.00863098
0.00920859
0.00976098
0.0101518
0.0104752
0.0106601
0.0107508
0.0107323
0.0106141
0.0104243
0.0101506
0.00984797
0.00947642
0.00912468
0.00891984
0.00507167
0.00522604
0.00551435
0.00581355
0.00609241
0.00635407
0.00657372
0.00675062
0.00685913
0.00690379
0.00686471
0.00674802
0.00654589
0.0062581
0.00589528
0.00544486
0.00493978
0.00435675
0.00375191
0.00309635
0.00246686
0.00183183
0.00128045
0.000780086
0.000418368
0.00015975
7.6228e-05
0.000138395
0.000391547
0.000821992
0.00144049
0.00225209
0.00322944
0.0043971
0.00569011
0.00715121
0.00868243
0.0103414
0.0120055
0.013742
0.015415
0.017095
0.0186455
0.0201335
0.0214352
0.022607
0.0235504
0.0243053
0.0248087
0.0250796
0.025097
0.0248575
0.0243845
0.0236523
0.0227265
0.0215624
0.020261
0.0187631
0.017195
0.0154895
0.0137851
0.0120132
0.010311
0.00861527
0.00704824
0.00555804
0.00424076
0.00306032
0.00207857
0.00127786
0.000681815
0.000291771
9.33147e-05
0.00010542
0.000279737
0.000649371
0.00114011
0.00178908
0.00250747
0.00332648
0.00415647
0.00502463
0.00585383
0.00666658
0.00740574
0.0080879
0.00867779
0.00918213
0.00958666
0.00988717
0.0100869
0.0101779
0.0101748
0.0100756
0.00990008
0.00965675
0.00936423
0.00902922
0.00868022
0.00849535
0.00476531
0.00490026
0.00518655
0.00544796
0.00571915
0.00594512
0.00615372
0.00630206
0.00639838
0.00642904
0.00637791
0.00626742
0.00605381
0.00579599
0.00542266
0.00502727
0.00451361
0.00400894
0.00339844
0.00283802
0.00220594
0.00167044
0.00111864
0.000705274
0.000343733
0.000143338
5.98581e-05
0.00013916
0.000392185
0.000791305
0.00140949
0.00213876
0.00311563
0.00415265
0.00544501
0.00673496
0.00826541
0.00972502
0.0113883
0.0129129
0.014585
0.0160579
0.0176077
0.0189111
0.0202121
0.021238
0.0221809
0.0228415
0.0233445
0.0235813
0.0235987
0.0233885
0.0229157
0.0222737
0.0213483
0.0203272
0.0190264
0.0177116
0.0161443
0.0146455
0.0129419
0.0113825
0.00968121
0.00818579
0.00661954
0.00530168
0.00398506
0.00293667
0.00195542
0.0012388
0.000643051
0.000286498
8.81415e-05
8.54443e-05
0.000259674
0.00057293
0.00106342
0.00162576
0.0023445
0.00306179
0.00389438
0.00466183
0.00549688
0.00622205
0.00697031
0.00758498
0.00818624
0.00864608
0.00906331
0.00934266
0.00955603
0.00964743
0.00965853
0.00957695
0.00941463
0.00919937
0.00891627
0.00861508
0.00826863
0.00810224
0.00448674
0.00460494
0.0048851
0.00511346
0.00537593
0.00556947
0.00576741
0.00588926
0.00597496
0.00599168
0.00593139
0.00582434
0.00560359
0.00536964
0.00499144
0.00464168
0.00412599
0.00368755
0.00307831
0.00259927
0.00197125
0.00152153
0.000975174
0.000637
0.00028028
0.000129983
4.87027e-05
0.000142745
0.000394878
0.000767034
0.00138092
0.00203935
0.00300853
0.00393312
0.0052148
0.00635746
0.00787492
0.00916296
0.0108119
0.0121541
0.0138116
0.0151064
0.0166425
0.0177871
0.0190767
0.0199769
0.0209115
0.0214908
0.0219894
0.0221967
0.0222139
0.0220288
0.02156
0.0209956
0.0200783
0.0191803
0.0178907
0.0167334
0.0151796
0.0138587
0.0121698
0.0107933
0.00910642
0.0077834
0.00623035
0.00506081
0.0037551
0.00282037
0.00184705
0.0012028
0.000611603
0.000283876
8.66537e-05
7.12212e-05
0.000243436
0.000508177
0.000993866
0.00148134
0.00219445
0.00282411
0.00365226
0.00433358
0.00516689
0.00581794
0.00656776
0.00712613
0.00773195
0.00815544
0.0085798
0.00884278
0.0090658
0.0091593
0.00918211
0.00911751
0.00896735
0.00877789
0.00850476
0.00823322
0.00789446
0.00774405
0.00428554
0.00440346
0.00462312
0.0048479
0.00507877
0.00526482
0.00543371
0.00554637
0.00561427
0.0056215
0.00555974
0.00544357
0.00524053
0.00499812
0.00465803
0.00430101
0.00384386
0.00340014
0.00286689
0.00238501
0.00184195
0.0013914
0.000925323
0.000587229
0.000290197
0.000139965
8.69362e-05
0.000180938
0.000422858
0.000794854
0.00135614
0.00201428
0.00288873
0.00381292
0.00496236
0.00610453
0.00746096
0.00874845
0.0102195
0.0115611
0.0130379
0.0143321
0.0156996
0.0168437
0.0179909
0.0188907
0.0197215
0.0203006
0.0207431
0.0209503
0.0209643
0.0207793
0.0203607
0.0197965
0.0189784
0.0180807
0.0169307
0.0157738
0.0143878
0.0130675
0.0115599
0.0101839
0.00867672
0.00735426
0.00596473
0.00479569
0.00362516
0.00269083
0.00181551
0.00117154
0.000636447
0.000308861
0.000125336
0.00010991
0.000256803
0.00052143
0.000948906
0.00143623
0.00206786
0.00269827
0.00343665
0.00412082
0.00486946
0.00552604
0.00620523
0.00677145
0.00732475
0.00775764
0.00814907
0.00842249
0.00863281
0.00873754
0.00876685
0.00871348
0.0085851
0.00840508
0.00815994
0.00789304
0.007627
0.00747697
0.00409627
0.00421392
0.0043809
0.00460237
0.00480428
0.00498342
0.00512578
0.00522995
0.00528157
0.00528004
0.00521703
0.00509244
0.00490574
0.00465553
0.00435047
0.00398675
0.00358334
0.00313475
0.0026712
0.00218669
0.00172154
0.00127021
0.000877622
0.000539599
0.000296904
0.000146731
0.000119356
0.00021332
0.000445536
0.000817384
0.00133001
0.00198789
0.00277498
0.00369881
0.00472648
0.0058682
0.00707643
0.00836341
0.00967077
0.0110119
0.0123225
0.0136162
0.0148286
0.0159722
0.0169885
0.017888
0.0186234
0.0192023
0.0195932
0.0198004
0.0198114
0.0196265
0.019254
0.01869
0.0179631
0.0170658
0.016044
0.0148876
0.0136557
0.0123359
0.010995
0.00961958
0.00827757
0.00695564
0.00571651
0.00454793
0.0035018
0.00256784
0.00178282
0.00113911
0.000655855
0.000328399
0.000157773
0.000142353
0.0002663
0.000530822
0.000905399
0.00139258
0.00194969
0.0025808
0.00323693
0.00392374
0.00459477
0.00525646
0.00587088
0.00644435
0.00694945
0.007391
0.00775215
0.0080352
0.00823378
0.00834885
0.00838406
0.00834104
0.00823253
0.00806121
0.00784173
0.00757912
0.00737557
0.00722589
0.00387206
0.0039894
0.00416175
0.00438022
0.00456147
0.0047345
0.00486013
0.00495699
0.00499857
0.00498959
0.00492713
0.00479542
0.00462248
0.00436566
0.00408862
0.00371917
0.00335713
0.00290429
0.00249212
0.00200521
0.00159531
0.00114315
0.000801068
0.000463068
0.00025695
0.000106833
9.37353e-05
0.000187665
0.000406307
0.000778017
0.00124671
0.00190435
0.00261766
0.00354115
0.00446877
0.00561007
0.00669838
0.00798489
0.0091611
0.0105017
0.0116801
0.0129733
0.014063
0.0152062
0.0161194
0.0170185
0.0176791
0.0182578
0.0186087
0.0188157
0.0188249
0.0186401
0.018304
0.0177402
0.017085
0.016188
0.015267
0.014111
0.0130002
0.0116809
0.0104713
0.00909643
0.00788521
0.00656377
0.00544473
0.00427659
0.0033312
0.00239759
0.00168766
0.00104418
0.000606767
0.000279432
0.000124746
0.000109332
0.000221418
0.000485842
0.00082565
0.00131276
0.0018198
0.00245171
0.00305084
0.00374012
0.00435537
0.00502154
0.00558763
0.00616727
0.00663542
0.00708425
0.00742174
0.00771283
0.00790115
0.00802486
0.00806158
0.00802727
0.00792872
0.00776488
0.0075616
0.00730277
0.00708039
0.00693111
0.00366443
0.00378148
0.0039588
0.00417451
0.0043366
0.00450398
0.00461413
0.00470422
0.0047365
0.00472062
0.00465866
0.00452036
0.00436017
0.00409722
0.00384612
0.00347137
0.00314764
0.00269088
0.00232628
0.00183715
0.00147841
0.00102548
0.000730174
0.000392195
0.00021995
6.98846e-05
7.00085e-05
0.000163906
0.000369978
0.000741562
0.00116957
0.00182699
0.00247198
0.00339514
0.00423012
0.00537102
0.00634829
0.00763435
0.00868912
0.0100293
0.0110852
0.012378
0.0133539
0.0144967
0.0153144
0.0162133
0.0168046
0.0173831
0.0176969
0.0179039
0.0179113
0.0177265
0.0174242
0.0168607
0.0162718
0.0153751
0.0145474
0.0133918
0.0123932
0.0110744
0.00998639
0.00861195
0.00752186
0.00620087
0.00519305
0.0040253
0.00317323
0.00223993
0.00159953
0.000956268
0.000561309
0.000234086
9.41607e-05
7.87519e-05
0.000179854
0.000444187
0.000751797
0.00123884
0.0016995
0.00233216
0.00287851
0.00357007
0.00413368
0.00480399
0.00532532
0.00591068
0.0063446
0.00680018
0.00711575
0.00741428
0.00759311
0.00772481
0.00776294
0.00773671
0.00764737
0.00749047
0.00730219
0.00704685
0.00680703
0.00665812
0.00354132
0.00365511
0.00383347
0.00404435
0.00419381
0.00435839
0.00445558
0.00454446
0.00456585
0.00455126
0.00448226
0.00434879
0.00418606
0.00393198
0.00368329
0.00332125
0.00300527
0.0025643
0.00221234
0.00174075
0.00139759
0.000961809
0.000681907
0.000358051
0.000197325
5.59285e-05
6.04516e-05
0.000155459
0.000357307
0.00072123
0.00113562
0.00177625
0.00239838
0.0032962
0.00410018
0.00520867
0.00614878
0.0073976
0.00841174
0.00971264
0.0107276
0.0119822
0.0129202
0.0140291
0.0148149
0.015687
0.0162551
0.0168163
0.0171177
0.0173183
0.0173251
0.0171455
0.0168545
0.0163072
0.0157405
0.0148698
0.0140733
0.0129511
0.01199
0.0107091
0.00966178
0.00832665
0.00727708
0.00599358
0.00502297
0.00388802
0.00306716
0.00215971
0.00154257
0.000916711
0.000535957
0.000217099
8.21134e-05
6.63005e-05
0.000163727
0.00041994
0.000716549
0.00118963
0.00163501
0.00225006
0.00278032
0.00345311
0.00400286
0.00465534
0.00516705
0.00573695
0.00616622
0.00660969
0.00692547
0.00721583
0.00739966
0.00752695
0.00757462
0.00754691
0.00747002
0.00731379
0.00713828
0.00688658
0.0066418
0.00649596
0.00346251
0.00357141
0.00374922
0.00395062
0.00409805
0.00425393
0.00434828
0.00443062
0.00444893
0.00443181
0.00435979
0.00422915
0.00406353
0.00381843
0.00356714
0.00322034
0.00290229
0.0024821
0.00212881
0.00168151
0.00133779
0.00092648
0.000646508
0.000343097
0.000182417
5.35291e-05
5.80508e-05
0.000154678
0.000356467
0.000709378
0.00112365
0.00174012
0.00236207
0.00322342
0.00402716
0.00508897
0.00602881
0.007224
0.00823784
0.00948221
0.0104969
0.0116966
0.0126343
0.0136944
0.01448
0.0153135
0.0158815
0.0164177
0.016719
0.0169105
0.0169173
0.0167451
0.0164541
0.0159302
0.0153637
0.0145303
0.0137341
0.0126599
0.0116991
0.0104728
0.00942583
0.0081473
0.00709804
0.00586851
0.00489818
0.00381046
0.00298984
0.00211959
0.00150263
0.000901821
0.000521178
0.000214358
7.94121e-05
6.30124e-05
0.000160411
0.000404927
0.00070145
0.00115436
0.00159976
0.00218972
0.00272053
0.00336728
0.00391841
0.00454718
0.00506115
0.00561191
0.00604407
0.00647413
0.00679317
0.00707621
0.00726356
0.00738936
0.00744071
0.0074164
0.00734298
0.00719335
0.0070204
0.00677714
0.00653309
0.00639192
0.00338954
0.0034939
0.0036712
0.00386382
0.00400937
0.00415719
0.00424892
0.00432519
0.00434065
0.0043212
0.00424637
0.00411835
0.00395007
0.00371328
0.00345957
0.0031269
0.00280692
0.00240597
0.00205146
0.00162666
0.00128241
0.000893763
0.000613727
0.000329249
0.000168613
5.1307e-05
5.58275e-05
0.000153955
0.000355689
0.000698403
0.00111256
0.00170666
0.00232844
0.00315602
0.00395954
0.00497813
0.00591771
0.00706323
0.0080768
0.00926882
0.0102832
0.0114321
0.0123695
0.0133845
0.0141698
0.0149677
0.0155355
0.0160486
0.0163498
0.0165328
0.0165396
0.0163742
0.0160834
0.0155811
0.0150148
0.014216
0.0134199
0.0123903
0.0114297
0.010254
0.00920733
0.00798121
0.00693224
0.00575269
0.00478262
0.00373863
0.00291823
0.00208243
0.00146564
0.000888031
0.000507492
0.000211819
7.69105e-05
5.99674e-05
0.000157339
0.000391025
0.000687467
0.00112169
0.00156712
0.00213385
0.00266517
0.00328779
0.00384021
0.00444702
0.00496308
0.00549611
0.00593095
0.00634859
0.00667065
0.00694691
0.00713753
0.00726194
0.0073167
0.00729553
0.00722533
0.00708181
0.00691123
0.0066758
0.00643241
0.00629557
0.00332196
0.00342212
0.00359895
0.00378344
0.00392725
0.0040676
0.0041569
0.00422756
0.00424038
0.00421876
0.00414133
0.00401575
0.003845
0.0036159
0.00335995
0.00304037
0.0027186
0.00233547
0.00197983
0.00157586
0.00123112
0.000863465
0.000583369
0.000316426
0.000155828
4.92492e-05
5.37686e-05
0.000153285
0.000354969
0.000688239
0.00110229
0.00167568
0.0022973
0.0030936
0.00389692
0.00487548
0.00581483
0.00691435
0.00792767
0.00907121
0.0100853
0.0111871
0.0121243
0.0130975
0.0138826
0.0146474
0.0152151
0.0157068
0.016008
0.016183
0.0161898
0.0160308
0.0157401
0.0152579
0.0146917
0.0139249
0.013129
0.0121406
0.0111803
0.0100514
0.00900499
0.0078274
0.00677869
0.00564543
0.00467561
0.00367211
0.00285192
0.00204802
0.00143138
0.000875261
0.000494817
0.000209469
7.45939e-05
5.71476e-05
0.000154495
0.00037815
0.000674519
0.00109144
0.00153689
0.0020821
0.00261389
0.00321418
0.00376778
0.00435427
0.00487227
0.00538888
0.0058262
0.00623234
0.00655719
0.00682718
0.00702081
0.00714395
0.00720186
0.00718361
0.00711639
0.00697853
0.00681014
0.00658195
0.00633918
0.00620635
0.00325937
0.00335565
0.00353204
0.00370901
0.0038512
0.00398464
0.00407169
0.00413715
0.00414753
0.0041239
0.00404407
0.00392073
0.00374769
0.00352572
0.0032677
0.00296024
0.00263681
0.00227019
0.00191349
0.00152882
0.00118363
0.000835407
0.000555256
0.00030455
0.00014399
4.73436e-05
5.18619e-05
0.000152665
0.000354301
0.000678826
0.00109278
0.00164699
0.00226847
0.00303579
0.00383893
0.00478042
0.00571955
0.00677648
0.00778956
0.00888821
0.0099021
0.0109603
0.0118972
0.0128317
0.0136166
0.0143509
0.0149184
0.0153903
0.0156914
0.0158591
0.0158659
0.0157128
0.0154221
0.0149585
0.0143924
0.0136553
0.0128596
0.0119093
0.0109493
0.00986379
0.0088176
0.00768497
0.0066365
0.0055461
0.00457651
0.00361051
0.00279051
0.00201616
0.00139966
0.000863435
0.00048308
0.000207292
7.24485e-05
5.45362e-05
0.000151861
0.000366228
0.000662528
0.00106343
0.00150889
0.00203418
0.00256641
0.00314601
0.00370072
0.00426837
0.00478816
0.00528957
0.00572919
0.00612467
0.00645212
0.00671629
0.00691273
0.00703467
0.0070955
0.00707996
0.00701549
0.00688287
0.00671652
0.00649504
0.00625284
0.00612372
0.00320142
0.0032941
0.00347008
0.00364007
0.00378077
0.00390781
0.00399277
0.00405342
0.00406154
0.00403605
0.00395399
0.00383274
0.00365758
0.00344221
0.00318227
0.00288603
0.00256107
0.00220973
0.00185206
0.00148525
0.00113965
0.000809424
0.000529221
0.000293552
0.000133026
4.55789e-05
5.00962e-05
0.000152091
0.000353684
0.000670109
0.00108397
0.00162042
0.00224176
0.00298227
0.00378523
0.00469239
0.00563132
0.0066488
0.00766166
0.00871874
0.00973241
0.0107502
0.0116869
0.0125855
0.0133703
0.0140762
0.0146437
0.0150972
0.0153982
0.0155592
0.015566
0.0154183
0.0151277
0.0146813
0.0141153
0.0134056
0.0126102
0.0116952
0.0107353
0.00969003
0.00864407
0.00755306
0.00650482
0.00545412
0.00448473
0.00355346
0.00273364
0.00198665
0.00137029
0.000852483
0.000472211
0.000205276
7.04618e-05
5.2118e-05
0.000149421
0.000355186
0.000651423
0.00103749
0.00148297
0.00198981
0.00252244
0.00308288
0.00363861
0.00418883
0.00471028
0.00519761
0.00563935
0.00602497
0.00635482
0.00661361
0.00681264
0.00693348
0.00699702
0.00698397
0.00692206
0.00679429
0.00662982
0.00641456
0.00617289
0.0060472
0.00314775
0.00323709
0.0034127
0.00357624
0.00371555
0.00383666
0.0039197
0.00397589
0.0039819
0.0039547
0.00387057
0.00375125
0.00357413
0.00336488
0.00310316
0.00281731
0.00249093
0.00215374
0.00179517
0.00144491
0.00109892
0.000785361
0.000505112
0.000283367
0.000122873
4.39447e-05
4.84611e-05
0.000151559
0.000353111
0.000662037
0.00107582
0.00159582
0.00221703
0.00293269
0.00373549
0.00461087
0.00554961
0.00653056
0.00754322
0.0085618
0.00957527
0.0105556
0.0114922
0.0123575
0.0131422
0.0138219
0.0143892
0.0148257
0.0151267
0.0152814
0.0152882
0.0151456
0.014855
0.0144245
0.0138587
0.0131745
0.0123791
0.0114969
0.0105372
0.00952912
0.00848337
0.00743091
0.00638288
0.00536894
0.00439974
0.00350063
0.00268098
0.00195932
0.00134308
0.000842342
0.000462145
0.000203409
6.8622e-05
4.98785e-05
0.000147162
0.000344962
0.000641139
0.00101346
0.00145896
0.00194871
0.00248172
0.00302442
0.00358109
0.00411517
0.00463815
0.00511244
0.00555616
0.00593264
0.00626471
0.00651852
0.00671994
0.00683977
0.00690581
0.00689508
0.00683554
0.00671226
0.00654953
0.00634002
0.00609885
0.00597634
0.00315134
0.00324013
0.00340698
0.00356746
0.00370925
0.00382497
0.0039119
0.00396209
0.00397271
0.0039398
0.00386069
0.00373627
0.00356443
0.00335086
0.00309441
0.00280538
0.00248396
0.00214509
0.00179094
0.00144057
0.00109832
0.000785772
0.000508538
0.000288151
0.000129935
5.18638e-05
5.79536e-05
0.000161143
0.00036347
0.000671601
0.00108521
0.00160349
0.00222353
0.00293661
0.00373729
0.00460937
0.00554521
0.00652238
0.0075316
0.00854619
0.009556
0.0105325
0.0114655
0.0123274
0.013109
0.013786
0.014351
0.0147857
0.0150854
0.0152395
0.0152461
0.015104
0.0148145
0.0143856
0.013822
0.0131404
0.0123481
0.0114693
0.0105133
0.00950904
0.00846724
0.00741877
0.00637457
0.00536444
0.00439856
0.00350279
0.00268566
0.00196663
0.0013519
0.000852933
0.00047314
0.00021526
7.97992e-05
6.10192e-05
0.000156687
0.000353664
0.000647355
0.00101832
0.00146039
0.00194909
0.00247778
0.00302052
0.00357205
0.00410775
0.00462494
0.00510244
0.00553995
0.0059209
0.00624669
0.00650592
0.0067013
0.0068274
0.00688785
0.00688392
0.00681964
0.00670266
0.00653691
0.00633101
0.00610343
0.00598154
0.00316034
0.00324913
0.00340531
0.00356577
0.00370657
0.00382227
0.00390809
0.00395821
0.00396817
0.00393512
0.00385593
0.00373135
0.00356002
0.00334629
0.00309094
0.00280176
0.00248209
0.00214313
0.00179134
0.00144098
0.0011015
0.000789014
0.000514565
0.000294224
0.000138302
6.02447e-05
6.79663e-05
0.000171138
0.000374272
0.00068235
0.00109578
0.00161398
0.00223281
0.00294577
0.00374427
0.0046162
0.00554904
0.00652605
0.00753173
0.00854615
0.00955218
0.0105285
0.0114579
0.0123196
0.013098
0.0137749
0.0143375
0.0147722
0.0150705
0.0152245
0.015231
0.0150889
0.0148005
0.0143717
0.0138102
0.0131288
0.0123397
0.011461
0.0105088
0.00950476
0.00846704
0.00741875
0.00637848
0.00536852
0.00440608
0.00351046
0.00269592
0.00197702
0.00136384
0.00086496
0.000485578
0.000227742
9.15802e-05
7.28034e-05
0.000166797
0.00036374
0.000654932
0.00102582
0.0014647
0.00195331
0.00247866
0.00302138
0.00356986
0.00410569
0.0046204
0.00509812
0.00553383
0.00591503
0.00623969
0.00649918
0.00669419
0.00682052
0.00688141
0.00687765
0.00681453
0.00669765
0.0065331
0.00632726
0.00611579
0.0059939
0.00316868
0.00325747
0.00340377
0.0035642
0.0037041
0.00381976
0.00390457
0.00395461
0.00396396
0.0039308
0.00385153
0.0037268
0.00355594
0.00334206
0.00308773
0.00279841
0.00248036
0.00214132
0.00179172
0.00144136
0.00110444
0.000792016
0.000520147
0.000299848
0.000146051
6.8006e-05
7.72386e-05
0.000180394
0.000384275
0.000692304
0.00110558
0.00162369
0.0022414
0.00295425
0.00375073
0.00462252
0.0055526
0.00652944
0.00753185
0.0085461
0.00954865
0.0105248
0.0114508
0.0123124
0.0130878
0.0137646
0.014325
0.0147596
0.0150566
0.0152107
0.015217
0.015075
0.0147875
0.0143588
0.0137994
0.013118
0.0123319
0.0114533
0.0105047
0.00950079
0.00846685
0.00741873
0.00638211
0.00537231
0.00441304
0.00351756
0.00270543
0.00198664
0.0013749
0.000876098
0.000497096
0.000239301
0.00010249
8.37164e-05
0.000176159
0.000373071
0.000661948
0.00103277
0.0014687
0.00195721
0.00247947
0.00302218
0.00356784
0.00410378
0.0046162
0.00509412
0.00552815
0.00590959
0.00623321
0.00649294
0.0066876
0.00681415
0.00687544
0.00687184
0.0068098
0.006693
0.00652957
0.00632379
0.00612723
0.00600535
0.0031764
0.00326518
0.00340234
0.00356275
0.0037018
0.00381744
0.00390131
0.00395127
0.00396007
0.00392679
0.00384745
0.00372258
0.00355216
0.00333813
0.00308476
0.00279531
0.00247875
0.00213964
0.00179206
0.00144171
0.00110716
0.000794796
0.000525315
0.000305057
0.000153227
7.51934e-05
8.58254e-05
0.000188966
0.000393538
0.000701522
0.00111465
0.00163268
0.00224936
0.0029621
0.00375671
0.00462837
0.00555589
0.00653259
0.00753196
0.00854607
0.00954537
0.0105214
0.0114443
0.0123058
0.0130784
0.0137551
0.0143134
0.014748
0.0150438
0.0151979
0.015204
0.015062
0.0147755
0.0143468
0.0137894
0.0131081
0.0123247
0.0114462
0.0105009
0.00949712
0.00846667
0.0074187
0.00638547
0.00537582
0.00441948
0.00352414
0.00271423
0.00199555
0.00138514
0.000886412
0.000507762
0.000250005
0.000112593
9.38224e-05
0.000184829
0.000381712
0.000668445
0.0010392
0.00147239
0.00196083
0.00248022
0.00302293
0.00356596
0.00410201
0.00461231
0.00509042
0.0055229
0.00590455
0.00622721
0.00648716
0.0066815
0.00680825
0.00686992
0.00686647
0.00680543
0.0066887
0.00652631
0.00632057
0.00613782
0.00601595
0.00318356
0.00327233
0.00340102
0.0035614
0.00369968
0.00381529
0.00389829
0.00394819
0.00395646
0.00392308
0.00384367
0.00371868
0.00354867
0.0033345
0.00308201
0.00279244
0.00247726
0.00213808
0.00179238
0.00144203
0.00110969
0.00079737
0.000530102
0.00030988
0.000159872
8.18494e-05
9.37773e-05
0.000196904
0.000402117
0.000710059
0.00112305
0.00164101
0.00225673
0.00296938
0.00376225
0.0046338
0.00555894
0.0065355
0.00753206
0.00854603
0.00954234
0.0105182
0.0114382
0.0122996
0.0130697
0.0137463
0.0143027
0.0147372
0.015032
0.015186
0.015192
0.01505
0.0147643
0.0143358
0.0137801
0.0130989
0.012318
0.0114397
0.0104973
0.00949372
0.00846651
0.00741868
0.00638858
0.00537907
0.00442545
0.00353023
0.00272239
0.0020038
0.00139462
0.000895963
0.00051764
0.000259918
0.00012195
0.000103181
0.000192858
0.000389714
0.000674462
0.00104516
0.00147582
0.00196418
0.00248091
0.00302361
0.00356423
0.00410038
0.0046087
0.00508699
0.00551803
0.00589989
0.00622166
0.00648181
0.00667586
0.00680279
0.0068648
0.00686149
0.00680137
0.00668472
0.00652328
0.00631759
0.00614764
0.00602577
)
;

boundaryField
{
    inlet
    {
        type            cyclic;
    }
    outlet
    {
        type            cyclic;
    }
    top
    {
        type            zeroGradient;
    }
    hills
    {
        type            zeroGradient;
    }
    front
    {
        type            empty;
    }
    back
    {
        type            empty;
    }
}


// ************************************************************************* //
