/*--------------------------------*- C++ -*----------------------------------*\
| =========                 |                                                 |
| \\      /  F ield         | OpenFOAM: The Open Source CFD Toolbox           |
|  \\    /   O peration     | Version:  v2106                                 |
|   \\  /    A nd           | Website:  www.openfoam.com                      |
|    \\/     M anipulation  |                                                 |
\*---------------------------------------------------------------------------*/
FoamFile
{
    version     2.0;
    format      ascii;
    arch        "LSB;label=32;scalar=64";
    class       volScalarField;
    location    "0";
    object      expGpCoeffs23;
}
// * * * * * * * * * * * * * * * * * * * * * * * * * * * * * * * * * * * * * //

dimensions      [0 0 0 0 0 0 0];

internalField   nonuniform List<scalar> 
8000
(
0.0285049
0.0295483
0.0310375
0.0326624
0.0335876
0.0338269
0.0331513
0.0316716
0.0295817
0.0269159
0.024017
0.0209113
0.017866
0.0149027
0.0122143
0.0097891
0.0077276
0.00601152
0.00461594
0.00353912
0.00268001
0.00204448
0.00152654
0.0011318
0.000798326
0.000527923
0.000315098
0.000161278
8.20607e-05
7.872e-05
0.000160849
0.000328787
0.00058046
0.000915093
0.00131792
0.00178705
0.00229632
0.00284294
0.00339284
0.00394278
0.00445603
0.00492937
0.00532946
0.00565366
0.00587774
0.00600009
0.00600995
0.00590704
0.00569634
0.00537899
0.00497545
0.00448819
0.00395056
0.00336596
0.00277611
0.0021849
0.0016366
0.00113506
0.000720886
0.000397319
0.000195523
0.000117676
0.0001809
0.000385945
0.000733138
0.00122169
0.00183468
0.00256981
0.00339491
0.00430651
0.00526147
0.00625556
0.00724063
0.00821231
0.00914293
0.0100317
0.0109676
0.0119579
0.0132202
0.0147417
0.0166757
0.0190063
0.0216882
0.0247168
0.02783
0.0310346
0.0339352
0.0365164
0.0384256
0.0396363
0.0399231
0.0392769
0.0377251
0.0352103
0.0322203
0.0287248
0.0253473
0.0222651
0.0200317
0.0187606
0.0284209
0.0294641
0.0310739
0.0326993
0.0336605
0.033902
0.0332159
0.0317377
0.0296153
0.0269494
0.0240237
0.0209172
0.0178531
0.0148886
0.0121886
0.00976219
0.00769953
0.00598267
0.00459424
0.00351712
0.00266675
0.0020312
0.00152048
0.00112579
0.000794322
0.000523953
0.000309671
0.00015587
7.53387e-05
7.19985e-05
0.000153765
0.000321681
0.000574129
0.000908719
0.00131345
0.00178253
0.0022946
0.00284115
0.00339436
0.00394423
0.00446076
0.00493404
0.00533681
0.00566098
0.0058867
0.00600903
0.00601917
0.00591627
0.0057044
0.00538709
0.00498105
0.00449385
0.00395274
0.00336822
0.00277439
0.00218326
0.00163102
0.00112954
0.000712054
0.000388528
0.000184507
0.00010667
0.000169103
0.000374122
0.000722109
0.0012106
0.0018259
0.00256093
0.00338956
0.00430104
0.00526028
0.00625424
0.00724375
0.0082153
0.00914661
0.0100353
0.0109559
0.011946
0.0131893
0.014711
0.016642
0.0189731
0.0216672
0.0246967
0.0278396
0.0310447
0.0339795
0.0365603
0.0384953
0.0397044
0.0400054
0.0393565
0.0377934
0.0352753
0.032228
0.0287314
0.0253025
0.0222209
0.0199291
0.0186582
0.0283301
0.0293731
0.0311132
0.032739
0.0337392
0.0339831
0.0332857
0.0318092
0.0296515
0.0269856
0.024031
0.0209236
0.0178391
0.0148734
0.0121608
0.00973313
0.00766921
0.00595152
0.0045708
0.00349337
0.00265244
0.00201685
0.00151393
0.00111929
0.000789997
0.000519666
0.00030381
0.000150031
6.80801e-05
6.47403e-05
0.000146114
0.000314008
0.000567293
0.000901837
0.00130862
0.00177764
0.00229274
0.00283922
0.003396
0.00394579
0.00446586
0.00493907
0.00534476
0.00566888
0.00589637
0.00601869
0.00602912
0.00592624
0.0057131
0.00539583
0.0049871
0.00449997
0.0039551
0.00337066
0.00277252
0.00218147
0.001625
0.00112359
0.000702517
0.000379035
0.000172612
9.47858e-05
0.000156364
0.000361355
0.000710199
0.00119862
0.00181641
0.00255134
0.00338379
0.00429514
0.005259
0.00625283
0.00724712
0.00821854
0.00915059
0.0100392
0.0109432
0.0119332
0.0131561
0.0146778
0.0166057
0.0189372
0.0216446
0.0246749
0.0278499
0.0310557
0.0340273
0.0366077
0.0385705
0.039778
0.0400943
0.0394424
0.0378672
0.0353455
0.0322365
0.0287385
0.0252541
0.0221733
0.0198183
0.0185477
0.0282322
0.0292749
0.0311556
0.032782
0.0338242
0.0340706
0.0333611
0.0318863
0.0296906
0.0270246
0.0240389
0.0209305
0.0178241
0.0148569
0.0121308
0.00970174
0.00763647
0.00591788
0.0045455
0.00346773
0.00263699
0.00200136
0.00150687
0.00111227
0.000785328
0.000515037
0.000297482
0.000143725
6.02419e-05
5.69026e-05
0.000137854
0.000305722
0.000559912
0.000894405
0.00130341
0.00177236
0.00229074
0.00283714
0.00339777
0.00394748
0.00447137
0.00494451
0.00535334
0.00567741
0.00590681
0.00602911
0.00603987
0.00593701
0.00572249
0.00540527
0.00499363
0.00450657
0.00395765
0.00337329
0.00277051
0.00217955
0.00161849
0.00111716
0.000692218
0.000368785
0.000159767
8.19524e-05
0.000142609
0.000347568
0.000697339
0.00118569
0.00180617
0.00254099
0.00337755
0.00428877
0.00525762
0.0062513
0.00725076
0.00822203
0.00915489
0.0100433
0.0109295
0.0119194
0.0131201
0.0146419
0.0165664
0.0188985
0.0216202
0.0246514
0.0278611
0.0310674
0.0340789
0.0366589
0.0386517
0.0398575
0.0401902
0.0395351
0.0379468
0.0354213
0.0322455
0.0287462
0.0252018
0.0221218
0.0196986
0.0184283
0.0281264
0.0291688
0.0312014
0.0328217
0.033916
0.0341651
0.0334425
0.0319696
0.0297328
0.0270668
0.0240474
0.0209379
0.0178079
0.0148392
0.0120984
0.00966786
0.00760111
0.00588155
0.00451817
0.00344004
0.0026203
0.00198463
0.00149924
0.0011047
0.000780285
0.000510038
0.000290648
0.000136916
5.17778e-05
4.84391e-05
0.000128933
0.000296774
0.00055194
0.00088638
0.00129779
0.00176665
0.00228858
0.00283489
0.00339969
0.00394931
0.00447732
0.00495038
0.0053626
0.00568662
0.00591809
0.00604036
0.00605147
0.00594863
0.00573263
0.00541546
0.00500068
0.0045137
0.0039604
0.00337613
0.00276834
0.00217747
0.00161147
0.00111022
0.000681097
0.000357716
0.000145897
6.80944e-05
0.000127754
0.000332681
0.000683452
0.00117172
0.00179511
0.00252981
0.00337082
0.00428189
0.00525612
0.00624964
0.00725469
0.0082258
0.00915953
0.0100478
0.0109147
0.0119045
0.0130813
0.0146032
0.0165241
0.0188567
0.0215938
0.024626
0.0278731
0.0310802
0.0341346
0.0367141
0.0387393
0.0399432
0.0402939
0.0396353
0.0380328
0.0355032
0.0322553
0.0287546
0.0251332
0.0220662
0.0195694
0.0182994
0.0280388
0.0290841
0.0311856
0.0328239
0.0339795
0.0342393
0.0335277
0.0320703
0.0297798
0.0271199
0.024063
0.0209622
0.0178022
0.0148432
0.0120673
0.00963559
0.00756294
0.00584232
0.00448867
0.00341013
0.00260229
0.00196656
0.001491
0.00109651
0.000778198
0.000506561
0.000285401
0.000130729
4.39918e-05
4.02933e-05
0.000120344
0.000288485
0.000544591
0.000879978
0.0012937
0.00176404
0.00228938
0.0028375
0.00340632
0.00395783
0.0044898
0.00496456
0.00538004
0.00570526
0.00593871
0.00606155
0.00607299
0.00596994
0.00575253
0.0054344
0.00501659
0.0045281
0.00397056
0.0033844
0.00277178
0.00217894
0.00160817
0.0011052
0.000672056
0.00034751
0.000132986
5.48207e-05
0.000113514
0.00031901
0.000670744
0.00116054
0.00178673
0.00252385
0.00336915
0.00428331
0.00526273
0.00625974
0.00727016
0.00824483
0.00917937
0.010071
0.0108987
0.0118883
0.0130395
0.0145614
0.0164783
0.0188116
0.0215653
0.0245986
0.0278921
0.0310978
0.0342146
0.0367791
0.0388389
0.0400343
0.0404021
0.0397409
0.0380865
0.0355672
0.0321729
0.0287042
0.024984
0.0219374
0.019429
0.0181628
0.028001
0.029053
0.031154
0.0328263
0.0339821
0.0343073
0.0335974
0.0322086
0.0299212
0.027305
0.0242521
0.0211613
0.0180052
0.0150268
0.0122544
0.00978493
0.00770696
0.00593587
0.0045862
0.00346522
0.00266368
0.00200108
0.00153281
0.00112116
0.000807003
0.000520578
0.000299459
0.000134829
4.81078e-05
4.06855e-05
0.000120721
0.000292236
0.000548293
0.000894003
0.00130765
0.00179405
0.00231929
0.00288702
0.00345573
0.00402759
0.00455946
0.00505227
0.00546767
0.00580585
0.00603926
0.00616793
0.00617936
0.006074
0.00585663
0.00552831
0.00511058
0.0046055
0.00404806
0.00344141
0.0028289
0.00221486
0.00164419
0.00112277
0.000689704
0.000352677
0.000138192
5.61053e-05
0.000114788
0.000326492
0.000678159
0.00118462
0.0018107
0.00257395
0.00341909
0.00436668
0.00534592
0.00638055
0.00739079
0.00840366
0.00933803
0.0102652
0.0110697
0.0120875
0.013211
0.0147753
0.0166786
0.0190617
0.0218101
0.0248667
0.028168
0.0313393
0.0344514
0.0369413
0.0389977
0.0400909
0.0404573
0.0396897
0.0380359
0.0354357
0.0320436
0.0285402
0.0248228
0.0217829
0.0192756
0.0180207
0.0279602
0.0290194
0.0311199
0.0328289
0.033985
0.0343807
0.0336728
0.0323579
0.0300739
0.027505
0.0244562
0.0213762
0.0182244
0.0152251
0.0124563
0.00994619
0.00787111
0.00605422
0.00470641
0.00354574
0.00274513
0.00205303
0.00158507
0.0011522
0.000838109
0.000535714
0.00031464
0.000139256
5.25524e-05
4.11091e-05
0.000121128
0.000296286
0.000552292
0.000909149
0.00132271
0.00182644
0.00235158
0.00294049
0.00350908
0.00410292
0.00463469
0.00514698
0.0055623
0.00591448
0.00614784
0.00628279
0.00629422
0.00618637
0.00596904
0.00562973
0.00521208
0.00468907
0.00413175
0.00350296
0.00289058
0.00225365
0.0016831
0.00114174
0.000708761
0.000358255
0.000143814
5.74924e-05
0.000116163
0.000334571
0.000686167
0.00121062
0.00183657
0.00262805
0.00347302
0.00445671
0.00543575
0.00651101
0.00752104
0.00857517
0.00950935
0.010475
0.0112793
0.0123328
0.0134551
0.0150548
0.0169549
0.0193661
0.0221098
0.02517
0.0284658
0.0316001
0.0347072
0.0371165
0.0391693
0.040152
0.0405168
0.0396344
0.0379813
0.0352936
0.031904
0.0283632
0.0246488
0.021616
0.0191101
0.0178672
0.0279162
0.0289832
0.0310831
0.0328316
0.0339881
0.03446
0.0337541
0.0325192
0.0302387
0.0277209
0.0246766
0.0216083
0.0184611
0.0154391
0.0126744
0.0101203
0.00804836
0.00618202
0.00483621
0.00363269
0.00283309
0.00210913
0.00164149
0.00118572
0.000871698
0.000552058
0.000331032
0.000144037
5.73519e-05
4.15664e-05
0.000121568
0.000300659
0.000556609
0.000925503
0.00133897
0.00186143
0.00238644
0.00299823
0.0035667
0.00418426
0.00471591
0.00524925
0.00566448
0.00603177
0.00626508
0.00640682
0.00641826
0.00630771
0.00609043
0.00573923
0.00532168
0.00477932
0.00422212
0.00356944
0.00295719
0.00229553
0.00172511
0.00116222
0.00072934
0.000364279
0.000149885
5.89903e-05
0.000117648
0.000343295
0.000694814
0.0012387
0.00186451
0.00268647
0.00353125
0.00455393
0.00553276
0.00665189
0.0076617
0.00876037
0.00969435
0.0107015
0.0115057
0.0125977
0.0137187
0.0153565
0.0172533
0.0196949
0.0224334
0.0254976
0.0287875
0.0318817
0.0349834
0.0373056
0.0393545
0.0402179
0.0405811
0.0395747
0.0379223
0.0351403
0.0317532
0.028172
0.0244608
0.0214358
0.0189313
0.0177014
0.0278686
0.028944
0.0310433
0.0328346
0.0339914
0.0345456
0.033842
0.0326933
0.0304168
0.027954
0.0249146
0.021859
0.0187167
0.0156703
0.01291
0.0103084
0.00823977
0.00632003
0.00497637
0.00372658
0.00292806
0.0021697
0.00170243
0.00122191
0.000907968
0.000569707
0.000348734
0.000149199
6.25345e-05
4.20603e-05
0.000122043
0.000305382
0.000561271
0.000943164
0.00135653
0.0018992
0.0024241
0.00306058
0.00362891
0.0042721
0.00480363
0.00535969
0.00577481
0.00615843
0.00639169
0.00654076
0.00655219
0.00643874
0.00622151
0.00585749
0.00544003
0.00487678
0.00431971
0.00364122
0.00302911
0.00234076
0.00177047
0.00118434
0.000751562
0.000370784
0.000156441
6.06079e-05
0.000119252
0.000352715
0.000704151
0.00126902
0.00189468
0.00274956
0.00359414
0.00465891
0.0056375
0.00680401
0.00781358
0.00896036
0.00989412
0.0109461
0.01175
0.0128838
0.0140033
0.0156824
0.0175756
0.0200499
0.0227828
0.0258514
0.0291348
0.0321858
0.0352816
0.0375098
0.0395546
0.0402892
0.0406505
0.0395103
0.0378587
0.0349747
0.0315904
0.0279656
0.0242579
0.0212412
0.0187383
0.0175225
0.0278173
0.0289017
0.0310004
0.0328379
0.033995
0.0346381
0.0339368
0.0328813
0.0306091
0.0282058
0.0251716
0.0221297
0.0189927
0.0159199
0.0131643
0.0105114
0.00844646
0.00646905
0.00512772
0.00382797
0.00303062
0.00223511
0.00176822
0.001261
0.000947135
0.000588766
0.000367849
0.000154773
6.8131e-05
4.25936e-05
0.000122556
0.000310481
0.000566305
0.000962234
0.0013755
0.00193999
0.00246475
0.0031279
0.00369609
0.00436696
0.00489835
0.00547894
0.00589396
0.00629521
0.0065284
0.00668539
0.00669682
0.00658023
0.00636306
0.00598518
0.00556783
0.00498201
0.00442508
0.00371873
0.00310678
0.0023896
0.00181945
0.00120823
0.000775558
0.000377808
0.00016352
6.23545e-05
0.000120983
0.000362888
0.000714234
0.00130176
0.00192727
0.00281768
0.00366204
0.00477227
0.00575061
0.00696828
0.00797759
0.00917632
0.0101098
0.0112102
0.0120139
0.0131927
0.0143107
0.0160343
0.0179235
0.0204333
0.0231602
0.0262334
0.0295099
0.0325142
0.0356037
0.0377304
0.0397706
0.0403661
0.0407255
0.0394407
0.0377899
0.0347958
0.0314145
0.0277427
0.0240388
0.0210311
0.0185298
0.0173292
0.0277618
0.0288561
0.030954
0.0328413
0.0339989
0.0347379
0.0340393
0.0330844
0.0308167
0.0284776
0.0254492
0.0224219
0.0192907
0.0161894
0.0134389
0.0107307
0.00866965
0.00662997
0.00529116
0.00393745
0.00314136
0.00230575
0.00183927
0.0013032
0.000989428
0.000609346
0.00038849
0.000160792
7.41742e-05
4.31695e-05
0.00012311
0.000315988
0.000571741
0.000982827
0.00139598
0.00198404
0.00250866
0.0032006
0.00376864
0.00446938
0.00500062
0.00560772
0.00602262
0.0064429
0.00667603
0.00684157
0.006853
0.00673302
0.00651591
0.00612307
0.00570583
0.00509565
0.00453888
0.00380243
0.00319065
0.00244234
0.00187235
0.00123402
0.000801469
0.000385393
0.000171164
6.42406e-05
0.000122853
0.000373873
0.000725122
0.00133712
0.00196245
0.00289124
0.00373537
0.00489468
0.00587276
0.00714566
0.0081547
0.00940952
0.0103428
0.0114954
0.0122989
0.0135263
0.0146426
0.0164143
0.0182993
0.0208472
0.0235677
0.0266459
0.0299149
0.0328688
0.0359514
0.0379686
0.0400038
0.0404492
0.0408064
0.0393655
0.0377157
0.0346027
0.0312247
0.027502
0.0238021
0.0208043
0.0183047
0.0171205
0.0277744
0.0288729
0.030828
0.0327427
0.0339589
0.0347628
0.0341811
0.0332905
0.0311122
0.0288196
0.0258534
0.0228327
0.0197299
0.016601
0.0138272
0.0110813
0.00896579
0.00689021
0.00549863
0.00411153
0.00327948
0.00241383
0.00192976
0.00136957
0.00104631
0.000651214
0.000417579
0.000179768
8.6502e-05
5.17098e-05
0.000131738
0.00032803
0.000590855
0.00101241
0.00143885
0.0020432
0.0025856
0.00329743
0.00388527
0.00460666
0.00515686
0.00578224
0.00621241
0.00664584
0.00688823
0.00705966
0.00707286
0.00695054
0.00672735
0.0063242
0.00589393
0.0052669
0.00469211
0.00393488
0.00330288
0.00253307
0.00194397
0.00128692
0.00083966
0.000410927
0.000189286
7.8378e-05
0.000138937
0.000396249
0.000759735
0.00138864
0.0020362
0.00299149
0.0038663
0.00505953
0.00607415
0.00738523
0.00843338
0.00972696
0.0107013
0.0118901
0.0126954
0.0139639
0.015103
0.0168992
0.0188345
0.0213832
0.0241474
0.0272036
0.0304683
0.0333801
0.0363818
0.0383262
0.0402348
0.0405717
0.0408099
0.0392522
0.0375014
0.0342883
0.0308793
0.0270881
0.0234377
0.0204175
0.0180679
0.0168931
0.0278678
0.028966
0.0306878
0.0326004
0.0338963
0.034699
0.0343734
0.0334882
0.0315842
0.029304
0.0264966
0.0234914
0.0204192
0.0173058
0.0144631
0.0117304
0.00948028
0.00741384
0.0058686
0.00448645
0.00352279
0.00265911
0.00207656
0.00151674
0.00112946
0.000734491
0.000462169
0.000224435
0.000111057
7.62754e-05
0.000156616
0.000352844
0.000637159
0.00105858
0.00152537
0.00212952
0.00272589
0.0034375
0.00408542
0.00480657
0.00541425
0.00603943
0.00651591
0.0069492
0.00721961
0.00739099
0.0074095
0.00728723
0.00704561
0.00664259
0.00617275
0.00554592
0.0049164
0.00415941
0.00346607
0.00269651
0.0020494
0.00139256
0.000900689
0.000472095
0.000227972
0.000117099
0.000183556
0.000440785
0.000841416
0.00147012
0.00218512
0.00314011
0.00410798
0.00530083
0.0064263
0.00773695
0.00890373
0.0101969
0.0112958
0.0124842
0.0134459
0.0147131
0.0160126
0.0178018
0.0198455
0.0223808
0.0251655
0.0282036
0.0313415
0.0342351
0.0369648
0.0388959
0.0404371
0.0407688
0.0406141
0.0390607
0.037017
0.0338161
0.030353
0.026574
0.023006
0.0199917
0.0178194
0.0166452
0.0279383
0.0290363
0.0305812
0.0324914
0.0338843
0.0346844
0.034581
0.0337017
0.0320939
0.029827
0.0271912
0.0242026
0.0211637
0.0180669
0.0151498
0.0124312
0.0100358
0.00797929
0.0062681
0.0048913
0.00378552
0.00292397
0.00223509
0.00167567
0.00121925
0.000824417
0.000510319
0.000272667
0.000137571
0.000102802
0.000183479
0.00037964
0.00068716
0.00110843
0.0016188
0.00222274
0.00287739
0.00358875
0.00430155
0.00502245
0.0056922
0.00631716
0.00684363
0.00727678
0.00757745
0.00774878
0.00777303
0.0076508
0.00738927
0.0069864
0.00647383
0.00584722
0.0051586
0.00440188
0.00364228
0.00287299
0.00216325
0.00150664
0.000966591
0.000538146
0.000269746
0.000158911
0.000231738
0.000488878
0.000929618
0.0015581
0.00234594
0.00330059
0.00436896
0.00556139
0.00680656
0.00811676
0.00941163
0.0107043
0.0119378
0.0131257
0.0142564
0.015522
0.0169948
0.0187765
0.0209372
0.0234581
0.0262649
0.0292835
0.0322844
0.0351584
0.0375943
0.0395112
0.0406556
0.0409816
0.0404026
0.038854
0.0364939
0.0333062
0.0297758
0.0260098
0.0224323
0.0194237
0.0175188
0.0163452
0.0275286
0.0286258
0.0305479
0.0324575
0.0341895
0.034999
0.0352043
0.034344
0.0328789
0.0306341
0.0280349
0.0250669
0.0219399
0.0188605
0.0157737
0.0130676
0.0104905
0.00844151
0.00657939
0.00520646
0.00399119
0.00313125
0.002367
0.00180795
0.00128629
0.000891609
0.000521568
0.000284006
0.000115637
8.08812e-05
0.000159089
0.000355176
0.000693237
0.00111435
0.00168547
0.00228919
0.00302708
0.00373817
0.00454495
0.00526558
0.00602608
0.00665081
0.00725085
0.00768383
0.00802923
0.00820049
0.00823323
0.00811105
0.00781991
0.00741718
0.0068409
0.00621452
0.00543739
0.00468095
0.00382143
0.00305243
0.0022469
0.00159053
0.00097447
0.000546186
0.000235189
0.000124397
0.000197775
0.000454818
0.000943726
0.00157197
0.00245406
0.00340836
0.00460964
0.00580163
0.00720594
0.00851565
0.00998015
0.0112724
0.0126593
0.0138469
0.0150763
0.0163405
0.0179109
0.0196857
0.0219756
0.0244831
0.027403
0.0304014
0.0334326
0.0362823
0.038586
0.0404796
0.0413003
0.0416088
0.0405929
0.0390363
0.0362359
0.0330532
0.0290986
0.0253486
0.0216105
0.018613
0.0166738
0.0155016
0.0270887
0.028186
0.0304595
0.0323808
0.034506
0.0353026
0.0358803
0.0350412
0.0337481
0.0315274
0.0289531
0.0260075
0.0227765
0.0197156
0.0164357
0.0137429
0.0109581
0.00891716
0.00689058
0.00552183
0.00419502
0.00333683
0.0025021
0.00194344
0.00135708
0.000962557
0.000531526
0.00029406
8.92341e-05
5.44922e-05
0.000129882
0.000325889
0.000697224
0.00111816
0.00175564
0.00235911
0.00318797
0.00389878
0.00480832
0.00552866
0.00638844
0.00701291
0.00769344
0.00812624
0.00852058
0.00869177
0.00873381
0.00861168
0.00828813
0.00788556
0.00723952
0.0066134
0.00573937
0.00498324
0.00401428
0.00324559
0.0023351
0.001679
0.000979578
0.000551467
0.000193593
8.28454e-05
0.00015648
0.000413418
0.000954601
0.00158259
0.0025673
0.00352121
0.00486733
0.00605883
0.00763661
0.00894578
0.0105951
0.0118868
0.01344
0.0146271
0.0159514
0.017214
0.0188665
0.0206339
0.0230681
0.0255612
0.0286241
0.0316009
0.0346854
0.0375087
0.0396762
0.0415442
0.0420272
0.0423164
0.040836
0.0392702
0.0359601
0.0327821
0.0283717
0.0246327
0.0207644
0.0177762
0.0157661
0.0145952
0.0267713
0.0278866
0.0301577
0.0322147
0.0343373
0.0354368
0.0360605
0.0355352
0.0343004
0.0323173
0.0297649
0.026926
0.0237053
0.0206184
0.0173346
0.0145188
0.0117169
0.00951042
0.00746547
0.00593944
0.00459715
0.00361584
0.00277281
0.00211954
0.00153135
0.00105503
0.000619431
0.000323972
0.000116396
5.4678e-05
0.000129819
0.000334294
0.000708064
0.00117236
0.00181473
0.00249064
0.00332624
0.00412818
0.00504535
0.00586198
0.00672913
0.00744047
0.00812697
0.00862385
0.00902184
0.00922431
0.00926705
0.00913836
0.00881242
0.00836618
0.00771498
0.00701449
0.00613329
0.00528333
0.00430626
0.0034388
0.00252052
0.00177653
0.00107091
0.000580816
0.000219442
8.49093e-05
0.000158531
0.000437709
0.000982734
0.00168132
0.00267361
0.00374294
0.00509976
0.00644242
0.00803304
0.00951565
0.0111787
0.01265
0.0142155
0.0155721
0.0169027
0.0183006
0.0199601
0.0218358
0.0242853
0.0268271
0.0298964
0.0327989
0.0358657
0.0384531
0.0405755
0.042069
0.042504
0.0423552
0.0408225
0.0388562
0.0354795
0.0320359
0.0276105
0.0237878
0.0199364
0.0170242
0.015019
0.0139117
0.0264286
0.0275632
0.0298317
0.0320353
0.0341551
0.0355817
0.0362111
0.0360672
0.0348476
0.0331522
0.0306208
0.0279093
0.0247111
0.0215917
0.0183286
0.0153623
0.0125765
0.0101666
0.00813191
0.00640926
0.00507214
0.00393186
0.00309051
0.00231563
0.00172773
0.00115621
0.000720819
0.000357868
0.00015039
5.72814e-05
0.000132386
0.000346724
0.000720317
0.00123508
0.00187714
0.00263737
0.00347257
0.00438059
0.00529732
0.00622604
0.00709278
0.00790522
0.0085914
0.00916286
0.00956065
0.00979953
0.00984225
0.00970592
0.00938014
0.00888307
0.00823217
0.00744513
0.00656434
0.00560517
0.00462857
0.00364614
0.0027283
0.001882
0.00117672
0.000614491
0.000253288
9.1067e-05
0.000164653
0.000469718
0.00101449
0.00179526
0.00278708
0.00399073
0.00534691
0.0068655
0.00845536
0.0101398
0.0118021
0.0134824
0.0150472
0.0166012
0.0179311
0.0195031
0.021157
0.0231735
0.0256087
0.0282135
0.0312612
0.0340771
0.0371193
0.0394251
0.0415263
0.0425692
0.0429918
0.0423128
0.0407795
0.0383244
0.0349593
0.0311938
0.0267885
0.0228753
0.0190423
0.0162122
0.0142123
0.0131736
0.0260586
0.0272141
0.0294797
0.0318416
0.0339583
0.0357383
0.0363737
0.0366415
0.0354385
0.0340538
0.031545
0.0289711
0.0257971
0.0226427
0.0194019
0.0162731
0.0135047
0.0108751
0.00885156
0.00691659
0.00558506
0.00427312
0.00343356
0.00252738
0.00193979
0.00126547
0.000830302
0.000394471
0.000187099
6.00927e-05
0.000135159
0.000360146
0.000733548
0.0013028
0.00194453
0.00279582
0.00363059
0.00465315
0.00556942
0.00661917
0.00748546
0.00840708
0.00909291
0.0097449
0.0101425
0.0104207
0.0104634
0.0103188
0.00999318
0.00944122
0.00879066
0.00791014
0.0070298
0.00595271
0.00497661
0.00387004
0.00295267
0.0019959
0.00129098
0.000650854
0.000289837
9.77163e-05
0.000171265
0.000504284
0.00104877
0.00191828
0.0029096
0.00425831
0.0056138
0.00732236
0.00891141
0.0108139
0.0124753
0.0143813
0.0159453
0.0177125
0.0190416
0.0208016
0.0224495
0.0246181
0.0270379
0.0297106
0.0327349
0.0354575
0.038473
0.0404747
0.0425529
0.0431093
0.0435184
0.0422671
0.040733
0.0377502
0.0343977
0.0302845
0.0259009
0.0218901
0.0180768
0.0153354
0.0133412
0.0123766
0.0258186
0.0269793
0.0289544
0.0313528
0.0335218
0.0354354
0.0363384
0.0367796
0.0359352
0.034689
0.0324627
0.02996
0.0269511
0.0237989
0.0205974
0.0174163
0.0145708
0.01186
0.00969115
0.00767014
0.00618585
0.00479741
0.0038291
0.00286284
0.00218234
0.00146814
0.000964885
0.00050077
0.000251473
0.000111284
0.000172758
0.000401822
0.000791183
0.0013815
0.00206586
0.00295237
0.00384977
0.00491666
0.00590596
0.00700257
0.00794124
0.00890514
0.00965176
0.0103349
0.0107726
0.011066
0.011122
0.0109743
0.0106334
0.0100602
0.00936798
0.00845131
0.00750951
0.00638679
0.00533897
0.00418435
0.0031965
0.00219696
0.00143467
0.00076439
0.000369813
0.000166089
0.000238065
0.000581873
0.00116133
0.00206517
0.0031284
0.00453324
0.00599373
0.00777581
0.00949525
0.0114821
0.0132886
0.0152821
0.017004
0.0188537
0.0203635
0.0222087
0.0239975
0.0262289
0.0286688
0.0313577
0.0342418
0.0369098
0.0396034
0.0414665
0.0431159
0.043465
0.0434537
0.0419677
0.0401
0.0369085
0.0333946
0.0291558
0.0248782
0.0208583
0.0172403
0.0145395
0.0126669
0.0117278
0.0253518
0.0265114
0.0283481
0.0307383
0.0331446
0.0350481
0.0363858
0.0368287
0.0365185
0.0352883
0.0334951
0.0310173
0.0282212
0.0250972
0.0218925
0.0187378
0.0157242
0.0130333
0.0106038
0.00859474
0.00684087
0.00545766
0.00425486
0.0032897
0.00243225
0.00171848
0.00109241
0.000628567
0.00030155
0.000161445
0.000197948
0.000426874
0.000846908
0.00143687
0.00220256
0.00308854
0.00410547
0.00517173
0.00630058
0.00739654
0.00847353
0.00943686
0.0102995
0.0109822
0.0114959
0.0117891
0.0118696
0.0117219
0.0113501
0.0107772
0.0100035
0.00908733
0.00802572
0.00690367
0.00571619
0.00456226
0.00343687
0.00243792
0.00156281
0.000892927
0.000430555
0.000226952
0.000291589
0.000635192
0.00127628
0.00217958
0.00337391
0.0047779
0.00643123
0.00821225
0.0101713
0.0121569
0.0142293
0.0162215
0.0182204
0.020069
0.0218769
0.0237191
0.0257588
0.0279766
0.0304768
0.033142
0.0358393
0.0384789
0.0407118
0.0425516
0.0435425
0.0438814
0.0431383
0.0416584
0.0391566
0.0359871
0.0321225
0.0279163
0.023598
0.0196072
0.0160773
0.0133897
0.0118334
0.0108958
0.0242272
0.025385
0.027629
0.0300269
0.0329687
0.0348751
0.0369497
0.0373971
0.0376197
0.0364209
0.0349094
0.0324662
0.0297048
0.0266127
0.0232201
0.0200924
0.0167706
0.0140979
0.0113643
0.00936536
0.0073703
0.0059916
0.00462029
0.00365623
0.00263929
0.00192562
0.00114373
0.000679915
0.000248126
0.000107949
0.000111285
0.000340036
0.000804189
0.00139387
0.00227526
0.00316089
0.00434823
0.0054141
0.00674236
0.00783794
0.00911266
0.0100757
0.0111036
0.0117862
0.0124069
0.0127001
0.0128126
0.012665
0.0122447
0.0116722
0.0107764
0.00986063
0.00862142
0.00749979
0.00610563
0.00495211
0.00362229
0.00262367
0.00157848
0.000908773
0.000339325
0.000135727
0.000177827
0.000521217
0.0012359
0.00213878
0.00350277
0.00490617
0.00681342
0.00859374
0.0108687
0.0128536
0.0152739
0.0172655
0.0195919
0.0214399
0.0234546
0.0252936
0.0274739
0.0296783
0.0323302
0.0349709
0.0376936
0.0403002
0.0422995
0.0441055
0.0445429
0.0448617
0.0433657
0.0418776
0.0385947
0.0354359
0.030886
0.0267143
0.0219706
0.0180083
0.0145481
0.0118963
0.0104368
0.009507
0.0233142
0.0244567
0.0266943
0.029214
0.0321398
0.0344696
0.0365357
0.0375973
0.0378446
0.0372235
0.0357389
0.0337046
0.0309743
0.0280575
0.0246946
0.0215133
0.0182078
0.0153213
0.0125913
0.0103147
0.0083155
0.00667256
0.00529803
0.00410644
0.00309299
0.00217897
0.00139764
0.000781093
0.000349606
0.000120315
0.000123649
0.00033677
0.0008006
0.00144799
0.00232876
0.00333491
0.00452143
0.00575113
0.00707846
0.00835547
0.00962931
0.0107633
0.0117906
0.0126077
0.013228
0.013599
0.0137114
0.0135733
0.0131533
0.0125207
0.0116256
0.0105893
0.00935095
0.00806638
0.00667319
0.00533879
0.00400989
0.00284014
0.00179568
0.000991906
0.000422854
0.000145776
0.000187848
0.000535099
0.00124929
0.00224124
0.00360428
0.00517994
0.00708586
0.00910982
0.0113832
0.0136629
0.0160816
0.0183931
0.0207179
0.0228775
0.0249037
0.0269783
0.0291619
0.0314618
0.0341069
0.0366175
0.0393177
0.041511
0.0434712
0.0446186
0.0450242
0.0445737
0.0430708
0.0408838
0.037609
0.03397
0.0294402
0.025098
0.0203948
0.0165542
0.0131237
0.0107152
0.00926315
0.00845866
0.0223283
0.0234543
0.0256838
0.0283362
0.0312447
0.0340318
0.0360886
0.0378134
0.0380682
0.0380873
0.0366244
0.0350418
0.0323419
0.0296176
0.0262875
0.023047
0.0197705
0.0166462
0.0139368
0.0113487
0.00936088
0.00741641
0.0060459
0.00459557
0.00358291
0.00245256
0.00167181
0.000890349
0.000459187
0.000133668
0.000136999
0.000333245
0.000796725
0.00150642
0.00238653
0.00352284
0.00470846
0.00611506
0.00744139
0.00891432
0.0101872
0.0115059
0.0125324
0.0134948
0.0141146
0.0145697
0.0146819
0.0145542
0.0141345
0.013437
0.0125425
0.0113761
0.0101387
0.00867821
0.00728607
0.00575634
0.00442845
0.00307389
0.00203022
0.00108168
0.000513053
0.000156628
0.000198668
0.000550089
0.00126374
0.00235188
0.0037139
0.00547557
0.00738005
0.0096671
0.0119387
0.0145369
0.0169537
0.0196108
0.0219338
0.02443
0.0264545
0.0287967
0.0309714
0.0333841
0.0360086
0.038379
0.041052
0.0427921
0.0447279
0.0451503
0.0455439
0.0442494
0.0427523
0.0397926
0.0365419
0.0323698
0.027879
0.0233527
0.0186932
0.014984
0.0115856
0.00944551
0.00799577
0.00732663
0.0215731
0.0226943
0.0245268
0.027175
0.0300198
0.0328669
0.035205
0.037051
0.037934
0.0380856
0.0372855
0.0358101
0.0336397
0.0309792
0.0279661
0.0247405
0.0215223
0.0183715
0.0154956
0.0128544
0.0105858
0.00857706
0.00690449
0.00539438
0.00413997
0.00296889
0.00201138
0.00119881
0.000644531
0.000300771
0.0002381
0.000430977
0.000888989
0.00161017
0.00254105
0.00370156
0.0049829
0.0064225
0.00787285
0.00938238
0.0107879
0.0121412
0.013289
0.0142786
0.0149909
0.0154617
0.0156245
0.0154988
0.0150809
0.0143715
0.0134306
0.01224
0.0109152
0.00942188
0.00791466
0.00634849
0.0048953
0.0035062
0.00234646
0.00137079
0.000714321
0.000342907
0.000341583
0.000693567
0.00141991
0.00252579
0.00396221
0.00575839
0.007798
0.010134
0.0125939
0.0152515
0.0178965
0.020618
0.0232066
0.0257656
0.0281145
0.0305169
0.0328724
0.0353033
0.0377452
0.0400708
0.0421946
0.0438276
0.0449589
0.0452302
0.0448035
0.0433488
0.0412179
0.0381276
0.0345461
0.0303033
0.0258842
0.0213625
0.0171554
0.0135129
0.0105088
0.00841071
0.00711007
0.00646291
0.0197066
0.0208248
0.0228356
0.0254678
0.0288565
0.0316699
0.0349102
0.0367514
0.0385111
0.0386811
0.0386102
0.037168
0.0354363
0.0328161
0.0298889
0.0267024
0.0232835
0.0201631
0.0169385
0.0143162
0.0116745
0.00967493
0.00767888
0.00617108
0.00460792
0.00343787
0.00219273
0.00138086
0.000616298
0.00027284
0.000108145
0.000300852
0.000774866
0.00149541
0.00255361
0.0037131
0.0052105
0.00664883
0.00836877
0.00987696
0.0115631
0.0129152
0.0143114
0.0153001
0.016191
0.0166614
0.0169065
0.0167809
0.0163374
0.0156285
0.0145581
0.0133686
0.0118295
0.0103375
0.00856223
0.00699744
0.00526121
0.00387334
0.00245708
0.00148227
0.000634878
0.00026379
0.000168976
0.000520651
0.00127169
0.00237659
0.0039629
0.00575749
0.00806453
0.0103985
0.0132218
0.015877
0.0189487
0.0216678
0.0246922
0.027249
0.0299317
0.0323295
0.0348654
0.0372804
0.039682
0.0419819
0.0437182
0.0453239
0.0456941
0.0459489
0.0445174
0.043067
0.0399365
0.0368735
0.0325256
0.0283312
0.0234905
0.0190316
0.0147672
0.0111643
0.00853759
0.00646676
0.00559787
0.00495291
0.0180689
0.0191062
0.0211121
0.0237342
0.0270953
0.0302651
0.033535
0.0360524
0.0378828
0.038876
0.0388602
0.0381744
0.036493
0.0344059
0.0315198
0.0285636
0.0251591
0.0219771
0.0187433
0.0158617
0.0131981
0.0108618
0.00884484
0.00699941
0.00542229
0.00393652
0.00267576
0.0016078
0.000831597
0.000315299
0.000144855
0.000262597
0.000737311
0.0014828
0.0025478
0.00382134
0.00533045
0.00694992
0.00868453
0.010411
0.0121125
0.0136862
0.015096
0.0162771
0.0171778
0.0177838
0.0180335
0.0179682
0.0175234
0.0167917
0.0157143
0.0144225
0.0128717
0.0112125
0.00942259
0.00764877
0.00589701
0.00428705
0.00285661
0.00167744
0.000819321
0.000290793
0.000190436
0.000455641
0.00120747
0.0023131
0.00390693
0.00579592
0.00811681
0.0106348
0.0134772
0.016392
0.0194862
0.022518
0.025565
0.0284462
0.0311721
0.0337844
0.036339
0.0386958
0.0410884
0.0429524
0.0446481
0.0454781
0.0457789
0.0451
0.043602
0.0413041
0.0381415
0.0345129
0.0301612
0.0257921
0.0209797
0.0167382
0.012546
0.00940007
0.00682224
0.00518292
0.00431582
0.00384064
0.0164796
0.0174569
0.0193126
0.0219119
0.0251332
0.0285481
0.0318035
0.034852
0.036888
0.0385371
0.0388305
0.0387513
0.0374006
0.0357462
0.033148
0.0303835
0.027156
0.0239297
0.0207344
0.0176434
0.0149123
0.0122929
0.0101527
0.00802304
0.00632801
0.00459772
0.0032406
0.00197424
0.00112406
0.000473803
0.000252397
0.00031194
0.000760761
0.00152539
0.00258899
0.00395065
0.00547989
0.00723944
0.00901094
0.0109062
0.0126553
0.0144006
0.0158618
0.0171918
0.018141
0.0188522
0.0191412
0.0191227
0.018703
0.0179538
0.0168842
0.0155133
0.0139517
0.0121633
0.010345
0.00840951
0.0066151
0.00483329
0.00335093
0.00201356
0.00110042
0.000449861
0.000298102
0.000496136
0.00120667
0.00231255
0.00388087
0.00584255
0.00815792
0.0108179
0.0136771
0.0167925
0.0199258
0.0231993
0.0263081
0.0294402
0.0322637
0.0350549
0.0376088
0.0399273
0.0421309
0.0436522
0.0450145
0.0452328
0.045168
0.0437521
0.0419874
0.0390232
0.0357605
0.0316946
0.0274184
0.0229267
0.0183631
0.0143123
0.0104737
0.00769441
0.00536173
0.00402433
0.00316886
0.00281654
0.0142835
0.0152573
0.0168402
0.0194073
0.0227627
0.0261191
0.0299786
0.0329788
0.0359727
0.0376
0.0389998
0.0389252
0.0385605
0.0369312
0.0349962
0.0322685
0.0292918
0.0261024
0.0227835
0.0197197
0.0166279
0.0140231
0.0114364
0.00931071
0.00716984
0.00544147
0.00368926
0.00242431
0.00126606
0.000616528
0.000202955
0.000262433
0.000647363
0.00141114
0.00253559
0.00389573
0.00559196
0.00734956
0.00936339
0.0112566
0.0132847
0.0150281
0.0167639
0.0180925
0.0192731
0.0199835
0.0204296
0.0204111
0.0200535
0.0193052
0.0181948
0.0168255
0.0151258
0.0133394
0.0113033
0.00936995
0.00730534
0.00552551
0.00375421
0.00241833
0.00123359
0.000583758
0.000211986
0.0004098
0.000980549
0.00208519
0.00361374
0.00557324
0.00795761
0.0106147
0.0136484
0.0167602
0.0201586
0.0234285
0.0268671
0.0299957
0.03313
0.0359171
0.0385335
0.0408433
0.0426252
0.0441396
0.0446069
0.0448325
0.043616
0.0422317
0.0393922
0.0364845
0.0325036
0.0285128
0.0240236
0.0196167
0.0153467
0.0113759
0.0081665
0.00544231
0.00378043
0.00246271
0.00209656
0.00174581
0.0120095
0.0128331
0.0144329
0.0167781
0.0200867
0.023505
0.0274457
0.0309093
0.0340544
0.0364842
0.0380359
0.0389037
0.0386772
0.0379174
0.0360858
0.0339757
0.0310366
0.0281138
0.0247706
0.0216458
0.0184944
0.0156183
0.0129669
0.0104869
0.00828255
0.00619312
0.00437686
0.00280163
0.00159274
0.000709897
0.00026613
0.00018508
0.000562636
0.00128384
0.00242312
0.00383314
0.00556289
0.00744783
0.00950803
0.0115837
0.0136637
0.0156178
0.0174033
0.0189425
0.0201635
0.0210572
0.0215287
0.0216432
0.0212928
0.0206103
0.0194879
0.0181083
0.0163792
0.0145058
0.0124265
0.0103376
0.00822162
0.00623291
0.00440849
0.00283158
0.00159858
0.000700207
0.000291137
0.000258335
0.000807572
0.00172317
0.00324896
0.0050803
0.0074815
0.0100841
0.0131528
0.016289
0.0197371
0.0231068
0.0266032
0.0298771
0.0330951
0.0359333
0.0385831
0.0406321
0.0423734
0.0432444
0.0435991
0.0429566
0.0415807
0.0393832
0.0364039
0.032987
0.0289376
0.0248666
0.0203835
0.0163309
0.0121473
0.00884836
0.00580717
0.00380097
0.00231542
0.00150628
0.00115373
0.000965321
0.0100196
0.0107646
0.0121079
0.0143218
0.017285
0.0206902
0.024317
0.0280016
0.0312769
0.0341257
0.0361704
0.0375475
0.0380122
0.0377339
0.0366364
0.0348759
0.0325395
0.029774
0.0267603
0.0236065
0.0204929
0.017459
0.0146283
0.0119389
0.00951276
0.00722619
0.00522954
0.00348476
0.00212316
0.00111262
0.00054155
0.000383302
0.000662991
0.00136034
0.00243396
0.00387051
0.0055687
0.00752243
0.00958601
0.0117607
0.0138782
0.015947
0.017801
0.019455
0.0207691
0.021763
0.0223424
0.02253
0.0222894
0.0216435
0.0206184
0.0192341
0.0175749
0.015655
0.0136056
0.0114325
0.00929711
0.00719484
0.00529738
0.00358899
0.00223075
0.0011963
0.000617084
0.000457528
0.000804302
0.00161541
0.00292331
0.00468303
0.00687034
0.00944139
0.0123201
0.0154677
0.0187677
0.02219
0.025587
0.0289388
0.0320952
0.0349621
0.0374049
0.0393179
0.0405986
0.0411313
0.0409037
0.03981
0.0379797
0.0353681
0.0322366
0.0285797
0.024716
0.0206474
0.0166674
0.0128574
0.00941212
0.00652086
0.00419791
0.00260453
0.00147077
0.000908082
0.000605766
0.000500506
0.00726717
0.0079166
0.00900813
0.0109894
0.013777
0.0169834
0.0209183
0.0245627
0.0284427
0.0314737
0.0343163
0.0360548
0.0373653
0.0375378
0.0371528
0.0358242
0.0339065
0.0314515
0.0285233
0.0255074
0.0222298
0.0191822
0.0160755
0.0132856
0.010534
0.00811895
0.0057974
0.00393294
0.00230066
0.00118861
0.000431434
0.000195007
0.000385319
0.00103121
0.00211325
0.00352679
0.0053216
0.00728092
0.00951075
0.0117181
0.0140465
0.0161717
0.0182526
0.0199815
0.0215098
0.0225897
0.0233444
0.0236198
0.0234942
0.0229277
0.0219428
0.0206187
0.0189182
0.0170295
0.0148591
0.0126804
0.0103539
0.00820448
0.0060626
0.00426461
0.0026305
0.00146741
0.000605749
0.000286
0.000369077
0.000999499
0.00208544
0.00365756
0.00568291
0.00807403
0.0108623
0.0138517
0.0171364
0.0204342
0.0238938
0.0271559
0.030447
0.0332208
0.0356386
0.0373717
0.0382864
0.0385541
0.0376932
0.0363545
0.0338266
0.0311113
0.0274897
0.0239333
0.0199508
0.0161826
0.0124571
0.00909585
0.00620882
0.00381614
0.00224337
0.00105708
0.00065633
0.000323133
0.000329545
0.00027823
0.00509456
0.00556317
0.00658187
0.00816789
0.0106403
0.013508
0.0170555
0.020709
0.0243917
0.0278743
0.0307557
0.0332913
0.0348389
0.035967
0.0359568
0.0355154
0.0340104
0.0321714
0.0295738
0.0268117
0.0237106
0.0206022
0.0175181
0.0144943
0.0117017
0.00901657
0.00665469
0.00453931
0.0028615
0.00153726
0.000724916
0.000325945
0.000452233
0.000992269
0.0020052
0.00337298
0.00510033
0.00707395
0.00924677
0.0115249
0.0138161
0.0160613
0.0181328
0.0200193
0.0215705
0.0228301
0.0236399
0.0240979
0.0240542
0.0236517
0.0227651
0.0215642
0.0199645
0.0181379
0.0160547
0.0138613
0.0115923
0.00934203
0.00721425
0.00522786
0.00355492
0.00212325
0.00116595
0.000513359
0.000446413
0.000702851
0.00159323
0.00277828
0.00457697
0.00659809
0.00914699
0.0118123
0.0148653
0.0179093
0.0211544
0.0242349
0.0273326
0.0298969
0.0321086
0.0334536
0.034171
0.0338682
0.0328904
0.0309946
0.0285235
0.0255066
0.0221317
0.0186784
0.0150876
0.0118381
0.00860138
0.00607904
0.00370332
0.00227074
0.00107893
0.00067868
0.00043294
0.000497781
0.000504454
0.000556906
0.00287881
0.00326595
0.00382822
0.0051658
0.00702733
0.00957631
0.0127579
0.0161439
0.0199133
0.0232947
0.0267423
0.0293695
0.0318452
0.0332252
0.0342933
0.0341921
0.0336367
0.0321271
0.0301249
0.0275947
0.0246822
0.0216789
0.0184824
0.0154731
0.0124418
0.00973634
0.00713169
0.00498496
0.00308244
0.00171764
0.00071297
0.00026456
0.0002403
0.00072469
0.0016366
0.0029477
0.00462973
0.00655287
0.00874023
0.0109824
0.013349
0.0155803
0.0177846
0.0196851
0.0214173
0.0227206
0.0237437
0.0242728
0.0244527
0.0241412
0.0234617
0.0223604
0.0209219
0.0191892
0.017193
0.015072
0.0127922
0.0105779
0.00832551
0.00632668
0.00440992
0.00290995
0.00159607
0.00081766
0.000299926
0.000377721
0.000752123
0.00171647
0.00297065
0.00474469
0.00676086
0.00917158
0.0117431
0.0145448
0.017404
0.0202715
0.0231083
0.0255033
0.0274036
0.0286086
0.0288201
0.0284313
0.0269234
0.025062
0.0222996
0.019479
0.0162495
0.0131412
0.0101529
0.00734839
0.00506603
0.00302006
0.00178293
0.000770063
0.000663338
0.000541542
0.00101342
0.00119546
0.00136097
0.00142801
0.00137888
0.00157936
0.00207797
0.00290909
0.00437942
0.00625457
0.0088157
0.0116988
0.0149397
0.0182343
0.0214188
0.0244194
0.0269242
0.029043
0.0304032
0.0312125
0.031134
0.0304616
0.0289768
0.0270186
0.0245161
0.0217664
0.0188049
0.0158256
0.0129148
0.0101518
0.00763058
0.00539975
0.00353773
0.00206747
0.00104985
0.00047579
0.000382702
0.000728008
0.00152223
0.00269359
0.00422512
0.0060256
0.00805252
0.0102091
0.0124315
0.0146332
0.0167346
0.0186746
0.020365
0.0217816
0.0228347
0.0235441
0.0238258
0.0237432
0.0232258
0.0223731
0.0211354
0.0196352
0.0178493
0.0159056
0.0138128
0.0116839
0.00956269
0.00752777
0.00565873
0.00398305
0.00261425
0.00151692
0.000833635
0.000461459
0.00056432
0.000974752
0.00186848
0.00302402
0.00461846
0.00639328
0.00851678
0.0107148
0.013121
0.0154586
0.0178309
0.0197577
0.0212893
0.0220715
0.0221508
0.0214456
0.0200736
0.01815
0.0157969
0.0132859
0.0106515
0.00822853
0.0059183
0.00407903
0.00248257
0.00152506
0.000868408
0.000852956
0.0010534
0.0016031
0.00212788
0.00256476
0.00276149
0.00286443
0.000426951
0.000508851
0.000630403
0.00104363
0.00180467
0.00300774
0.00488972
0.00705348
0.00988562
0.0126601
0.0158181
0.018628
0.0214987
0.0237815
0.0258137
0.0270776
0.0277743
0.0276988
0.0268559
0.0254567
0.0233331
0.0209878
0.0181573
0.0154368
0.0125426
0.009964
0.00744117
0.00533686
0.00344419
0.00203065
0.000949889
0.000354096
0.000167758
0.000415892
0.00109579
0.00210963
0.00352104
0.00512904
0.00704976
0.00901109
0.0111623
0.0131999
0.0152839
0.0171216
0.0188608
0.0202589
0.0214306
0.022215
0.0226773
0.0227589
0.0224654
0.0218475
0.0208486
0.0196227
0.0180556
0.0163865
0.0144552
0.0125584
0.0105069
0.00862059
0.00670209
0.00505809
0.00350496
0.00230083
0.00129678
0.000672908
0.000332011
0.00035586
0.000710173
0.0013697
0.00236732
0.00357477
0.00508879
0.0066942
0.00854136
0.0103154
0.0122635
0.0137461
0.0149672
0.015503
0.0153283
0.0146463
0.0132058
0.0116182
0.0095062
0.00761382
0.00556536
0.0039425
0.00247283
0.00149099
0.000851489
0.000681714
0.000964587
0.00153891
0.0025261
0.003385
0.00433848
0.00482881
0.00494875
0.00502352
0.000531659
0.00052878
0.000422108
0.000553052
0.00052554
0.00122074
0.0019142
0.00351299
0.00515111
0.00749608
0.00979174
0.0124137
0.014925
0.0172859
0.0195034
0.0210675
0.0224156
0.0227577
0.0228149
0.0218244
0.0205803
0.0185482
0.0164105
0.0139001
0.0115273
0.00909046
0.00698759
0.00498067
0.00337544
0.00200587
0.00104962
0.000437695
0.000202782
0.000376965
0.000849367
0.00174293
0.00282506
0.00428588
0.00581059
0.00762242
0.00937597
0.0112878
0.0130381
0.014797
0.0163231
0.0177063
0.0188246
0.0196656
0.0202507
0.0204569
0.0204528
0.0200134
0.0194363
0.0184195
0.0173516
0.0158922
0.0144687
0.0127493
0.01114
0.00936776
0.00775557
0.00613664
0.00469674
0.00341224
0.00229172
0.00147709
0.000779108
0.000509333
0.000282493
0.000564905
0.000799599
0.0015754
0.00220769
0.00336204
0.00427939
0.00562436
0.0066735
0.00779756
0.00840819
0.00875178
0.00849877
0.00785256
0.00689288
0.00558525
0.00442278
0.00301948
0.0021831
0.00117663
0.000970296
0.000635933
0.0011408
0.00155336
0.00269139
0.00368645
0.00510835
0.00616267
0.00718524
0.00768935
0.00767945
0.00773318
0.00192033
0.00181869
0.00167473
0.00131284
0.00100408
0.000655425
0.000849429
0.00108967
0.00213735
0.00318861
0.00495502
0.00663913
0.00876246
0.010712
0.012742
0.0144702
0.0158609
0.0168418
0.0171307
0.0170251
0.0161083
0.0149692
0.0131622
0.0114356
0.00935568
0.00758325
0.00572954
0.00424316
0.00281747
0.00177809
0.000917027
0.000415954
0.000185427
0.00025066
0.000641993
0.00123537
0.00216743
0.00319069
0.00452165
0.00583023
0.00737703
0.00879948
0.0103618
0.0117217
0.0131073
0.0142447
0.0152917
0.0160813
0.016676
0.0170391
0.0171265
0.0170372
0.016623
0.0161073
0.0152537
0.0143827
0.0131972
0.012076
0.0106972
0.00945101
0.00803061
0.00678969
0.00547535
0.00436043
0.00327908
0.0023884
0.0016328
0.00103215
0.000651679
0.000368496
0.000365363
0.000387787
0.000719421
0.00100043
0.00158399
0.00203409
0.00273729
0.00314327
0.0035613
0.00362377
0.00342454
0.00307925
0.00241549
0.00194112
0.00124224
0.00101758
0.000693792
0.000968942
0.0012212
0.00206016
0.00291552
0.00422887
0.00556754
0.00707559
0.00850748
0.00968192
0.0105903
0.0109522
0.0109532
0.0108932
0.00474538
0.00466009
0.00449359
0.00399155
0.00311954
0.00226209
0.00147127
0.000868333
0.00077985
0.000824582
0.001539
0.00224903
0.00359003
0.00476747
0.00642103
0.00771376
0.00918724
0.0101353
0.0108808
0.0110976
0.0108283
0.0102273
0.00908451
0.00796647
0.00650636
0.00531413
0.00400567
0.00299317
0.00197575
0.00125961
0.000629531
0.000275235
8.40489e-05
0.00011503
0.0003635
0.000758711
0.00139764
0.00209512
0.00303273
0.00393849
0.00505309
0.00605376
0.00720967
0.00818711
0.00925148
0.010097
0.0109551
0.0115817
0.0121487
0.012499
0.0127271
0.0127777
0.0126585
0.0124192
0.0119803
0.0114902
0.0107895
0.0101098
0.00922631
0.00843207
0.00745603
0.00662681
0.00564943
0.00486082
0.00396465
0.00328043
0.00253133
0.00199746
0.00143861
0.00107947
0.000728206
0.000545591
0.000393637
0.00036866
0.000385722
0.00047925
0.000616191
0.000748158
0.000832135
0.000891087
0.000779867
0.000782249
0.000631522
0.000770775
0.000883052
0.00136593
0.00194784
0.00285801
0.00392696
0.00521716
0.00668394
0.00820483
0.00988272
0.0113515
0.0128487
0.0138257
0.014581
0.0147164
0.0143691
0.0142057
0.00873853
0.00869713
0.00871065
0.00821747
0.00710703
0.00603222
0.00447604
0.00340187
0.00212412
0.0015209
0.000851694
0.000855266
0.000842821
0.00137617
0.00192832
0.00275568
0.00360444
0.00435528
0.00507064
0.00537687
0.00559541
0.00530367
0.00495509
0.00424798
0.00364075
0.00284823
0.0022894
0.00160765
0.00116434
0.000677179
0.00039595
0.000150078
5.90815e-05
7.34045e-05
0.000178919
0.000442528
0.000728576
0.00120278
0.00163378
0.00225775
0.00278373
0.00348289
0.00404629
0.00474192
0.00528503
0.00590387
0.00637552
0.0068578
0.00721858
0.00752364
0.00774891
0.00785778
0.00793838
0.00785352
0.00779452
0.00753713
0.00735517
0.0069608
0.00668065
0.006194
0.00584502
0.00531442
0.00492727
0.00439961
0.00400331
0.00351944
0.00313913
0.00273032
0.00238551
0.00207113
0.00177466
0.00156126
0.00131913
0.00120127
0.00101329
0.000978277
0.000843112
0.000877812
0.00087107
0.000980331
0.00118678
0.00143544
0.00196214
0.00247839
0.00341963
0.00429584
0.00562042
0.00683845
0.00840984
0.00986073
0.0115214
0.0130321
0.0145801
0.0158882
0.0170089
0.0177565
0.0180945
0.0180399
0.0174391
0.0172029
0.0131769
0.0132269
0.0134051
0.0130122
0.0120827
0.0108706
0.00926953
0.00774175
0.00605401
0.00473164
0.00334012
0.00247556
0.00154423
0.0012044
0.000783475
0.000895972
0.000909898
0.00125418
0.00147443
0.00175022
0.00190565
0.00190696
0.00185638
0.00161209
0.00142722
0.00110502
0.000922064
0.000635707
0.000485308
0.000276663
0.000179446
7.17047e-05
3.99394e-05
4.47052e-05
8.3018e-05
0.000198923
0.000303799
0.000516986
0.000677494
0.000963837
0.00116343
0.00149208
0.00171111
0.00204876
0.00226725
0.00258237
0.00278257
0.00304898
0.00321729
0.0034166
0.00354466
0.00366729
0.00375211
0.00379709
0.00384052
0.00381419
0.00382183
0.00373604
0.00371601
0.00358604
0.00354774
0.00339037
0.00334346
0.00317531
0.00312888
0.002965
0.00292699
0.00277989
0.00275664
0.0026355
0.00263149
0.00254181
0.00255939
0.00250297
0.00254413
0.00252744
0.00259951
0.00267342
0.00290387
0.00317488
0.00370484
0.0042782
0.00517542
0.00610525
0.00735345
0.00860925
0.0100887
0.0115507
0.0130887
0.0145959
0.0160287
0.0174007
0.0185574
0.0195754
0.0202447
0.0206628
0.0206709
0.0203754
0.0197673
0.0194439
0.0173783
0.0176217
0.0179235
0.0178776
0.0171247
0.0160963
0.0145602
0.0129038
0.0111378
0.00931585
0.00771019
0.00602194
0.00476569
0.00339364
0.0025864
0.00163916
0.00129228
0.000772704
0.00074557
0.000529046
0.00059195
0.000505223
0.000499265
0.000434426
0.000366895
0.000303175
0.000231087
0.000177048
0.00011685
7.8343e-05
3.86401e-05
1.92425e-05
6.30228e-06
7.79716e-06
2.47696e-05
4.68618e-05
9.33653e-05
0.000133687
0.000205988
0.000260408
0.000352146
0.000415341
0.000518648
0.00058485
0.000691627
0.00075543
0.000858541
0.000915657
0.00100984
0.00105772
0.00114007
0.00117832
0.00124841
0.00127903
0.00133858
0.00136596
0.00141844
0.00144912
0.00149915
0.00154147
0.00159427
0.00165767
0.00171862
0.00181286
0.00188706
0.00202125
0.00211323
0.00229479
0.00240809
0.00264172
0.00277858
0.00306528
0.00322615
0.00356237
0.00374656
0.00413046
0.00434193
0.00481851
0.00518134
0.00586717
0.00653398
0.00751997
0.00854021
0.00981337
0.0111381
0.012587
0.0140699
0.0155272
0.0169892
0.0182869
0.0195691
0.0205572
0.0215033
0.0220455
0.0224873
0.022482
0.0222993
0.0217504
0.0210765
0.0206766
0.0209812
0.0213201
0.0221007
0.0222899
0.0219202
0.0211636
0.0198669
0.018435
0.0166476
0.014925
0.0129879
0.011245
0.00937093
0.00779728
0.00617005
0.00491136
0.00370095
0.0028286
0.00208998
0.00156131
0.00119795
0.000892911
0.000749
0.000550764
0.000489471
0.000334333
0.000290856
0.000170965
0.000142571
6.27587e-05
4.78905e-05
1.15533e-05
7.94942e-06
1.48289e-05
1.98564e-05
6.61061e-05
7.6994e-05
0.000155522
0.000169493
0.000270569
0.000284901
0.000397007
0.000409096
0.000519946
0.000527417
0.000625197
0.00062614
0.000700701
0.000694098
0.000738235
0.000724484
0.000735104
0.000716742
0.000695581
0.000677933
0.000632207
0.000623765
0.000566117
0.000578626
0.000526431
0.000574355
0.000548534
0.000647971
0.00067097
0.000838044
0.000931587
0.00118046
0.00136296
0.00170379
0.00198783
0.00242481
0.002815
0.00334473
0.00383605
0.00444637
0.00502791
0.0057015
0.00638623
0.00718673
0.00804865
0.0090881
0.0101875
0.0114774
0.0127855
0.0142336
0.0156385
0.0170812
0.0184268
0.0196951
0.020827
0.0217844
0.0225738
0.0231105
0.0234587
0.0234988
0.023354
0.022899
0.0222928
0.0214369
0.0210284
0.0240839
0.0245418
0.0252414
0.0257061
0.0257162
0.0252725
0.0244487
0.0232539
0.0218314
0.0201846
0.0184214
0.0165628
0.0146517
0.012782
0.0109132
0.00922867
0.00760294
0.00626386
0.00501688
0.0040794
0.00322599
0.00263095
0.00208629
0.00170604
0.00133607
0.00106068
0.00077306
0.000566538
0.000361978
0.000227824
0.000112204
5.35774e-05
2.75218e-05
4.14826e-05
9.84522e-05
0.000176484
0.000303542
0.000432339
0.000611224
0.00077369
0.000982163
0.00115862
0.00137207
0.00154169
0.00173508
0.00187756
0.00202755
0.00212509
0.00221244
0.00225173
0.00226371
0.00223799
0.00217057
0.00208135
0.00194089
0.0017991
0.00160311
0.00142934
0.0012061
0.0010297
0.000816463
0.000673359
0.00051322
0.000442623
0.000380212
0.000420431
0.000496928
0.000680811
0.000928808
0.00127932
0.00171818
0.00224467
0.00287692
0.00357246
0.00438225
0.00522396
0.00618329
0.00715413
0.00824982
0.00936909
0.0106142
0.0118964
0.0132651
0.0146576
0.0160609
0.0174467
0.0187531
0.0199881
0.0210606
0.0220108
0.022736
0.023298
0.0236011
0.0237169
0.0235783
0.0232568
0.0227275
0.022044
0.021423
0.0210038
0.0261135
0.0267035
0.0278788
0.0286768
0.0289593
0.0289481
0.0283627
0.0276029
0.0263634
0.0250379
0.0233563
0.0216356
0.0196789
0.0177342
0.015691
0.013724
0.0118323
0.010049
0.00850904
0.00704778
0.0059301
0.00481707
0.00406698
0.00322115
0.00267947
0.00200236
0.00156364
0.00104339
0.000728006
0.000389387
0.000211495
7.0715e-05
3.26104e-05
8.9042e-05
0.000181563
0.000418217
0.000621866
0.00100697
0.00129358
0.00178313
0.00211798
0.00265921
0.00300363
0.00353919
0.00385355
0.00432643
0.00457351
0.00493218
0.00508087
0.00528448
0.0053133
0.00533643
0.00523683
0.00507307
0.00485182
0.00451594
0.0041962
0.00372431
0.00334504
0.00279235
0.00240573
0.00184213
0.00150913
0.00101251
0.000796783
0.000445145
0.000405979
0.000268736
0.000453891
0.000583553
0.00102278
0.00144809
0.0021482
0.00286946
0.00381154
0.00479708
0.00593711
0.00712382
0.00839928
0.00972575
0.0111136
0.0125272
0.0139824
0.0154055
0.0168304
0.0181554
0.0194254
0.020533
0.0215259
0.0223059
0.0229195
0.0232953
0.0234666
0.023419
0.0231533
0.0227385
0.0221283
0.0214465
0.0206295
0.0202333
0.0277868
0.0284275
0.0295672
0.0305082
0.0311693
0.0313705
0.0312955
0.0307596
0.0300092
0.0288666
0.0275539
0.0259452
0.0241855
0.0222677
0.0202201
0.0181918
0.0160764
0.0141558
0.0121924
0.0105455
0.00887581
0.00756196
0.00621859
0.00518313
0.00409423
0.0032585
0.00236951
0.00172537
0.00108492
0.000665563
0.000311307
0.00013809
8.49138e-05
0.00015813
0.00039532
0.000694636
0.00118712
0.00167347
0.00236476
0.00298353
0.00380033
0.00448565
0.00534371
0.00602385
0.00683506
0.00743847
0.00811859
0.00858044
0.00905705
0.00932562
0.00954548
0.00958795
0.00952314
0.00932998
0.008982
0.00856951
0.00797075
0.00738113
0.00659333
0.005892
0.00500144
0.00427164
0.0033814
0.00271635
0.00193621
0.00142956
0.000864449
0.000600016
0.000338393
0.000380367
0.000483793
0.000868585
0.00136382
0.00209459
0.00296844
0.00401005
0.00520961
0.00648467
0.00788709
0.00930366
0.0107944
0.0122697
0.0137521
0.0151965
0.01657
0.0178785
0.0190437
0.020108
0.0209699
0.0216924
0.0221702
0.0224853
0.022543
0.0224434
0.0221208
0.0216778
0.0210848
0.0204052
0.0197969
0.0194106
0.0285118
0.0292331
0.030694
0.0318642
0.0327165
0.0332673
0.0334041
0.033278
0.0327291
0.0319656
0.0308091
0.0294813
0.0278106
0.0260316
0.02399
0.0219304
0.0197346
0.0176037
0.0154902
0.0134788
0.0116178
0.00984459
0.00830249
0.00678695
0.00550477
0.00423197
0.00317344
0.00218873
0.00142464
0.000792138
0.000371963
0.0001319
7.51658e-05
0.000234247
0.000529463
0.00106062
0.0016666
0.00251128
0.0033606
0.00443349
0.00543794
0.00663377
0.00769154
0.00889385
0.00989808
0.0109893
0.0118375
0.0127096
0.0133132
0.0138779
0.0141712
0.0143694
0.0143167
0.0141245
0.0137253
0.0131581
0.0124483
0.0115605
0.0106107
0.00949169
0.00840184
0.00716784
0.00605789
0.00484121
0.00383949
0.00277513
0.00200498
0.00121651
0.00078283
0.000368967
0.000346137
0.000369658
0.000792394
0.00127261
0.00213093
0.00303711
0.00427446
0.00551236
0.00698219
0.0084089
0.00996179
0.0114413
0.0129646
0.0143812
0.0157689
0.0170194
0.0181788
0.0191689
0.0200139
0.0206601
0.0211132
0.0213637
0.0213908
0.0212559
0.0209045
0.0204736
0.0198753
0.0192631
0.0185668
0.0182262
0.0292329
0.0299916
0.0310895
0.0323742
0.033397
0.0341344
0.0345628
0.0346561
0.034441
0.0338838
0.0330418
0.0318763
0.0304644
0.0287815
0.0269137
0.0248655
0.0227191
0.0205065
0.0182858
0.0161089
0.0139916
0.0119968
0.0100962
0.00834429
0.00670466
0.00522219
0.00387842
0.00273033
0.00176892
0.00103419
0.000521472
0.000249374
0.000215939
0.000416275
0.000851941
0.00149442
0.00234916
0.00336589
0.00455383
0.00584474
0.00725108
0.008692
0.0101824
0.0116354
0.0130675
0.0143929
0.0156288
0.0166979
0.0176171
0.0183242
0.0188353
0.0191083
0.0191581
0.0189665
0.0185466
0.0179053
0.0170534
0.0160226
0.0148206
0.0135011
0.0120674
0.0105913
0.00907028
0.00758871
0.00613637
0.00480408
0.00357227
0.00253188
0.00165253
0.00101936
0.000590318
0.00043978
0.000514147
0.000873326
0.00145161
0.00229192
0.00331872
0.00453791
0.00586543
0.00730148
0.00876179
0.0102536
0.0117017
0.0131192
0.0144379
0.0156757
0.0167724
0.0177426
0.0185384
0.0191655
0.0195957
0.0198344
0.0198784
0.0197444
0.0194575
0.0190446
0.0185316
0.0179537
0.0175153
0.0171969
0.0288946
0.0296664
0.0312638
0.0326052
0.0338413
0.0346986
0.0353948
0.0356556
0.0357159
0.0353413
0.034738
0.0337416
0.0324993
0.0309503
0.0291545
0.0271855
0.0249909
0.0227837
0.0203926
0.0181398
0.0157548
0.0136172
0.0114022
0.00947674
0.00751993
0.00587448
0.00425745
0.00298661
0.00183343
0.00103017
0.000428369
0.000150566
0.0001408
0.000401907
0.000974672
0.0017426
0.00283889
0.00403843
0.00555428
0.00707298
0.00886765
0.0105648
0.0124723
0.0141906
0.0160339
0.0176132
0.01922
0.0205118
0.0217302
0.0226115
0.0233248
0.0237102
0.0238484
0.023699
0.0232461
0.022574
0.0215705
0.0204386
0.0189782
0.0174947
0.015716
0.0140244
0.0120979
0.0103633
0.00847445
0.00686723
0.00519807
0.0038765
0.00258727
0.00168128
0.000893767
0.000491485
0.000276537
0.000415097
0.000785477
0.00144382
0.0023512
0.00343466
0.00471941
0.00606229
0.00751089
0.00893958
0.0103814
0.0117551
0.0130617
0.0142706
0.015354
0.0163097
0.0170966
0.0177249
0.0181492
0.0184066
0.0184448
0.0183475
0.0180577
0.0176969
0.0172137
0.0166971
0.0161619
0.015874
0.0287072
0.0295032
0.0309839
0.0324369
0.0336793
0.0347613
0.035482
0.0360403
0.0361417
0.0360797
0.0355258
0.0348126
0.0336247
0.0322919
0.0305521
0.0286939
0.0265481
0.0243142
0.0219532
0.0195294
0.0171496
0.0147281
0.0124945
0.0102414
0.00825796
0.00631402
0.00467753
0.00318185
0.00201771
0.0010888
0.000486181
0.000197665
0.000198459
0.000570442
0.00116554
0.00216261
0.00329244
0.00482602
0.00638511
0.00832004
0.0101653
0.0123305
0.0142928
0.0164958
0.0183946
0.0204376
0.0220969
0.0237952
0.0250596
0.0262588
0.0270086
0.0275988
0.0277615
0.0276887
0.0272469
0.026518
0.0255115
0.0241942
0.0227168
0.020933
0.0191241
0.0170382
0.0150696
0.0128726
0.0109315
0.00882217
0.00709261
0.00525787
0.00390235
0.00249894
0.00164162
0.000780858
0.000495084
0.000232437
0.000533275
0.000861377
0.00170082
0.00253139
0.00376233
0.00492275
0.00633767
0.00763292
0.00906014
0.0103291
0.0116376
0.0127626
0.0138603
0.0147545
0.0155661
0.0161597
0.016619
0.0168717
0.0169551
0.0168843
0.0166462
0.0163421
0.0159027
0.015472
0.0149943
0.0147588
0.028217
0.0290115
0.0304084
0.0318532
0.0331871
0.0342585
0.035177
0.0357283
0.0360904
0.0360268
0.0357545
0.0350452
0.0341241
0.0327999
0.0312778
0.0294316
0.0274143
0.0251937
0.0228369
0.0204249
0.0179194
0.0155058
0.0130531
0.0108034
0.00858661
0.00664491
0.00482446
0.00333051
0.00205447
0.00112663
0.000499949
0.000211766
0.000286178
0.000657731
0.00142664
0.00242256
0.00382089
0.0053527
0.00726139
0.00919408
0.0114491
0.0136119
0.0160174
0.0182178
0.0205628
0.0226035
0.0246805
0.0263769
0.0280011
0.0291989
0.0302251
0.0308146
0.0311515
0.0310787
0.0306975
0.0299694
0.0289065
0.0275907
0.0259442
0.0241624
0.0220823
0.0199988
0.0176724
0.0154779
0.0131112
0.0110043
0.0088021
0.00696948
0.00511568
0.00371389
0.00235354
0.00149377
0.00071988
0.000457536
0.000302693
0.000630415
0.00106452
0.00189498
0.00278822
0.0039549
0.00511105
0.00642254
0.00765702
0.00895246
0.0101208
0.0112797
0.0122811
0.0132131
0.0139702
0.0146039
0.0150535
0.0153481
0.0154675
0.015438
0.0152752
0.0150054
0.0146644
0.0142504
0.0139059
0.013672
0.0273571
0.0281341
0.0297082
0.0311397
0.0325218
0.0336315
0.0346249
0.035262
0.0357088
0.0357625
0.0355732
0.0349953
0.0341484
0.0329545
0.0314885
0.0297546
0.0277617
0.0256151
0.023241
0.0208506
0.0182875
0.0158457
0.0133095
0.0110053
0.00870231
0.00670935
0.00481966
0.00329533
0.00197548
0.00104537
0.000406406
0.000148559
0.000245589
0.000682627
0.00150978
0.00260647
0.00409656
0.00576186
0.00779086
0.00988443
0.0122808
0.0146239
0.0171821
0.0195724
0.0220706
0.0242994
0.0265189
0.0283901
0.0301353
0.0314836
0.0326006
0.033307
0.0336979
0.0337013
0.0333337
0.0326365
0.0315463
0.030214
0.0285015
0.0266563
0.0244761
0.0222846
0.0198306
0.0174872
0.0149732
0.0126816
0.0103206
0.00827368
0.00625778
0.00461909
0.00310098
0.00198976
0.00106909
0.000549668
0.000264934
0.000340305
0.000665771
0.00126563
0.00208242
0.00305361
0.00416086
0.00531735
0.00652432
0.00770366
0.00886073
0.00993925
0.0109433
0.0118285
0.0126003
0.0132199
0.0136933
0.0140043
0.0141529
0.0141653
0.0140325
0.013821
0.0135146
0.0131686
0.0128035
0.0126048
0.0266453
0.0274001
0.0289263
0.0303558
0.0317168
0.0328984
0.0338681
0.0346374
0.0350646
0.0352875
0.0350833
0.0346923
0.0338362
0.0328268
0.0313588
0.029781
0.0277926
0.0257461
0.0233807
0.0210176
0.0184643
0.0159836
0.0134547
0.0110781
0.00878086
0.00672099
0.00483783
0.00327372
0.00195945
0.00102604
0.000391524
0.000172705
0.000272978
0.000794649
0.00162392
0.00285101
0.00434232
0.00618044
0.00821007
0.010512
0.0129087
0.0154854
0.0180442
0.0206803
0.0231796
0.0256518
0.0278733
0.0299706
0.0317188
0.0332616
0.0343827
0.0352401
0.0356361
0.0357376
0.0353759
0.0347181
0.0336341
0.0322801
0.0305735
0.0286459
0.0264708
0.0241391
0.0216886
0.0191523
0.0166394
0.0141088
0.0117459
0.00942174
0.00740044
0.00545556
0.00392829
0.00249233
0.00155885
0.000707647
0.000406882
0.000156802
0.000462389
0.000759854
0.00156092
0.00227228
0.00337228
0.0043203
0.00553014
0.00655005
0.00771992
0.00868376
0.00970811
0.0105205
0.0113184
0.0119057
0.0124106
0.0127277
0.0129119
0.0129632
0.0128663
0.0127165
0.012438
0.0121697
0.0118232
0.0116689
0.02604
0.0267934
0.0279257
0.0293414
0.0306434
0.031799
0.032765
0.0335047
0.0339914
0.034186
0.034095
0.0336789
0.0329766
0.0319457
0.0306555
0.0290603
0.027254
0.025196
0.0229955
0.0206272
0.0182058
0.0157249
0.013293
0.0109184
0.00869745
0.00663947
0.00482863
0.00326596
0.00202063
0.00108808
0.000518034
0.000299416
0.00045989
0.00098108
0.00186776
0.00309372
0.004642
0.00647842
0.00856736
0.0108671
0.0133282
0.0159025
0.0185329
0.0211665
0.0237458
0.0262158
0.0285255
0.0306209
0.0324645
0.0340059
0.0352269
0.0360835
0.0365799
0.0366813
0.0364154
0.0357583
0.0347591
0.0334063
0.0317662
0.0298404
0.0277052
0.0253756
0.0229297
0.0203958
0.0178441
0.0153158
0.0128641
0.010542
0.00837743
0.00643433
0.00470882
0.00327417
0.00209157
0.00124114
0.000649022
0.000399173
0.00038389
0.000681188
0.00115288
0.00186681
0.00267135
0.00362865
0.00459793
0.00563538
0.00662368
0.0076118
0.00850823
0.00934912
0.0100692
0.0106876
0.0111673
0.0115176
0.0117297
0.0118138
0.011788
0.0116653
0.011469
0.0112138
0.0110185
0.0108653
0.0248784
0.0256212
0.0270411
0.0284282
0.0297412
0.0308667
0.0318908
0.0326066
0.0331752
0.0333551
0.0333618
0.0329401
0.0323459
0.0313178
0.0301375
0.0285531
0.0268411
0.0248005
0.0226603
0.0203136
0.0179121
0.0154538
0.0130117
0.0106595
0.00842542
0.00638878
0.0045768
0.00303249
0.00180006
0.000881903
0.000341022
0.000132229
0.000340169
0.000866555
0.00182037
0.00304736
0.00468282
0.00651701
0.00871216
0.0110077
0.0135913
0.0161607
0.0189253
0.021555
0.0242742
0.0267423
0.0291906
0.0312872
0.0332601
0.0348067
0.0361405
0.0370062
0.0375926
0.0377071
0.0375033
0.0368622
0.0358938
0.034559
0.0329163
0.0310086
0.0288365
0.0265234
0.0240064
0.021485
0.018829
0.0163073
0.0137198
0.0113966
0.00906774
0.0071145
0.00520063
0.00374638
0.00235717
0.00147807
0.000668918
0.000382692
0.000151969
0.000409808
0.000690159
0.00136727
0.00201292
0.00294111
0.00378495
0.00480381
0.00569912
0.00667931
0.00751494
0.00835777
0.00904803
0.00967791
0.0101544
0.0105247
0.0107529
0.0108629
0.0108638
0.0107676
0.0106145
0.0103797
0.0101575
0.0100113
0.0240019
0.0246983
0.0261119
0.0274257
0.0287183
0.0298074
0.0308039
0.0315225
0.0320622
0.0322847
0.032264
0.0319229
0.0313037
0.0303897
0.0291871
0.0277407
0.0260106
0.0241175
0.0219654
0.0197616
0.017355
0.0150259
0.0125837
0.0103467
0.0081143
0.00618167
0.00437112
0.0029171
0.00168564
0.000839328
0.000298875
0.000140662
0.000348437
0.000903909
0.00185697
0.00309383
0.004728
0.00655726
0.00875067
0.0110324
0.013614
0.0161675
0.0189299
0.0215482
0.0242653
0.0267325
0.0291788
0.0312898
0.0332612
0.0348402
0.0361729
0.0370899
0.0376759
0.0378588
0.0376551
0.0370959
0.0361283
0.0348824
0.033241
0.0314213
0.0292509
0.027015
0.0245
0.0220348
0.0193809
0.0168842
0.0142988
0.0119609
0.00963391
0.00762049
0.00570814
0.00414609
0.00275798
0.00172577
0.000917261
0.000439896
0.000209353
0.000253047
0.00053384
0.000995915
0.0016452
0.00237788
0.00323083
0.00408587
0.00499608
0.00584955
0.00670438
0.00745951
0.00817164
0.00875321
0.00925358
0.00961302
0.00986632
0.00999671
0.0100211
0.00996564
0.00982921
0.0096482
0.00943039
0.00931467
0.0231911
0.0238443
0.0252461
0.0264959
0.0277665
0.0288264
0.029794
0.0305186
0.031029
0.0312934
0.0312447
0.030981
0.0303358
0.0295302
0.0283053
0.0269882
0.0252414
0.023485
0.021322
0.0192504
0.016839
0.0146296
0.0121874
0.0100569
0.00782618
0.00598987
0.00418064
0.00281023
0.00157968
0.000799902
0.000259845
0.000148471
0.000356094
0.000938501
0.00189086
0.00313687
0.00476983
0.00659454
0.00878634
0.0110553
0.013635
0.0161737
0.0189341
0.0215419
0.024257
0.0267235
0.029168
0.0312923
0.0332622
0.0348712
0.036203
0.0371674
0.0377529
0.0379992
0.0377957
0.0373123
0.0363453
0.0351819
0.0335417
0.0318034
0.0296346
0.0274702
0.0249571
0.0225439
0.019892
0.0174185
0.0148349
0.0124835
0.0101582
0.00808907
0.00617812
0.00451624
0.00312914
0.00195516
0.00114724
0.00049287
0.000262494
0.000107876
0.000389079
0.000652014
0.00130467
0.0018563
0.00271768
0.00342101
0.00434503
0.00508186
0.00595376
0.00662854
0.00736003
0.00789744
0.00841936
0.00876903
0.0090453
0.00919478
0.00924074
0.00922326
0.00910244
0.00897096
0.00875737
0.00866992
0.0226098
0.0232619
0.0242802
0.0255168
0.0266834
0.0277179
0.0286011
0.0292968
0.0297659
0.0300018
0.029962
0.0296715
0.0290867
0.0282566
0.02714
0.0258022
0.0242072
0.0224361
0.0204622
0.0183824
0.0161831
0.013972
0.0117462
0.00961762
0.00758552
0.00575069
0.0041089
0.00273964
0.00163545
0.000856367
0.00039299
0.000281812
0.000511866
0.00109395
0.00201493
0.00326011
0.00481325
0.00663671
0.00871009
0.0109775
0.0134136
0.0159506
0.0185581
0.0211641
0.0237338
0.0261986
0.0285212
0.0306441
0.0325295
0.0341374
0.035432
0.0363959
0.0369972
0.0372435
0.0371087
0.0366258
0.0357753
0.0346129
0.0331267
0.0313897
0.029398
0.0272352
0.0249049
0.0224935
0.0200117
0.0175399
0.0150961
0.0127463
0.0105153
0.00844735
0.00657418
0.00491317
0.0035019
0.00232835
0.00143495
0.000780573
0.000408161
0.000251938
0.000349839
0.000611557
0.00106821
0.00162254
0.00230071
0.00301244
0.00378142
0.00453117
0.00528266
0.00597359
0.0066216
0.00717756
0.00765623
0.00802638
0.00830029
0.00847067
0.00854865
0.00854879
0.00847236
0.00834933
0.0082327
0.00814592
0.0217049
0.0223556
0.023423
0.0246478
0.0257513
0.0267629
0.0276087
0.0282776
0.0287363
0.0289452
0.028927
0.0286109
0.0280818
0.0272277
0.0261994
0.0248404
0.0233608
0.0215734
0.0197328
0.0176433
0.0155847
0.0133702
0.011283
0.00915512
0.00725334
0.00541966
0.00389267
0.00252426
0.00150894
0.000730354
0.000323539
0.000212431
0.000463916
0.00104563
0.00195365
0.00319805
0.00470802
0.00653033
0.00853744
0.0108034
0.0131594
0.0156948
0.0182187
0.020823
0.0233161
0.0257794
0.028042
0.0301635
0.0320133
0.0336203
0.0349092
0.0358725
0.0365004
0.0367465
0.0366701
0.0361875
0.0354231
0.0342614
0.032882
0.0311462
0.0292724
0.0271111
0.0248985
0.0224886
0.0201121
0.017642
0.0152794
0.012931
0.0107471
0.0086805
0.00681334
0.00515338
0.00370387
0.00253106
0.00155634
0.000902366
0.000413204
0.000257075
0.000214681
0.000477297
0.00078923
0.00134726
0.00189189
0.00261133
0.00326768
0.00402882
0.00469378
0.00539869
0.00598871
0.00656049
0.00701003
0.00739747
0.00766839
0.00785637
0.00795043
0.00796564
0.00791866
0.00780308
0.00769773
0.00761163
0.0208291
0.0214623
0.0226348
0.0238201
0.02489
0.0258612
0.0266882
0.0273221
0.0277741
0.027959
0.0279495
0.0276233
0.0271206
0.0262718
0.025288
0.02395
0.0225293
0.0207784
0.019005
0.0169651
0.0149766
0.0128197
0.0108012
0.00873277
0.00689797
0.00511875
0.00365169
0.00232646
0.00135813
0.00060785
0.000231603
0.000131739
0.000395982
0.000971219
0.0018747
0.00309585
0.0045863
0.00637109
0.0083475
0.0105655
0.0128844
0.0153661
0.0178519
0.020402
0.0228612
0.0252751
0.0275126
0.0295946
0.0314317
0.0330127
0.0343039
0.0352575
0.0359035
0.0361575
0.0361145
0.0356567
0.0349389
0.033817
0.0324937
0.0308091
0.028996
0.0268927
0.0247396
0.0223894
0.020065
0.0176506
0.0153267
0.0130252
0.0108614
0.00882867
0.00695951
0.00531759
0.00384251
0.00267061
0.00164755
0.000977786
0.000420864
0.000235174
0.000115428
0.000339828
0.000575052
0.00109265
0.00156854
0.00225098
0.00285132
0.00358249
0.00420667
0.00489073
0.00545614
0.00601747
0.00645809
0.00684548
0.00712077
0.00731716
0.00742404
0.00745214
0.00742469
0.00732246
0.00720961
0.00712961
0.0201384
0.0207296
0.0218972
0.0230061
0.0240592
0.0249682
0.0257715
0.0263635
0.0267897
0.0269614
0.0269265
0.0266214
0.0260946
0.0253038
0.0242977
0.0230537
0.0216141
0.0199884
0.0182018
0.0163095
0.0143145
0.0123156
0.010296
0.00838192
0.0065481
0.00490696
0.00344069
0.00222504
0.00125723
0.000578909
0.000202866
0.000131773
0.000395873
0.000955034
0.00185802
0.00302069
0.00451032
0.00620052
0.00817586
0.0102727
0.0125904
0.0149365
0.017421
0.0198345
0.0222923
0.0245819
0.0268182
0.0288003
0.0306365
0.0321522
0.0334427
0.0343724
0.0350181
0.0352923
0.0352494
0.0348548
0.0341374
0.0331164
0.0317939
0.030239
0.028427
0.0264706
0.0243187
0.0221193
0.0197961
0.0175227
0.0152
0.0130168
0.0108541
0.00890653
0.00703838
0.00544121
0.00396693
0.00279624
0.00177373
0.00106277
0.000506147
0.000243196
0.000123474
0.000247068
0.000483194
0.000891718
0.00137085
0.00194926
0.00255586
0.00319733
0.00383042
0.00444485
0.00502109
0.00553607
0.00598912
0.00635411
0.00664295
0.00683818
0.00695812
0.007
0.00698197
0.00690365
0.00679328
0.00672787
0.0194988
0.020051
0.0212142
0.0222522
0.0232898
0.0241411
0.0249226
0.0254757
0.025878
0.0260374
0.0259791
0.0256936
0.0251445
0.0244074
0.0233806
0.0222237
0.0207667
0.0192567
0.0174581
0.0157023
0.0137013
0.0118488
0.00982809
0.00805702
0.0062241
0.00471082
0.00324529
0.00213111
0.00116379
0.000552108
0.000176253
0.000131804
0.000395772
0.000940045
0.00184258
0.00295108
0.00443997
0.00604255
0.00801691
0.0100016
0.0123181
0.0145387
0.017022
0.0193089
0.0217655
0.0239399
0.0261751
0.0280648
0.0299
0.0313554
0.0326452
0.0335527
0.0341981
0.0344911
0.0344482
0.0341122
0.0333952
0.0324677
0.0311458
0.0297112
0.0279
0.0260798
0.0239289
0.0218691
0.0195472
0.0174042
0.0150827
0.013009
0.0108474
0.00897864
0.00711142
0.00555569
0.00408214
0.00291258
0.00189058
0.00114147
0.000585124
0.000250625
0.000130925
0.000161168
0.000398128
0.000705644
0.00118778
0.00166985
0.00228225
0.00284065
0.00348199
0.00403192
0.00461821
0.00509027
0.00555482
0.00589906
0.00620046
0.00639462
0.00652665
0.00658129
0.00657199
0.0065158
0.00640773
0.00635583
0.0189164
0.0194349
0.0205748
0.0215532
0.0225694
0.0233723
0.0241272
0.0246485
0.0250239
0.0251746
0.0250918
0.0248251
0.0242551
0.0235665
0.0225235
0.0214434
0.0199765
0.0185677
0.0167669
0.0151299
0.0131341
0.0114085
0.00939838
0.00775106
0.00593042
0.0045272
0.00307211
0.00204527
0.00108528
0.000530957
0.000158705
0.000137181
0.000400679
0.000932125
0.00183012
0.00289198
0.00437261
0.00589977
0.00786282
0.00975099
0.0120541
0.0141666
0.0166356
0.0188135
0.0212561
0.0233314
0.0255541
0.0273643
0.0291898
0.0305931
0.0318767
0.0327651
0.0334084
0.0337176
0.0336768
0.0333912
0.0326804
0.0318334
0.0305212
0.02919
0.0273911
0.0256881
0.0235511
0.0216115
0.0193037
0.0172731
0.014965
0.0129856
0.0108356
0.00903467
0.00717637
0.00565633
0.00418849
0.00301994
0.00200023
0.00121832
0.00066069
0.000264404
0.00014067
9.06358e-05
0.000322259
0.000543679
0.00102097
0.00142183
0.0020313
0.00252054
0.00316144
0.00365835
0.00424693
0.0046843
0.00515425
0.00548269
0.00579231
0.00598754
0.00612906
0.00619645
0.00619516
0.00615871
0.00605526
0.00601503
0.018486
0.0190037
0.0199265
0.020896
0.021835
0.0226197
0.0233065
0.0238054
0.0241375
0.024265
0.0241719
0.0238827
0.0233391
0.0226291
0.0216503
0.020551
0.0191859
0.0177623
0.0160976
0.0144516
0.0126166
0.0108876
0.00904698
0.0073999
0.00573562
0.00433301
0.00300598
0.00197958
0.00110994
0.000555855
0.00022853
0.000207015
0.000465867
0.000997085
0.00184089
0.00290229
0.00428348
0.00580998
0.00763662
0.00952398
0.0116654
0.013777
0.016073
0.01825
0.0205238
0.0225981
0.0246712
0.0264806
0.0281892
0.0295919
0.0308019
0.0316899
0.0323093
0.0326183
0.0326055
0.03232
0.0316862
0.0308395
0.0296463
0.0283157
0.0266672
0.0249648
0.0229963
0.0210576
0.0189221
0.0168924
0.0147462
0.0127676
0.0107565
0.00895633
0.00720384
0.00568446
0.00428283
0.00311478
0.00211912
0.00133755
0.000763101
0.000366848
0.000190171
0.000139782
0.000294036
0.000515829
0.00090614
0.0013092
0.00183445
0.00232807
0.00289564
0.00339886
0.00393016
0.00437543
0.0048079
0.00514559
0.00543908
0.00564415
0.00578865
0.00586462
0.00587709
0.00584491
0.00578053
0.00574063
0.0180745
0.0185916
0.0193283
0.0202896
0.0211579
0.0219258
0.0225503
0.0230286
0.0233212
0.0234273
0.0233249
0.0230148
0.0224956
0.0217658
0.0208457
0.0197289
0.0184569
0.0170196
0.0154795
0.0138252
0.0121374
0.0104053
0.00871987
0.00707301
0.00555165
0.00414959
0.0029399
0.00191391
0.00112705
0.000573184
0.000287005
0.000265498
0.000520058
0.00105106
0.00184519
0.00290616
0.00419622
0.00572211
0.00742378
0.00931039
0.0113037
0.0134144
0.0155522
0.0177283
0.0198476
0.0219211
0.0238575
0.0256661
0.0272679
0.02867
0.0298127
0.0307004
0.0312981
0.031607
0.0316199
0.0313345
0.0307714
0.0299251
0.028841
0.0275109
0.0260002
0.0242985
0.0224844
0.0205465
0.0185689
0.01654
0.0145421
0.0125644
0.0106806
0.00888112
0.00722565
0.00570687
0.00436597
0.00319838
0.00222481
0.00144355
0.000854203
0.000457988
0.000232949
0.000182257
0.000265608
0.000487783
0.000798427
0.00120355
0.0016517
0.0021494
0.0026499
0.00315896
0.00363789
0.00409046
0.00448867
0.00483488
0.00511367
0.0053278
0.00547505
0.00555894
0.00558412
0.00555587
0.0055251
0.00548552
0.0174787
0.0179949
0.0188021
0.0197561
0.0205781
0.0213316
0.0219198
0.0223809
0.02265
0.0227385
0.0226313
0.0223042
0.0218031
0.021057
0.02018
0.0190485
0.0178437
0.0163948
0.0149426
0.0132811
0.0116952
0.00996025
0.00838115
0.00673445
0.00531442
0.00391288
0.00278843
0.00176282
0.00103616
0.000482502
0.000225874
0.000204375
0.000455136
0.000985946
0.00174323
0.00280381
0.00402729
0.00555262
0.007164
0.00904991
0.0109373
0.0130473
0.0150731
0.0172484
0.0192598
0.0213326
0.0231745
0.0249825
0.0265119
0.0279135
0.0290122
0.0298995
0.0304856
0.0307944
0.0308291
0.0305439
0.0300344
0.0291884
0.0281851
0.0268555
0.0254461
0.023745
0.0220442
0.0201069
0.0182451
0.0162169
0.014328
0.012351
0.0105608
0.00876201
0.00717816
0.00565994
0.00436423
0.00319707
0.00224043
0.00145946
0.000859809
0.000463733
0.000205875
0.0001554
0.000191204
0.000414363
0.000671082
0.0010786
0.00147389
0.00197555
0.00242993
0.00294423
0.00338765
0.00384648
0.00422168
0.00457505
0.0048431
0.00506478
0.00521105
0.0053016
0.00533357
0.00530869
0.00527189
0.00523262
0.016927
0.0174424
0.0183148
0.0192622
0.0200412
0.0207814
0.0213359
0.0217812
0.0220284
0.0221007
0.021989
0.0216461
0.0211618
0.0204007
0.0195635
0.0184184
0.0172759
0.0158163
0.0144454
0.0127772
0.0112856
0.00954807
0.00806748
0.00642092
0.00509474
0.00369368
0.00264816
0.0016229
0.000951994
0.000398525
0.000169263
0.000147772
0.000395014
0.000925642
0.0016488
0.00270902
0.00387086
0.00539567
0.00692343
0.00880869
0.0105981
0.0127073
0.0146295
0.0168041
0.0187154
0.0207875
0.022542
0.0243494
0.0258117
0.0272129
0.0282708
0.0291579
0.0297332
0.0300419
0.0300969
0.0298117
0.0293519
0.0285061
0.0275778
0.0262486
0.024933
0.0232325
0.0216365
0.0196999
0.0179452
0.0159177
0.0141297
0.0121533
0.0104499
0.00865171
0.00713419
0.00561649
0.00436261
0.00319586
0.0022549
0.00147419
0.000865
0.000469053
0.000180802
0.000130528
0.000122301
0.000346371
0.000553152
0.000962894
0.00130923
0.00181455
0.00222623
0.00274537
0.0031559
0.00362054
0.00397444
0.00433444
0.00459254
0.00482121
0.00496657
0.00506328
0.00510155
0.00507978
0.0050374
0.00499842
0.0166123
0.0171196
0.0180118
0.0189474
0.0196973
0.020431
0.0209561
0.0213985
0.0216202
0.0216944
0.0215642
0.0212298
0.0207348
0.0199896
0.0191503
0.018028
0.0168933
0.0154623
0.0141094
0.012474
0.0110091
0.00930602
0.00785742
0.0062441
0.00495018
0.00357867
0.00255963
0.00155725
0.000905029
0.000365708
0.000145599
0.000128251
0.000374273
0.000898633
0.0016103
0.00265434
0.00379542
0.00529553
0.00679516
0.00864935
0.0104058
0.0124803
0.0143676
0.0165068
0.0183846
0.0204239
0.022149
0.0239293
0.0253689
0.0267508
0.027795
0.0286725
0.0292441
0.0295537
0.0296155
0.0293417
0.0288984
0.0280735
0.0271702
0.0258695
0.0245853
0.0229184
0.0213576
0.0194568
0.0177382
0.0157458
0.0139917
0.0120471
0.0103728
0.00860042
0.00710528
0.00560577
0.00436607
0.00320891
0.00227336
0.00149354
0.000881219
0.000478228
0.000179897
0.000116381
9.40367e-05
0.000301064
0.000492922
0.000884268
0.00121757
0.00170516
0.0021073
0.00261097
0.00301619
0.00346876
0.00382209
0.00417383
0.00443621
0.00466001
0.00481318
0.00490776
0.00495501
0.00493449
0.00489093
0.00485393
0.0164207
0.0169159
0.0178066
0.0187192
0.0194643
0.0201778
0.0206962
0.0211233
0.0213377
0.0214046
0.0212671
0.0209355
0.0204333
0.0197022
0.0188561
0.0177594
0.016619
0.0152241
0.0138672
0.0122761
0.0108093
0.00915475
0.00770592
0.00614045
0.0048469
0.00351787
0.00249913
0.00152966
0.000877629
0.000358669
0.000138624
0.000127264
0.000373213
0.000888601
0.00160006
0.00262089
0.00376164
0.00522629
0.00672548
0.00853505
0.0102909
0.0123156
0.0142024
0.016291
0.0181682
0.0201606
0.0218852
0.0236264
0.0250657
0.0264199
0.0274638
0.0283276
0.028899
0.0292101
0.0292718
0.0290144
0.0285713
0.0277763
0.0268733
0.0256134
0.0243296
0.0227109
0.0211505
0.0193013
0.0175831
0.0156413
0.0138877
0.0119885
0.0103147
0.00857934
0.00708464
0.00561117
0.00437183
0.00322837
0.00229309
0.00151442
0.00090228
0.000488995
0.000190703
0.000108153
8.58947e-05
0.000268901
0.000461276
0.000827399
0.00116191
0.00162614
0.00203017
0.0025145
0.00292214
0.00336073
0.00371692
0.00406059
0.00432617
0.00454746
0.00470378
0.00480007
0.00484965
0.00483384
0.00479089
0.00475696
0.0162432
0.0167272
0.0176166
0.018508
0.0192485
0.0199432
0.0204554
0.0208684
0.0210761
0.0211362
0.0209919
0.0206629
0.0201541
0.0194359
0.0185837
0.0175106
0.0163649
0.0150034
0.013643
0.0120928
0.0106243
0.00901466
0.00756562
0.00604446
0.00475125
0.00346157
0.0024431
0.00150411
0.000852255
0.00035215
0.000132165
0.000126349
0.000372232
0.00087931
0.00159057
0.00258991
0.00373035
0.00516217
0.00666095
0.00842921
0.0101846
0.0121631
0.0140494
0.0160911
0.0179678
0.0199167
0.0216409
0.0233459
0.0247848
0.0261135
0.0271571
0.0280082
0.0285795
0.0288918
0.0289535
0.0287113
0.0282683
0.027501
0.0265983
0.0253762
0.0240928
0.0225187
0.0209588
0.0191572
0.0174396
0.0155445
0.0137914
0.0119342
0.0102609
0.00855983
0.00706553
0.00561617
0.00437717
0.00324639
0.00231137
0.00153376
0.000921783
0.000498966
0.000200709
0.000100533
7.83546e-05
0.000239116
0.00043197
0.000774734
0.00111036
0.00155295
0.00195874
0.00242516
0.00283505
0.00326069
0.00361953
0.00395572
0.00422426
0.00444323
0.00460246
0.00470034
0.00475209
0.00474063
0.00469825
0.00466716
0.0160788
0.0165525
0.0174406
0.0183123
0.0190487
0.0197261
0.0202325
0.0206324
0.0208338
0.0208877
0.0207371
0.0204105
0.0198955
0.0191894
0.0183314
0.0172801
0.0161297
0.0147991
0.0134353
0.011923
0.0104529
0.00888493
0.00743569
0.00595556
0.00466268
0.00340943
0.00239122
0.00148045
0.000828757
0.000346114
0.000126184
0.000125503
0.000371323
0.000870706
0.00158179
0.00256123
0.00370138
0.00510279
0.00660119
0.00833119
0.0100862
0.0120219
0.0139077
0.015906
0.0177822
0.0196909
0.0214146
0.0230862
0.0245247
0.0258298
0.0268731
0.0277124
0.0282836
0.0285971
0.0286588
0.0284306
0.0279878
0.0272462
0.0263436
0.0251566
0.0238735
0.0223408
0.0207812
0.0190238
0.0173066
0.0154548
0.0137021
0.011884
0.0102111
0.00854175
0.00704783
0.00562081
0.00438212
0.00326308
0.00232829
0.00155167
0.000939843
0.0005082
0.000209975
9.34763e-05
7.13721e-05
0.000211533
0.00040483
0.000725962
0.00106263
0.00148518
0.0018926
0.00234243
0.00275439
0.00316804
0.00352934
0.00385861
0.00412989
0.00434671
0.00450863
0.00460798
0.00466174
0.00465431
0.00461247
0.00458401
0.0159266
0.0163906
0.0172776
0.0181311
0.0188637
0.0195249
0.0200261
0.0204138
0.0206094
0.0206575
0.0205011
0.0201767
0.0196561
0.0189611
0.0180977
0.0170668
0.0159118
0.0146099
0.013243
0.0117658
0.0102942
0.00876479
0.00731537
0.00587324
0.00458065
0.00336114
0.00234317
0.00145853
0.000806996
0.000340523
0.000120645
0.000124718
0.000370481
0.000862739
0.00157365
0.00253466
0.00367455
0.0050478
0.00654585
0.00824041
0.00999498
0.0118912
0.0137765
0.0157346
0.0176103
0.0194818
0.0212051
0.0228457
0.0242839
0.025567
0.0266101
0.0274385
0.0280095
0.0283242
0.0283859
0.0281707
0.0277279
0.0270101
0.0261078
0.0249532
0.0236704
0.022176
0.0206168
0.0189003
0.0171835
0.0153718
0.0136195
0.0118375
0.010165
0.00852502
0.00703144
0.0056251
0.0043867
0.00327853
0.00234396
0.00156825
0.000956569
0.000516752
0.000218557
8.69414e-05
6.49058e-05
0.00018599
0.000379698
0.000680797
0.00101843
0.00142242
0.00183134
0.00226581
0.0026797
0.00308225
0.00344582
0.00376868
0.00404249
0.00425732
0.00442175
0.00452245
0.00457807
0.00457437
0.00453302
0.004507
0.0157857
0.0162408
0.0171267
0.0179634
0.0186924
0.0193387
0.019835
0.0202114
0.0204016
0.0204444
0.0202826
0.0199602
0.0194344
0.0187497
0.0178814
0.0168692
0.01571
0.0144347
0.0130649
0.0116203
0.0101473
0.00865353
0.00720394
0.005797
0.00450469
0.00331643
0.00229868
0.00143824
0.000786844
0.000335346
0.000115515
0.000123992
0.000369702
0.00085536
0.00156612
0.00251006
0.0036497
0.00499687
0.0064946
0.00815635
0.00991054
0.0117701
0.013655
0.0155758
0.0174512
0.0192881
0.021011
0.0226229
0.0240608
0.0253237
0.0263665
0.0271848
0.0277557
0.0280714
0.0281331
0.02793
0.0274873
0.0267915
0.0258894
0.0247649
0.0234823
0.0220234
0.0204645
0.0187859
0.0170694
0.0152949
0.013543
0.0117944
0.0101223
0.00850952
0.00701627
0.00562907
0.00439094
0.00329284
0.00235847
0.00158361
0.000972058
0.000524671
0.000226504
8.08896e-05
5.89177e-05
0.000162335
0.000356423
0.000638972
0.000977494
0.00136431
0.00177462
0.00219486
0.00261053
0.0030028
0.00336847
0.00368539
0.00396156
0.00417454
0.00434128
0.00444325
0.00450058
0.00450034
0.00445945
0.00443568
0.0156552
0.016102
0.0169869
0.017808
0.0185337
0.0191662
0.0196579
0.020024
0.0202092
0.020247
0.0200802
0.0197597
0.019229
0.0185539
0.017681
0.0166862
0.0155232
0.0142724
0.0129
0.0114854
0.0100112
0.0085505
0.00710076
0.0057264
0.00443435
0.00327502
0.00225747
0.00141945
0.000768182
0.000330552
0.000110765
0.000123319
0.00036898
0.000848527
0.00155915
0.00248728
0.00362669
0.00494971
0.00644714
0.00807851
0.00983234
0.0116579
0.0135425
0.0154288
0.0173038
0.0191087
0.0208313
0.0224167
0.0238543
0.0250983
0.026141
0.02695
0.0275207
0.0278374
0.027899
0.0277071
0.0272645
0.0265891
0.0256871
0.0245904
0.0233081
0.0218821
0.0203235
0.01868
0.0169639
0.0152237
0.0134722
0.0117545
0.0100827
0.00849516
0.00700221
0.00563275
0.00439487
0.0033061
0.00237191
0.00159783
0.000986402
0.000532004
0.000233863
7.52853e-05
5.33723e-05
0.000140429
0.00033487
0.000600238
0.000939585
0.00131048
0.00172209
0.00212915
0.00254648
0.00292922
0.00329685
0.00360827
0.00388661
0.00409788
0.00426677
0.0043699
0.00442883
0.00443179
0.00439132
0.00436964
0.0156864
0.0161318
0.0169696
0.0177833
0.0185136
0.0191335
0.0196331
0.0199851
0.0201802
0.0202046
0.0200493
0.0197164
0.0191983
0.0185122
0.0176524
0.0166486
0.0154983
0.0142416
0.0128807
0.0114639
0.00999947
0.00853983
0.00709799
0.0057268
0.00444069
0.00328442
0.00227125
0.00143559
0.000787419
0.000351236
0.000133082
0.000146038
0.000391711
0.000870572
0.00157952
0.00250593
0.00364204
0.00496245
0.00645512
0.00808321
0.00983114
0.0116531
0.013531
0.0154136
0.0172818
0.0190833
0.0207997
0.0223821
0.0238145
0.0250565
0.0260956
0.0269035
0.0274725
0.0277892
0.0278511
0.0276604
0.0272199
0.0265466
0.0256484
0.0245546
0.0232772
0.0218546
0.0203017
0.0186619
0.0169515
0.0152151
0.0134689
0.0117546
0.0100874
0.00850263
0.00701319
0.00564572
0.00441004
0.00332237
0.00238899
0.00161511
0.00100316
0.000548136
0.00024808
8.84255e-05
6.30748e-05
0.000149316
0.000338977
0.00060447
0.000937978
0.00131026
0.00171533
0.00212499
0.00253552
0.00292193
0.00328293
0.00359905
0.00387131
0.00408804
0.00425189
0.00436028
0.00441606
0.00442205
0.00438665
0.00436542
0.0157316
0.0161769
0.0169621
0.0177757
0.0185024
0.0191222
0.019618
0.0199698
0.0201626
0.0201865
0.0200308
0.0196974
0.0191807
0.0184939
0.0176371
0.0166328
0.0154869
0.0142298
0.0128747
0.0114579
0.0100001
0.00854064
0.00710572
0.00573477
0.0044545
0.00329843
0.00228977
0.00145425
0.000809289
0.00037318
0.000156714
0.000169668
0.000415359
0.000894138
0.00160137
0.00252763
0.00366034
0.00498052
0.00646828
0.00809608
0.00983793
0.0116595
0.0135307
0.0154129
0.0172743
0.0190755
0.0207853
0.0223675
0.0237946
0.0250364
0.0260717
0.0268795
0.0274467
0.0277633
0.0278255
0.0276348
0.0271965
0.0265233
0.025629
0.0245354
0.0232631
0.0218407
0.0202935
0.018654
0.0169496
0.0152134
0.0134728
0.0117588
0.0100963
0.00851184
0.00702602
0.00565878
0.00442536
0.00333788
0.00240532
0.00163158
0.00101907
0.00056411
0.000262179
0.000102439
7.40494e-05
0.000160145
0.000346147
0.000611556
0.000941301
0.00131361
0.00171519
0.00212498
0.00253254
0.00291916
0.00327797
0.00359434
0.00386544
0.00408243
0.00424622
0.00435479
0.00441109
0.00441715
0.0043888
0.00436757
0.0157734
0.0162188
0.0169552
0.0177687
0.018492
0.0191117
0.0196041
0.0199556
0.0201463
0.0201698
0.0200137
0.0196797
0.0191643
0.018477
0.017623
0.0166181
0.0154764
0.0142189
0.0128692
0.0114523
0.0100007
0.00854138
0.00711287
0.00574215
0.00446729
0.0033114
0.00230693
0.00147154
0.000829541
0.000393502
0.000178599
0.000191552
0.000437258
0.000915961
0.00162161
0.00254771
0.00367727
0.00499724
0.00648047
0.00810801
0.00984422
0.0116655
0.0135304
0.0154123
0.0172672
0.0190681
0.0207721
0.022354
0.0237761
0.0250177
0.0260496
0.0268572
0.0274228
0.0277394
0.0278018
0.0276111
0.0271749
0.0265018
0.025611
0.0245176
0.02325
0.0218279
0.020286
0.0186467
0.0169478
0.0152119
0.0134764
0.0117627
0.0101046
0.00852038
0.00703791
0.00567088
0.00443955
0.00335225
0.00242044
0.00164682
0.00103381
0.000578903
0.000275235
0.000115416
8.42126e-05
0.000170174
0.000352788
0.000618118
0.000944378
0.00131672
0.00171506
0.00212497
0.00252977
0.00291659
0.00327337
0.00358998
0.00386
0.00407722
0.00424097
0.0043497
0.00440649
0.00441261
0.00439079
0.00436956
0.0158122
0.0162575
0.0169488
0.0177622
0.0184825
0.0191021
0.0195911
0.0199424
0.0201312
0.0201543
0.0199978
0.0196634
0.0191492
0.0184614
0.0176099
0.0166045
0.0154666
0.0142088
0.0128641
0.0114471
0.0100012
0.00854208
0.00711949
0.00574899
0.00447914
0.00332342
0.00232282
0.00148755
0.000848296
0.000412321
0.000198866
0.000211817
0.000457538
0.000936171
0.00164035
0.00256631
0.00369296
0.00501274
0.00649175
0.00811906
0.00985004
0.0116711
0.0135301
0.0154118
0.0172607
0.0190614
0.0207598
0.0223415
0.023759
0.0250004
0.0260291
0.0268366
0.0274006
0.0277172
0.0277798
0.0275891
0.0271548
0.0264818
0.0255944
0.0245011
0.0232378
0.0218159
0.020279
0.01864
0.0169461
0.0152105
0.0134797
0.0117663
0.0101123
0.00852829
0.00704891
0.00568209
0.0044527
0.00336555
0.00243445
0.00166094
0.00104746
0.000592602
0.000287326
0.000127433
9.36244e-05
0.000179462
0.000358937
0.000624195
0.000947227
0.0013196
0.00171494
0.00212496
0.00252721
0.00291421
0.00326911
0.00358594
0.00385496
0.0040724
0.00423611
0.00434499
0.00440223
0.00440841
0.00439264
0.00437141
0.015848
0.0162933
0.0169429
0.0177562
0.0184736
0.0190931
0.0195792
0.0199303
0.0201172
0.02014
0.0199831
0.0196482
0.0191352
0.0184469
0.0175978
0.0165919
0.0154576
0.0141995
0.0128593
0.0114423
0.0100017
0.00854272
0.00712563
0.00575532
0.00449011
0.00333454
0.00233753
0.00150238
0.000865664
0.000429749
0.000217635
0.000230584
0.000476319
0.000954886
0.0016577
0.00258354
0.00370749
0.00502708
0.0065022
0.00812928
0.00985544
0.0116762
0.0135298
0.0154113
0.0172547
0.0190551
0.0207484
0.0223299
0.0237432
0.0249844
0.0260101
0.0268175
0.0273801
0.0276966
0.0277595
0.0275688
0.0271362
0.0264634
0.025579
0.0244859
0.0232266
0.0218049
0.0202726
0.0186338
0.0169445
0.0152092
0.0134828
0.0117696
0.0101194
0.00853561
0.0070591
0.00569247
0.00446487
0.00337787
0.00244742
0.00167401
0.0010601
0.000605288
0.000298523
0.000138563
0.00010234
0.000188063
0.000364632
0.000629822
0.000949866
0.00132226
0.00171482
0.00212496
0.00252484
0.002912
0.00326517
0.0035822
0.0038503
0.00406794
0.00423161
0.00434062
0.00439828
0.00440452
0.00439435
0.00437312
)
;

boundaryField
{
    inlet
    {
        type            cyclic;
    }
    outlet
    {
        type            cyclic;
    }
    top
    {
        type            zeroGradient;
    }
    hills
    {
        type            zeroGradient;
    }
    front
    {
        type            empty;
    }
    back
    {
        type            empty;
    }
}


// ************************************************************************* //
