/*--------------------------------*- C++ -*----------------------------------*\
| =========                 |                                                 |
| \\      /  F ield         | OpenFOAM: The Open Source CFD Toolbox           |
|  \\    /   O peration     | Version:  v2106                                 |
|   \\  /    A nd           | Website:  www.openfoam.com                      |
|    \\/     M anipulation  |                                                 |
\*---------------------------------------------------------------------------*/
FoamFile
{
    version     2.0;
    format      ascii;
    arch        "LSB;label=32;scalar=64";
    class       volScalarField;
    location    "0";
    object      expGpCoeffs22;
}
// * * * * * * * * * * * * * * * * * * * * * * * * * * * * * * * * * * * * * //

dimensions      [0 0 0 0 0 0 0];

internalField   nonuniform List<scalar> 
8000
(
5.99849e-06
6.94264e-06
2.5421e-05
7.1959e-05
0.000159171
0.000277319
0.000359427
0.000393849
0.000346525
0.000226151
0.000214887
0.000334439
0.000876838
0.00186185
0.00338702
0.00544679
0.00777281
0.0103578
0.0127976
0.0150829
0.0170124
0.0185691
0.0197882
0.020653
0.0212751
0.0216471
0.0218259
0.0218121
0.0216092
0.021217
0.0206406
0.0198813
0.0189602
0.01788
0.0166762
0.0153525
0.0139554
0.0124893
0.0110067
0.00951235
0.00805931
0.00665237
0.00534036
0.00412742
0.00305419
0.00212396
0.00136623
0.00078312
0.000391076
0.000190997
0.000185284
0.000373541
0.000744048
0.00129514
0.00200183
0.00286131
0.00383724
0.00492586
0.00608244
0.00730268
0.00853751
0.00978232
0.0109883
0.0121512
0.0132271
0.0142124
0.0150725
0.0158046
0.0163864
0.0168165
0.0170863
0.0171954
0.0171491
0.0169482
0.0165957
0.0160913
0.0153838
0.0144786
0.0132961
0.0118522
0.0101788
0.00829103
0.00640617
0.00453185
0.00295566
0.00168172
0.000814282
0.000350932
0.000135566
0.000149377
0.000180493
0.000216998
0.000200419
0.000132137
8.00995e-05
5.96586e-05
8.34486e-05
0.000143478
0.000194343
0.000227922
5.92246e-06
6.86641e-06
2.18386e-05
6.83274e-05
0.000156922
0.000275039
0.000368156
0.000402888
0.000350124
0.000229814
0.000192219
0.000311174
0.000829807
0.00181389
0.00334625
0.00540557
0.00776883
0.0103541
0.0128234
0.015109
0.0170441
0.0186009
0.019812
0.0206767
0.0212911
0.0216631
0.021841
0.0218273
0.0216246
0.0212324
0.0206548
0.0198956
0.0189718
0.0178918
0.0166841
0.0153606
0.0139588
0.0124929
0.0110054
0.00951121
0.0080534
0.00664664
0.00533045
0.00411766
0.00304115
0.00211105
0.00135116
0.000768129
0.000375192
0.000175139
0.00016984
0.000358073
0.000730269
0.00128129
0.00199082
0.00285019
0.00382989
0.00491837
0.00607932
0.0072994
0.0085388
0.00978345
0.0109938
0.0121565
0.0132361
0.0142213
0.015084
0.015816
0.0163993
0.0168294
0.0170993
0.0172084
0.0171611
0.0169602
0.0166081
0.0161038
0.0154036
0.0144985
0.0133194
0.0118756
0.0101905
0.00830252
0.00639195
0.00451764
0.00291953
0.00164612
0.000783434
0.000320728
0.000127231
0.000141274
0.000186998
0.000223319
0.00020246
0.000134083
7.41064e-05
5.38292e-05
8.28927e-05
0.000142928
0.000197054
0.000230626
5.84036e-06
6.78409e-06
1.79703e-05
6.44058e-05
0.000154494
0.000272576
0.000377583
0.000412648
0.00035401
0.00023377
0.000167741
0.000286053
0.00077902
0.0017621
0.00330222
0.00536105
0.00776452
0.01035
0.0128512
0.0151372
0.0170784
0.0186352
0.0198377
0.0207024
0.0213083
0.0216803
0.0218574
0.0218436
0.0216412
0.0212491
0.0206701
0.019911
0.0189843
0.0179044
0.0166926
0.0153693
0.0139625
0.0124968
0.0110039
0.00950998
0.00804702
0.00664046
0.00531975
0.00410713
0.00302708
0.0020971
0.0013349
0.000751942
0.00035804
0.000158014
0.000153163
0.00034137
0.00071539
0.00126634
0.00197893
0.00283819
0.00382195
0.00491028
0.00607595
0.00729587
0.0085402
0.00978468
0.0109997
0.0121622
0.0132458
0.0142308
0.0150965
0.0158284
0.0164133
0.0168432
0.0171133
0.0172225
0.017174
0.0169732
0.0166216
0.0161173
0.015425
0.01452
0.0133447
0.0119008
0.010203
0.00831493
0.00637658
0.00450229
0.00288053
0.00160768
0.000750122
0.000288114
0.000118232
0.000132525
0.000194022
0.000230145
0.000204664
0.000136184
6.76349e-05
4.75345e-05
8.22924e-05
0.000142334
0.000199982
0.000233546
5.75171e-06
6.6952e-06
1.37931e-05
6.01711e-05
0.000151872
0.000269916
0.000387762
0.000423187
0.000358207
0.000238041
0.000141309
0.000258925
0.000724179
0.00170618
0.00325468
0.00531298
0.00775988
0.0103457
0.0128813
0.0151677
0.0171154
0.0186723
0.0198655
0.02073
0.021327
0.0216989
0.021875
0.0218613
0.0216591
0.021267
0.0206866
0.0199276
0.0189979
0.0179181
0.0167018
0.0153787
0.0139665
0.0125011
0.0110024
0.00950865
0.00804014
0.00663378
0.00530819
0.00409575
0.00301188
0.00208205
0.00131733
0.000734462
0.000339519
0.000139523
0.000135155
0.000323334
0.000699324
0.00125019
0.0019661
0.00282522
0.00381338
0.00490155
0.00607232
0.00729205
0.00854171
0.009786
0.011006
0.0121684
0.0132563
0.0142412
0.0151099
0.0158418
0.0164283
0.0168582
0.0171285
0.0172376
0.017188
0.0169872
0.0166361
0.0161319
0.0154481
0.0145432
0.0133719
0.011928
0.0102166
0.00832833
0.00635999
0.00448572
0.0028384
0.00156617
0.000714151
0.000252895
0.000108513
0.000123077
0.000201606
0.000237516
0.000207044
0.000138453
6.06466e-05
4.07371e-05
8.16441e-05
0.000141692
0.000203143
0.000236699
5.65598e-06
6.59922e-06
9.28235e-06
5.6061e-05
0.000149041
0.000267044
0.000398753
0.000434568
0.000362738
0.000242654
0.000112766
0.000229632
0.000664959
0.00164579
0.00320335
0.00526107
0.00775486
0.010341
0.0129137
0.0152006
0.0171553
0.0187123
0.0198955
0.0207599
0.0213472
0.021719
0.0218941
0.0218804
0.0216785
0.0212865
0.0207044
0.0199456
0.0190125
0.0179329
0.0167117
0.0153888
0.0139708
0.0125056
0.0110007
0.00950722
0.0080327
0.00662657
0.00529571
0.00408347
0.00299547
0.00206578
0.00129836
0.000715587
0.000319519
0.000119555
0.000115709
0.000303857
0.000681974
0.00123275
0.00195224
0.00281122
0.00380412
0.00489212
0.00606839
0.00728792
0.00854334
0.00978743
0.0110129
0.0121751
0.0132676
0.0142523
0.0151244
0.0158562
0.0164446
0.0168744
0.0171449
0.017254
0.0172031
0.0170023
0.0166518
0.0161477
0.015473
0.0145682
0.0134013
0.0119574
0.0102313
0.0083428
0.00634207
0.00446783
0.00279292
0.00152134
0.000675308
0.000214864
9.80191e-05
0.000112875
0.000209796
0.000245475
0.000209615
0.000140903
5.31005e-05
3.33971e-05
8.19886e-05
0.000141
0.000206557
0.000240104
6.99085e-06
7.57201e-06
1.09334e-05
5.44781e-05
0.000146521
0.000262924
0.000408713
0.000444305
0.000367605
0.000248082
8.36353e-05
0.000200617
0.00060453
0.0015815
0.00314785
0.00520318
0.00774944
0.010336
0.0129488
0.0152361
0.0171985
0.0187556
0.0199279
0.0207922
0.0213442
0.0217147
0.0218888
0.0218744
0.0216728
0.021281
0.0206975
0.0199399
0.0190035
0.0179261
0.0167002
0.0153803
0.0139567
0.0124949
0.010984
0.0094943
0.00801402
0.00661153
0.00527561
0.00406665
0.00297468
0.00204761
0.00127758
0.000696535
0.000299389
0.000100124
9.6782e-05
0.00028457
0.000664734
0.00121413
0.00193706
0.00279378
0.00379125
0.00487632
0.00605789
0.00727415
0.0085351
0.00977579
0.0110066
0.0121656
0.0132625
0.0142447
0.01512
0.0158498
0.01644
0.0168688
0.0171395
0.0172484
0.0171963
0.0169962
0.0166462
0.0161435
0.0154999
0.0145952
0.0134331
0.0119891
0.0102471
0.00835842
0.00632273
0.00444851
0.00274305
0.00147335
0.00063537
0.000176483
8.81696e-05
0.000102559
0.000218525
0.000253912
0.000211337
0.000143181
5.03652e-05
3.09677e-05
8.88095e-05
0.000149909
0.000212737
0.00024627
1.14978e-05
1.07978e-05
1.41759e-05
5.27688e-05
0.000144792
0.000258032
0.000403747
0.000447755
0.000371119
0.000261589
9.74561e-05
0.000197169
0.000601173
0.00151911
0.00308454
0.00506204
0.00761164
0.0101582
0.0127705
0.0150652
0.0170179
0.0185883
0.0197352
0.02059
0.0211129
0.0214701
0.0216442
0.0216225
0.0214209
0.021031
0.0204476
0.0197014
0.0187652
0.0177083
0.0164826
0.0151909
0.0137675
0.0123394
0.0108288
0.00937519
0.00789519
0.00652831
0.00519264
0.00401562
0.00292386
0.00202229
0.0012524
0.000688272
0.0002912
9.8884e-05
9.55431e-05
0.000279856
0.000659949
0.00119592
0.00191872
0.00275346
0.00375074
0.0048074
0.00598874
0.00717286
0.00843358
0.00964142
0.010872
0.0120005
0.0130971
0.0140537
0.0149289
0.0156401
0.0162302
0.0166489
0.0169195
0.0170272
0.016975
0.0167821
0.0164322
0.0159427
0.0153244
0.014433
0.0132913
0.0118471
0.0101107
0.00823178
0.00619561
0.00436417
0.00265735
0.00144515
0.000607523
0.000181801
9.33086e-05
0.00011018
0.000225986
0.00025285
0.000210283
0.000142606
4.97574e-05
3.84815e-05
9.6175e-05
0.000161691
0.000224447
0.000258238
1.63646e-05
1.42811e-05
1.76773e-05
5.0923e-05
0.000142925
0.00025275
0.000398385
0.000451479
0.000374914
0.000276175
0.00011238
0.000193445
0.000597549
0.00145174
0.00301617
0.00490964
0.00745669
0.00994415
0.0125532
0.0148303
0.0167802
0.0183496
0.0194952
0.0203403
0.0208631
0.0212059
0.02138
0.0213504
0.0211489
0.020761
0.0201777
0.0194438
0.0185078
0.0174731
0.0162477
0.0149863
0.0135632
0.0121714
0.0106611
0.00924657
0.00776687
0.00643844
0.00510304
0.00396052
0.00286897
0.00199495
0.00122522
0.000679349
0.000282358
9.75455e-05
9.42052e-05
0.000274766
0.000654782
0.00117627
0.00189892
0.00270992
0.00370699
0.00473297
0.00591407
0.0070635
0.00832396
0.00949632
0.0107266
0.0118221
0.0129186
0.0138475
0.0147225
0.0154138
0.0160037
0.0164114
0.016682
0.0167883
0.0167362
0.0165508
0.016201
0.015726
0.0151078
0.0142311
0.0130904
0.0116608
0.0099265
0.00807853
0.00604469
0.00427013
0.0025648
0.00141469
0.000577453
0.000187544
9.8858e-05
0.000118408
0.000234042
0.000251703
0.000209144
0.000141985
4.9101e-05
4.65952e-05
0.000104129
0.000174415
0.000237093
0.000271161
2.162e-05
1.80426e-05
2.14583e-05
4.89299e-05
0.00014091
0.000247046
0.000392595
0.000455501
0.000379012
0.000291925
0.000128496
0.000189424
0.000593635
0.00137899
0.00294234
0.00474506
0.00728937
0.00971305
0.0123185
0.0145766
0.0165236
0.0180918
0.0192361
0.0200707
0.0205934
0.0209207
0.0210947
0.0210567
0.0208552
0.0204694
0.0198863
0.0191657
0.0182299
0.0172191
0.0159939
0.0147654
0.0133427
0.01199
0.01048
0.00910768
0.0076283
0.0063414
0.00500629
0.00390101
0.00280971
0.00196543
0.00119587
0.000669714
0.00027281
9.61e-05
9.27604e-05
0.00026927
0.000649202
0.00115504
0.00187753
0.00266289
0.00365976
0.0046526
0.00583345
0.0069454
0.00820559
0.00933964
0.0105697
0.0116295
0.0127257
0.0136248
0.0144996
0.0151693
0.0157591
0.016155
0.0164256
0.0165303
0.0164782
0.0163012
0.0159514
0.0154919
0.0148739
0.014013
0.0128735
0.0114595
0.00972757
0.00791305
0.00588173
0.00416858
0.00246486
0.0013818
0.000544982
0.000193744
0.00010485
0.000127294
0.000242742
0.000250464
0.000207914
0.000141315
4.83922e-05
5.53567e-05
0.000112717
0.000188154
0.000250747
0.000285116
2.7295e-05
2.21043e-05
2.55411e-05
4.67776e-05
0.000138733
0.000240887
0.000386342
0.000459844
0.000383437
0.000308933
0.000145899
0.000185083
0.000589409
0.00130043
0.00286262
0.00456735
0.0071087
0.0094635
0.012065
0.0143026
0.0162466
0.0178134
0.0189564
0.0197796
0.0203022
0.0206127
0.0207866
0.0207395
0.020538
0.0201546
0.0195716
0.0188654
0.0179298
0.0169448
0.01572
0.0145269
0.0131045
0.0117941
0.0102845
0.0089577
0.00747867
0.00623661
0.00490182
0.00383675
0.00274571
0.00193355
0.00116417
0.00065931
0.0002625
9.45391e-05
9.12004e-05
0.000263334
0.000643177
0.00113212
0.00185444
0.00261212
0.00360875
0.00456581
0.00574638
0.00681787
0.00807776
0.00917045
0.0104002
0.0114215
0.0125175
0.0133844
0.014259
0.0149053
0.015495
0.0158782
0.0161486
0.0162518
0.0161996
0.0160315
0.0156819
0.0152392
0.0146213
0.0137775
0.0126392
0.0112423
0.00951276
0.00773436
0.00570575
0.00405892
0.00235694
0.00134629
0.000509918
0.00020044
0.000111321
0.000136889
0.000252136
0.000249126
0.000206586
0.000140592
4.76268e-05
6.48177e-05
0.000121992
0.00020299
0.000265493
0.000300185
3.34231e-05
2.64904e-05
2.995e-05
4.44535e-05
0.000136382
0.000234236
0.00037959
0.000464534
0.000388216
0.000327299
0.000164691
0.000180394
0.000584845
0.0012156
0.00277653
0.00437545
0.00691359
0.00919402
0.0117914
0.0140068
0.0159474
0.0175128
0.0186542
0.0194652
0.0199876
0.02028
0.020454
0.0203969
0.0201956
0.0198146
0.0192318
0.0185411
0.0176058
0.0166486
0.0154241
0.0142694
0.0128473
0.0115826
0.0100734
0.00879575
0.0073171
0.00612345
0.004789
0.00376737
0.0026766
0.00189912
0.00112994
0.000648075
0.000251367
9.28537e-05
8.95157e-05
0.000256925
0.000636671
0.00110737
0.00182951
0.00255729
0.00355366
0.0044721
0.00565236
0.00668016
0.00793973
0.00898775
0.0102172
0.011197
0.0122927
0.0131247
0.0139991
0.0146203
0.0152098
0.0155792
0.0158496
0.0159509
0.0158988
0.0157404
0.0153908
0.0149663
0.0143485
0.0135232
0.0123862
0.0110076
0.0092808
0.0075414
0.00551572
0.0039405
0.00224041
0.00130794
0.000472054
0.000207671
0.000118309
0.00014725
0.00026228
0.000247682
0.000205152
0.000139811
4.68004e-05
7.50342e-05
0.000132006
0.000219011
0.000281415
0.000316457
4.00404e-05
3.12266e-05
3.47108e-05
4.19439e-05
0.000133844
0.000227054
0.000372299
0.000469598
0.000393375
0.000347131
0.000184983
0.000175331
0.000579917
0.001124
0.00268357
0.00416822
0.00670291
0.00890303
0.0114959
0.0136873
0.0156243
0.0171882
0.018328
0.0191258
0.019648
0.0199209
0.0200948
0.0200271
0.0198257
0.0194475
0.0188648
0.0181909
0.0172558
0.0163288
0.0151046
0.0139912
0.0125696
0.0113542
0.00984537
0.00862086
0.00714262
0.00600126
0.00466718
0.00369244
0.00260198
0.00186194
0.00109297
0.000635943
0.000239344
9.10336e-05
8.76966e-05
0.000250004
0.000629645
0.00108065
0.00180258
0.00249809
0.00349418
0.0043709
0.00555084
0.00653145
0.00779067
0.00879047
0.0100195
0.0109545
0.0120498
0.0128443
0.0137185
0.0143125
0.0149018
0.0152563
0.0155267
0.0156261
0.015574
0.015426
0.0150765
0.0146715
0.014054
0.0132486
0.0121131
0.0107543
0.00903032
0.00733304
0.00531052
0.00381263
0.00211457
0.00126653
0.000431168
0.000215479
0.000125854
0.000158439
0.000273234
0.000246122
0.000203603
0.000138967
4.59079e-05
8.60663e-05
0.000142821
0.000236311
0.000298608
0.000334028
4.97952e-05
3.99116e-05
4.50995e-05
4.9446e-05
0.000129286
0.000220475
0.000357614
0.000464622
0.000403344
0.00036787
0.000223437
0.000194483
0.000578227
0.00105968
0.00254277
0.00394136
0.00640457
0.00852618
0.011102
0.0132485
0.0152017
0.0167481
0.017878
0.0186659
0.0191296
0.0193888
0.0195517
0.0194766
0.0192721
0.0188958
0.0183218
0.0176596
0.016745
0.0158389
0.0146458
0.0135612
0.0121787
0.0109976
0.00953276
0.00834521
0.00691191
0.00580695
0.0045149
0.00357278
0.00251783
0.00180384
0.00106086
0.000621094
0.000238842
9.76253e-05
9.59145e-05
0.000254662
0.000623249
0.00106054
0.0017599
0.00243295
0.00339714
0.00424484
0.00538659
0.00633436
0.00755268
0.00851896
0.00970822
0.0106119
0.0116722
0.0124405
0.0132873
0.0138624
0.0144341
0.0147783
0.015042
0.0151401
0.0150921
0.0149514
0.0146132
0.0142218
0.0136575
0.0128678
0.0117486
0.01042
0.00869741
0.00705313
0.0050585
0.0036308
0.00198996
0.0012051
0.000413433
0.000233424
0.000144303
0.000180007
0.00027994
0.000243505
0.000199852
0.00013514
5.7774e-05
0.000106711
0.000169678
0.000267023
0.000323356
0.000359053
6.31967e-05
5.33311e-05
5.66152e-05
6.11162e-05
0.000123568
0.000214656
0.00033322
0.000439531
0.000423537
0.000388655
0.000297669
0.000270761
0.000583064
0.001065
0.00229538
0.00368905
0.00583219
0.00794356
0.0103246
0.0124607
0.0143707
0.0159107
0.0170439
0.0178304
0.0182758
0.018535
0.0186647
0.0185896
0.0183752
0.0179991
0.0174509
0.0167889
0.0159357
0.0150299
0.0139297
0.0128455
0.0115803
0.0103996
0.00906651
0.00787934
0.00658084
0.00547623
0.00431028
0.00336846
0.00242004
0.00170629
0.00104129
0.00060167
0.000262489
0.000121318
0.000124511
0.000283208
0.000618648
0.0010558
0.00168745
0.00236028
0.00322876
0.00407619
0.00510336
0.00605083
0.00714647
0.00811244
0.0091823
0.0100857
0.0110407
0.0118087
0.0125733
0.0131482
0.0136673
0.0140114
0.0142551
0.0143531
0.0143176
0.0141769
0.0138726
0.0134813
0.0129444
0.0121559
0.0110739
0.00975052
0.00812903
0.00649225
0.00470092
0.00327946
0.00188218
0.00109931
0.000451277
0.000270189
0.000187489
0.00022205
0.000275001
0.000238679
0.000191876
0.000127354
8.46016e-05
0.000132818
0.000203987
0.000300871
0.000357077
0.000392724
7.794e-05
6.80934e-05
6.51094e-05
6.98043e-05
0.000113122
0.000204192
0.000306879
0.000412436
0.000445342
0.0004111
0.000377829
0.000353129
0.000588287
0.00107074
0.00202823
0.00341659
0.0052141
0.00731442
0.00948513
0.01161
0.0134733
0.0150065
0.0161431
0.0169282
0.0173538
0.0176129
0.0177068
0.0176318
0.0174068
0.0170308
0.0165105
0.0158487
0.0150617
0.0141562
0.0131564
0.0120726
0.0109341
0.00975381
0.00856303
0.00737628
0.00622334
0.00511912
0.00408933
0.00314784
0.00231445
0.00160095
0.00102017
0.000580695
0.000288024
0.000146902
0.000155391
0.000314033
0.000613679
0.00105068
0.00160921
0.0022818
0.00304695
0.00389408
0.00479752
0.00574466
0.00670783
0.00767346
0.0086144
0.00951751
0.0103587
0.0111265
0.0118023
0.012377
0.0128393
0.0131832
0.0134053
0.0135033
0.0134813
0.0133407
0.0130729
0.0126818
0.0121743
0.0113871
0.0103455
0.00902762
0.00751526
0.00588659
0.00431479
0.00290007
0.0017658
0.00098508
0.000492142
0.00030989
0.000234122
0.00026745
0.000269667
0.000233468
0.000183263
0.000118946
0.000108654
0.000155985
0.000245116
0.00034153
0.00039447
0.000430067
9.82337e-05
8.84132e-05
6.71075e-05
7.18289e-05
7.73525e-05
0.000167464
0.000299765
0.00040518
0.000508514
0.000476245
0.000419912
0.000396327
0.000413839
0.000892178
0.00152215
0.00289942
0.00445592
0.00654233
0.00864832
0.0107622
0.0126592
0.0141862
0.0153075
0.0160912
0.0164398
0.0166989
0.0167394
0.0166644
0.0164277
0.0160518
0.0155551
0.0148936
0.0141657
0.0132606
0.0123523
0.0112688
0.0102474
0.00906756
0.00800996
0.00682365
0.0058086
0.00470479
0.0038055
0.00286437
0.00214262
0.00142938
0.000931597
0.00049229
0.000246966
0.000105897
0.000122402
0.000280984
0.000549291
0.000986128
0.00147753
0.00214987
0.00281891
0.00366572
0.0044534
0.00540018
0.00623891
0.00720417
0.0080235
0.00892626
0.00965962
0.0104271
0.0110179
0.0115924
0.0119992
0.012343
0.0125426
0.0126406
0.0126291
0.0124885
0.0122696
0.0118786
0.011447
0.010661
0.00966248
0.00834975
0.0068659
0.00524578
0.00378858
0.00238345
0.00147204
0.000697676
0.00043641
0.000255425
0.00028612
0.000318071
0.00029282
0.000255845
0.000155757
9.2217e-05
0.000104754
0.000152231
0.000297203
0.000392919
0.000450662
0.000486183
0.000120276
0.000110487
7.48746e-05
7.71081e-05
4.00598e-05
0.000131751
0.000292238
0.000397547
0.000580356
0.000550271
0.000461972
0.000439532
0.000214216
0.000687873
0.000953786
0.00231887
0.00362257
0.00569393
0.00775918
0.00986116
0.0118162
0.0133367
0.0144307
0.0152131
0.0154573
0.0157162
0.0156983
0.0156234
0.0153739
0.0149982
0.0145266
0.0138654
0.0132008
0.012296
0.0114856
0.0104026
0.00950646
0.00832712
0.00741222
0.00622639
0.0053592
0.00425584
0.00349659
0.00255584
0.00195395
0.001241
0.000832423
0.000393294
0.000198941
5.79297e-05
8.32131e-05
0.000241731
0.000476589
0.000913249
0.00133281
0.00200487
0.00257095
0.00341742
0.00408105
0.00502745
0.0057328
0.00669767
0.00738662
0.00828902
0.00890668
0.00967386
0.0101735
0.0107478
0.011095
0.0114386
0.0116139
0.0117119
0.0117115
0.011571
0.0114054
0.0110145
0.0106811
0.00989642
0.00894899
0.00764178
0.00616743
0.00455654
0.00320303
0.0018083
0.00113818
0.000370832
0.00037007
0.000190582
0.000342393
0.000372854
0.000320421
0.000282572
0.000125888
6.32256e-05
0.000103877
0.000149646
0.000351277
0.000448856
0.000511265
0.000546659
0.000152239
0.000140748
0.000105314
8.92123e-05
5.24e-05
0.000114293
0.000275095
0.000388538
0.000580448
0.000596094
0.000505821
0.000481642
0.000233563
0.000562339
0.000780677
0.0018673
0.00312349
0.00491029
0.0069592
0.0088812
0.0108381
0.0122683
0.0133471
0.014062
0.0142777
0.0144847
0.0144624
0.0143716
0.0141212
0.0137717
0.0133023
0.0127095
0.0120501
0.0112524
0.0104498
0.00950466
0.00861867
0.00759712
0.00669369
0.00567273
0.00481739
0.0038724
0.00312434
0.00232253
0.0017302
0.0011257
0.000724216
0.000354745
0.000164433
4.93987e-05
7.53545e-05
0.00021504
0.000447202
0.000822875
0.00123668
0.00181184
0.00236969
0.00309261
0.00374633
0.00455402
0.0052487
0.00607228
0.00675082
0.00752186
0.00813028
0.00878715
0.00927951
0.0097732
0.0101156
0.0104139
0.0105872
0.0106769
0.0106774
0.0105641
0.0104027
0.0100701
0.00975444
0.00904741
0.00811468
0.00691824
0.00545135
0.00402059
0.00269004
0.00152378
0.000894445
0.000307308
0.000338315
0.000220841
0.000383298
0.000390841
0.000334993
0.00027675
0.000115944
7.7209e-05
0.000120742
0.000204652
0.000405174
0.000511015
0.000573057
0.000604243
0.000186753
0.000173425
0.000138184
0.000102283
6.57256e-05
9.54417e-05
0.000255862
0.000378804
0.000570698
0.000642046
0.000552988
0.000526713
0.000279558
0.000433819
0.000649241
0.00140088
0.00264806
0.00408992
0.00612596
0.0078213
0.00976684
0.0110757
0.0121491
0.0127785
0.0129941
0.0131407
0.0131183
0.0130091
0.0127589
0.0124398
0.0119707
0.0114576
0.0107985
0.0101252
0.00932304
0.00853821
0.00765264
0.00681467
0.00591166
0.00508252
0.00422758
0.00346683
0.00271912
0.00207895
0.00148691
0.00100857
0.000607277
0.000318844
0.000128623
4.38143e-05
6.97578e-05
0.000187532
0.000419584
0.000724307
0.00113792
0.00160035
0.00215793
0.00273711
0.00339053
0.00403683
0.00473118
0.0053904
0.00606862
0.00668683
0.00729496
0.0078235
0.00831562
0.00871558
0.00905784
0.00930339
0.00947661
0.00955669
0.0095572
0.0094755
0.00931419
0.00904932
0.00873384
0.00812586
0.00719728
0.00614612
0.00468741
0.00348166
0.0021594
0.0012699
0.00064539
0.000275158
0.000306951
0.000264206
0.000425718
0.000405484
0.000349153
0.000266055
0.00010534
9.59356e-05
0.000138953
0.000264051
0.000463375
0.000578137
0.000639783
0.000666425
0.000224023
0.000208711
0.000173678
0.000116397
8.01151e-05
7.50849e-05
0.000235092
0.000368294
0.00056017
0.000691667
0.000603922
0.000575383
0.000329225
0.000295037
0.000507311
0.000897224
0.00213468
0.00320404
0.00522619
0.00667677
0.00861001
0.00978778
0.0108555
0.0113926
0.011608
0.0116894
0.011667
0.0115379
0.0112878
0.0110017
0.0105327
0.0101057
0.00944692
0.00890803
0.00810629
0.0074946
0.00660949
0.00596975
0.0050672
0.00444518
0.00359068
0.00302888
0.00228155
0.00181593
0.00122419
0.00088209
0.000481002
0.000280077
8.99528e-05
3.77841e-05
6.37144e-05
0.000157827
0.000389761
0.00061787
0.00103127
0.00137196
0.00192926
0.00235323
0.00300632
0.00347835
0.00417235
0.00465408
0.00533195
0.00578513
0.00639294
0.0067829
0.00727478
0.00757353
0.00791561
0.00810418
0.00827731
0.008347
0.00834752
0.0083
0.00813877
0.00794703
0.00763177
0.00713074
0.00620663
0.00531234
0.00386249
0.0028997
0.0015864
0.000995753
0.00037645
0.000240441
0.000273083
0.000311033
0.000471525
0.000421295
0.000364444
0.000254506
9.38885e-05
0.000116157
0.000158618
0.000328191
0.000526222
0.000650618
0.000711835
0.000733571
0.000270105
0.000254174
0.000223
0.000161446
0.000120197
0.000101784
0.000212293
0.000349179
0.000521245
0.000677428
0.000654984
0.000626432
0.00046016
0.000350041
0.000496609
0.000737033
0.00168689
0.00259457
0.00424629
0.00557787
0.00723276
0.00833818
0.00928525
0.00977888
0.00996395
0.0100199
0.0099895
0.00985271
0.00962266
0.00934941
0.00894071
0.00854737
0.00798583
0.00749958
0.00682508
0.00628117
0.00554344
0.00498128
0.0042345
0.00369351
0.0029908
0.00250682
0.00189558
0.00149823
0.00101683
0.000728011
0.000403833
0.000237125
8.56289e-05
4.62177e-05
7.07165e-05
0.000155561
0.000347355
0.00054549
0.000884425
0.0011775
0.00163312
0.00199638
0.00252987
0.00293374
0.00350086
0.00391316
0.00446793
0.00485655
0.00535536
0.00569111
0.0060967
0.00635585
0.00664052
0.00680679
0.00695453
0.00702015
0.0070274
0.00699323
0.00685977
0.00669663
0.00642173
0.00597087
0.00517141
0.00435719
0.00315067
0.00230089
0.00125933
0.000796164
0.000338094
0.000298011
0.000323944
0.000393979
0.000484946
0.000422099
0.0003506
0.000229733
0.00012129
0.000156237
0.000233099
0.000417702
0.00059632
0.000720698
0.000782676
0.000802772
0.000326277
0.000310418
0.000287708
0.000226942
0.000149488
0.000132122
0.000170472
0.000306313
0.000472373
0.000627372
0.000729538
0.000703036
0.000639711
0.000534024
0.00052664
0.000767878
0.0012326
0.00213185
0.00317073
0.00448784
0.00566853
0.00676228
0.00749692
0.00798802
0.00812163
0.0081775
0.00812375
0.00798704
0.00778982
0.00751674
0.00720763
0.00681452
0.00641409
0.00592813
0.00546491
0.00492132
0.00442872
0.00386689
0.00337959
0.00283893
0.00238947
0.00190578
0.001522
0.00112488
0.000828216
0.000539569
0.000344455
0.000177846
9.15367e-05
5.21492e-05
7.49192e-05
0.000159713
0.000285112
0.000483129
0.000698348
0.00099125
0.00127773
0.00164078
0.00197519
0.00237883
0.00273474
0.00314679
0.00349655
0.00388495
0.00420217
0.00453772
0.00479949
0.00505849
0.00524731
0.00541348
0.00551865
0.00558423
0.00560238
0.00556823
0.00548782
0.00532478
0.00512921
0.00468024
0.00410268
0.00329642
0.00250433
0.0016632
0.00107559
0.000615822
0.000439307
0.00039696
0.000443737
0.000510877
0.000491859
0.000428709
0.000309549
0.000189706
0.000148552
0.000182603
0.000330891
0.000512925
0.000703187
0.000826386
0.000860864
0.000880862
0.000394957
0.000379812
0.000367145
0.000306881
0.000149548
0.000131205
7.86351e-05
0.000213744
0.000456568
0.00061139
0.00088212
0.000859738
0.000809387
0.000707595
0.000369819
0.000607716
0.000515362
0.00140154
0.00196244
0.00326338
0.00416884
0.00525119
0.00576797
0.00625655
0.00620502
0.0062608
0.00615122
0.00601466
0.00584973
0.00557698
0.0053686
0.00497598
0.00473969
0.00425434
0.00400748
0.00346459
0.00322425
0.00266314
0.00244418
0.00190422
0.00171794
0.0012349
0.00108861
0.000692009
0.000589247
0.000300977
0.000242254
7.58589e-05
5.95521e-05
2.02122e-05
4.32461e-05
0.00012793
0.000186168
0.000383929
0.000472275
0.000764796
0.000877137
0.00123972
0.0013689
0.001772
0.00190995
0.00232149
0.00245954
0.00284744
0.00297693
0.00331202
0.00342479
0.00368347
0.00377257
0.00393852
0.00399879
0.00406428
0.00409266
0.00405857
0.00405439
0.00389155
0.00386615
0.00341908
0.00304811
0.00224983
0.00172675
0.000895883
0.000704426
0.000251296
0.000452075
0.000409389
0.000599415
0.000663203
0.000552654
0.000487794
0.000246098
0.000127915
0.000107239
0.000140594
0.000424099
0.000605569
0.000843444
0.000962689
0.000955364
0.000974164
0.000456112
0.000452777
0.000440527
0.000383432
0.000227688
0.00015507
0.000103135
0.000167852
0.0004103
0.000584986
0.000857957
0.00094929
0.000902052
0.000856751
0.000516492
0.00057646
0.000462217
0.000932125
0.00146341
0.00229875
0.00318045
0.00393732
0.00444412
0.00478736
0.0047561
0.00478165
0.00467214
0.0045692
0.00440439
0.00421579
0.00400755
0.00374455
0.00350842
0.00318871
0.00294202
0.00258796
0.00234779
0.00198403
0.00176522
0.00141626
0.00123011
0.000918231
0.00077205
0.000515771
0.00041308
0.000226367
0.000167685
5.9405e-05
4.31096e-05
1.68991e-05
3.99169e-05
9.41066e-05
0.000152304
0.000279982
0.000368267
0.000557591
0.000669854
0.000904719
0.00103381
0.0012949
0.00143276
0.00169918
0.00183714
0.00208806
0.00221747
0.00243408
0.00254678
0.00271401
0.00280306
0.0029106
0.00297083
0.00301391
0.00304227
0.00302163
0.00301745
0.00291216
0.00286826
0.00256285
0.00219998
0.0016722
0.00116905
0.000677209
0.000507454
0.000301181
0.000514433
0.00052071
0.000710056
0.000690654
0.000578004
0.00045632
0.000213579
0.000141371
0.000121658
0.000240745
0.000521735
0.00072705
0.000962412
0.00104861
0.0010408
0.00103857
0.00052215
0.000531567
0.000519516
0.000466095
0.000312066
0.000180841
0.000129592
0.000118297
0.000359756
0.000556412
0.000829112
0.00104599
0.00100121
0.00101782
0.000680966
0.000544949
0.000430013
0.000441637
0.000965337
0.00128384
0.00215491
0.00254447
0.0030453
0.00322282
0.0031915
0.0031844
0.00307497
0.00300834
0.00284365
0.00274591
0.00253784
0.0024148
0.00217884
0.00203799
0.00179149
0.00164135
0.00140135
0.00125069
0.00103205
0.000889335
0.000703326
0.000576285
0.000430214
0.000325463
0.000222849
0.0001458
8.7163e-05
4.16375e-05
2.53543e-05
1.33214e-05
3.63218e-05
5.75823e-05
0.000115736
0.000167737
0.000255955
0.000333843
0.000446022
0.000542972
0.000671966
0.000779715
0.000917465
0.00102719
0.00116505
0.00126806
0.00139736
0.00148604
0.00159866
0.00166716
0.00175614
0.00180061
0.00186079
0.00187968
0.00190802
0.0019019
0.00189772
0.00185457
0.00181075
0.00166686
0.00130783
0.00108501
0.000587904
0.000471952
0.00030528
0.000370556
0.000582539
0.000642805
0.000829531
0.000718941
0.000605377
0.000420946
0.000178709
0.000157497
0.000137227
0.000348893
0.000627167
0.000858229
0.00109088
0.00114056
0.00113306
0.00110812
0.000591386
0.000602724
0.000590276
0.000538491
0.000432339
0.000293154
0.000210936
0.000185379
0.000297275
0.000497417
0.000726459
0.000967788
0.00107326
0.00110429
0.000987307
0.000816218
0.000687016
0.000607734
0.000757534
0.000962657
0.00134533
0.0016454
0.00191594
0.00205239
0.00206777
0.0020544
0.0020061
0.00194647
0.00186119
0.00178095
0.00167336
0.00157726
0.00145418
0.00134773
0.00121674
0.0011058
0.0009745
0.000864818
0.000740275
0.000637221
0.000525574
0.000434052
0.000340372
0.000264758
0.000193011
0.000137045
9.00833e-05
5.6626e-05
3.60741e-05
2.67704e-05
3.2853e-05
4.77817e-05
7.91458e-05
0.000116596
0.00017023
0.000226695
0.000298028
0.000368456
0.00045165
0.000529928
0.000618376
0.000697953
0.000784864
0.000859433
0.000938475
0.00100258
0.00106842
0.00111794
0.00116664
0.00119899
0.00122826
0.0012425
0.00125166
0.00124831
0.00123317
0.00120198
0.00115202
0.00104761
0.000874256
0.000723525
0.000547013
0.00051097
0.000514937
0.000632164
0.000750816
0.000819043
0.000826216
0.000696894
0.000542831
0.000346562
0.000218798
0.000207154
0.000295702
0.000522911
0.000763729
0.000995158
0.00114665
0.00119167
0.00119379
0.00116546
0.000654729
0.000666129
0.000740784
0.000692045
0.000578468
0.000441989
0.000189653
0.000163415
0.000136654
0.000332399
0.000649842
0.000889625
0.00128302
0.00131944
0.0013961
0.00123417
0.000926005
0.000851081
0.000514536
0.000716291
0.000612598
0.000907173
0.00091366
0.00104872
0.00101817
0.00100482
0.00101474
0.000955169
0.000972259
0.000892088
0.000914085
0.000818062
0.000840587
0.000734239
0.000752258
0.000641423
0.000650316
0.00054073
0.00053742
0.000434457
0.000418319
0.000326878
0.000300101
0.000224554
0.000191771
0.000135853
0.000103124
6.96967e-05
4.30903e-05
3.37948e-05
1.8012e-05
3.29275e-05
3.03263e-05
6.77432e-05
7.79902e-05
0.000134405
0.00015476
0.000225127
0.0002512
0.000329409
0.000356176
0.000435683
0.000458467
0.000532971
0.000548276
0.000612328
0.000618315
0.000667782
0.000664391
0.000696712
0.000685433
0.000699661
0.000683037
0.000679697
0.000660333
0.000629168
0.00063575
0.000532085
0.000565978
0.000417573
0.000580761
0.000544357
0.000817841
0.000929557
0.00104559
0.00110725
0.000885267
0.00075423
0.000417533
0.000224186
0.000142065
0.000132723
0.000415161
0.000639173
0.00100077
0.0012294
0.00130604
0.0013473
0.00122501
0.00119667
0.000683817
0.000722281
0.000797051
0.000811368
0.000700936
0.000576742
0.000318514
0.000193245
0.000154391
0.00022748
0.000550305
0.000805118
0.00121701
0.00144204
0.00153657
0.00157292
0.00125499
0.00117935
0.000803217
0.000799146
0.000653619
0.000749303
0.000741441
0.000844066
0.00084244
0.00091291
0.00092589
0.000973956
0.000996777
0.00101843
0.00104769
0.00103663
0.00106732
0.00101968
0.00104606
0.000961536
0.000978296
0.00086096
0.00086446
0.000723067
0.000712293
0.000559802
0.000536793
0.000388959
0.000358384
0.000231778
0.000199869
0.000109293
8.23663e-05
3.85195e-05
2.15219e-05
2.92131e-05
2.4712e-05
8.20715e-05
8.9886e-05
0.000188698
0.00020619
0.000333242
0.00035611
0.000495201
0.000518497
0.000652927
0.000672093
0.000786778
0.000798513
0.000882003
0.000884639
0.000930324
0.000924007
0.000930259
0.00091671
0.000886612
0.000868541
0.000808724
0.000789238
0.000709433
0.000696541
0.000612557
0.000657713
0.000615748
0.000807608
0.000836762
0.00113143
0.00114845
0.00126089
0.00113978
0.000899626
0.000678984
0.000330771
0.000215032
0.00013509
0.00026535
0.000560314
0.00082856
0.00118945
0.00133864
0.00141066
0.001358
0.00123601
0.00117631
0.000710412
0.000768179
0.00083233
0.000889219
0.000820555
0.000707908
0.00049392
0.000290368
0.000220695
0.000195586
0.000437377
0.000703601
0.00107641
0.00145153
0.00162369
0.00181888
0.00165109
0.00157907
0.00129708
0.00113492
0.000994031
0.000933209
0.000937297
0.0010112
0.00108442
0.0012199
0.00128216
0.00141372
0.00147467
0.00157532
0.00162439
0.00167927
0.00170819
0.00170613
0.00170819
0.00164411
0.0016157
0.00149238
0.00143425
0.00126308
0.00118088
0.000981033
0.000884927
0.000681051
0.000584235
0.000402812
0.000319312
0.000184422
0.000126508
5.58665e-05
3.18135e-05
3.38956e-05
4.65474e-05
0.000119364
0.000165779
0.000297466
0.000369667
0.000540663
0.0006272
0.000813519
0.000901539
0.00107851
0.00115581
0.00130164
0.00135852
0.00145712
0.00148756
0.00153029
0.00153243
0.00151847
0.00149443
0.00142995
0.00138492
0.00128128
0.00122457
0.00110706
0.0010368
0.000970275
0.000988267
0.00102787
0.00117478
0.00125048
0.00143744
0.00137612
0.00137843
0.00111155
0.000855451
0.000563729
0.000287097
0.000233393
0.000220809
0.00046205
0.000746207
0.00104821
0.00133445
0.00142163
0.00144813
0.0013326
0.00122816
0.0011461
0.000682632
0.000740309
0.000893468
0.000951016
0.00102481
0.000917398
0.000721708
0.000524798
0.000244525
0.000219991
0.000203576
0.000464159
0.00083431
0.00120426
0.00173615
0.00193437
0.00224639
0.00218566
0.00216364
0.00201307
0.00188853
0.00183423
0.00188267
0.0019577
0.00220623
0.00234157
0.00258596
0.00271738
0.00291398
0.00301452
0.00313625
0.00319107
0.00321753
0.00321548
0.00313575
0.00307174
0.00288744
0.00276426
0.00249099
0.00232
0.0019866
0.00178698
0.00143242
0.00122877
0.000896852
0.00071563
0.000448496
0.000313755
0.000145316
7.47531e-05
2.54251e-05
2.75049e-05
0.000101191
0.000173927
0.000357752
0.000489292
0.000756015
0.000926821
0.00123932
0.00142544
0.00174248
0.00191925
0.00220142
0.00234708
0.00256212
0.00266061
0.00278719
0.00282987
0.00285949
0.00284554
0.00278223
0.00271782
0.00257601
0.00247248
0.00227476
0.00215738
0.0019379
0.0018703
0.00179546
0.00182922
0.0018427
0.00190956
0.00177424
0.0017065
0.00131513
0.0010491
0.000621853
0.000335169
0.000214645
0.000162746
0.000429363
0.000665323
0.00106303
0.0013562
0.00150739
0.00159039
0.00141962
0.00130462
0.00111224
0.00103039
0.000606782
0.000682222
0.000844027
0.000988202
0.00108899
0.00110691
0.000915425
0.000747629
0.000426199
0.000256675
0.000202865
0.000263057
0.000643133
0.000968816
0.00156663
0.00197632
0.00236693
0.00265465
0.00266962
0.00281351
0.0026914
0.00283285
0.00289659
0.00313707
0.00342176
0.00371426
0.00398709
0.00423985
0.0044571
0.00462575
0.00475874
0.00481746
0.00484391
0.00477703
0.00468531
0.004491
0.00428344
0.00397585
0.00367024
0.00327929
0.00290795
0.00247655
0.00208283
0.00166155
0.00129392
0.000934
0.000638927
0.000384709
0.000199441
8.16511e-05
2.84762e-05
5.96399e-05
0.000142629
0.00031536
0.000520113
0.000808557
0.00110488
0.0014689
0.00181573
0.00220706
0.00255882
0.00292808
0.00324122
0.00354473
0.00378357
0.00398889
0.00412983
0.00421919
0.00425273
0.00422401
0.00415452
0.00401975
0.00386313
0.0036451
0.00342502
0.00316284
0.00291594
0.00268427
0.00258983
0.00241296
0.00240712
0.00219446
0.00201025
0.00168565
0.00122598
0.00088687
0.000422226
0.00027886
0.000173552
0.000323654
0.000634713
0.0009354
0.00135894
0.00153055
0.00165573
0.00156698
0.00136199
0.00115876
0.000957051
0.000863437
0.000527778
0.000612058
0.000740569
0.000923289
0.00106191
0.00114855
0.00110546
0.000956744
0.000744828
0.000497476
0.000359442
0.000308651
0.000458463
0.000757511
0.00118896
0.00171366
0.00220693
0.00268939
0.00304127
0.00335808
0.00359063
0.00385453
0.00413162
0.00447141
0.00485202
0.00523072
0.00557251
0.00589181
0.00615015
0.00635613
0.00648948
0.00655031
0.00653395
0.00643147
0.00625606
0.00599025
0.00566522
0.00525646
0.00481089
0.00429928
0.00377969
0.00322115
0.00268632
0.00214567
0.00165884
0.00120093
0.00082098
0.000501245
0.000273945
0.000130271
8.15416e-05
0.00012867
0.000260891
0.00048848
0.000780422
0.00115494
0.00156529
0.0020353
0.00250898
0.00301287
0.00348921
0.00396404
0.0043852
0.00477529
0.00509394
0.00535786
0.00554271
0.00565767
0.00569622
0.0056594
0.00555768
0.00538433
0.00516389
0.00488305
0.00458045
0.00423883
0.00389284
0.00356275
0.00327038
0.0029651
0.00267083
0.00229667
0.00190435
0.00143757
0.00100931
0.00063167
0.000386344
0.000322935
0.000399906
0.000659913
0.000956227
0.00128906
0.0015273
0.00162892
0.00159897
0.00141827
0.00119674
0.000955455
0.000796604
0.000697265
0.000337439
0.00041307
0.000579291
0.000768616
0.00106881
0.00122141
0.00136224
0.00130935
0.00107903
0.000865666
0.000480941
0.00035123
0.000210854
0.000366056
0.000726746
0.0011557
0.00190179
0.00241467
0.00317664
0.00361811
0.00420698
0.00459375
0.00511581
0.00552181
0.00605902
0.00646872
0.00692916
0.00726562
0.00759232
0.0078054
0.00795238
0.00800874
0.00794563
0.00782699
0.00754543
0.00725315
0.0067707
0.00632797
0.00568847
0.00513928
0.00440923
0.00381391
0.00307483
0.00250264
0.00184045
0.00136001
0.000853189
0.000522637
0.000230857
8.93031e-05
4.48384e-05
0.000106634
0.000309816
0.000562612
0.000982071
0.00138896
0.00196653
0.00247174
0.00313109
0.0036683
0.00432595
0.00482771
0.00540453
0.00581166
0.00624323
0.00651216
0.00675647
0.00686393
0.00690503
0.00684948
0.00669705
0.00649641
0.00618152
0.00586842
0.0054366
0.00505654
0.00455984
0.00417047
0.00365392
0.00325804
0.00265654
0.00221603
0.00152625
0.00109076
0.000565403
0.000312352
0.000251483
0.000310997
0.000684872
0.000970519
0.0014262
0.00167504
0.00181766
0.00180424
0.00152281
0.0012854
0.000906969
0.000675053
0.000499675
0.000414698
0.0002044
0.000263625
0.000405306
0.000605626
0.000873217
0.00115675
0.00133844
0.00147691
0.00136827
0.00121674
0.000921622
0.000624537
0.000447754
0.000309009
0.000504444
0.00074301
0.0013116
0.0018885
0.00258866
0.00328439
0.00391845
0.00456308
0.00512054
0.00567614
0.00618316
0.00665774
0.00709819
0.00747073
0.00778313
0.00801124
0.00815313
0.0082003
0.00814285
0.00799051
0.007726
0.00737841
0.00692389
0.00641007
0.00580763
0.00517968
0.00449274
0.00382031
0.00312636
0.00248792
0.00186836
0.0013405
0.000869334
0.000515873
0.000249036
0.000111689
7.89604e-05
0.000171269
0.000372012
0.000677465
0.00108093
0.00155556
0.00210564
0.00268459
0.00330808
0.00391513
0.00453236
0.00509077
0.00562659
0.00606967
0.00646349
0.00674314
0.00695611
0.00704818
0.00706668
0.00697219
0.00680728
0.00654974
0.00623288
0.00585241
0.00542698
0.00496658
0.00448946
0.00396582
0.00343347
0.00284651
0.00225205
0.00167631
0.00109554
0.000722714
0.000375172
0.000375077
0.000428886
0.000744089
0.00108936
0.00143595
0.00176072
0.00184485
0.00186619
0.00161902
0.00132616
0.000974155
0.000650442
0.000435215
0.000285723
0.000228054
7.96119e-05
0.000117805
0.000176771
0.0003294
0.00060525
0.000878379
0.00130672
0.00151237
0.00172107
0.00167973
0.00147768
0.00124345
0.000792741
0.000604348
0.000293039
0.000382899
0.000552843
0.000966814
0.00160131
0.00219339
0.00298685
0.00358055
0.00424513
0.00475735
0.00523634
0.00566439
0.00607145
0.00640851
0.0067044
0.00691483
0.00705766
0.00710789
0.00706988
0.00694242
0.00671579
0.00641375
0.00601411
0.00556306
0.00502952
0.00447594
0.00386741
0.00327372
0.00266185
0.00209848
0.00155802
0.00109367
0.000691857
0.000383656
0.000170331
5.53562e-05
5.55754e-05
0.000145408
0.000355679
0.000634717
0.00102353
0.00145142
0.00196396
0.00248166
0.00304785
0.00358633
0.00413118
0.00462133
0.00507553
0.00545793
0.0057675
0.00600009
0.00613316
0.00619593
0.00614571
0.0060418
0.0058254
0.00557826
0.00523185
0.00487964
0.00445099
0.00403195
0.00356422
0.00308716
0.00249416
0.00197452
0.00134266
0.000885723
0.000502934
0.000283028
0.000380572
0.000487693
0.000964638
0.00127614
0.00173575
0.00198196
0.00207326
0.00204153
0.00169409
0.00140103
0.000901505
0.000586572
0.000319423
0.000167687
0.000128594
9.53336e-05
0.00012838
0.000117817
0.00015064
0.000204705
0.000379738
0.000634224
0.000974747
0.00135035
0.00162871
0.00185126
0.00185143
0.0017553
0.00149073
0.00116494
0.000861567
0.000583777
0.000527291
0.000548142
0.000844231
0.00118052
0.00168567
0.00214248
0.00262744
0.00302439
0.0033818
0.0036936
0.00400354
0.004252
0.00448019
0.00464658
0.00476597
0.00482403
0.00481239
0.00474731
0.00459725
0.00440931
0.00413106
0.00383713
0.00345877
0.00309132
0.00265604
0.00225941
0.00182028
0.00144477
0.00105731
0.000751939
0.000466165
0.000271295
0.000124104
6.52478e-05
7.48268e-05
0.000158627
0.000321599
0.000534728
0.000826609
0.00113774
0.00151662
0.00188118
0.00229401
0.00266091
0.00305143
0.00337077
0.00368779
0.0039182
0.00412289
0.00423735
0.00430827
0.00429736
0.00423251
0.00410462
0.00392017
0.00369866
0.00342477
0.00314296
0.00281365
0.00249781
0.00215127
0.00179856
0.00138908
0.00104726
0.000692769
0.000531525
0.000431601
0.000587094
0.000814684
0.00119516
0.00157493
0.00189546
0.00212964
0.00214244
0.00204997
0.0017336
0.00137095
0.000953488
0.000589388
0.000354476
0.000204969
0.000185221
0.000172494
0.000195904
0.000423062
0.000373406
0.000277809
0.000195805
0.000179851
0.000262188
0.000596258
0.000907502
0.00143744
0.001793
0.00213728
0.00230115
0.00222101
0.00210841
0.00165145
0.00138061
0.000881192
0.000678614
0.000483634
0.000490353
0.000633048
0.000800185
0.00103629
0.00123277
0.00139684
0.00156045
0.001717
0.00185117
0.00198556
0.00207763
0.00217007
0.00220387
0.00223884
0.00220446
0.0021738
0.00207005
0.00197514
0.00181065
0.00166296
0.00145583
0.00127572
0.00105139
0.000865294
0.000652971
0.000489271
0.000317622
0.000202029
9.46395e-05
4.58507e-05
1.74453e-05
4.38908e-05
9.78942e-05
0.000196156
0.000324043
0.000479228
0.000661812
0.000849854
0.00106028
0.0012518
0.00145979
0.00162489
0.00180153
0.00191478
0.00203699
0.00208165
0.00213567
0.00210627
0.00208942
0.00199241
0.00191271
0.0017648
0.00163887
0.00146356
0.00131297
0.00113607
0.000978966
0.000820964
0.000667166
0.00050826
0.000429892
0.000435907
0.00053996
0.000878702
0.00116166
0.00171207
0.00199509
0.00238673
0.00245083
0.00240714
0.00217796
0.00173091
0.0013423
0.000788933
0.000501861
0.000229831
0.000206801
0.000303026
0.000429963
0.000552473
0.000614531
0.00104735
0.000970135
0.000803743
0.000635816
0.000325873
0.000282446
0.000222847
0.000481162
0.000825505
0.00127445
0.00182726
0.00218361
0.00262527
0.00267658
0.0027545
0.00249909
0.00219968
0.00184168
0.00140425
0.00116819
0.000845465
0.00078773
0.00065123
0.000685702
0.000642395
0.000693338
0.000669998
0.00071728
0.000697162
0.000732735
0.000714247
0.000729607
0.000710502
0.000699472
0.000677752
0.000638001
0.000612593
0.000546521
0.00051771
0.000432483
0.000401994
0.000308649
0.000279366
0.000191115
0.000166479
9.64954e-05
7.97574e-05
3.88735e-05
3.23251e-05
2.70663e-05
3.14771e-05
6.28152e-05
7.7177e-05
0.000140245
0.000161913
0.000246756
0.000271973
0.000365216
0.000389929
0.00047711
0.00049795
0.00056609
0.000581261
0.000621218
0.000631122
0.000639227
0.000646586
0.000625225
0.000634627
0.000591589
0.000608496
0.00055523
0.000584653
0.00053381
0.000579071
0.000542634
0.000617908
0.000624754
0.000805044
0.000931092
0.00128545
0.00158414
0.00200134
0.00236987
0.00259001
0.00279301
0.00262338
0.00249436
0.00200788
0.00160209
0.00107906
0.000643359
0.000395512
0.000209848
0.000390452
0.000520414
0.000915018
0.00113357
0.0013147
0.00140393
0.00202003
0.0019326
0.00176053
0.00145569
0.00108171
0.00067493
0.000459956
0.000278886
0.000462584
0.000680387
0.00117468
0.00168009
0.00220769
0.00273648
0.00301779
0.00331709
0.00323223
0.00321906
0.00290099
0.00270303
0.00239196
0.00220831
0.00204693
0.00196336
0.00191982
0.00188079
0.00182992
0.00177632
0.00172074
0.00164275
0.00158155
0.00148207
0.00141682
0.00129983
0.0012321
0.00110269
0.00103423
0.000898522
0.000831433
0.000696295
0.000633041
0.000505728
0.000449015
0.000336629
0.000289134
0.000198042
0.0001621
9.73458e-05
7.46074e-05
3.94343e-05
3.06306e-05
2.61902e-05
3.10413e-05
5.6354e-05
7.36617e-05
0.000125844
0.000153775
0.000228502
0.000264994
0.000357097
0.000400327
0.000504426
0.000553178
0.000664199
0.000718082
0.00083157
0.000890932
0.00100312
0.00106868
0.00117632
0.00124859
0.00134864
0.00142725
0.00151662
0.00160196
0.00168686
0.0017762
0.00190136
0.00209882
0.00229695
0.00261335
0.00278653
0.00306214
0.00302565
0.0030361
0.00270255
0.00236589
0.00185682
0.00133544
0.00091285
0.00049393
0.00040096
0.00033931
0.000646619
0.000981916
0.00147386
0.00191874
0.002254
0.00243974
0.00252988
0.00323535
0.00319649
0.00308266
0.00283896
0.00232024
0.00182691
0.00120931
0.000732181
0.000445261
0.000261455
0.000480499
0.000676943
0.00130099
0.00177865
0.00252588
0.00307447
0.00360936
0.00402844
0.00419789
0.00442268
0.00435673
0.00446884
0.00441472
0.00450752
0.00453177
0.00460377
0.00457704
0.00458662
0.00450083
0.00443521
0.00429376
0.00415289
0.00396264
0.00375242
0.00352349
0.00325594
0.00300116
0.00269387
0.00242805
0.00210301
0.00184197
0.0015237
0.00128323
0.000996519
0.000791181
0.000558602
0.000400642
0.000240195
0.000138581
6.17452e-05
2.14824e-05
3.20161e-05
5.38274e-05
0.00014748
0.000227894
0.00039311
0.000524958
0.000744447
0.000917668
0.00117055
0.00137317
0.0016374
0.00185651
0.00211112
0.00233375
0.00256071
0.00277449
0.0029599
0.00315359
0.00328824
0.00345207
0.00353146
0.0036575
0.00368134
0.00376377
0.00374066
0.00378171
0.00373784
0.00382331
0.00374228
0.00378761
0.00358084
0.0033713
0.00298385
0.00244458
0.00196655
0.0012903
0.000925737
0.000440101
0.000379379
0.000327696
0.000639253
0.00107755
0.00164561
0.00235834
0.00289297
0.00344132
0.00368915
0.00379493
0.00383006
0.00423832
0.00424707
0.00432296
0.00418406
0.00387491
0.0034323
0.00274209
0.00216938
0.00140411
0.000983784
0.000488355
0.000406328
0.000383425
0.000665732
0.00114248
0.00166634
0.00246011
0.00302414
0.00382983
0.00428185
0.00489695
0.00521301
0.00562821
0.00585652
0.00614766
0.00631161
0.00649759
0.00657503
0.00663599
0.00661181
0.00653454
0.00640368
0.00618645
0.0059531
0.00560719
0.00528541
0.00483514
0.00444833
0.00392959
0.00350875
0.00296585
0.00254673
0.00202807
0.00164752
0.00120039
0.000892286
0.000557541
0.000348959
0.000156194
6.4187e-05
2.82501e-05
5.78829e-05
0.000177178
0.00032106
0.000577972
0.000817432
0.00118083
0.0014885
0.00191785
0.00226125
0.00271176
0.00305723
0.00348505
0.00380155
0.00416843
0.00443051
0.00470726
0.00489696
0.00506541
0.00517316
0.00522664
0.00525096
0.00519352
0.00513996
0.00498454
0.0048651
0.00462824
0.00445402
0.00410287
0.00384115
0.00330329
0.00291377
0.00222564
0.00175179
0.00112823
0.000729624
0.000450628
0.000313526
0.000517289
0.000736232
0.00136203
0.00188465
0.00271303
0.00333861
0.00402874
0.00448068
0.00476135
0.00489005
0.00479826
0.00478321
0.00461926
0.0047024
0.00489659
0.0049433
0.00495919
0.00470128
0.00436475
0.00380525
0.003173
0.00251647
0.00181212
0.00131177
0.000775355
0.000616716
0.000437648
0.000676077
0.000914904
0.00144556
0.00198091
0.00260189
0.00321204
0.00375337
0.00425498
0.00466196
0.00502087
0.00531608
0.00559581
0.00578882
0.00596597
0.00603848
0.00608954
0.00602622
0.0059379
0.00573651
0.00551046
0.00518356
0.00483766
0.00441248
0.00397979
0.00349604
0.00302159
0.00252732
0.00206293
0.00160907
0.00120676
0.000840847
0.000546057
0.000306126
0.000151447
6.10206e-05
6.16503e-05
0.000126632
0.000278265
0.000486262
0.000765838
0.00108808
0.0014573
0.00185282
0.00226377
0.00268517
0.00308721
0.00348696
0.00383346
0.00416977
0.00442394
0.00466535
0.00480404
0.00493212
0.00494741
0.00495751
0.00485604
0.00475612
0.00455659
0.00436474
0.00409273
0.00382756
0.00350682
0.0031597
0.00273986
0.00229172
0.00181151
0.00132016
0.000950499
0.000579569
0.000514307
0.000442676
0.000767447
0.00106846
0.00169834
0.0022935
0.00303388
0.00372981
0.00434856
0.00490013
0.00519477
0.00542306
0.00536897
0.00529941
0.00509676
0.00500665
0.00429093
0.00444962
0.00469738
0.00501341
0.0051972
0.00538907
0.00524294
0.00512618
0.0046158
0.0041665
0.0034584
0.00280897
0.00213523
0.00148649
0.00106996
0.00062462
0.000607037
0.000484017
0.00082649
0.000990784
0.00149765
0.00179391
0.00225042
0.00253947
0.00287701
0.00312529
0.00341045
0.00361814
0.00382158
0.00396686
0.00406128
0.00412038
0.00408819
0.00404759
0.00388576
0.00374521
0.00346703
0.0032406
0.00287511
0.00258995
0.00217886
0.00187175
0.00146428
0.00117642
0.000822701
0.000593524
0.000337522
0.000198604
7.16921e-05
4.16912e-05
5.79684e-05
0.000139585
0.000293753
0.000473287
0.000741522
0.000991146
0.00133486
0.00161722
0.001989
0.00226328
0.00261404
0.00284237
0.00312833
0.00328138
0.00346982
0.00353068
0.00360355
0.00356933
0.00352444
0.00340556
0.0032553
0.00307283
0.00284101
0.00262262
0.00233919
0.00210888
0.00180223
0.00156747
0.00119265
0.000993526
0.00062096
0.000581583
0.000401467
0.000645019
0.000816315
0.00134783
0.00187506
0.00256177
0.00328888
0.00393183
0.00464032
0.00505234
0.00552425
0.00559226
0.00568607
0.00545668
0.0052364
0.00490668
0.00465392
0.00449461
0.00338945
0.00354627
0.00388832
0.00424003
0.00473844
0.00506314
0.00543719
0.00555007
0.00556675
0.00538071
0.00500237
0.00456631
0.00388908
0.0033347
0.00254096
0.00203601
0.00136586
0.00105054
0.000683691
0.000598942
0.000537377
0.00061251
0.000710489
0.000841787
0.000971865
0.00110431
0.00125773
0.00138074
0.00153216
0.0016261
0.00174903
0.00179324
0.00186562
0.00184625
0.00185459
0.00176757
0.00170963
0.00156203
0.00144754
0.00125697
0.00110609
0.000898228
0.000738123
0.00054266
0.000402709
0.00024847
0.000154907
6.49438e-05
3.597e-05
2.35496e-05
6.58374e-05
0.000132072
0.00023937
0.000372986
0.00052716
0.000706493
0.000880838
0.00107767
0.00124184
0.00142634
0.00155191
0.00169771
0.00176329
0.00185169
0.00184657
0.00186926
0.00179502
0.00175481
0.00162468
0.00153431
0.00137059
0.00125
0.00108008
0.000952765
0.000804564
0.000691141
0.000588814
0.000503843
0.000469835
0.000468386
0.000621061
0.000791306
0.00124024
0.00162797
0.0023401
0.00288662
0.00367452
0.00423631
0.00487358
0.00529075
0.00561339
0.00576644
0.00569424
0.00554792
0.00513465
0.00478947
0.00427836
0.00392398
0.00359247
0.00343826
0.00237068
0.00252545
0.00277494
0.00317339
0.00366136
0.0041591
0.00467275
0.00507615
0.00542306
0.00556193
0.0056225
0.00544406
0.00519895
0.00474994
0.00426207
0.00366989
0.00307905
0.0025152
0.00198682
0.00158463
0.00122322
0.00101104
0.000821052
0.000738635
0.00065258
0.000632923
0.000593959
0.000605803
0.000595885
0.000622439
0.000627089
0.000651774
0.000656711
0.000665233
0.000658889
0.000642151
0.000617985
0.000573853
0.000531473
0.00046505
0.000409955
0.00033234
0.000274373
0.000200171
0.000151049
9.51529e-05
6.56189e-05
3.99104e-05
3.71089e-05
4.77817e-05
7.34548e-05
0.00011953
0.000169439
0.000242825
0.000307567
0.00039468
0.000461727
0.000546337
0.000602851
0.000669538
0.000705341
0.000742806
0.000752812
0.000756336
0.000741953
0.000714521
0.000683713
0.00063561
0.000601659
0.000548675
0.000527903
0.00048855
0.00049745
0.000489707
0.000542734
0.000582819
0.000695938
0.000814226
0.00104098
0.00129839
0.00169361
0.0021339
0.0026772
0.00325509
0.00383483
0.00441323
0.00487096
0.00528823
0.00549803
0.00564051
0.00555005
0.00538156
0.00501616
0.00459638
0.00407902
0.00358075
0.00310112
0.00271302
0.00247621
0.0023281
0.00133129
0.00143248
0.00167253
0.00197062
0.00248169
0.00294795
0.00360374
0.00412632
0.00470112
0.00512607
0.00544991
0.00567034
0.00566278
0.00563474
0.00529052
0.00503595
0.0044486
0.0040558
0.00340852
0.00299963
0.00246615
0.0021357
0.00179251
0.00155888
0.00135066
0.00117508
0.00102228
0.000881244
0.000776731
0.000663736
0.00060024
0.000509607
0.000476627
0.000401306
0.000387705
0.000321243
0.000317487
0.00025553
0.000255137
0.000196175
0.000196172
0.00014146
0.000141892
9.46341e-05
9.73528e-05
6.14755e-05
6.86078e-05
4.73874e-05
5.9916e-05
5.48937e-05
7.17427e-05
8.21657e-05
0.000100073
0.000123032
0.000137272
0.000168501
0.000174292
0.000209425
0.00020367
0.000239613
0.000222477
0.000258574
0.000234484
0.000273084
0.000250836
0.000297237
0.000289099
0.000350766
0.00037079
0.000455985
0.000517769
0.000633954
0.000748269
0.000900429
0.00107312
0.00126617
0.00150138
0.00175493
0.00212187
0.00246604
0.00300536
0.00341401
0.00404025
0.00441815
0.00496239
0.00519548
0.00549244
0.00550373
0.00547687
0.00525158
0.00491278
0.00449597
0.00392535
0.00342086
0.00278443
0.00234022
0.00185392
0.00157463
0.00135398
0.00126052
0.00061467
0.000694731
0.000795222
0.0010482
0.001348
0.00178496
0.00226699
0.00281666
0.00339017
0.00390977
0.0044446
0.00481054
0.00520053
0.00533479
0.00550383
0.00538573
0.00530773
0.00499078
0.00471856
0.00431659
0.00396226
0.0035904
0.00326203
0.0029673
0.00269733
0.0024601
0.00221076
0.00200924
0.00178667
0.00161845
0.00142546
0.00128919
0.00112625
0.00101776
0.000882668
0.000796555
0.000685687
0.000616722
0.000526078
0.00047013
0.0003961
0.000350516
0.000290254
0.000253725
0.000205226
0.00017732
0.000139311
0.000119891
9.16733e-05
8.04333e-05
6.18005e-05
5.80781e-05
4.93588e-05
5.23026e-05
5.45208e-05
6.35639e-05
7.86304e-05
9.41126e-05
0.000124935
0.000148659
0.000199062
0.000234576
0.000308969
0.000361439
0.000464253
0.000539891
0.00067485
0.000779977
0.000949324
0.00108922
0.00129302
0.00147076
0.00170631
0.00192172
0.00218449
0.00243801
0.00272098
0.00302916
0.00336041
0.00373447
0.00407635
0.00446504
0.00471496
0.00500844
0.00506662
0.00516318
0.00498928
0.00484684
0.00447207
0.00411556
0.00361248
0.00311714
0.00258431
0.00206698
0.00162527
0.00121958
0.000950034
0.000719295
0.000632712
0.00056079
0.00028196
0.000304974
0.00035895
0.00044655
0.000652567
0.000862264
0.00128516
0.00163648
0.00221609
0.00265222
0.00326573
0.00369977
0.00423137
0.00458059
0.00492774
0.00512811
0.00521869
0.00524489
0.00508951
0.00497115
0.00466958
0.00447508
0.0041528
0.00394123
0.00364957
0.00344178
0.00315845
0.00295518
0.00268971
0.00249519
0.00225577
0.00207363
0.00186442
0.00169615
0.00151794
0.00136373
0.00121481
0.00107437
0.000951545
0.000824776
0.000724183
0.000611572
0.00052938
0.00043209
0.000364998
0.00028476
0.000230361
0.000169231
0.00012628
8.6368e-05
5.49762e-05
3.8201e-05
1.99431e-05
2.78618e-05
2.57475e-05
5.94453e-05
7.77038e-05
0.000137722
0.000181362
0.000267632
0.000341789
0.000453588
0.000562726
0.000698618
0.000845719
0.00100355
0.00118942
0.00136632
0.00158911
0.00178152
0.00203657
0.00224021
0.00252008
0.0027299
0.00302472
0.00323642
0.0035364
0.00374852
0.00406768
0.00425772
0.00454116
0.00465236
0.00478501
0.00475649
0.00465417
0.00446428
0.00412802
0.00380532
0.00330812
0.00291353
0.00235019
0.00195913
0.001435
0.0011257
0.000752265
0.000573546
0.000400356
0.000329045
0.000287958
0.000269555
0.00037685
0.000373015
0.000368975
0.000377258
0.000403898
0.000497531
0.00064482
0.000890324
0.0011875
0.00157028
0.00197605
0.00242876
0.00287345
0.00331328
0.00371739
0.0040603
0.00434566
0.00452921
0.00465163
0.00466632
0.00463787
0.00452926
0.0044021
0.00423229
0.00406094
0.00386748
0.0036763
0.00347233
0.0032721
0.00306505
0.00286239
0.00265828
0.00245838
0.00226142
0.00206806
0.00188114
0.00169718
0.0015224
0.00135028
0.00118948
0.00103164
0.000886821
0.000746002
0.000619507
0.000498819
0.000393426
0.000296322
0.000215141
0.00014524
9.15428e-05
5.23649e-05
2.93131e-05
2.39449e-05
3.42548e-05
6.49475e-05
0.0001105
0.000178252
0.000259683
0.000363858
0.000480201
0.000618272
0.000766741
0.000934233
0.00111022
0.00130093
0.00149825
0.00170471
0.00191607
0.00213016
0.00234773
0.0025613
0.00277727
0.00298269
0.00318967
0.00338019
0.00357158
0.00373835
0.00390239
0.00402251
0.00412342
0.00414634
0.00412751
0.00400851
0.00383298
0.00356694
0.00325007
0.00288301
0.00248634
0.0020918
0.00169249
0.0013415
0.00101295
0.000766357
0.000566768
0.000457856
0.00039458
0.00038995
0.000395174
0.000405092
0.000411871
0.000825711
0.000814899
0.000749057
0.00070808
0.000539757
0.000513508
0.000416585
0.000491906
0.000574043
0.000776196
0.00104131
0.00133816
0.00174443
0.00207873
0.00256032
0.00286403
0.00332434
0.00353538
0.00387538
0.00396335
0.00413313
0.00411053
0.00412333
0.00403042
0.00395134
0.00382621
0.00370817
0.00356518
0.00341615
0.00326093
0.00308668
0.00292309
0.00272951
0.00256076
0.0023539
0.00218304
0.00196929
0.00179968
0.00158597
0.00142166
0.00121552
0.00106143
0.000870976
0.000732747
0.000566423
0.000450136
0.000316307
0.000227977
0.000134385
7.93922e-05
3.25109e-05
1.50045e-05
1.93244e-05
4.1674e-05
9.89892e-05
0.000161341
0.000270141
0.000370152
0.000525246
0.000658072
0.000850638
0.00100924
0.00122735
0.00140313
0.00163281
0.00181652
0.00204322
0.00222589
0.00243602
0.00260991
0.00279225
0.00295133
0.00309796
0.00323809
0.00334464
0.00346235
0.00352538
0.00360994
0.00358536
0.00360321
0.0034345
0.00335076
0.00303182
0.00283931
0.00242249
0.00215325
0.00173212
0.00144439
0.00110485
0.000859098
0.00065633
0.000501395
0.000468876
0.000429852
0.000557857
0.000605083
0.00078477
0.000832355
0.000895439
0.000906674
0.0015477
0.00152342
0.00146986
0.00132764
0.00115865
0.000897826
0.00077912
0.000539488
0.000573261
0.000454004
0.000654552
0.000681941
0.00101624
0.00117716
0.00158897
0.00184206
0.00224794
0.00252618
0.00283717
0.00306889
0.00323489
0.00337489
0.00339967
0.00345103
0.00338766
0.00338671
0.00328957
0.00325735
0.00312944
0.00306831
0.00291445
0.00282437
0.00264936
0.00253173
0.00234088
0.00219903
0.00199833
0.00183793
0.00163427
0.0014634
0.00126466
0.00109352
0.000908376
0.000748634
0.00058623
0.000449984
0.000319358
0.000217915
0.000127318
6.99007e-05
2.60269e-05
1.85875e-05
2.57919e-05
7.00721e-05
0.00012965
0.000222641
0.000332288
0.000466222
0.000619802
0.000782774
0.000970546
0.00114778
0.00135713
0.00153276
0.00174945
0.00190861
0.00211833
0.00224904
0.002439
0.00253361
0.00269382
0.00274958
0.00287365
0.00289232
0.0029772
0.00296099
0.00300773
0.00294333
0.00290736
0.00276764
0.00260396
0.00239145
0.00210208
0.00186201
0.00149825
0.00129655
0.000941536
0.000835682
0.000562737
0.000584667
0.000440322
0.000596418
0.000606168
0.000866789
0.00101147
0.00127785
0.00145496
0.00159241
0.00164275
0.00166302
0.00256736
0.00254429
0.00251778
0.00238974
0.0021143
0.00187791
0.00149696
0.0012772
0.000937887
0.000828138
0.000606032
0.000632287
0.000551869
0.000702373
0.000762957
0.000998839
0.00116995
0.00142884
0.00164855
0.00186435
0.0020628
0.00219388
0.00232313
0.002373
0.0024396
0.00243865
0.00248042
0.00244824
0.00246224
0.00240118
0.00238373
0.00229376
0.0022423
0.0021248
0.00203937
0.00189769
0.0017816
0.00162139
0.00148149
0.00131081
0.00115734
0.000986397
0.000832208
0.00067265
0.000531995
0.000395908
0.000282842
0.000181516
0.000108165
5.08141e-05
2.57446e-05
1.83137e-05
4.52209e-05
8.94499e-05
0.000166357
0.000259241
0.000378386
0.000512166
0.000660689
0.000823471
0.000984901
0.00116193
0.00131835
0.00149378
0.0016284
0.00178737
0.00188692
0.00201748
0.00207406
0.00216856
0.00218049
0.00223618
0.00220761
0.00222627
0.00216512
0.00214893
0.00206388
0.0020008
0.00186516
0.00173331
0.001548
0.00134945
0.00116257
0.000939081
0.000814714
0.000626969
0.000617061
0.000518329
0.000643411
0.000663443
0.000917678
0.00106165
0.00141789
0.00165664
0.00203996
0.00228069
0.00254843
0.00267128
0.002687
0.00270604
0.00369959
0.00371178
0.0037141
0.00362655
0.0033153
0.00304768
0.00258511
0.00225741
0.00181137
0.00152909
0.00118788
0.000998261
0.000798028
0.000713806
0.000670192
0.000681352
0.000782271
0.000857015
0.00104845
0.00114111
0.00134633
0.00141624
0.00157182
0.00160567
0.00170857
0.00171778
0.00179996
0.00179438
0.00185041
0.0018281
0.00185094
0.0018079
0.00179274
0.00172625
0.00167154
0.00158118
0.00148939
0.0013778
0.00125577
0.00112898
0.000987689
0.000854831
0.000708478
0.000580952
0.000445419
0.000335526
0.000226493
0.000145815
7.6694e-05
3.44331e-05
1.4468e-05
1.60145e-05
4.87932e-05
9.47328e-05
0.000177348
0.000263098
0.000386148
0.000502332
0.000650863
0.000784472
0.000939851
0.00107607
0.0012186
0.00134309
0.00145497
0.00155612
0.00162419
0.00169493
0.00171265
0.00175133
0.00171944
0.00172961
0.00165547
0.00164448
0.00154015
0.001515
0.00139226
0.00134965
0.00118789
0.00112285
0.000932848
0.000861869
0.000705651
0.000667207
0.000613667
0.000646661
0.000738446
0.000865782
0.00110492
0.00132898
0.0016942
0.00199791
0.00245167
0.00278718
0.00324359
0.00350798
0.0038052
0.00388387
0.00386723
0.00385004
0.00483576
0.00489169
0.00490798
0.00485719
0.00457908
0.00424743
0.00382271
0.00333065
0.00291426
0.00238746
0.00206516
0.00157705
0.00138391
0.000979505
0.000930275
0.000640155
0.000725288
0.000558042
0.000729564
0.000662919
0.000850856
0.000842102
0.000988185
0.00100099
0.0011004
0.00112273
0.00120136
0.00123008
0.00128435
0.00131202
0.00133482
0.00135229
0.00133859
0.00133786
0.00128579
0.00126159
0.00117327
0.00112435
0.00100626
0.000936023
0.000798807
0.000715021
0.000572563
0.000486301
0.000354225
0.000278076
0.000171836
0.000117757
5.05801e-05
2.77656e-05
8.74591e-06
2.18715e-05
5.44889e-05
0.000102653
0.000183951
0.000260532
0.000381139
0.000474674
0.000619772
0.000715802
0.000867019
0.000950667
0.00108869
0.00114753
0.00125507
0.00128167
0.00134613
0.00133974
0.00135514
0.00132184
0.00128943
0.00124089
0.00116836
0.00111914
0.00101866
0.000981953
0.000863565
0.000847829
0.000695888
0.000717239
0.000543921
0.000638571
0.000500817
0.000706059
0.000666311
0.000995705
0.00109101
0.00152735
0.00175753
0.00226463
0.00260945
0.00314092
0.00356391
0.00404886
0.00446684
0.00478498
0.00504889
0.0050859
0.00505588
0.00499372
0.00611702
0.0061744
0.00624903
0.00621637
0.00603595
0.00574159
0.00534514
0.00489521
0.00439735
0.00390911
0.00340193
0.00294579
0.00248236
0.00210256
0.00172197
0.00144827
0.00117823
0.00101907
0.000861641
0.000796762
0.000726339
0.000716654
0.000696009
0.000708412
0.000709383
0.000731689
0.000748477
0.000777171
0.000801588
0.000829229
0.00085247
0.00086993
0.000882675
0.000881945
0.000876612
0.000852433
0.000824764
0.000775894
0.000726008
0.000655833
0.000588492
0.000504783
0.000428755
0.000342573
0.000269187
0.000193107
0.000134257
8.02274e-05
4.61853e-05
2.33917e-05
2.08333e-05
3.39468e-05
6.45343e-05
0.000112654
0.000172461
0.000248972
0.000328909
0.000422358
0.000509611
0.000605552
0.000685875
0.000769445
0.000829939
0.000888722
0.000920566
0.000947148
0.000947635
0.000941247
0.000914577
0.000881316
0.000837843
0.000789344
0.00074335
0.000694168
0.000660267
0.000623596
0.000615018
0.000599629
0.00062631
0.000648168
0.000739534
0.000831602
0.00102171
0.00121783
0.00152525
0.00183722
0.00225145
0.0026624
0.00314897
0.0036236
0.00414042
0.00463311
0.00512802
0.00557083
0.00595592
0.00623687
0.00640323
0.00642216
0.00633748
0.00627388
0.0072631
0.00733613
0.00759683
0.00760696
0.0074806
0.00723653
0.00681387
0.00640802
0.00581937
0.00535995
0.00469569
0.00425055
0.00356809
0.0031817
0.00253762
0.00224096
0.00169766
0.00150299
0.0011024
0.000996678
0.000740844
0.000692904
0.000552754
0.000533143
0.000463348
0.000458046
0.000429678
0.000436025
0.000440983
0.000451838
0.000478632
0.000484938
0.000520362
0.00051372
0.000545287
0.000519685
0.000537915
0.000491133
0.000491214
0.000425546
0.000408003
0.000330125
0.000300361
0.000220304
0.000187104
0.000116537
8.9876e-05
3.99956e-05
2.86194e-05
8.04118e-06
1.73058e-05
3.03421e-05
6.07532e-05
0.000106388
0.000153152
0.00022494
0.000278684
0.000365663
0.000414283
0.000502838
0.000534215
0.000610642
0.000615742
0.000669044
0.00064471
0.000669038
0.000619732
0.000615844
0.000553736
0.000529003
0.000472136
0.000438999
0.000407797
0.000380956
0.000393841
0.00038612
0.000455853
0.000474613
0.000629007
0.000691115
0.000973372
0.00110771
0.00154218
0.00177472
0.00235171
0.00268723
0.00335727
0.00377527
0.00447083
0.00493491
0.00559822
0.00606274
0.00663912
0.00703894
0.00744401
0.0076761
0.00778626
0.00776385
0.00749244
0.00741377
0.00835598
0.008502
0.00876928
0.00891063
0.00881186
0.00866444
0.00828078
0.00791827
0.00737038
0.00688549
0.00625903
0.00571465
0.00506583
0.00451044
0.00389503
0.00337478
0.00285366
0.00240771
0.00202169
0.0016692
0.0014208
0.0011571
0.0010191
0.000823438
0.000753711
0.00060412
0.000575773
0.000465362
0.000470316
0.000393489
0.000420261
0.000368309
0.000403704
0.000366139
0.000397681
0.000364553
0.000382769
0.000346724
0.000346804
0.00030445
0.000286921
0.000239222
0.000209482
0.000161137
0.000127963
8.59434e-05
5.93033e-05
3.09198e-05
1.95526e-05
1.04759e-05
1.97332e-05
3.24131e-05
6.28002e-05
9.5617e-05
0.000142344
0.000189715
0.000243417
0.000296903
0.000345484
0.000395767
0.000427119
0.000466495
0.000471591
0.000496451
0.000472136
0.000484774
0.000435508
0.000444665
0.000382607
0.00040235
0.000345528
0.00039255
0.000361372
0.000451178
0.000464053
0.000607588
0.000677255
0.000883331
0.00103582
0.00132488
0.00160022
0.00198975
0.00241028
0.00289906
0.00345455
0.00401589
0.00465791
0.00524573
0.00590831
0.00647237
0.00709852
0.00759018
0.00812642
0.00848624
0.00885281
0.00899336
0.00907621
0.00892842
0.00865048
0.00850172
0.00936852
0.00958178
0.00985564
0.010117
0.0100458
0.00998678
0.00964074
0.00931685
0.00880817
0.00829823
0.00770877
0.0070705
0.00645537
0.00574093
0.00515391
0.00442477
0.00392419
0.00324555
0.00287302
0.00229201
0.00205048
0.00158698
0.00145097
0.00109227
0.00102261
0.000739393
0.000711067
0.000492529
0.00049748
0.000339454
0.000366207
0.000260302
0.000295672
0.00022947
0.000260989
0.000220891
0.000239093
0.000212992
0.000213072
0.000192308
0.000174791
0.000155041
0.000125323
0.000106344
7.31942e-05
5.76117e-05
3.09911e-05
2.2515e-05
1.11561e-05
1.27306e-05
2.19811e-05
3.43311e-05
6.46959e-05
8.56426e-05
0.000132336
0.000157094
0.000210757
0.000233227
0.000281773
0.000296612
0.000327941
0.000333006
0.000338098
0.000336619
0.000312322
0.000314135
0.000264905
0.000286143
0.00022413
0.000285063
0.000228282
0.000349535
0.00031838
0.000516208
0.000529074
0.00081268
0.000882287
0.00126183
0.00141255
0.00191179
0.00218072
0.00280657
0.0032142
0.00394028
0.00447586
0.00524785
0.00586239
0.00660961
0.00723951
0.0078978
0.00848789
0.0090059
0.00950376
0.00982776
0.0101574
0.010214
0.0102698
0.0100073
0.00972302
0.00950969
0.0104004
0.0106147
0.01088
0.0111552
0.0112346
0.0112064
0.0110121
0.0107251
0.0103244
0.00985084
0.00931046
0.00870604
0.00807591
0.00739211
0.00672503
0.0060215
0.00537892
0.00471841
0.00415338
0.00358351
0.00312419
0.00266488
0.00231224
0.00195288
0.00168535
0.00140199
0.00119395
0.00097528
0.000824192
0.000666065
0.000564656
0.000458685
0.000396019
0.000329789
0.000292966
0.000252877
0.000229696
0.000203638
0.000184788
0.000164092
0.000144428
0.000124762
0.000103473
8.45821e-05
6.43106e-05
4.88062e-05
3.40191e-05
2.55997e-05
2.06579e-05
2.22587e-05
2.96682e-05
4.20089e-05
6.12783e-05
8.21805e-05
0.000109579
0.000134263
0.000163601
0.000185975
0.000210313
0.000225051
0.000239047
0.00024402
0.000246385
0.000244839
0.00024025
0.000242035
0.000241839
0.000263092
0.000284324
0.000345321
0.000407956
0.000529317
0.000652165
0.000850135
0.00104701
0.00133078
0.00160774
0.0019881
0.00236703
0.00286281
0.00336068
0.00397643
0.00458646
0.00529549
0.00598247
0.00673008
0.00743439
0.0081522
0.0088079
0.00943347
0.00998658
0.0104692
0.0108721
0.0111601
0.0113509
0.0113774
0.0112938
0.0110175
0.01075
0.0105357
0.0112362
0.0114514
0.0119137
0.0122029
0.0124166
0.0124188
0.0123403
0.0120902
0.0117704
0.0113345
0.010823
0.0102547
0.0095916
0.00894166
0.00817752
0.007504
0.00670792
0.00607109
0.00531397
0.00475964
0.00409351
0.00364172
0.00309078
0.00273269
0.00228228
0.00199909
0.00162476
0.00140623
0.0011117
0.000953677
0.000736244
0.00063034
0.000480385
0.000414197
0.000317605
0.000277542
0.000218896
0.000192855
0.000158241
0.000137559
0.000116479
9.68256e-05
8.29301e-05
6.40513e-05
5.47353e-05
3.92406e-05
3.44054e-05
2.59913e-05
2.64252e-05
2.8025e-05
3.3911e-05
4.6244e-05
5.62268e-05
7.71158e-05
8.82187e-05
0.000112887
0.000121372
0.000143733
0.000146781
0.00016151
0.00015937
0.00016434
0.000162388
0.000160843
0.000170869
0.000172653
0.000212743
0.000233983
0.000326575
0.000387534
0.000555677
0.000676961
0.000939366
0.00113721
0.00150355
0.00178715
0.00225641
0.00263566
0.00322517
0.0037143
0.00443102
0.00503263
0.00584577
0.0065328
0.00738336
0.00810269
0.00891379
0.00959936
0.0102979
0.0108888
0.0114231
0.0118693
0.0122016
0.0124537
0.0125392
0.0125358
0.0123278
0.0120378
0.0115813
0.011366
0.0119547
0.0121914
0.0128078
0.0131469
0.0134527
0.0135124
0.0135141
0.013322
0.0130623
0.0126759
0.0121928
0.0116597
0.0109865
0.0103545
0.00954015
0.00886575
0.0079835
0.00732655
0.00645849
0.00586679
0.00507954
0.00457796
0.00391122
0.00349662
0.00294007
0.00259916
0.00212659
0.00185393
0.00147485
0.00126854
0.000983076
0.000836184
0.000635354
0.000536148
0.000404952
0.000339783
0.000260761
0.000216856
0.00017329
0.000140859
0.000119065
9.23699e-05
8.27652e-05
6.00382e-05
5.70042e-05
3.94105e-05
4.02551e-05
3.02658e-05
3.37625e-05
3.34355e-05
3.84566e-05
4.8083e-05
5.27745e-05
7.02588e-05
7.20444e-05
9.32208e-05
8.97152e-05
0.000109605
0.000100293
0.000115089
0.000103389
0.000112742
0.000107867
0.000116852
0.000134772
0.000154874
0.000217731
0.000266273
0.000399871
0.000497615
0.00072708
0.000894261
0.00123852
0.00149004
0.00195633
0.00229907
0.00288052
0.0033194
0.00403259
0.00457612
0.00542171
0.0060664
0.00699768
0.00771134
0.00865458
0.0093818
0.0102493
0.0109242
0.0116388
0.0122017
0.0127137
0.0131173
0.0133955
0.013596
0.0136072
0.0135517
0.0132573
0.0129217
0.0123158
0.0120807
0.0125903
0.0128805
0.0135006
0.013949
0.0142721
0.0144449
0.0144725
0.0143844
0.0141536
0.0138456
0.0133915
0.0128998
0.0122551
0.0116207
0.0108335
0.0101104
0.00925224
0.00850363
0.00765414
0.00693719
0.00616151
0.00551483
0.00485245
0.00428727
0.00373105
0.00324165
0.00276933
0.00235746
0.00197858
0.00164811
0.00136281
0.00111055
0.000909828
0.000725762
0.000594637
0.000464953
0.000385974
0.000296166
0.000252624
0.000190001
0.000168219
0.000123419
0.000113819
8.11918e-05
7.81593e-05
5.51597e-05
5.60039e-05
4.19614e-05
4.54562e-05
4.01824e-05
4.52007e-05
4.78879e-05
5.2577e-05
6.13374e-05
6.31221e-05
7.53535e-05
7.18498e-05
8.54137e-05
7.61072e-05
9.10884e-05
7.93954e-05
0.000100006
9.51339e-05
0.000131158
0.000149069
0.00021622
0.000279042
0.000397719
0.000531245
0.000723517
0.000952858
0.00123803
0.0015821
0.00197164
0.00243768
0.00293258
0.00351369
0.00411088
0.00482033
0.00551912
0.00635459
0.00713624
0.00805096
0.00886907
0.00979047
0.0105801
0.0114225
0.0121144
0.0128025
0.013339
0.0138236
0.0141637
0.0144143
0.0145248
0.014511
0.0143549
0.0140436
0.0136087
0.0129991
0.012715
0.013179
0.0135185
0.0141421
0.0146919
0.015031
0.0153085
0.01536
0.0153682
0.0151641
0.0149288
0.0145015
0.0140483
0.0134299
0.0127933
0.0120312
0.0112631
0.0104272
0.00959369
0.00876139
0.00792844
0.00716348
0.00638243
0.00572408
0.00501945
0.00446355
0.00383663
0.00336454
0.00282376
0.00244507
0.00199962
0.00171446
0.00136463
0.00116401
0.000901356
0.000770297
0.000580868
0.000501929
0.000369612
0.000326092
0.000235509
0.000213738
0.000152172
0.000142577
0.000100781
9.77503e-05
6.97444e-05
7.05882e-05
5.27921e-05
5.62852e-05
4.64303e-05
5.14462e-05
4.77073e-05
5.2394e-05
5.30756e-05
5.48594e-05
5.88073e-05
5.53053e-05
6.30115e-05
5.37097e-05
6.88626e-05
5.71755e-05
8.82117e-05
8.33422e-05
0.000144407
0.000162308
0.000273029
0.000335821
0.000519446
0.000652905
0.000932717
0.00116194
0.00155637
0.00190027
0.00241763
0.00288344
0.00351925
0.00410004
0.00484384
0.00554982
0.0063924
0.0072185
0.00812699
0.00902637
0.0099412
0.0108424
0.0116898
0.012509
0.0132167
0.0138801
0.0143922
0.0148513
0.0151327
0.0153577
0.0153849
0.015348
0.0150988
0.0147718
0.0142449
0.0136319
0.0133025
0.0137245
0.0141064
0.0147261
0.0153652
0.0157231
0.0160965
0.0161722
0.0162693
0.0160916
0.0159238
0.0155225
0.0151063
0.0145129
0.0138772
0.0131384
0.012333
0.0115166
0.01061
0.00979095
0.00885721
0.00809752
0.0071995
0.00653856
0.00571308
0.0051501
0.00440488
0.00392417
0.00327249
0.0028854
0.00234104
0.00204804
0.00161427
0.00140666
0.0010764
0.000939367
0.000698544
0.00061472
0.000445836
0.000398496
0.000283861
0.000259226
0.000183238
0.000171567
0.000121884
0.000117371
8.50593e-05
8.48278e-05
6.38029e-05
6.64776e-05
5.26819e-05
5.70489e-05
4.77815e-05
5.19795e-05
4.57105e-05
4.72391e-05
4.40603e-05
4.06867e-05
4.3353e-05
3.47697e-05
5.00701e-05
3.99254e-05
7.993e-05
7.76486e-05
0.000160255
0.000181958
0.00033016
0.000398045
0.000637542
0.000777344
0.00113246
0.00136911
0.00185753
0.00220964
0.00283694
0.00331139
0.00406841
0.00465663
0.00552742
0.00623705
0.00720458
0.00802745
0.0090458
0.00993484
0.0109325
0.0118175
0.0127127
0.0135121
0.01423
0.0148718
0.0153584
0.0157947
0.0160201
0.0162213
0.0161708
0.0161116
0.0157763
0.0154319
0.0148236
0.0142151
0.0138468
0.014234
0.0146163
0.0151846
0.0158299
0.0162743
0.0166621
0.0168372
0.016953
0.0168693
0.0167219
0.0163991
0.0160039
0.0154673
0.0148528
0.0141439
0.0133591
0.01254
0.0116516
0.0107937
0.00987338
0.00904055
0.00814994
0.00738754
0.00656356
0.00588551
0.00514061
0.00454452
0.00389312
0.00339422
0.0028501
0.00245315
0.00201957
0.00171946
0.00138935
0.00117354
0.00093282
0.000784783
0.000615971
0.000518528
0.000403942
0.000341798
0.000265842
0.000227016
0.000177354
0.000153475
0.000121177
0.000106911
8.5895e-05
7.79062e-05
6.41165e-05
6.00417e-05
5.07783e-05
4.86221e-05
4.23558e-05
4.05646e-05
3.73872e-05
3.56699e-05
3.8335e-05
3.90808e-05
5.43746e-05
6.42993e-05
0.000104287
0.000135762
0.000218332
0.000289768
0.000437907
0.000572633
0.000812027
0.00103538
0.00139034
0.00172516
0.00221337
0.00267456
0.0033016
0.00389142
0.00464811
0.00535365
0.00622314
0.00703958
0.00800078
0.00890549
0.00991224
0.0108515
0.0118333
0.0127347
0.0136116
0.0143967
0.0150954
0.0156972
0.0161647
0.0165395
0.016746
0.0168696
0.0168014
0.0166572
0.016308
0.0158886
0.0152743
0.0147232
0.0143544
0.0146964
0.0150791
0.0156127
0.0162638
0.016788
0.0171893
0.0174559
0.0175891
0.0175922
0.0174637
0.0172135
0.0168377
0.0163533
0.0157585
0.0150766
0.0143109
0.0134886
0.012617
0.0117224
0.0108145
0.00991345
0.0090297
0.00817307
0.00735048
0.00656563
0.00582103
0.00511788
0.00446674
0.0038642
0.0033203
0.0028271
0.00239369
0.00200806
0.00167808
0.0013895
0.00114888
0.000941577
0.000772833
0.000629179
0.000514639
0.000417915
0.00034199
0.000278131
0.00022849
0.000186757
0.000154472
0.000127263
0.000106256
8.84278e-05
7.46435e-05
6.27747e-05
5.3515e-05
4.54845e-05
3.92207e-05
3.43426e-05
3.11664e-05
3.09337e-05
3.35978e-05
4.28808e-05
5.81685e-05
8.65121e-05
0.000126484
0.000188988
0.000271526
0.000388738
0.000536819
0.000733152
0.000972451
0.00127293
0.00162776
0.00205335
0.00254136
0.00310358
0.00373037
0.00442722
0.00518362
0.00599815
0.00686643
0.00778215
0.0087375
0.0097186
0.0107146
0.0117012
0.0126682
0.0135857
0.0144456
0.0152182
0.0158992
0.0164643
0.016914
0.0172321
0.0174211
0.017473
0.0173884
0.017166
0.0168039
0.0163152
0.0156952
0.0151846
0.0148154
0.0149664
0.0153493
0.0160546
0.0167116
0.0173165
0.0177316
0.0180814
0.0182322
0.0183133
0.0182036
0.0180162
0.0176595
0.0172152
0.0166396
0.0159703
0.0152229
0.0143828
0.0135271
0.0125845
0.0116882
0.0107127
0.00983528
0.00888633
0.008065
0.00717856
0.00643423
0.00562799
0.0049771
0.00427656
0.00373286
0.00315099
0.00271774
0.00225522
0.00192537
0.00157281
0.00133227
0.00107385
0.000905163
0.000722231
0.000607733
0.000481896
0.000405999
0.000321136
0.000271513
0.000214752
0.000182479
0.000144284
0.000123285
9.70145e-05
8.32353e-05
6.45881e-05
5.53318e-05
4.20462e-05
3.57847e-05
2.78159e-05
2.46409e-05
2.48651e-05
2.75282e-05
4.28149e-05
5.80969e-05
0.000100395
0.000140351
0.000227282
0.000309789
0.000464192
0.000612218
0.000860199
0.00109941
0.00146672
0.00182141
0.00232845
0.00281629
0.00347254
0.0040991
0.00489863
0.00565474
0.0065742
0.00744138
0.00845622
0.00940625
0.0104714
0.0114574
0.0125039
0.013457
0.0144059
0.0152494
0.0160242
0.0166877
0.0172277
0.0176597
0.0179297
0.0181009
0.0180884
0.0179869
0.0176932
0.0173176
0.0167581
0.0161322
0.0154591
0.0150898
0.0152165
0.0155995
0.0164638
0.0171263
0.0178058
0.0182337
0.0186607
0.0188278
0.0189811
0.0188889
0.0187595
0.0184205
0.0180135
0.0174556
0.0167979
0.0160675
0.0152109
0.0143699
0.0133829
0.0124973
0.0114529
0.0105813
0.00954685
0.00872668
0.00774616
0.00700209
0.00610039
0.00544972
0.00465843
0.00411491
0.00345094
0.00301784
0.00248411
0.00215437
0.00174256
0.00150211
0.00119633
0.00102771
0.000808403
0.000693944
0.000541146
0.000465275
0.000360961
0.000311355
0.000240678
0.000208415
0.000160047
0.000139055
0.000104966
9.11918e-05
6.62674e-05
5.70143e-05
3.88622e-05
3.26028e-05
2.17717e-05
1.85978e-05
1.92451e-05
2.19073e-05
4.27538e-05
5.80306e-05
0.000113251
0.000153194
0.000262744
0.000345223
0.000534067
0.000682042
0.000977852
0.00121698
0.00164618
0.00200074
0.00258322
0.00307088
0.00381422
0.00444057
0.00533518
0.00609104
0.00710765
0.00797381
0.00908045
0.0100256
0.0111685
0.0121453
0.0132473
0.0141875
0.0151655
0.0159938
0.0167705
0.0174179
0.0179346
0.0183502
0.0185756
0.0187305
0.0186583
0.0185413
0.0181814
0.0177934
0.0171681
0.0165368
0.0157134
0.0153438
0.0153965
0.0157887
0.0167058
0.0173843
0.0181022
0.0185443
0.0190155
0.0191961
0.0193933
0.019312
0.0192217
0.0188886
0.0185139
0.0179554
0.0173216
0.016584
0.01574
0.0148853
0.0138976
0.0129928
0.0119341
0.0110389
0.00997858
0.00913246
0.00811944
0.00734785
0.00641457
0.00573669
0.00491537
0.00434632
0.00365515
0.0031991
0.00264179
0.00229228
0.00186084
0.00160405
0.00128258
0.00110101
0.000869643
0.00074532
0.000583584
0.000500457
0.000389692
0.000334868
0.000259574
0.000223556
0.000171813
0.000148029
0.000111346
9.53998e-05
6.83919e-05
5.74397e-05
3.76721e-05
3.02689e-05
1.84877e-05
1.50347e-05
1.58226e-05
1.95763e-05
4.22684e-05
6.06496e-05
0.000120158
0.000165911
0.000282965
0.000374599
0.000574865
0.000735815
0.00104748
0.00130361
0.00175331
0.00212878
0.00273623
0.00324817
0.00402033
0.00467342
0.00559949
0.00638321
0.00743309
0.0083263
0.00946137
0.0104317
0.0115932
0.0125913
0.0136995
0.0146559
0.0156274
0.0164658
0.017225
0.0178761
0.0183667
0.0187799
0.0189721
0.0191195
0.0190085
0.0188813
0.0184814
0.018082
0.0174215
0.0167766
0.0159032
0.0155255
0.0155369
0.0159425
0.0168602
0.0175671
0.0182893
0.0187629
0.0192405
0.0194531
0.0196575
0.0196047
0.0195216
0.0192104
0.0188429
0.0182971
0.0176705
0.0169346
0.0160971
0.0152322
0.0142497
0.0133228
0.0122678
0.0113409
0.0102821
0.00939867
0.00838596
0.00757448
0.00664148
0.00592417
0.00510309
0.00449702
0.00380606
0.00331676
0.00275962
0.00238146
0.00195015
0.0016697
0.00134833
0.00114801
0.000916714
0.000778114
0.000616425
0.000522798
0.000412066
0.00034969
0.000274419
0.000232965
0.000181237
0.000153416
0.000116744
9.76551e-05
7.06551e-05
5.72453e-05
3.74835e-05
2.84259e-05
1.66481e-05
1.27911e-05
1.35789e-05
1.89108e-05
4.15962e-05
6.44673e-05
0.000123959
0.000178117
0.000295136
0.000400018
0.000600224
0.000779956
0.00109153
0.00137228
0.00182185
0.00222758
0.00283486
0.00338196
0.0041539
0.00484575
0.00577154
0.00659568
0.00764524
0.00857754
0.00971124
0.010716
0.0118744
0.0128983
0.014002
0.0149732
0.0159391
0.016781
0.0175338
0.018178
0.018662
0.0190591
0.0192446
0.0193691
0.0192514
0.0190972
0.0186913
0.0182647
0.0176001
0.0169302
0.0160561
0.0156665
0.0156669
0.0160848
0.0170033
0.0177365
0.0184625
0.0189654
0.0194489
0.0196912
0.0199022
0.0198758
0.0197994
0.0195084
0.0191476
0.0186136
0.0179935
0.0172592
0.0164278
0.0155533
0.0145757
0.0136285
0.0125767
0.0116205
0.0105633
0.00964521
0.00863279
0.00778436
0.00685161
0.00609778
0.00527693
0.00463659
0.00394581
0.00342572
0.00286873
0.00246405
0.00203286
0.0017305
0.00140922
0.00119154
0.000960304
0.000808483
0.000646838
0.000543487
0.000432785
0.000363417
0.000288166
0.000241679
0.000189965
0.000158404
0.000121742
9.97437e-05
7.2751e-05
5.70652e-05
3.73088e-05
2.67191e-05
1.49445e-05
1.07135e-05
1.1501e-05
1.82944e-05
4.09737e-05
6.80028e-05
0.000127478
0.00018942
0.000306407
0.000423557
0.000623709
0.000820833
0.00113232
0.00143587
0.00188532
0.00231909
0.00292619
0.00350586
0.00427759
0.00500533
0.00593088
0.00679244
0.0078417
0.0088102
0.00994265
0.0109792
0.0121349
0.0131826
0.0142822
0.0152672
0.0162277
0.0170729
0.0178198
0.0184574
0.0189354
0.0193177
0.019497
0.0196003
0.0194764
0.0192973
0.0188856
0.0184339
0.0177655
0.0170724
0.0161976
0.015797
0.0157873
0.0162167
0.0171357
0.0178933
0.018623
0.0191528
0.0196418
0.0199116
0.0201287
0.0201268
0.0200566
0.0197843
0.0194298
0.0189067
0.0182927
0.0175599
0.0167341
0.0158507
0.0148776
0.0139116
0.0128628
0.0118795
0.0108236
0.00987351
0.00886136
0.00797872
0.0070462
0.00625856
0.00543791
0.00476583
0.00407523
0.00352662
0.00296977
0.00254054
0.00210945
0.00178681
0.00146561
0.00123185
0.00100067
0.000836607
0.000675003
0.000562646
0.000451973
0.000376128
0.000300896
0.000249748
0.000198047
0.000163024
0.000126371
0.000101678
7.46919e-05
5.68985e-05
3.7147e-05
2.51385e-05
1.33669e-05
8.78945e-06
9.57676e-06
1.77237e-05
4.03972e-05
7.12768e-05
0.000130737
0.000199887
0.000316845
0.000445356
0.000645458
0.000858688
0.0011701
0.00149476
0.0019441
0.00240382
0.00301077
0.0036206
0.00439214
0.00515312
0.00607843
0.00697466
0.00802364
0.00902565
0.0101569
0.011223
0.0123761
0.0134459
0.0145416
0.0155393
0.016495
0.0173432
0.0180847
0.0187163
0.0191885
0.0195571
0.0197307
0.0198144
0.0196847
0.0194825
0.0190656
0.0185905
0.0179186
0.0172041
0.0163287
0.0159179
0.0158988
0.0163388
0.0172584
0.0180385
0.0187715
0.0193264
0.0198205
0.0201158
0.0203386
0.0203593
0.0202949
0.0200399
0.0196911
0.0191781
0.0185698
0.0178384
0.0170177
0.0161262
0.0151572
0.0141737
0.0131277
0.0121194
0.0110647
0.0100849
0.00907303
0.0081587
0.00722641
0.00640745
0.00558699
0.00488552
0.00419508
0.00362006
0.00306334
0.00261136
0.00218038
0.00183895
0.00151783
0.00126918
0.00103805
0.000862652
0.000701085
0.000580389
0.000469741
0.0003879
0.000312685
0.000257221
0.000205532
0.000167302
0.000130658
0.000103469
7.64893e-05
5.67441e-05
3.69972e-05
2.36748e-05
1.1906e-05
7.00767e-06
7.7948e-06
1.71951e-05
3.98634e-05
7.43088e-05
0.000133755
0.00020958
0.000326511
0.000465543
0.000665598
0.000893743
0.00120508
0.0015493
0.00199853
0.00248229
0.0030891
0.00372686
0.00449821
0.00528998
0.00621508
0.0071434
0.00819212
0.00922518
0.0103554
0.0114488
0.0125994
0.0136897
0.0147818
0.0157914
0.0167426
0.0175936
0.01833
0.018956
0.019423
0.0197788
0.0199471
0.0200126
0.0198777
0.019654
0.0192323
0.0187356
0.0180604
0.017326
0.0164501
0.0160299
0.0160021
0.0164519
0.017372
0.018173
0.0189091
0.0194872
0.019986
0.0203048
0.0205329
0.0205746
0.0205155
0.0202765
0.0199331
0.0194294
0.0188264
0.0180962
0.0172803
0.0163812
0.0154161
0.0144165
0.0133731
0.0123415
0.0112879
0.0102807
0.00926905
0.00832538
0.00739329
0.00654533
0.00572505
0.00499636
0.00430607
0.00370659
0.00314999
0.00267696
0.00224606
0.00188724
0.00156618
0.00130375
0.00107267
0.00088677
0.000725238
0.00059682
0.000486196
0.000398801
0.000323603
0.000264141
0.000212463
0.000171264
0.000134627
0.000105128
7.81539e-05
5.66011e-05
3.68585e-05
2.23193e-05
1.0553e-05
5.35763e-06
6.14459e-06
1.67056e-05
3.9369e-05
7.71166e-05
0.00013655
0.000218557
0.000335462
0.000484237
0.00068425
0.000926207
0.00123748
0.0015998
0.00204893
0.00255496
0.00316164
0.00382526
0.00459645
0.00541672
0.00634162
0.00729966
0.00834815
0.00940995
0.0105392
0.0116579
0.0128063
0.0139155
0.0150043
0.0160248
0.0169718
0.0178254
0.0185572
0.0191779
0.0196401
0.0199842
0.0201476
0.0201962
0.0200563
0.0198128
0.0193866
0.0188699
0.0181917
0.017439
0.0165625
0.0161335
0.0160977
0.0165566
0.0174772
0.0182975
0.0190365
0.019636
0.0201392
0.0204799
0.0207128
0.0207739
0.0207198
0.0204957
0.0201572
0.0196622
0.019064
0.018335
0.0175235
0.0166175
0.0156559
0.0146413
0.0136003
0.0125472
0.0114947
0.010462
0.00945058
0.00847974
0.00754783
0.00667302
0.0058529
0.005099
0.00440885
0.00378673
0.00323024
0.0027377
0.00230689
0.00193196
0.00161096
0.00133576
0.00110473
0.000909106
0.000747606
0.000612036
0.000501434
0.000408896
0.000333713
0.000270549
0.000218882
0.000174933
0.000138303
0.000106664
7.96953e-05
5.64687e-05
3.673e-05
2.10641e-05
9.30009e-06
3.82959e-06
4.6164e-06
1.62523e-05
3.89112e-05
7.97168e-05
0.000139138
0.00022687
0.000343752
0.00050155
0.000701522
0.000956271
0.00126748
0.00164657
0.00209561
0.00262225
0.00322881
0.00391638
0.00468742
0.00553409
0.0064588
0.00744437
0.00849265
0.00958106
0.0107093
0.0118515
0.0129978
0.0141246
0.0152103
0.016241
0.0171841
0.0180401
0.0187675
0.0193835
0.0198412
0.0201744
0.0203332
0.0203662
0.0202218
0.0199599
0.0195295
0.0189944
0.0183133
0.0175435
0.0166666
0.0162295
0.016152
0.0166119
0.0174756
0.0183028
0.0190317
0.0196443
0.0201339
0.0204903
0.0207086
0.0207862
0.0207177
0.0205099
0.020158
0.0196787
0.0190687
0.018354
0.0175333
0.0166385
0.0156711
0.0146635
0.0136202
0.0125694
0.0115171
0.0104828
0.00947241
0.00849904
0.00756855
0.00669122
0.00587187
0.0051156
0.00442553
0.00380127
0.00324431
0.00274991
0.00231827
0.0019418
0.00161979
0.00134336
0.0011113
0.00091474
0.000752304
0.000616048
0.000504671
0.000411639
0.000335862
0.000272341
0.000220251
0.000176036
0.000139138
0.000107292
8.02001e-05
5.68114e-05
3.71064e-05
2.13313e-05
9.78985e-06
4.29299e-06
5.53662e-06
1.72771e-05
4.06689e-05
8.17709e-05
0.000142215
0.0002305
0.000348655
0.000507321
0.000708701
0.000964676
0.00127723
0.00165793
0.002108
0.00263659
0.00324358
0.00393341
0.00470403
0.00555318
0.00647657
0.0074647
0.00851148
0.00960181
0.010729
0.0118697
0.013017
0.0141382
0.0152279
0.0162491
0.0171996
0.0180431
0.0187806
0.0193825
0.0198523
0.0201706
0.0203428
0.0203606
0.0202301
0.0199534
0.0195363
0.0189886
0.0183176
0.0175412
0.0167197
0.0162817
0.0161987
0.0166585
0.0174666
0.0182936
0.01902
0.0196325
0.0201205
0.0204767
0.0206943
0.0207715
0.0207033
0.0204951
0.0201447
0.0196649
0.0190577
0.0183425
0.0175254
0.0166303
0.0156668
0.0146591
0.0136194
0.0125687
0.0115191
0.010485
0.00947639
0.00850318
0.00757415
0.00669697
0.00587841
0.00512226
0.00443226
0.00380811
0.00325065
0.00275634
0.00232381
0.00194741
0.00162433
0.00134795
0.00111481
0.000918287
0.000754876
0.000618644
0.000506462
0.000413445
0.00033705
0.00027354
0.000221011
0.000176803
0.000139626
0.000107785
8.05652e-05
5.71805e-05
3.75099e-05
2.17376e-05
1.04266e-05
4.93068e-06
6.64811e-06
1.83866e-05
4.25389e-05
8.36339e-05
0.00014514
0.00023341
0.000352887
0.000511526
0.00071437
0.000970301
0.00128426
0.00166489
0.00211604
0.00264454
0.00325199
0.0039417
0.0047119
0.00556091
0.00648294
0.0074709
0.00851562
0.00960576
0.0107298
0.0118704
0.0130135
0.0141348
0.01522
0.0162415
0.0171879
0.0180319
0.0187662
0.0193687
0.0198366
0.0201554
0.0203272
0.0203454
0.0202157
0.0199392
0.0195237
0.0189761
0.0183076
0.0175314
0.0167641
0.0163261
0.0162419
0.0167017
0.0174582
0.0182851
0.0190092
0.0196216
0.0201081
0.0204641
0.020681
0.0207578
0.02069
0.0204813
0.0201324
0.0196522
0.0190475
0.0183319
0.0175181
0.0166227
0.0156628
0.0146551
0.0136187
0.0125681
0.0115209
0.010487
0.00948008
0.00850702
0.00757934
0.0067023
0.00588446
0.00512844
0.0044385
0.00381444
0.00325652
0.00276229
0.00232894
0.0019526
0.00162854
0.0013522
0.00111806
0.000921571
0.000757259
0.000621048
0.00050812
0.000415118
0.000338151
0.000274651
0.000221714
0.000177514
0.000140078
0.000108242
8.09032e-05
5.75223e-05
3.78836e-05
2.21138e-05
1.10163e-05
5.52122e-06
7.67741e-06
1.9414e-05
4.42707e-05
8.53591e-05
0.000147849
0.000236104
0.000356806
0.00051542
0.000719621
0.000975511
0.00129077
0.00167134
0.00212349
0.00265191
0.00325978
0.00394938
0.0047192
0.00556807
0.00648884
0.00747665
0.00851946
0.00960942
0.0107306
0.011871
0.0130102
0.0141316
0.0152127
0.0162345
0.017177
0.0180214
0.0187529
0.0193558
0.0198221
0.0201414
0.0203127
0.0203313
0.0202023
0.019926
0.019512
0.0189646
0.0182984
0.0175224
0.0168052
0.0163673
0.0162819
0.0167417
0.0174505
0.0182772
0.0189991
0.0196115
0.0200966
0.0204525
0.0206687
0.0207452
0.0206776
0.0204686
0.020121
0.0196404
0.019038
0.018322
0.0175113
0.0166157
0.0156591
0.0146513
0.013618
0.0125676
0.0115226
0.0104888
0.00948349
0.00851058
0.00758414
0.00670723
0.00589006
0.00513415
0.00444427
0.00382031
0.00326195
0.00276779
0.0023337
0.00195741
0.00163243
0.00135614
0.00112108
0.000924613
0.000759465
0.000623274
0.000509655
0.000416667
0.00033917
0.00027568
0.000222366
0.000178172
0.000140496
0.000108664
8.12163e-05
5.78388e-05
3.82297e-05
2.24622e-05
1.15623e-05
6.0681e-06
8.63061e-06
2.03655e-05
4.58744e-05
8.69567e-05
0.000150357
0.0002386
0.000360436
0.000519026
0.000724483
0.000980335
0.0012968
0.00167732
0.00213039
0.00265873
0.00326699
0.00395649
0.00472595
0.0055747
0.00649431
0.00748197
0.00852301
0.00961281
0.0107313
0.0118716
0.0130072
0.0141286
0.0152059
0.0162279
0.017167
0.0180118
0.0187406
0.0193439
0.0198087
0.0201283
0.0202993
0.0203182
0.0201899
0.0199139
0.0195012
0.0189539
0.0182899
0.017514
0.0168433
0.0164054
0.0163189
0.0167787
0.0174433
0.0182699
0.0189899
0.0196021
0.020086
0.0204417
0.0206573
0.0207336
0.0206662
0.0204568
0.0201104
0.0196295
0.0190292
0.0183129
0.017505
0.0166092
0.0156556
0.0146478
0.0136174
0.0125671
0.0115242
0.0104906
0.00948665
0.00851387
0.00758859
0.0067118
0.00589525
0.00513944
0.00444962
0.00382574
0.00326699
0.0027729
0.0023381
0.00196186
0.00163604
0.00135979
0.00112387
0.00092743
0.000761508
0.000625336
0.000511077
0.000418101
0.000340114
0.000276632
0.000222969
0.000178781
0.000140883
0.000109056
8.15062e-05
5.81319e-05
3.85502e-05
2.27848e-05
1.2068e-05
6.57455e-06
9.51333e-06
2.12466e-05
4.73595e-05
8.84363e-05
0.00015268
0.000240911
0.000363797
0.000522365
0.000728986
0.000984803
0.00130239
0.00168285
0.00213677
0.00266504
0.00327367
0.00396308
0.00473221
0.00558083
0.00649937
0.0074869
0.0085263
0.00961594
0.0107319
0.0118721
0.0130045
0.0141259
0.0151996
0.0162219
0.0171577
0.0180029
0.0187292
0.0193329
0.0197962
0.0201163
0.0202869
0.0203061
0.0201784
0.0199026
0.0194912
0.018944
0.018282
0.0175062
0.0168786
0.0164406
)
;

boundaryField
{
    inlet
    {
        type            cyclic;
    }
    outlet
    {
        type            cyclic;
    }
    top
    {
        type            zeroGradient;
    }
    hills
    {
        type            zeroGradient;
    }
    front
    {
        type            empty;
    }
    back
    {
        type            empty;
    }
}


// ************************************************************************* //
