/*--------------------------------*- C++ -*----------------------------------*\
| =========                 |                                                 |
| \\      /  F ield         | OpenFOAM: The Open Source CFD Toolbox           |
|  \\    /   O peration     | Version:  v2106                                 |
|   \\  /    A nd           | Website:  www.openfoam.com                      |
|    \\/     M anipulation  |                                                 |
\*---------------------------------------------------------------------------*/
FoamFile
{
    version     2.0;
    format      ascii;
    arch        "LSB;label=32;scalar=64";
    class       volScalarField;
    location    "0";
    object      expGpCoeffs27;
}
// * * * * * * * * * * * * * * * * * * * * * * * * * * * * * * * * * * * * * //

dimensions      [0 0 0 0 0 0 0];

internalField   nonuniform List<scalar> 
8000
(
0.00188225
0.00202415
0.00224127
0.00250063
0.00265694
0.0026898
0.00250753
0.00213122
0.00164941
0.00107804
0.00062974
0.000321067
0.000311317
0.000607525
0.00121181
0.002116
0.00317451
0.00438409
0.00559921
0.00681818
0.00802148
0.00920217
0.0104254
0.0116818
0.0130128
0.0144226
0.0159109
0.0174769
0.0191118
0.0208141
0.0225698
0.0243769
0.0262155
0.0280831
0.0299542
0.0318258
0.0336677
0.0354769
0.0372201
0.0388942
0.0404655
0.0419308
0.0432589
0.0444468
0.0454682
0.0463208
0.0469853
0.0474604
0.0477359
0.0478111
0.047686
0.0473608
0.0468451
0.0461403
0.0452646
0.0442202
0.0430323
0.0417038
0.0402643
0.0387171
0.0370938
0.0353977
0.0336602
0.0318843
0.0300987
0.0283062
0.0265313
0.0247764
0.023061
0.0213871
0.0197687
0.0182074
0.0167124
0.0152846
0.0139308
0.0126517
0.0114558
0.0103396
0.00927853
0.00828021
0.00727712
0.00627438
0.00524799
0.00419812
0.00320327
0.00226263
0.00148264
0.000866974
0.000438552
0.000195463
6.66403e-05
4.47326e-05
4.08148e-05
4.92741e-05
4.44265e-05
2.77677e-05
1.72684e-05
1.88484e-05
2.80771e-05
3.84072e-05
0.00187082
0.00201269
0.00224313
0.00250252
0.00267291
0.00270624
0.00252435
0.00214844
0.001649
0.00107739
0.000610132
0.000300805
0.000282897
0.000578457
0.00119098
0.00209489
0.00316969
0.00437934
0.00560219
0.00682121
0.00802098
0.00920155
0.0104197
0.0116759
0.0130063
0.0144159
0.015905
0.0174708
0.0191069
0.020809
0.0225664
0.0243733
0.0262142
0.0280816
0.0299554
0.0318268
0.0336718
0.0354807
0.0372272
0.038901
0.0404755
0.0419406
0.0432715
0.0444593
0.0454828
0.0463353
0.0470012
0.0474763
0.0477522
0.0478275
0.0477019
0.0473767
0.0468597
0.046155
0.0452772
0.044233
0.0430425
0.0417141
0.0402717
0.0387246
0.0370982
0.0354024
0.033662
0.0318863
0.0300981
0.0283058
0.0265287
0.024774
0.0230569
0.0213831
0.0197635
0.0182024
0.0167066
0.015279
0.0139244
0.0126455
0.0114488
0.0103328
0.00927562
0.00827741
0.00727981
0.00627703
0.00524832
0.0041983
0.00319311
0.00225248
0.0014655
0.00085009
0.000424817
0.000182024
6.21517e-05
4.03717e-05
4.28067e-05
5.12047e-05
4.44847e-05
2.78197e-05
1.57241e-05
1.73246e-05
2.89111e-05
3.9239e-05
0.00185848
0.00200032
0.00224515
0.00250455
0.00269016
0.002724
0.0025425
0.00216703
0.00164855
0.00107668
0.000588958
0.000278925
0.000252208
0.000547069
0.00116848
0.00207211
0.00316448
0.00437421
0.00560542
0.00682448
0.00802043
0.00920088
0.0104135
0.0116695
0.0129993
0.0144087
0.0158986
0.0174642
0.0191016
0.0208035
0.0225628
0.0243695
0.0262128
0.0280799
0.0299567
0.0318278
0.0336762
0.0354848
0.0372348
0.0389084
0.0404862
0.0419512
0.043285
0.0444727
0.0454986
0.0463509
0.0470184
0.0474934
0.0477699
0.0478452
0.0477191
0.047394
0.0468755
0.0461709
0.0452909
0.0442468
0.0430534
0.0417252
0.0402796
0.0387327
0.0371031
0.0354075
0.0336639
0.0318884
0.0300974
0.0283053
0.0265258
0.0247714
0.0230525
0.0213789
0.0197579
0.018197
0.0167003
0.0152729
0.0139175
0.0126388
0.0114413
0.0103254
0.00927247
0.00827439
0.00728272
0.0062799
0.00524868
0.0041985
0.00318214
0.00224151
0.001447
0.000831859
0.000409986
0.000167512
5.73047e-05
3.56626e-05
4.49576e-05
5.32894e-05
4.45476e-05
2.7876e-05
1.40565e-05
1.56791e-05
2.98118e-05
4.01373e-05
0.00184515
0.00198696
0.00224733
0.00250675
0.00270879
0.00274318
0.00256211
0.0021871
0.00164807
0.00107591
0.000566093
0.000255299
0.000219069
0.000513174
0.00114418
0.0020475
0.00315886
0.00436867
0.0056089
0.00682801
0.00801984
0.00920015
0.0104068
0.0116627
0.0129917
0.0144009
0.0158917
0.0174571
0.0190959
0.0207975
0.0225589
0.0243653
0.0262113
0.0280781
0.0299581
0.0318289
0.0336809
0.0354893
0.037243
0.0389164
0.0404979
0.0419626
0.0432997
0.0444872
0.0455157
0.0463679
0.047037
0.0475119
0.047789
0.0478642
0.0477377
0.0474126
0.0468926
0.0461881
0.0453056
0.0442617
0.0430652
0.0417372
0.0402881
0.0387415
0.0371083
0.0354129
0.0336659
0.0318907
0.0300966
0.0283049
0.0265228
0.0247686
0.0230477
0.0213744
0.0197519
0.0181912
0.0166935
0.0152664
0.0139101
0.0126315
0.0114332
0.0103175
0.00926907
0.00827113
0.00728586
0.006283
0.00524906
0.00419871
0.00317029
0.00222968
0.00142701
0.000812172
0.00039397
0.000151841
5.20707e-05
3.05776e-05
4.72803e-05
5.55406e-05
4.46156e-05
2.79367e-05
1.22558e-05
1.39022e-05
3.07843e-05
4.11072e-05
0.00183077
0.00197253
0.00224968
0.00250792
0.0027289
0.00276388
0.00258328
0.00220878
0.00164755
0.00107508
0.000541403
0.000229786
0.000183285
0.000476573
0.00111795
0.00202093
0.00315279
0.00436269
0.00561266
0.00683182
0.00801921
0.00919937
0.0103996
0.0116552
0.0129835
0.0143925
0.0158843
0.0174494
0.0190898
0.0207911
0.0225547
0.0243608
0.0262096
0.0280762
0.0299596
0.0318302
0.033686
0.0354941
0.0372519
0.038925
0.0405104
0.0419749
0.0433155
0.0445028
0.0455341
0.0463861
0.047057
0.0475318
0.0478096
0.0478848
0.0477577
0.0474327
0.046911
0.0462066
0.0453216
0.0442778
0.043078
0.0417502
0.0402974
0.038751
0.0371139
0.0354188
0.0336681
0.0318932
0.0300958
0.0283043
0.0265195
0.0247656
0.0230425
0.0213694
0.0197454
0.018185
0.0166862
0.0152593
0.0139021
0.0126237
0.0114244
0.0103089
0.00926541
0.00826761
0.00728924
0.00628634
0.00524948
0.00419894
0.0031575
0.0022169
0.00140543
0.000790913
0.000376676
0.000134919
4.64188e-05
2.50866e-05
4.97883e-05
5.79715e-05
4.46889e-05
2.80023e-05
1.07261e-05
1.19834e-05
3.18345e-05
4.21546e-05
0.00181657
0.00195835
0.00224046
0.00250172
0.00274027
0.00277776
0.00260473
0.00223416
0.0016475
0.00107641
0.000517226
0.00020653
0.000148012
0.000439971
0.00108985
0.00199173
0.00314623
0.00435623
0.00561672
0.00683594
0.00801852
0.00919852
0.0103918
0.0116472
0.0129701
0.0143784
0.0158711
0.0174354
0.0190773
0.0207779
0.0225436
0.024349
0.0262006
0.0280664
0.0299532
0.0318231
0.0336827
0.0354901
0.0372518
0.0389242
0.0405134
0.0419772
0.0433212
0.0445078
0.0455417
0.046393
0.0470657
0.0475399
0.0478182
0.047893
0.0477654
0.04744
0.0469168
0.0462122
0.0453246
0.044281
0.043078
0.0417506
0.0402942
0.0387486
0.0371078
0.0354136
0.0336594
0.0318856
0.030085
0.0282948
0.0265073
0.0247547
0.0230295
0.0213578
0.0197323
0.0181732
0.0166734
0.0152477
0.0138896
0.0126122
0.011415
0.0102997
0.00926145
0.00826381
0.0072929
0.00628995
0.00524993
0.00419919
0.00314275
0.00220269
0.00138067
0.000768488
0.000358462
0.000117358
4.06807e-05
1.92959e-05
5.24188e-05
6.03005e-05
4.4756e-05
2.8391e-05
1.1635e-05
1.52834e-05
3.41021e-05
4.4914e-05
0.00180412
0.00194587
0.00222786
0.00249503
0.00273348
0.00278907
0.0026163
0.00226707
0.00168112
0.00111595
0.000557636
0.000227179
0.00016919
0.000422966
0.00107269
0.00193868
0.0030943
0.00429332
0.00555337
0.00678266
0.00796137
0.00915222
0.0103394
0.0115959
0.0129133
0.0143169
0.0158093
0.0173681
0.0190097
0.0207054
0.0224707
0.0242718
0.026123
0.0279849
0.0298713
0.0317374
0.0335966
0.0354001
0.0371615
0.0388296
0.0404185
0.0418776
0.0432213
0.0444026
0.0454364
0.0462822
0.0469547
0.0474234
0.0477017
0.0477715
0.0476439
0.0473148
0.0467916
0.0460849
0.0451975
0.0441539
0.0429511
0.041626
0.0401698
0.0386288
0.0369884
0.035301
0.0335471
0.0317819
0.0299817
0.0282014
0.0264143
0.0246725
0.0229476
0.021287
0.0196618
0.0181136
0.0166141
0.0151988
0.0138409
0.0125718
0.011378
0.0102633
0.00922901
0.00822098
0.0072536
0.0062363
0.00519736
0.00414454
0.00308664
0.00216419
0.00134278
0.000753517
0.000343701
0.000117445
4.07254e-05
2.19863e-05
5.50435e-05
6.03786e-05
4.4823e-05
2.93969e-05
1.26165e-05
2.00497e-05
3.88401e-05
5.13655e-05
0.00179067
0.00193239
0.00221426
0.0024878
0.00272615
0.00280128
0.0026288
0.0023026
0.00171742
0.00115864
0.000601272
0.000249476
0.000192059
0.000404604
0.00105415
0.0018814
0.00303612
0.00421825
0.00547717
0.00671124
0.00788908
0.00908989
0.0102766
0.0115347
0.0128519
0.0142504
0.0157426
0.0172955
0.0189367
0.0206271
0.0223921
0.0241884
0.0260393
0.0278969
0.0297829
0.0316448
0.0335037
0.035303
0.037064
0.0387275
0.0403161
0.04177
0.0431134
0.0442891
0.0453226
0.0461624
0.0468348
0.0472976
0.0475758
0.0476404
0.0475128
0.0471795
0.0466565
0.0459475
0.0450603
0.0440165
0.042814
0.0414914
0.0400355
0.0384995
0.0368594
0.0351794
0.0334258
0.03167
0.0298701
0.0281006
0.0263138
0.0245837
0.0228591
0.0212105
0.0195856
0.0180492
0.01655
0.0151459
0.0137883
0.012528
0.0113345
0.0102202
0.00918635
0.00816749
0.00720075
0.00617177
0.00513379
0.00408295
0.00302605
0.00212262
0.00130187
0.000737351
0.000327762
0.000117539
4.07737e-05
2.48916e-05
5.78779e-05
6.04629e-05
4.48954e-05
3.04831e-05
1.36764e-05
2.51965e-05
4.39565e-05
5.83321e-05
0.00177614
0.00191783
0.00219958
0.00248
0.00271823
0.00281447
0.00264229
0.00234096
0.00175662
0.00120474
0.000648392
0.000273553
0.000216754
0.000384776
0.00103413
0.00181955
0.0029733
0.00413719
0.00539489
0.00663411
0.00781103
0.00902259
0.0102087
0.0114687
0.0127856
0.0141787
0.0156705
0.017217
0.0188578
0.0205426
0.0223072
0.0240984
0.0259489
0.0278018
0.0296874
0.0315449
0.0334034
0.0351981
0.0369587
0.0386172
0.0402055
0.0416538
0.042997
0.0441665
0.0451998
0.0460331
0.0467054
0.0471618
0.0474399
0.0474987
0.0473712
0.0470335
0.0465106
0.0457991
0.0449121
0.0438683
0.042666
0.041346
0.0398905
0.0383599
0.0367201
0.035048
0.0332949
0.0315491
0.0297496
0.0279917
0.0262053
0.0244878
0.0227636
0.0211279
0.0195034
0.0179797
0.0164809
0.0150888
0.0137315
0.0124808
0.0112875
0.0101737
0.00914028
0.00810972
0.00714369
0.00610208
0.00506514
0.00401644
0.00296062
0.00207772
0.00125769
0.000719893
0.00031055
0.00011764
4.08258e-05
2.80288e-05
6.09385e-05
6.05539e-05
4.49737e-05
3.16561e-05
1.48209e-05
3.07543e-05
4.94813e-05
6.58549e-05
0.00176046
0.00190211
0.00218372
0.00247157
0.00270967
0.0028287
0.00265686
0.00238239
0.00179895
0.00125452
0.000699274
0.000299553
0.000243421
0.000363364
0.00101252
0.00175276
0.00290547
0.00404966
0.00530604
0.00655083
0.00772674
0.00894991
0.0101355
0.0113974
0.012714
0.0141012
0.0155926
0.0171323
0.0187727
0.0204513
0.0222154
0.0240012
0.0258512
0.0276992
0.0295843
0.031437
0.033295
0.0350848
0.036845
0.0384981
0.040086
0.0415284
0.0428712
0.0440341
0.0450672
0.0458935
0.0465656
0.0470151
0.0472932
0.0473458
0.0472182
0.0468758
0.046353
0.0456388
0.044752
0.0437082
0.0425062
0.0411891
0.0397339
0.0382091
0.0365697
0.0349062
0.0331535
0.0314185
0.0296195
0.0278742
0.0260882
0.0243842
0.0226604
0.0210387
0.0194146
0.0179046
0.0164062
0.0150272
0.0136702
0.0124298
0.0112368
0.0101236
0.00909052
0.00804734
0.00708206
0.00602682
0.004991
0.00394463
0.00288996
0.00202924
0.00120998
0.000701042
0.000291964
0.00011775
4.08821e-05
3.14165e-05
6.42434e-05
6.06521e-05
4.50581e-05
3.29227e-05
1.60568e-05
3.67558e-05
5.54472e-05
7.39783e-05
0.00174352
0.00188514
0.0021666
0.00246247
0.00270044
0.00284408
0.0026726
0.00242713
0.00184465
0.00130827
0.000754219
0.000327628
0.000272216
0.000340243
0.000989174
0.00168064
0.00283222
0.00395514
0.00521009
0.0064609
0.00763572
0.00887143
0.0100564
0.0113205
0.0126367
0.0140175
0.0155086
0.0170408
0.0186808
0.0203527
0.0221164
0.0238962
0.0257458
0.0275883
0.029473
0.0313205
0.0331781
0.0349625
0.0367222
0.0383696
0.039957
0.0413929
0.0427354
0.0438912
0.044924
0.0457428
0.0464147
0.0468567
0.0471347
0.0471806
0.0470531
0.0467055
0.0461828
0.0454658
0.0445792
0.0435353
0.0423336
0.0410196
0.0395648
0.0380463
0.0364073
0.034753
0.0330008
0.0312776
0.029479
0.0277472
0.0259617
0.0242724
0.0225491
0.0209424
0.0193187
0.0178236
0.0163255
0.0149606
0.0136039
0.0123748
0.0111821
0.0100694
0.0090368
0.00797998
0.00701552
0.00594556
0.00491095
0.00386708
0.00281367
0.00197689
0.00115847
0.000680686
0.000271894
0.000117868
4.09429e-05
3.50747e-05
6.78123e-05
6.07583e-05
4.51493e-05
3.42905e-05
1.73913e-05
4.32365e-05
6.18894e-05
8.27503e-05
0.00172523
0.00186681
0.00214811
0.00245264
0.00269046
0.00286068
0.00268959
0.00247543
0.00189401
0.00136632
0.000813551
0.000357946
0.000303311
0.000315276
0.000963969
0.00160275
0.00275312
0.00385307
0.00510649
0.00636379
0.00753743
0.00878669
0.00997098
0.0112374
0.0125532
0.0139272
0.0154178
0.0169419
0.0185815
0.0202462
0.0220095
0.0237829
0.0256319
0.0274686
0.0293528
0.0311947
0.0330517
0.0348304
0.0365896
0.0382307
0.0398178
0.0412466
0.0425888
0.0437368
0.0447693
0.04558
0.0462517
0.0466857
0.0469636
0.0470023
0.0468748
0.0465216
0.0459991
0.0452789
0.0443926
0.0433486
0.0421473
0.0408366
0.0393821
0.0378704
0.0362319
0.0345877
0.0328359
0.0311253
0.0293272
0.0276101
0.0258251
0.0241516
0.0224288
0.0208384
0.0192151
0.017736
0.0162384
0.0148887
0.0135324
0.0123153
0.011123
0.0100108
0.00897879
0.00790724
0.00694366
0.00585781
0.0048245
0.00378334
0.00273128
0.00192037
0.00110284
0.000658705
0.000250221
0.000117996
4.10085e-05
3.90249e-05
7.16661e-05
6.08729e-05
4.52478e-05
3.57675e-05
1.88324e-05
5.02345e-05
6.8846e-05
9.22227e-05
0.00170887
0.00185036
0.00211424
0.00242354
0.0026662
0.00285456
0.00271395
0.00252034
0.00196842
0.00144674
0.000904908
0.000426965
0.000351035
0.000321818
0.000925499
0.00152487
0.00264474
0.0037216
0.00497404
0.00622958
0.00741569
0.00867296
0.00986116
0.0111296
0.0124338
0.0138028
0.0152868
0.0168052
0.0184375
0.0200971
0.0218533
0.023622
0.0254641
0.0272966
0.0291737
0.0310115
0.0328612
0.0346357
0.0363873
0.0380238
0.0396028
0.0410267
0.0423606
0.0435032
0.0445275
0.0453325
0.0459966
0.0464249
0.0466965
0.0467302
0.0465981
0.0462411
0.0457164
0.0449942
0.0441085
0.0430645
0.0418669
0.0405587
0.0391109
0.0376041
0.0359749
0.0343378
0.0325975
0.0308959
0.0291109
0.0274041
0.0256331
0.0239708
0.0222621
0.0206831
0.0190737
0.0176059
0.0161213
0.0147823
0.0134375
0.0122288
0.0110483
0.00993661
0.0089009
0.00781903
0.00684119
0.00574768
0.00470535
0.00367127
0.00263
0.00183896
0.00104767
0.00062724
0.000237014
0.000120844
4.56959e-05
4.66864e-05
7.42446e-05
6.08486e-05
4.60795e-05
3.73062e-05
2.88058e-05
6.25142e-05
8.04012e-05
0.000105197
0.00169495
0.00183637
0.00207689
0.00238567
0.00263411
0.00282167
0.0027478
0.00255511
0.00209407
0.00157576
0.00105752
0.000583432
0.000428509
0.000401265
0.000857409
0.00145556
0.00244658
0.00352001
0.00473414
0.00598647
0.0072049
0.00846034
0.0096798
0.0109476
0.0122481
0.0136167
0.0150814
0.0165992
0.0182108
0.0198698
0.0216057
0.0233739
0.025196
0.0270279
0.0288847
0.030722
0.0325507
0.0343246
0.036054
0.0376901
0.0392457
0.0406692
0.0419789
0.0431211
0.0441215
0.0449262
0.0455678
0.045996
0.0462486
0.0462822
0.0461363
0.0457794
0.0452479
0.0445259
0.0436417
0.0425981
0.0414109
0.0401031
0.0386747
0.0371683
0.0355664
0.0339298
0.0322233
0.0305223
0.0287757
0.0270694
0.0253394
0.0236776
0.0220107
0.0204323
0.0188637
0.0173963
0.0159502
0.0146117
0.0133005
0.0120923
0.0109283
0.00981711
0.00875521
0.00767464
0.0066473
0.00555635
0.00450424
0.00347359
0.00249137
0.00170302
0.000998635
0.000579136
0.000245778
0.000129276
6.17344e-05
6.22425e-05
7.40405e-05
6.06369e-05
4.777e-05
3.89432e-05
4.25179e-05
7.60423e-05
9.74557e-05
0.000122225
0.00167602
0.00181738
0.00203225
0.0023405
0.00260934
0.00279582
0.00278436
0.00259265
0.00222974
0.00171509
0.00122232
0.000752391
0.000512169
0.000487054
0.000783884
0.00138071
0.00223259
0.00330232
0.00447508
0.00572395
0.00697729
0.00823076
0.00948395
0.010751
0.0120476
0.0134157
0.0148595
0.0163769
0.0179659
0.0196243
0.0213384
0.023106
0.0249065
0.0267377
0.0285727
0.0304093
0.0322153
0.0339886
0.0356942
0.0373297
0.0388601
0.0402831
0.0415668
0.0427086
0.043683
0.0444874
0.0451049
0.0455329
0.0457648
0.0457984
0.0456376
0.0452809
0.044742
0.0440202
0.0431377
0.0420944
0.0409186
0.0396112
0.0382036
0.0366977
0.0351253
0.0334892
0.0318192
0.0301187
0.0284136
0.026708
0.0250223
0.0233611
0.0217393
0.0201614
0.0186368
0.01717
0.0157655
0.0144274
0.0131526
0.0119448
0.0107987
0.00968807
0.00859788
0.00751872
0.00643793
0.00534974
0.00428707
0.00326013
0.00234167
0.00155623
0.000945688
0.000527192
0.000255242
0.000138381
7.90534e-05
7.90405e-05
7.382e-05
6.04083e-05
4.78575e-05
3.89346e-05
5.47495e-05
8.80574e-05
0.000116553
0.000141294
0.00159299
0.00173421
0.00197625
0.00228372
0.00263926
0.00282676
0.00293128
0.00274403
0.00241716
0.00190777
0.00134253
0.000875452
0.000466543
0.000440198
0.000569031
0.0011611
0.00193394
0.00299822
0.00418543
0.00543039
0.00673588
0.00798725
0.00926058
0.0105269
0.0117982
0.0131659
0.0145851
0.0161019
0.0176722
0.01933
0.0210292
0.0227961
0.024585
0.0264156
0.0282415
0.0300774
0.0318753
0.033648
0.0353448
0.0369797
0.0384994
0.0399219
0.0411918
0.0423332
0.0432906
0.0440947
0.0446925
0.0451204
0.0453316
0.0453652
0.0451848
0.0448282
0.0442734
0.0435519
0.0426594
0.0416166
0.0404387
0.0391318
0.0377313
0.0362261
0.03467
0.0330346
0.0313897
0.0296899
0.0280172
0.0263122
0.0246645
0.0230039
0.0214234
0.0198461
0.0183641
0.0168979
0.0155354
0.0141978
0.0129646
0.0117572
0.0106446
0.00953456
0.00842796
0.00735032
0.00621229
0.00512709
0.00402204
0.00299974
0.00210153
0.0013211
0.000799961
0.000384785
0.000216323
0.000100438
9.41484e-05
9.3686e-05
8.36708e-05
6.99421e-05
3.73916e-05
2.87553e-05
6.3116e-05
9.63106e-05
0.000148159
0.000172856
0.00150373
0.00164481
0.00191341
0.00222264
0.00266907
0.00285484
0.00309071
0.00290851
0.00262327
0.00211963
0.00146795
0.00100387
0.000408781
0.000380929
0.000323407
0.000910208
0.00160056
0.00265891
0.00387058
0.00511134
0.00647622
0.00772533
0.00901715
0.0102826
0.0115272
0.0128943
0.0142869
0.0158031
0.0173536
0.0190107
0.0206942
0.0224604
0.0242375
0.0260673
0.0278841
0.0297193
0.0315094
0.0332813
0.0349697
0.0366039
0.038113
0.0395348
0.0407906
0.0419315
0.0428711
0.0436749
0.0442519
0.0446796
0.0448685
0.0449021
0.0447005
0.044344
0.0437715
0.0430503
0.0421465
0.0411041
0.0399234
0.038617
0.0372234
0.0357187
0.0341796
0.0325449
0.0309263
0.0292272
0.0275889
0.0258846
0.0242773
0.0226174
0.0210811
0.0195044
0.0180682
0.0166025
0.0152852
0.0139482
0.0127599
0.0115531
0.0104755
0.00936614
0.00824446
0.00716847
0.00596873
0.00488674
0.003731
0.00271374
0.00183443
0.00105951
0.000637136
0.000225662
0.000170599
5.58336e-05
0.000110124
0.000109181
9.44008e-05
8.03083e-05
2.81304e-05
1.85996e-05
7.58821e-05
0.000112883
0.000182507
0.000207246
0.00143237
0.00156817
0.00183625
0.00215717
0.00260235
0.00285661
0.00310462
0.00301924
0.00274831
0.00231013
0.00165399
0.00116419
0.000554004
0.00040131
0.000319657
0.000739254
0.00141262
0.00234151
0.00355324
0.0047346
0.00610645
0.00732875
0.00861693
0.00983711
0.011061
0.0123575
0.0137475
0.015186
0.0167343
0.0183115
0.0199931
0.021678
0.0234534
0.0252015
0.0270168
0.0287708
0.0305596
0.0322521
0.0339392
0.0354974
0.0370051
0.0383562
0.0396105
0.0406886
0.0416265
0.0423778
0.042953
0.0433418
0.0435288
0.0435398
0.0433365
0.0429756
0.0424021
0.0416963
0.0407919
0.0397849
0.0386044
0.0373525
0.0359599
0.0345267
0.0329896
0.0314399
0.0298241
0.0282203
0.0265853
0.0249825
0.0233789
0.0218229
0.0202906
0.0188167
0.0173845
0.0160175
0.0147043
0.0134596
0.0122754
0.0111488
0.0100941
0.00903122
0.00791427
0.00685051
0.00564345
0.00458104
0.00342113
0.00246911
0.00159779
0.0009218
0.000515176
0.000187183
0.000144028
6.31838e-05
0.000123507
0.000117225
0.000101205
8.20063e-05
2.90264e-05
4.05552e-05
9.73945e-05
0.000160898
0.000230236
0.000263971
0.00135532
0.00148541
0.00175293
0.00208647
0.00253031
0.00285853
0.00310697
0.00313842
0.00287092
0.00251189
0.00186076
0.00133923
0.000733007
0.000429561
0.00034854
0.000566748
0.00123693
0.00200831
0.00321489
0.0043199
0.00568714
0.00687113
0.00815686
0.00931976
0.0105431
0.0117574
0.0131467
0.014495
0.0160425
0.0175267
0.0192076
0.0207979
0.0225725
0.0242255
0.02604
0.0276996
0.0294875
0.0310878
0.0327741
0.034244
0.0357509
0.03702
0.0382736
0.0392786
0.040216
0.0409065
0.0414814
0.0418249
0.0420119
0.0419964
0.0417932
0.0414272
0.040854
0.040166
0.0392621
0.0382963
0.0371163
0.0359277
0.0345358
0.0331855
0.0316491
0.0301985
0.0285834
0.0270904
0.0254562
0.0239715
0.0223687
0.0209333
0.0194018
0.0180473
0.0166158
0.0153635
0.0140509
0.0129137
0.01173
0.0106968
0.00964271
0.00863845
0.00752362
0.00647994
0.00527696
0.0042421
0.00308739
0.00221514
0.00134853
0.000791328
0.00038743
0.000159846
0.000117344
7.75676e-05
0.000137558
0.000124807
0.000108525
8.30795e-05
2.99938e-05
6.42638e-05
0.000120624
0.000212746
0.000281774
0.000325226
0.00127212
0.00139605
0.00166296
0.00201012
0.00245251
0.0028606
0.00310952
0.00326711
0.00300332
0.00272976
0.00208405
0.00152824
0.000926302
0.000460068
0.000379729
0.000380468
0.00104722
0.00164852
0.00284953
0.00387209
0.00523436
0.00637697
0.00766005
0.00876111
0.00998379
0.0111094
0.012498
0.0137488
0.0152956
0.0166794
0.0183593
0.0198475
0.0216212
0.0231715
0.0249851
0.0265428
0.0283298
0.0298304
0.0315159
0.0328904
0.0343966
0.035577
0.03683
0.0377561
0.038693
0.0393178
0.0398923
0.040187
0.0403739
0.0403298
0.0401267
0.0397552
0.0391822
0.0385136
0.0376101
0.0366887
0.0355094
0.0343891
0.0329979
0.0317372
0.0302016
0.0288579
0.0272437
0.0258704
0.024237
0.0228797
0.0212777
0.0199728
0.018442
0.0172164
0.0157857
0.0146573
0.0133454
0.0123242
0.0111411
0.0102088
0.00915522
0.00821433
0.00710177
0.00607978
0.00488122
0.0038761
0.00272701
0.00194089
0.00107936
0.00065044
0.000249486
0.000130326
8.85301e-05
9.30998e-05
0.00015273
0.000132994
0.000116429
8.42384e-05
3.10385e-05
8.98653e-05
0.000145709
0.000268734
0.000337428
0.000391371
0.00120036
0.00132214
0.00156694
0.00191521
0.00233628
0.00277182
0.00305834
0.00326758
0.00311571
0.00287983
0.00234274
0.00177655
0.00120365
0.00067407
0.000494458
0.00040688
0.000881315
0.00140882
0.00242712
0.0034074
0.0046493
0.00576625
0.00696835
0.0080404
0.00916924
0.0102599
0.011543
0.0127552
0.0141826
0.0155267
0.0170803
0.0185282
0.0201706
0.0216804
0.0233604
0.0248778
0.0265324
0.0279937
0.0295517
0.0308885
0.0322768
0.0334223
0.0345717
0.0354667
0.0363191
0.0369181
0.0374316
0.0377071
0.0378599
0.0378046
0.0375965
0.0372231
0.036675
0.0360141
0.0351646
0.0342609
0.033162
0.0320688
0.0307808
0.0295554
0.0281408
0.0268394
0.0253588
0.0240327
0.0225401
0.021233
0.019774
0.0185203
0.0171303
0.0159555
0.0146596
0.01358
0.0123944
0.0114188
0.0103464
0.0094538
0.0084979
0.00758663
0.00654151
0.00553624
0.00441334
0.00342826
0.00239306
0.00164732
0.000914585
0.000540064
0.00021682
0.000142235
0.000105877
0.000128323
0.000161508
0.000138707
0.000116621
8.15724e-05
6.25296e-05
0.000129984
0.000213477
0.00034236
0.000415198
0.000472443
0.00110168
0.00122328
0.00142506
0.0017717
0.00220686
0.0026392
0.00301977
0.00322799
0.00325903
0.00302725
0.0026506
0.00209208
0.00151999
0.000997753
0.000619015
0.000534076
0.000685894
0.00120973
0.00192496
0.00289839
0.00393192
0.00504318
0.00610147
0.00717177
0.00815096
0.00924094
0.010342
0.0115535
0.0127814
0.0141247
0.0154686
0.0169155
0.0183414
0.0198502
0.0213108
0.0228273
0.024265
0.0257254
0.0270752
0.0284112
0.0296069
0.0307516
0.0317316
0.032626
0.0333395
0.0339382
0.0343504
0.0346257
0.0347205
0.0346652
0.0344465
0.0340733
0.0335635
0.032903
0.0321396
0.0312363
0.0302677
0.0291751
0.0280556
0.0268309
0.0256154
0.0243147
0.023055
0.0217297
0.020471
0.0191646
0.017944
0.0166911
0.0155366
0.0143624
0.0132931
0.0122141
0.0112413
0.0102663
0.00938533
0.00849325
0.00768939
0.00677968
0.00585424
0.00485435
0.00386649
0.00288869
0.00204442
0.0013049
0.000786398
0.000414468
0.000236779
0.000161609
0.000157694
0.000178778
0.000172808
0.000149611
0.00010608
7.12802e-05
8.93515e-05
0.000155913
0.000300151
0.000427911
0.000520898
0.000577996
0.000931464
0.00105183
0.00123936
0.00158179
0.00207193
0.00250363
0.00309497
0.00330327
0.00355627
0.00333316
0.00304148
0.00249278
0.00178576
0.00126981
0.000565206
0.000478919
0.000281597
0.000798076
0.00128333
0.00224817
0.0031621
0.00426723
0.00518438
0.00625283
0.00702061
0.00810947
0.00900155
0.0102118
0.0112309
0.0125729
0.0137011
0.0151466
0.0163532
0.0178606
0.0191026
0.0206175
0.0218415
0.0233004
0.0244464
0.0257811
0.0267884
0.027932
0.0287452
0.0296387
0.0302136
0.0308116
0.0311198
0.0313948
0.0314262
0.0313709
0.031134
0.030761
0.0302808
0.0296209
0.0289352
0.0280329
0.0271877
0.0260963
0.025141
0.0239176
0.0229003
0.021601
0.0205651
0.0192411
0.0182229
0.0169179
0.0159454
0.0146939
0.0137872
0.0126143
0.0117856
0.0107078
0.00996288
0.00898895
0.00832869
0.00743759
0.00684623
0.00593818
0.00513891
0.00414464
0.00323025
0.00226085
0.0015534
0.000822588
0.000524526
0.000158086
0.000195467
0.00012089
0.000217295
0.00023682
0.0002088
0.000184486
7.98912e-05
4.50563e-05
8.58998e-05
0.00015442
0.000403162
0.000538605
0.000667954
0.000725467
0.000804851
0.000904996
0.00109159
0.00140518
0.00189169
0.00236005
0.00294805
0.00330409
0.00356348
0.00354241
0.00325819
0.00284896
0.00214946
0.00160029
0.000895812
0.000582548
0.000372672
0.000559531
0.00103049
0.00168596
0.00258787
0.00344996
0.00435625
0.00520939
0.00597399
0.00682999
0.00772146
0.00867981
0.00969821
0.0107706
0.0118979
0.0130607
0.0142665
0.015484
0.0167252
0.0179506
0.0191737
0.0203523
0.0214975
0.0225706
0.0235772
0.0244883
0.025301
0.0260012
0.0265757
0.0270289
0.0273369
0.027523
0.0275544
0.0274711
0.0272343
0.0268962
0.0264163
0.0258525
0.0251672
0.0244174
0.0235729
0.0226827
0.0217281
0.020745
0.0197284
0.0186974
0.0176622
0.0166234
0.0156058
0.0145921
0.0136204
0.0126571
0.011751
0.0108558
0.0100276
0.009211
0.00846663
0.00773347
0.00707367
0.00640092
0.00581609
0.00509673
0.00430922
0.00349958
0.00259577
0.00184065
0.00114569
0.000640684
0.000355158
0.00015295
0.000195231
0.000173499
0.000269567
0.000260375
0.000231234
0.000180219
7.47748e-05
8.09088e-05
0.000120738
0.000279368
0.00052559
0.000721495
0.000849765
0.000919703
0.000668129
0.000746439
0.000932751
0.00121446
0.00169706
0.00220501
0.00278941
0.00330497
0.00356502
0.00376754
0.0034892
0.00323358
0.00254296
0.00195716
0.0012603
0.000697031
0.000489439
0.00031253
0.000779742
0.00108932
0.0019848
0.00256911
0.00347118
0.00407984
0.00484381
0.00544837
0.00633916
0.00702548
0.00804311
0.00882429
0.00995083
0.0108083
0.0120131
0.0129177
0.0141579
0.0150708
0.016293
0.0171688
0.0183131
0.0191038
0.0201096
0.0207697
0.0215818
0.0220733
0.0226474
0.0229442
0.0232519
0.023342
0.0233734
0.0232599
0.0230233
0.0227227
0.0222432
0.0217831
0.0210984
0.0205132
0.0196694
0.0189965
0.0180427
0.017319
0.0163032
0.0155619
0.0145275
0.0137965
0.0127798
0.0120807
0.0111097
0.0104577
0.00955233
0.00895685
0.00812933
0.00759473
0.00685092
0.00637775
0.00571845
0.00528148
0.00469715
0.00419191
0.00340862
0.00281103
0.00191456
0.00139996
0.000711752
0.000456106
0.000174064
0.000152638
0.000194976
0.000231263
0.000326012
0.000285241
0.000255347
0.000174778
6.92498e-05
0.000119624
0.000158359
0.000414293
0.000657793
0.000919255
0.00104609
0.00112945
0.000561553
0.000636418
0.000803354
0.00107996
0.00149186
0.00200091
0.00254115
0.00308445
0.00345967
0.00370729
0.00367071
0.00345077
0.00300175
0.00241675
0.00180153
0.00119582
0.000802466
0.000553994
0.000636042
0.000867186
0.00135062
0.00186353
0.00246594
0.00301516
0.00356768
0.0041236
0.00476627
0.00539996
0.00613393
0.00685873
0.00767931
0.00847759
0.00936074
0.0102046
0.0111161
0.0119684
0.0128658
0.013683
0.0145191
0.0152551
0.0159826
0.0165941
0.0171708
0.017622
0.0180157
0.0182823
0.0184738
0.0185454
0.0185305
0.0184112
0.0182001
0.017907
0.0175222
0.0170823
0.0165553
0.0160021
0.0153694
0.0147387
0.0140379
0.0133645
0.0126307
0.0119455
0.0112096
0.0105382
0.00982484
0.0091866
0.00851398
0.00792218
0.00730238
0.0067648
0.00620438
0.00572424
0.0052254
0.00480242
0.00435442
0.00396297
0.00355319
0.00310012
0.00255148
0.00201137
0.00142575
0.000970269
0.000569326
0.000367431
0.000240733
0.000254861
0.000288101
0.000334509
0.00034932
0.000301554
0.000240839
0.000154358
0.000125611
0.000183633
0.000335859
0.000605033
0.000885756
0.00114865
0.00129553
0.00138061
0.000379608
0.00045421
0.000534298
0.000806662
0.00116014
0.00166412
0.00232214
0.00285982
0.00352102
0.00377127
0.00407538
0.00386609
0.00361938
0.00304888
0.00233554
0.0017411
0.000967995
0.000722235
0.000325078
0.000551879
0.0006178
0.00112502
0.00138417
0.00193153
0.00214807
0.0027035
0.00300182
0.00363494
0.0040021
0.00472627
0.00515558
0.00595316
0.00642909
0.00727221
0.00777123
0.00862281
0.00911513
0.00993157
0.0103842
0.0111196
0.0115005
0.0121115
0.0123936
0.0128444
0.0130094
0.0132757
0.0133159
0.0133874
0.0133065
0.0131873
0.0129988
0.0127059
0.0124309
0.0119914
0.011655
0.0111023
0.0107301
0.0101
0.00971577
0.00904293
0.00866634
0.00798175
0.00762748
0.00695666
0.00663432
0.00599664
0.00571125
0.00511998
0.00487295
0.00433584
0.00412581
0.00364609
0.00346992
0.00304732
0.00290019
0.00250908
0.0023944
0.0019432
0.00167954
0.00114607
0.00087397
0.000425862
0.000370442
0.000172195
0.00031635
0.000328827
0.000446061
0.000488652
0.000418806
0.000369071
0.000196066
0.000110692
8.04117e-05
0.00013994
0.000467743
0.000730886
0.00123771
0.00150095
0.00165505
0.00173966
0.000262028
0.000308347
0.0003884
0.000581297
0.000927956
0.00136371
0.00201834
0.0026053
0.00328423
0.00374761
0.0040757
0.00417185
0.00394512
0.00361675
0.00290774
0.00233975
0.00154368
0.00107189
0.000636807
0.000495804
0.000524497
0.000676931
0.0009091
0.00117433
0.00138673
0.00167756
0.00195603
0.00230242
0.00264863
0.00305708
0.00346407
0.0039244
0.0043771
0.00487156
0.00534707
0.00585111
0.00632037
0.00680483
0.00723569
0.00767
0.0080312
0.00838723
0.00865262
0.00890796
0.00905994
0.00920095
0.00923256
0.00925521
0.00917058
0.0090804
0.00889327
0.00870391
0.00843518
0.0081653
0.00783974
0.00751084
0.00715354
0.00678726
0.00642114
0.00603699
0.00568075
0.00529544
0.00496286
0.00458902
0.00428895
0.00393579
0.00367245
0.00334604
0.00312021
0.00282376
0.00263366
0.00236844
0.00221062
0.00197642
0.0018466
0.00162958
0.00151868
0.00126404
0.00102474
0.000747778
0.000506605
0.000325326
0.000301474
0.000274203
0.000440049
0.000468519
0.00058936
0.000545702
0.000469004
0.000353847
0.000172663
0.000136909
0.000108593
0.000329655
0.00066624
0.00110254
0.00160537
0.00193766
0.00208873
0.00217314
0.000159819
0.000185748
0.000269228
0.000407417
0.00071135
0.00109211
0.001678
0.00230151
0.0029573
0.00358996
0.00397761
0.00431776
0.00422496
0.00409145
0.00353678
0.00299348
0.00227784
0.00163015
0.00115078
0.000714898
0.000620686
0.000477675
0.000605974
0.000632295
0.000796368
0.000881826
0.00108906
0.00121286
0.00147603
0.00163939
0.00195372
0.00215225
0.00250593
0.00272971
0.00310416
0.00333841
0.00370977
0.00393649
0.00427829
0.00447888
0.00476552
0.00492352
0.00513375
0.00523737
0.00535724
0.0054009
0.00542538
0.00541009
0.00534316
0.00527563
0.00512901
0.00501992
0.00481069
0.00467249
0.00442027
0.0042652
0.00398947
0.00382801
0.00354608
0.00338616
0.00311179
0.0029587
0.00270171
0.00255841
0.00232486
0.00219265
0.0019854
0.00186457
0.0016841
0.00157447
0.00141961
0.00132091
0.00118955
0.00110157
0.000990188
0.00090832
0.000798973
0.000710989
0.000531418
0.000468229
0.00031588
0.000349255
0.000365824
0.000472898
0.000603981
0.000644086
0.000700605
0.000588059
0.000485722
0.000318392
0.000176874
0.000180646
0.000235456
0.000583551
0.000974009
0.0015337
0.00202907
0.00240161
0.002571
0.00265517
7.3745e-05
9.95501e-05
0.000107196
0.000243397
0.000393013
0.000766061
0.00122275
0.00183385
0.00255377
0.00317639
0.00388903
0.00422776
0.00462134
0.00449748
0.00435816
0.00383262
0.00323068
0.00260028
0.00188886
0.00146274
0.000966874
0.000826442
0.000616701
0.000643004
0.000572574
0.000657937
0.000622721
0.000746386
0.000729483
0.000892667
0.000896713
0.00109502
0.00111912
0.00134266
0.00138237
0.00161635
0.0016645
0.00189097
0.00193914
0.0021395
0.00217994
0.00233776
0.00236507
0.00246857
0.00248077
0.00252438
0.00252302
0.00250774
0.00249707
0.00242961
0.00241507
0.0023061
0.00229272
0.00215468
0.00214572
0.00199083
0.00198714
0.00182586
0.00182597
0.00166623
0.00166697
0.00151405
0.00151167
0.00136853
0.00135963
0.00122756
0.00120988
0.00108919
0.00106204
0.000952537
0.000916831
0.000818238
0.000776238
0.000688361
0.000642777
0.000561
0.000533155
0.000445609
0.000466415
0.000403763
0.000526081
0.000556724
0.000735013
0.000835346
0.000904268
0.000937698
0.000781394
0.00066659
0.000400327
0.000234808
0.000130974
0.000136157
0.000432815
0.000775827
0.00148289
0.00202981
0.00272015
0.00308394
0.00318917
0.00327256
4.54375e-05
5.50068e-05
6.03805e-05
0.000113857
0.000229037
0.000449048
0.000874965
0.00135764
0.00208988
0.00274261
0.00351067
0.00409423
0.00456544
0.00483678
0.00476382
0.00461537
0.00402725
0.00358381
0.00283201
0.00236827
0.00181251
0.00153416
0.00128252
0.00119694
0.00111172
0.0011079
0.00103655
0.00105698
0.000998585
0.00103777
0.000996064
0.00105682
0.00103252
0.00111464
0.00110537
0.00120577
0.00120671
0.00132012
0.00132544
0.00144558
0.00145002
0.00157094
0.00157141
0.00168808
0.00168435
0.00179346
0.00178805
0.00188712
0.00188444
0.00197129
0.00197584
0.00204801
0.00206311
0.00211638
0.00214307
0.00217242
0.00220875
0.00220879
0.00225052
0.00221617
0.00225759
0.00218598
0.00222127
0.00211174
0.0021362
0.00199145
0.00200196
0.00182789
0.00182354
0.00162824
0.00161027
0.00140355
0.00137486
0.00116705
0.00113168
0.000939922
0.000904595
0.000769859
0.0008148
0.000774933
0.000938627
0.000959742
0.00116637
0.00114193
0.00120314
0.00104828
0.000855348
0.000628334
0.00032878
0.00022714
0.000117464
0.000348884
0.000679796
0.00129242
0.00205045
0.00276554
0.00346763
0.00384336
0.00393641
0.00398791
7.07769e-05
7.20342e-05
8.30373e-05
9.73167e-05
0.000172534
0.000307427
0.000590301
0.000996909
0.0015527
0.00221602
0.00291096
0.00362582
0.00421312
0.00470309
0.00494597
0.0050115
0.00482619
0.00449687
0.00404535
0.00357207
0.0031335
0.00278282
0.00254023
0.00238806
0.00232266
0.00226982
0.00222271
0.00218637
0.00215128
0.00212228
0.00209846
0.00208356
0.00207649
0.00208083
0.00209411
0.00212102
0.00215647
0.00220764
0.00226571
0.00234166
0.00242196
0.00252239
0.00262399
0.00274782
0.0028692
0.00301416
0.00315259
0.00331444
0.00346526
0.00363702
0.00379292
0.00396446
0.00411531
0.00427371
0.00440715
0.00453787
0.00464066
0.00472937
0.0047892
0.00482394
0.00483135
0.00480438
0.00475428
0.00466329
0.00455577
0.00440424
0.00424453
0.0040412
0.00383898
0.00359665
0.00336474
0.00309871
0.00285163
0.00257801
0.00233662
0.00208453
0.00186383
0.00170096
0.00161379
0.00157811
0.00159183
0.00159757
0.00158591
0.00148544
0.00133337
0.00107192
0.000805046
0.000515984
0.000326209
0.000260012
0.000377086
0.000731527
0.00126893
0.002023
0.00281121
0.00360109
0.00423409
0.00460412
0.00474634
0.00478133
0.000151197
0.000156706
0.000158617
0.000160242
9.35937e-05
0.000161507
0.000227932
0.000519775
0.000933156
0.00149058
0.00223437
0.00292193
0.00379227
0.00437623
0.00505918
0.00532585
0.00554587
0.00544897
0.00521812
0.00492562
0.00454176
0.00429727
0.00408957
0.00400178
0.00400312
0.00400707
0.00400215
0.00402215
0.00401148
0.00404057
0.00403535
0.0040824
0.00409404
0.00416679
0.00420612
0.00431064
0.0043873
0.00452772
0.00464952
0.00482791
0.00500015
0.00521621
0.00544075
0.00569123
0.0059653
0.00624345
0.00655841
0.00685306
0.00719374
0.0074891
0.00783379
0.00811002
0.00843194
0.00866628
0.00893628
0.00910584
0.00929585
0.00938047
0.00946739
0.00945248
0.00942142
0.0093004
0.00914673
0.00892179
0.00865162
0.00833375
0.00796277
0.00757028
0.00712165
0.0066778
0.00617925
0.00570983
0.00519071
0.00472139
0.0042099
0.00377797
0.00330434
0.00298922
0.00274014
0.00255865
0.00244399
0.00229184
0.00206848
0.00182537
0.00139328
0.00106838
0.0005957
0.000360013
0.000171076
0.000248763
0.000579423
0.00109551
0.00196638
0.00282014
0.00392183
0.00471702
0.00543385
0.00574673
0.00568658
0.00568816
0.000292747
0.000306131
0.000311601
0.000288869
0.000232382
0.000167081
0.000193377
0.000256686
0.000556927
0.000909507
0.00151783
0.00216435
0.00294443
0.00373301
0.00443937
0.00512104
0.00550436
0.00587974
0.00588753
0.00596684
0.00579413
0.00577733
0.00568841
0.00574346
0.0058066
0.00592841
0.00599512
0.00613204
0.0062035
0.00635319
0.00643753
0.00661321
0.00672276
0.00693754
0.007084
0.00734969
0.00754316
0.00786897
0.00811694
0.00850813
0.00881438
0.00927058
0.00963384
0.0101475
0.0105601
0.0111149
0.0115618
0.0121324
0.0125906
0.013143
0.0135826
0.0140763
0.0144626
0.0148548
0.015152
0.0154024
0.0155781
0.0156543
0.0156837
0.0155659
0.0154356
0.0151192
0.014829
0.0143258
0.0138888
0.0132254
0.0126662
0.0118806
0.011232
0.0103694
0.00966921
0.00877713
0.00806371
0.00718765
0.00650084
0.00569516
0.00506822
0.00441106
0.00398998
0.00348132
0.00317339
0.00268486
0.00231196
0.00177437
0.00130779
0.000851409
0.000474995
0.000347242
0.000321772
0.000698918
0.00117341
0.00203588
0.00295395
0.00403507
0.00505159
0.00587176
0.00647915
0.00669313
0.00669304
0.00663181
0.0004757
0.000501093
0.000569315
0.000569958
0.000477062
0.000406288
0.000220391
0.000220047
0.000183419
0.000417388
0.000715028
0.00123081
0.00190153
0.0026076
0.00352907
0.00422639
0.00511359
0.00560471
0.00620054
0.00643861
0.0067402
0.0068538
0.00706814
0.00720058
0.00746496
0.00764591
0.00791841
0.0081179
0.00840867
0.00863004
0.00895389
0.00921103
0.00958346
0.00988996
0.0103256
0.0106935
0.0112045
0.0116425
0.0122362
0.0127482
0.0134251
0.014008
0.0147591
0.0154016
0.0162063
0.0168865
0.017712
0.0183979
0.0191991
0.0198494
0.0205721
0.0211387
0.0217241
0.0221577
0.0225491
0.0228042
0.0229545
0.022996
0.0228738
0.0226822
0.0222771
0.0218508
0.021175
0.020532
0.019619
0.0187939
0.0176946
0.0167349
0.0155118
0.0144727
0.0131929
0.0121314
0.0108607
0.00983037
0.00862759
0.00768452
0.00659835
0.00581421
0.00493117
0.00428768
0.003494
0.00289821
0.00209279
0.00153513
0.000860898
0.000496079
0.000255854
0.000292799
0.000679448
0.00121856
0.00218378
0.00313501
0.00441604
0.00548007
0.00660081
0.00733119
0.00779368
0.00791111
0.00762696
0.0075292
0.000685164
0.00073805
0.000798325
0.000843153
0.000801829
0.000708974
0.000565335
0.000402613
0.000310962
0.00025936
0.000392463
0.000606249
0.00104695
0.001579
0.00228942
0.0030519
0.00385633
0.00464408
0.00532831
0.00596017
0.00643862
0.00688273
0.00722543
0.00756837
0.00787743
0.00820786
0.0085349
0.00889256
0.00925146
0.00965403
0.010061
0.010524
0.0109942
0.0115326
0.01208
0.0127062
0.0133414
0.014063
0.0147908
0.0156083
0.0164254
0.0173294
0.0182216
0.0191903
0.0201311
0.021129
0.0220784
0.0230566
0.0239622
0.0248606
0.0256611
0.0264128
0.0270436
0.0275821
0.0279822
0.0282495
0.0283695
0.0283237
0.0281329
0.0277546
0.0272457
0.0265417
0.0257327
0.0247357
0.0236681
0.0224335
0.0211679
0.0197673
0.0183764
0.0168902
0.0154515
0.0139605
0.0125486
0.0111269
0.00980718
0.00851564
0.00733844
0.00620628
0.00519035
0.00419354
0.00329654
0.00243035
0.00167322
0.00106216
0.000611747
0.000468812
0.000527715
0.000978386
0.00160287
0.0025686
0.00361904
0.00483572
0.00601248
0.00708954
0.00797579
0.00852467
0.00881395
0.00873296
0.00855395
0.00837271
0.000815571
0.000892046
0.00105328
0.00117122
0.00121551
0.00120934
0.00104603
0.000909815
0.000636875
0.000485458
0.000301261
0.000283523
0.000367266
0.00059328
0.00105678
0.00154435
0.00233397
0.00297626
0.00385607
0.00448195
0.00521936
0.00571006
0.00621574
0.00657617
0.00694715
0.00727193
0.00767751
0.00803485
0.00849651
0.00891138
0.00944518
0.00993328
0.010555
0.0111312
0.0118546
0.012531
0.0133652
0.0141487
0.0150958
0.0159854
0.0170374
0.0180209
0.0191565
0.020209
0.0213919
0.0224731
0.0236514
0.0247073
0.0258149
0.0267796
0.027741
0.0285419
0.0292788
0.0298451
0.0302853
0.0305554
0.0306425
0.030573
0.0302744
0.0298473
0.0291601
0.0283858
0.0273381
0.0262561
0.024905
0.0235792
0.0220045
0.0205167
0.0188121
0.0172528
0.0155162
0.0139754
0.0122993
0.0108577
0.00932129
0.00803583
0.00669363
0.00557292
0.00435301
0.0033922
0.00230407
0.00159283
0.000818597
0.000534623
0.000339831
0.000624384
0.00115085
0.00197791
0.00308882
0.0042484
0.00562287
0.00679757
0.00804439
0.00888624
0.00959973
0.00986056
0.00985352
0.00957207
0.00906327
0.00882152
0.000879898
0.000973049
0.00117308
0.00133923
0.00153958
0.0016004
0.00164815
0.00153861
0.00138378
0.00116609
0.000885996
0.000701088
0.000430816
0.000429043
0.000334935
0.000611822
0.000813146
0.00133463
0.00178844
0.00239458
0.00291351
0.00342848
0.0038136
0.00418688
0.00442627
0.00474657
0.00502315
0.00538002
0.00571581
0.00613977
0.00655265
0.0070595
0.00756513
0.00816972
0.00878206
0.00949626
0.0102253
0.0110554
0.0119041
0.0128479
0.0138094
0.0148529
0.0159072
0.0170226
0.0181346
0.0192785
0.0203976
0.0215118
0.0225735
0.0235878
0.0245179
0.0253559
0.0260775
0.0266644
0.0271066
0.0273785
0.0274857
0.0273983
0.027139
0.026675
0.0260472
0.0252201
0.0242542
0.0231082
0.021864
0.0204697
0.0190306
0.0174774
0.0159411
0.0143273
0.0127948
0.0112171
0.00978202
0.00832618
0.0070633
0.00578324
0.00474149
0.00363171
0.00272404
0.00180262
0.0011782
0.000596621
0.000523024
0.000489968
0.00110596
0.00170611
0.00288709
0.00398284
0.00538524
0.00667128
0.00792215
0.00904521
0.00984031
0.0104894
0.0106389
0.0106761
0.0102686
0.00984922
0.0092624
0.00897791
0.000786865
0.000893254
0.00108996
0.00134341
0.00159613
0.00186412
0.00201456
0.00216464
0.00211948
0.00207481
0.00185641
0.00163629
0.00134003
0.00103655
0.000805989
0.000560358
0.000540249
0.000471309
0.000689674
0.000800552
0.00113229
0.00131057
0.00157919
0.00172581
0.00189645
0.00202138
0.00221865
0.00236777
0.0026145
0.0028086
0.00312126
0.00337446
0.00376827
0.00409575
0.00458522
0.00500143
0.00559804
0.0061142
0.00682354
0.00744453
0.00826316
0.00898429
0.00989663
0.0107008
0.011677
0.0125329
0.0135281
0.0143901
0.0153457
0.016156
0.0170037
0.0176974
0.0183653
0.0188769
0.0192983
0.0195702
0.019692
0.0196831
0.0194748
0.0191676
0.0186265
0.0180318
0.0171859
0.0163426
0.0152486
0.0142209
0.012958
0.0118277
0.0104889
0.00934567
0.00802679
0.00695744
0.00574627
0.00482434
0.00378904
0.0030572
0.00224012
0.00171133
0.00106497
0.000830332
0.000525758
0.000777715
0.00104439
0.00187692
0.00276619
0.00403056
0.00533009
0.00669239
0.00803584
0.00914438
0.0101943
0.0107943
0.011306
0.0112918
0.0111767
0.0106733
0.0101127
0.0094378
0.00887655
0.00854268
0.000505614
0.000592115
0.000791943
0.00103411
0.00138679
0.00173613
0.00212335
0.00247476
0.00272639
0.00296023
0.00298392
0.00303415
0.00281097
0.00267282
0.00226391
0.00200359
0.00157206
0.00130993
0.00102385
0.000860169
0.000755901
0.000712113
0.000703117
0.000735953
0.000740763
0.000790562
0.000801005
0.000846159
0.000870946
0.000912331
0.000962331
0.00100895
0.00109837
0.00116329
0.0013086
0.00140775
0.00162573
0.00177579
0.00208063
0.00229607
0.00269608
0.00298581
0.00348001
0.00384399
0.00441925
0.00484618
0.00547563
0.0059415
0.00658486
0.00705394
0.00766001
0.00808786
0.00859961
0.00893809
0.00929965
0.00950397
0.00966864
0.0097046
0.00964279
0.0094933
0.00919859
0.00886827
0.00836042
0.00787664
0.00720076
0.00661136
0.00583286
0.00520022
0.00439666
0.0037891
0.00303984
0.00252205
0.00189757
0.00152134
0.0010739
0.000871515
0.000630585
0.000636819
0.000636038
0.000980224
0.0014321
0.00222373
0.00325052
0.00441788
0.00586395
0.00714078
0.00861979
0.00967762
0.0108026
0.0113969
0.0119402
0.0119651
0.0118499
0.0113535
0.0106832
0.00990566
0.00903907
0.00830618
0.00765236
0.00733582
0.000204338
0.000267605
0.000373196
0.000572636
0.000867334
0.00121791
0.00171332
0.00215309
0.00272726
0.00313777
0.00364427
0.00392288
0.00423649
0.00432113
0.00435179
0.00424693
0.00401016
0.00380199
0.00344684
0.00325915
0.00297295
0.00289768
0.0028178
0.00285896
0.00293319
0.00301182
0.00303713
0.00308725
0.00304924
0.00305677
0.00295331
0.00292099
0.00275739
0.00269419
0.00248344
0.00240404
0.00216586
0.00208902
0.00184768
0.00179358
0.0015747
0.00156168
0.00138853
0.00142938
0.00131906
0.00141815
0.0013784
0.00152934
0.00155677
0.00174212
0.001822
0.00201502
0.00212353
0.00229144
0.00239975
0.00250956
0.00258927
0.00261391
0.00264327
0.00256728
0.00253646
0.00236069
0.00227526
0.00201812
0.00189956
0.00159581
0.00147868
0.00117468
0.00110102
0.000847354
0.000859025
0.000702296
0.000832693
0.000807326
0.00107424
0.00120323
0.00161224
0.00194701
0.00265502
0.0033116
0.00443356
0.00543977
0.00682402
0.00801429
0.00932383
0.0104055
0.0112871
0.0119867
0.0122565
0.0124275
0.0120828
0.0117205
0.0108761
0.0101127
0.00902165
0.00813772
0.00718557
0.00647499
0.00595088
0.00566555
7.53564e-05
9.89361e-05
0.000113709
0.000226263
0.000362358
0.000647547
0.000999204
0.00147675
0.00203444
0.00262613
0.00330071
0.00389141
0.00456899
0.00504315
0.0055996
0.00587613
0.00622876
0.00631416
0.00648982
0.00649066
0.00662129
0.00668688
0.00693313
0.00712403
0.00749748
0.00772735
0.00803376
0.00820108
0.00840832
0.00847954
0.00856525
0.00853175
0.00848638
0.0083485
0.00817295
0.00794059
0.00764671
0.00733868
0.00694838
0.00659039
0.00613334
0.00575489
0.00526512
0.00489576
0.00440752
0.00407288
0.00361661
0.00333501
0.00293384
0.00271415
0.00238178
0.0022229
0.00196329
0.00185567
0.00166455
0.00159347
0.00146154
0.00141156
0.00132863
0.00128837
0.0012475
0.00121361
0.0012142
0.0011935
0.00124255
0.00125171
0.00136279
0.00142543
0.00161531
0.00175691
0.0020407
0.00228235
0.00266801
0.00302028
0.003507
0.00397887
0.00455998
0.00520995
0.00600795
0.00690363
0.00788974
0.00894749
0.00988751
0.0108562
0.0114735
0.0120862
0.012205
0.01231
0.0119195
0.0115148
0.0107169
0.00991175
0.00887093
0.00786565
0.00682021
0.00589735
0.00510633
0.0044799
0.00413958
0.00391454
0.00025622
0.000227351
0.000209753
0.000152457
0.000192086
0.000220871
0.0004723
0.000718831
0.00121981
0.00172228
0.00241446
0.00312935
0.00391516
0.00475458
0.00551134
0.00636076
0.00697414
0.00773782
0.00818223
0.00884432
0.00921205
0.00984493
0.0102878
0.0109562
0.0114916
0.0121555
0.012622
0.0132042
0.0135579
0.0140119
0.014225
0.0145206
0.0145754
0.0146919
0.0145823
0.0145118
0.0142441
0.0139925
0.0135857
0.0131726
0.0126564
0.0121135
0.011525
0.0108921
0.0102719
0.00959283
0.0089803
0.00829821
0.00772743
0.00708022
0.00657686
0.00599424
0.00557416
0.0050762
0.00474583
0.00434334
0.00410185
0.00379828
0.00364088
0.00343524
0.00335681
0.00324661
0.00324471
0.00322829
0.00330473
0.00338224
0.0035427
0.00371546
0.0039672
0.00423555
0.00458365
0.00494384
0.00538688
0.00582792
0.0063555
0.00686556
0.00746278
0.00804871
0.00880547
0.00943367
0.0102828
0.010793
0.0114859
0.0116767
0.0119768
0.0117457
0.011556
0.0109375
0.0103164
0.00942964
0.00850587
0.00750083
0.00644081
0.00549124
0.00451752
0.00380453
0.00313252
0.0027379
0.00245221
0.0023335
0.00081389
0.000780286
0.000694805
0.000590157
0.000396246
0.000302455
0.000222126
0.000289635
0.000481022
0.000792743
0.00129417
0.00185197
0.00264274
0.00340027
0.00441125
0.00528536
0.00638951
0.00728522
0.00835519
0.00921374
0.0102019
0.0110269
0.0119712
0.0127888
0.0137223
0.0145238
0.0153992
0.0161315
0.0169013
0.0175187
0.0181376
0.0186021
0.0190318
0.0193138
0.0195274
0.0196096
0.019595
0.0194744
0.0192362
0.0189254
0.0184847
0.01801
0.0174026
0.0168017
0.0160735
0.0153908
0.0145935
0.0138753
0.0130603
0.0123499
0.0115638
0.0108979
0.0101789
0.00958514
0.00896076
0.00845735
0.00794491
0.00754155
0.00714933
0.0068495
0.00657916
0.00638255
0.0062317
0.00613653
0.00610064
0.00610484
0.00617831
0.00627947
0.00645528
0.0066495
0.00691789
0.00719766
0.00754427
0.00789622
0.00830034
0.00870718
0.00914173
0.00958513
0.0100218
0.0104274
0.0107192
0.0109473
0.0109103
0.0108326
0.0103906
0.00997708
0.00920721
0.00852767
0.00758271
0.00675198
0.00576686
0.00490788
0.00400445
0.00324614
0.00255603
0.00201816
0.00162777
0.00134793
0.00123899
0.00115761
0.00167189
0.00163207
0.00156013
0.00139578
0.00113636
0.00088512
0.000615323
0.000456152
0.000347957
0.00042117
0.000574073
0.000937356
0.00139115
0.00204969
0.00279989
0.0037069
0.00468899
0.00574718
0.00685117
0.00795154
0.00907019
0.0101387
0.0112034
0.0122235
0.0132303
0.0142133
0.0151941
0.0161243
0.0170383
0.017871
0.0186696
0.0193565
0.0199929
0.0204926
0.0209287
0.0212116
0.0214225
0.0214742
0.0214515
0.0212748
0.0210279
0.0206426
0.0201971
0.0196378
0.0190327
0.0183446
0.0176276
0.0168613
0.0160833
0.0152894
0.0144994
0.0137235
0.0129646
0.0122445
0.0115505
0.0109141
0.0103094
0.00977455
0.00927383
0.00884995
0.00845995
0.00814967
0.00787113
0.00767243
0.0075019
0.00740974
0.0073409
0.00734806
0.00737228
0.00746925
0.00757538
0.00774969
0.00792335
0.00815854
0.00838012
0.00865165
0.00888837
0.00913932
0.00928775
0.00940766
0.00934435
0.0092165
0.00887615
0.00845594
0.00786368
0.00720699
0.0064682
0.00569229
0.00492761
0.00414663
0.00344296
0.00274719
0.00217038
0.00163484
0.00123979
0.000911065
0.000701288
0.000556983
0.000501304
0.000466698
0.00278966
0.00278884
0.00275168
0.00261226
0.00227408
0.00192063
0.00148462
0.00108663
0.000771947
0.000496768
0.000428746
0.000376118
0.000624315
0.000851988
0.00145452
0.00198005
0.00290798
0.00368967
0.00482967
0.00576869
0.00697124
0.00794674
0.00907806
0.01002
0.0110704
0.0119953
0.0130529
0.0139693
0.0149876
0.0158572
0.0167809
0.0175533
0.0183285
0.0189561
0.0195365
0.0199802
0.0203324
0.0205664
0.0206736
0.0206883
0.0205527
0.0203559
0.0199982
0.0196137
0.0190698
0.0185341
0.0178512
0.0172088
0.0164389
0.0157369
0.0149319
0.0142153
0.0134219
0.0127298
0.0119862
0.0113492
0.0106836
0.0101234
0.00955411
0.00908351
0.00861975
0.00824435
0.00788818
0.0076079
0.00735608
0.00716676
0.00701246
0.00690711
0.00684085
0.00681041
0.00682048
0.00685391
0.00692625
0.00701034
0.00712823
0.00723964
0.00737838
0.0074504
0.0074644
0.00738424
0.0071401
0.00684896
0.00633602
0.00586501
0.00516786
0.0046061
0.00386679
0.00331219
0.00264428
0.00216455
0.00162242
0.00125518
0.00087048
0.000632837
0.000422496
0.000300831
0.000229184
0.000176642
0.000173277
0.000156662
0.00405498
0.00406976
0.00412607
0.00400471
0.00372184
0.0033479
0.00284219
0.0023696
0.00182426
0.00142561
0.000981314
0.000769939
0.000522558
0.000576558
0.000605666
0.000968589
0.00131573
0.0019692
0.00259855
0.00345208
0.00425094
0.00517272
0.00599667
0.00690335
0.00769569
0.00859673
0.00943683
0.0103469
0.0111995
0.012083
0.0129034
0.013709
0.0144466
0.0151243
0.0157314
0.0162385
0.0166761
0.0169822
0.0172245
0.0173151
0.0173527
0.0172308
0.0170709
0.0167561
0.0164215
0.0159467
0.0154717
0.014879
0.0143048
0.01364
0.0130098
0.0123175
0.011672
0.0109916
0.0103659
0.00972925
0.00915028
0.00858045
0.00806705
0.00757836
0.00714133
0.00674049
0.00638388
0.00607152
0.00579412
0.00556644
0.00536333
0.00521349
0.00507738
0.00499646
0.00491854
0.00489607
0.0048665
0.0048906
0.0048961
0.00494391
0.00496459
0.00496453
0.0048733
0.00472411
0.00445817
0.00412347
0.00372639
0.00326218
0.00282478
0.00232793
0.0019412
0.00149834
0.0012124
0.000870577
0.000694631
0.000469982
0.000396213
0.00028393
0.000284619
0.000248599
0.000261943
0.000246299
0.000222911
0.000213281
0.00534083
0.00543533
0.00558325
0.00560097
0.00534009
0.00503472
0.00449159
0.00398073
0.00334937
0.00278584
0.00220609
0.00170031
0.00127053
0.000910612
0.000726949
0.000588763
0.000725495
0.000848558
0.00129918
0.00165574
0.00231672
0.00281393
0.00352263
0.00407181
0.00476575
0.00535008
0.00611383
0.00674307
0.00754378
0.00819124
0.00898279
0.00960693
0.0103389
0.010896
0.0115192
0.0119689
0.0124415
0.0127515
0.0130439
0.0131942
0.0132926
0.0132779
0.0131853
0.0130147
0.0127496
0.0124448
0.0120378
0.0116296
0.0111188
0.0106426
0.0100689
0.00956056
0.0089631
0.00845516
0.0078679
0.00738727
0.00683702
0.00640352
0.00590911
0.00553524
0.00510777
0.00479932
0.00444325
0.00420045
0.00391501
0.00373404
0.00351481
0.00338915
0.0032295
0.00315125
0.00304337
0.00300405
0.00293965
0.0029307
0.00290127
0.00290791
0.00289928
0.00287666
0.00276737
0.0026583
0.00239299
0.00219439
0.00184202
0.0016062
0.00126487
0.00105224
0.000799452
0.000649042
0.000509115
0.000431982
0.000394506
0.000382911
0.000428711
0.000457253
0.000546238
0.000563713
0.000618974
0.000576935
0.000540419
0.000502084
0.0066671
0.00679939
0.00697208
0.00706016
0.00696165
0.00670748
0.00631231
0.00580563
0.00523011
0.00460939
0.00397217
0.00334264
0.00273268
0.00218608
0.00169271
0.00132058
0.00103008
0.000899067
0.000852983
0.0009648
0.00113189
0.00141482
0.00171153
0.0020815
0.0024402
0.00287154
0.00330626
0.00379979
0.00428786
0.00482117
0.00533382
0.00587015
0.00636956
0.0068683
0.00731505
0.00773677
0.00809489
0.00840651
0.00864817
0.00882714
0.00893609
0.00897297
0.00894608
0.00884506
0.00869189
0.00846924
0.00820981
0.00789081
0.00755219
0.00716723
0.00677965
0.00636028
0.00595349
0.00552899
0.00512929
0.00472414
0.00435245
0.00398493
0.00365581
0.00333752
0.00305917
0.00279544
0.00257033
0.00236122
0.00218727
0.00202892
0.00190091
0.001787
0.00169797
0.00162106
0.00156352
0.0015161
0.0014829
0.00145803
0.00144069
0.00142749
0.00141561
0.0013828
0.00132993
0.00124375
0.00114418
0.00101647
0.000905677
0.000785379
0.000707888
0.000637019
0.000617651
0.000610848
0.000648157
0.000697268
0.000776609
0.000862862
0.000961831
0.00105285
0.0011285
0.00116827
0.0011691
0.00111564
0.00103684
0.000985008
0.00777958
0.00796667
0.00839846
0.00861079
0.00864205
0.00852037
0.0081905
0.00779895
0.00722706
0.00667811
0.0059611
0.00534262
0.00454953
0.00394071
0.00315689
0.00264426
0.00198457
0.00164638
0.00120501
0.00107419
0.000871099
0.000916375
0.000893968
0.00105154
0.0011313
0.00135915
0.00152575
0.00181921
0.00206203
0.00240462
0.00270258
0.00306669
0.00339046
0.00374339
0.00405937
0.00436782
0.00464292
0.00487766
0.00508401
0.0052239
0.00534256
0.0053772
0.00540025
0.00533073
0.00526138
0.00509938
0.00495038
0.00471555
0.00450647
0.00422324
0.00397705
0.00367113
0.00341108
0.00310634
0.0028532
0.00256946
0.00233962
0.00209122
0.00189573
0.00169097
0.00153526
0.00137676
0.00126115
0.00114664
0.00106739
0.000991051
0.000941642
0.000895596
0.000868295
0.000843952
0.000831181
0.000820471
0.000815852
0.000811974
0.000810951
0.000807107
0.000805876
0.000789862
0.000790266
0.000757027
0.000775064
0.000735577
0.000800113
0.000778922
0.000905206
0.000917942
0.00109086
0.00113658
0.00132531
0.00139313
0.00157585
0.0016496
0.00180761
0.0018586
0.0019505
0.00193028
0.00189307
0.00177106
0.00158203
0.00149742
0.00885149
0.00913464
0.00955627
0.00996618
0.0100648
0.0101434
0.0099002
0.00966956
0.00918352
0.00871668
0.00807543
0.00743068
0.00669794
0.00593344
0.00518709
0.00438606
0.00373275
0.00299938
0.00253185
0.00195253
0.00170054
0.00130766
0.00123304
0.000994309
0.00103013
0.000888049
0.000998613
0.000928438
0.00111368
0.00110973
0.00135119
0.0014024
0.00167379
0.00176187
0.00203235
0.0021351
0.00237384
0.002469
0.00264968
0.00271863
0.00282306
0.0028536
0.00287379
0.0028615
0.00279985
0.00274798
0.00261594
0.002534
0.00234947
0.00225101
0.00203518
0.00193526
0.00170957
0.00162236
0.00140592
0.00134273
0.00115046
0.00111847
0.0009601
0.000961664
0.000841521
0.000874259
0.000791695
0.000849148
0.000799549
0.00087235
0.000848491
0.00092585
0.000919394
0.000990663
0.000993564
0.00104963
0.00105522
0.00108952
0.00109357
0.00110675
0.00109949
0.00111523
0.00111869
0.00117644
0.00120525
0.0013198
0.00139154
0.00155088
0.00167184
0.00184779
0.00199979
0.00215984
0.00231499
0.00243798
0.00257904
0.00265295
0.00276388
0.00276815
0.00281111
0.00270711
0.00263042
0.00240333
0.00220696
0.00206493
0.0097912
0.0100751
0.0106699
0.0110948
0.0114519
0.0115668
0.0116098
0.0114276
0.0111988
0.0107851
0.0103309
0.00974044
0.00909188
0.00838119
0.00758768
0.00683652
0.00599042
0.00529743
0.00451039
0.00395757
0.0033162
0.00293576
0.00247525
0.00223844
0.00190888
0.00176696
0.00150113
0.00143103
0.00123062
0.00122667
0.00109275
0.0011439
0.00106965
0.00115763
0.00112957
0.0012322
0.00123333
0.00132837
0.00134167
0.00141054
0.00142204
0.00145254
0.00145355
0.00144127
0.0014292
0.00137739
0.00135542
0.00127357
0.00124922
0.00115087
0.00113407
0.00103427
0.0010352
0.000948087
0.000975245
0.000912134
0.000970809
0.000938854
0.00103018
0.00103174
0.00115239
0.00118509
0.00132754
0.00138492
0.00153841
0.00161113
0.001763
0.00184027
0.0019776
0.00204878
0.00215996
0.00221596
0.00229206
0.00232632
0.00236278
0.00237594
0.00237818
0.0023922
0.00243374
0.00248164
0.00260004
0.00269614
0.00286976
0.00300279
0.00319225
0.00333665
0.00349648
0.00362295
0.00372341
0.0038126
0.0038486
0.00388928
0.0038592
0.00383289
0.00371506
0.00358782
0.00335328
0.00311661
0.00279485
0.0026523
0.0104744
0.0108202
0.0115597
0.0121298
0.012588
0.0128823
0.0130314
0.0130472
0.0129205
0.012698
0.0123272
0.0118996
0.0113027
0.0107072
0.00992151
0.00922095
0.00833443
0.00761889
0.00675093
0.00611056
0.00536514
0.00485722
0.00429447
0.00391342
0.00348725
0.00318365
0.00280725
0.00255989
0.00224638
0.00205772
0.0018147
0.00168447
0.00151056
0.00143098
0.00131739
0.00127562
0.00120898
0.00119022
0.00115588
0.00114652
0.00113152
0.00112169
0.00111706
0.00110206
0.00110385
0.00108444
0.0010936
0.00107507
0.00109636
0.00108698
0.00112727
0.00113629
0.00120268
0.00123832
0.00133638
0.00140421
0.00153648
0.00163828
0.00180339
0.00193645
0.00212875
0.00228602
0.00249587
0.00266655
0.00288122
0.00305201
0.00325704
0.00341371
0.00359464
0.00372368
0.00386773
0.00395791
0.00405539
0.00409891
0.00414419
0.0041432
0.00413746
0.00412466
0.00416724
0.00419063
0.00432521
0.00439334
0.00458332
0.00466994
0.00486385
0.00493413
0.0050779
0.0051034
0.00516687
0.00513613
0.00512037
0.00503154
0.00494233
0.00478625
0.00460851
0.00436194
0.00406847
0.0037291
0.00332726
0.00313931
0.0111212
0.0115449
0.0122746
0.0130242
0.0135131
0.0140328
0.0142256
0.0144872
0.0144117
0.0144231
0.0141071
0.0138741
0.0133346
0.0128695
0.0121419
0.0114866
0.0106528
0.00988968
0.00906192
0.00829429
0.00757224
0.00688981
0.00633477
0.00576202
0.00533681
0.00482455
0.00444128
0.00396518
0.0036435
0.00321653
0.00296439
0.00260017
0.00241685
0.00212112
0.00199854
0.00177051
0.00169597
0.00153041
0.00148975
0.00137948
0.00136014
0.00129827
0.00129147
0.00127295
0.00127475
0.00129711
0.00130832
0.00137146
0.00139658
0.00150197
0.00154756
0.00169693
0.00176972
0.00196369
0.00206884
0.00230562
0.00244532
0.00271966
0.00289218
0.00319491
0.00339427
0.00371226
0.00392851
0.00424538
0.00446551
0.00476288
0.00497221
0.00523135
0.0054152
0.0056189
0.00576435
0.00589864
0.00599588
0.00605135
0.00609492
0.00607569
0.00606206
0.00601602
0.0060452
0.00604164
0.0061516
0.00619294
0.00634725
0.0063882
0.00653872
0.00653055
0.00662811
0.0065402
0.0065587
0.00638765
0.00632982
0.00608621
0.0059583
0.00564583
0.00543484
0.00504363
0.00472679
0.00426417
0.00386198
0.00361686
0.0117415
0.0121655
0.0128322
0.0135891
0.0142572
0.0147971
0.0152367
0.0155278
0.0157267
0.0157735
0.0157347
0.0155413
0.0152649
0.0148435
0.0143474
0.0137381
0.0130797
0.01236
0.0116286
0.0108954
0.0101856
0.00952331
0.00890224
0.00833344
0.00779716
0.00728537
0.00677182
0.00629616
0.00582119
0.00539461
0.00497383
0.00460994
0.00425478
0.00395933
0.00367394
0.00344612
0.00322895
0.00306354
0.00290957
0.0027994
0.0027024
0.00264058
0.00259496
0.00257646
0.00257849
0.00260083
0.00264891
0.00271199
0.00280623
0.00291152
0.00305278
0.00320201
0.00339062
0.00358441
0.00381888
0.00405544
0.00433134
0.00460543
0.00491464
0.00521709
0.00554754
0.00586525
0.00620129
0.00651788
0.00684128
0.00713837
0.00742976
0.00768866
0.00792937
0.00813288
0.00830675
0.00844092
0.00853586
0.00859129
0.00860378
0.00858456
0.0085214
0.00847213
0.00842
0.00839871
0.00838674
0.00839852
0.00839781
0.00840217
0.00836791
0.00832157
0.00821619
0.00809234
0.00790185
0.00769817
0.00743291
0.00715992
0.00683322
0.00649575
0.00610643
0.00569755
0.00524512
0.00477566
0.0043695
0.00412401
0.0119603
0.0123927
0.0133681
0.0141504
0.0149845
0.0155651
0.0162015
0.016547
0.0169638
0.0170737
0.017255
0.0171296
0.0170569
0.0167054
0.0163758
0.0158348
0.0152871
0.0146274
0.0139427
0.0132537
0.012533
0.0118946
0.0112333
0.0106687
0.0100657
0.00954901
0.00893325
0.00844795
0.0078498
0.00741016
0.00685744
0.00647836
0.00599148
0.00568011
0.00527188
0.00502882
0.00470535
0.00452665
0.00428898
0.00416849
0.00401449
0.00394602
0.00387217
0.00385104
0.00385365
0.0038774
0.00395325
0.00402151
0.00416776
0.00428151
0.00449517
0.00465553
0.00493255
0.00513941
0.00547365
0.00572444
0.00610673
0.00639544
0.00681287
0.00712953
0.00756528
0.00789603
0.00832974
0.00865746
0.00906637
0.00937201
0.00973253
0.00999676
0.0102865
0.0104916
0.0106914
0.0108232
0.0109188
0.0109675
0.0109509
0.0109203
0.0107927
0.010725
0.0105921
0.0105368
0.0104382
0.0104018
0.0102918
0.0102386
0.0100691
0.00996168
0.0096984
0.00951479
0.00915417
0.0088945
0.00845985
0.00813583
0.00765159
0.00727002
0.00674386
0.00630079
0.00573156
0.00523947
0.00464501
0.00439196
0.0122005
0.0126747
0.0136511
0.0145389
0.015382
0.0161126
0.0167656
0.0172991
0.0177376
0.0180579
0.0182647
0.0183586
0.0183148
0.0181779
0.0178806
0.0175333
0.0170187
0.0165144
0.0158595
0.0152746
0.0145755
0.0139869
0.013335
0.0127772
0.0121748
0.0116304
0.0110151
0.0104777
0.00988
0.00937052
0.00881824
0.00835839
0.00787189
0.00747621
0.0070683
0.00674471
0.0064215
0.00617267
0.00593519
0.00576029
0.00560641
0.00550291
0.00542912
0.00539415
0.00539677
0.00542796
0.00550374
0.00559934
0.00574547
0.00590391
0.0061174
0.00633652
0.00661331
0.00688921
0.00722319
0.00754929
0.00793128
0.00829745
0.00871455
0.00910667
0.00954207
0.00994221
0.0103756
0.0107627
0.0111713
0.0115227
0.0118829
0.012176
0.0124655
0.01268
0.0128796
0.0129991
0.0130946
0.0131082
0.0130916
0.0130016
0.012874
0.0127189
0.0125777
0.0124082
0.0122901
0.0121113
0.0119746
0.0117566
0.0115574
0.0112719
0.0109798
0.0106152
0.0102286
0.00979397
0.00933616
0.00885033
0.00834576
0.00782224
0.00728005
0.00672198
0.00614349
0.00556432
0.00496835
0.00467809
0.0124232
0.012936
0.0139088
0.014896
0.0157464
0.0166196
0.0172854
0.0179955
0.0184524
0.0189694
0.0191979
0.0194967
0.0194778
0.0195416
0.019273
0.0191063
0.0186223
0.0182619
0.0176346
0.017146
0.0164669
0.0159244
0.0152812
0.0147298
0.0141279
0.0135579
0.0129431
0.0123573
0.0117601
0.0111859
0.0106341
0.0100994
0.00961327
0.0091395
0.0087319
0.00833373
0.00801076
0.00769698
0.00745967
0.0072344
0.00708063
0.00694469
0.00687096
0.00682317
0.00682578
0.00686387
0.0069396
0.0070605
0.00720652
0.00740636
0.00761969
0.00789321
0.0081698
0.00850964
0.00884338
0.00923922
0.00962093
0.0100588
0.0104756
0.0109376
0.0113727
0.0118371
0.0122702
0.0127123
0.0131206
0.0135143
0.0138743
0.0141941
0.0144834
0.0147065
0.014906
0.0150141
0.0151096
0.0150907
0.0150741
0.0149291
0.0148015
0.0145654
0.0144164
0.0141413
0.0140051
0.0136945
0.0135329
0.0131623
0.0129356
0.0124849
0.0121665
0.0116336
0.0112236
0.0106263
0.0101477
0.00951141
0.0089886
0.0083328
0.0077766
0.0071108
0.00652369
0.00586387
0.00526792
0.0049434
0.0127043
0.0132171
0.0140125
0.015001
0.0159189
0.0167996
0.0175747
0.0182982
0.018894
0.0194284
0.0198186
0.0201378
0.0203005
0.0203877
0.0203161
0.0201755
0.0198915
0.0195576
0.0191137
0.0186468
0.0181136
0.0175846
0.0170283
0.0164797
0.0159212
0.0153515
0.0147668
0.0141813
0.0135983
0.0130244
0.0124707
0.0119362
0.0114356
0.010962
0.0105316
0.0101336
0.00978405
0.00947032
0.00920707
0.00898181
0.00880641
0.00867048
0.00858212
0.00853434
0.00853092
0.008569
0.00864774
0.00876863
0.0089262
0.00912601
0.00935813
0.0096316
0.00993239
0.0102722
0.0106333
0.0110291
0.011439
0.0118768
0.0123202
0.0127821
0.0132397
0.0137039
0.0141531
0.0145951
0.015011
0.0154046
0.0157618
0.0160815
0.0163563
0.0165792
0.0167512
0.0168592
0.0169135
0.0168946
0.0168252
0.0166801
0.0164921
0.0162531
0.0160091
0.015721
0.0154449
0.0151137
0.0147888
0.0143936
0.0139972
0.0135218
0.013042
0.0124865
0.0119306
0.0113131
0.0107047
0.0100506
0.00941417
0.00874359
0.0080933
0.00741782
0.00676541
0.00610244
0.00558504
0.00526037
0.0126769
0.0131894
0.0141272
0.0151171
0.0161127
0.0169993
0.017886
0.0186195
0.0193549
0.0199024
0.0204531
0.0207882
0.0211257
0.0212319
0.0213411
0.0212221
0.0211131
0.0208011
0.0205108
0.0200626
0.0196473
0.0191301
0.0186514
0.0181053
0.0175909
0.0170216
0.0164583
0.0158731
0.0152947
0.0147211
0.0141589
0.0136247
0.0131058
0.0126324
0.0121777
0.0117799
0.011404
0.0110905
0.0108025
0.0105774
0.010382
0.0102462
0.0101448
0.010097
0.0100887
0.0101268
0.0102093
0.0103301
0.0104996
0.0106993
0.0109506
0.0112239
0.0115496
0.0118891
0.0122791
0.0126746
0.0131153
0.0135528
0.0140265
0.014488
0.0149731
0.0154371
0.0159084
0.0163501
0.0167804
0.0171738
0.0175354
0.0178549
0.0181219
0.0183447
0.0184955
0.0186034
0.0186219
0.018603
0.0184817
0.0183367
0.0180767
0.0178358
0.0174929
0.0171939
0.0167909
0.0164419
0.0159688
0.0155523
0.0149988
0.0145021
0.0138677
0.0132931
0.0125928
0.0119587
0.0112207
0.0105522
0.00980433
0.00912195
0.00838191
0.0076984
0.00697952
0.00631375
0.00569641
0.00537181
0.0125877
0.0131021
0.0141817
0.0151784
0.0162289
0.0171304
0.0180934
0.0188513
0.0196802
0.0202607
0.0209173
0.0212924
0.0217448
0.0218971
0.0221255
0.0220573
0.0220626
0.0218026
0.021611
0.0212106
0.0208695
0.0203899
0.019959
0.0194387
0.0189483
0.0183982
0.0178463
0.0172759
0.0166985
0.0161358
0.0155671
0.0150402
0.0145095
0.0140402
0.0135706
0.0131743
0.0127825
0.0124688
0.0121661
0.0119398
0.0117326
0.0115952
0.0114861
0.0114369
0.0114259
0.011463
0.0115479
0.0116683
0.0118451
0.0120452
0.0123081
0.0125823
0.0129231
0.013264
0.0136716
0.0140686
0.0145282
0.0149669
0.0154595
0.0159217
0.0164243
0.0168879
0.0173738
0.0178137
0.0182539
0.0186437
0.0190092
0.019323
0.0195867
0.0198014
0.0199404
0.0200376
0.0200354
0.0200031
0.0198506
0.0196892
0.0193864
0.0191237
0.0187177
0.0183867
0.0179015
0.0175121
0.0169416
0.0164811
0.0158234
0.0152837
0.0145459
0.013932
0.0131353
0.0124664
0.0116421
0.0109436
0.0101214
0.00941472
0.00861496
0.00791398
0.0071507
0.00647376
0.00576448
0.00543571
0.0125449
0.013065
0.0141439
0.0151619
0.0162127
0.0171568
0.0181218
0.0189438
0.0197763
0.0204394
0.0211013
0.021575
0.0220345
0.0222985
0.0225359
0.0225874
0.022603
0.0224621
0.0222808
0.021988
0.0216551
0.0212624
0.0208355
0.0203807
0.0198906
0.019389
0.0188373
0.0183043
0.0177272
0.0171919
0.0166235
0.0161147
0.0155843
0.015125
0.0146556
0.0142629
0.0138714
0.0135568
0.0132543
0.0130246
0.0128175
0.0126758
0.0125668
0.0125137
0.0125027
0.0125372
0.0126221
0.0127418
0.0129185
0.0131195
0.0133823
0.0136591
0.0139998
0.0143443
0.0147517
0.0151526
0.015612
0.0160542
0.0165466
0.0170108
0.0175131
0.0179762
0.0184618
0.0188976
0.0193376
0.0197186
0.020084
0.0203834
0.0206469
0.020841
0.0209799
0.0210499
0.0210476
0.0209812
0.0208287
0.020625
0.0203224
0.020004
0.0195944
0.019191
0.0186976
0.0182202
0.0176387
0.017083
0.0164132
0.0157794
0.0150302
0.014329
0.0135224
0.0127759
0.011943
0.0111779
0.0103483
0.00958752
0.00878205
0.00804103
0.00727468
0.00657088
0.00586133
0.00552203
0.0125054
0.0130306
0.0141089
0.0151467
0.0161977
0.0171812
0.0181481
0.0190294
0.0198654
0.0206049
0.0212717
0.0218366
0.0223028
0.0226701
0.0229159
0.0230783
0.0231035
0.0230729
0.022901
0.022708
0.0223827
0.0220705
0.0216471
0.021253
0.0207632
0.0203065
0.0197551
0.0192566
0.0186798
0.0181699
0.0176018
0.0171097
0.0165796
0.0161296
0.0156604
0.0152711
0.0148797
0.0145644
0.014262
0.0140291
0.0138222
0.0136765
0.0135675
0.0135109
0.0134999
0.0135321
0.0136169
0.0137358
0.0139125
0.0141145
0.0143771
0.0146563
0.0149968
0.0153447
0.0157519
0.0161565
0.0166157
0.0170611
0.0175533
0.0180194
0.0185214
0.018984
0.0194694
0.0199014
0.0203412
0.0207141
0.0210792
0.0213654
0.0216288
0.0218038
0.0219426
0.0219873
0.021985
0.0218869
0.0217345
0.0214917
0.0211891
0.0208192
0.0204064
0.0199359
0.0194349
0.018876
0.0182842
0.0176404
0.0169595
0.0162384
0.0154787
0.0146966
0.0138808
0.0130625
0.0122216
0.011395
0.0105585
0.00974755
0.00893679
0.00815869
0.00738949
0.00666082
0.00595102
0.00560196
0.0124734
0.0130029
0.0140661
0.0151229
0.016171
0.0171934
0.0181573
0.0190959
0.01993
0.0207424
0.0214083
0.0220596
0.0225266
0.0229917
0.023241
0.0235075
0.0235393
0.0236113
0.0234481
0.0233468
0.0230302
0.0227908
0.022373
0.022032
0.0215443
0.0211263
0.0205794
0.0201106
0.0195379
0.0190498
0.0184853
0.0180077
0.0174805
0.0170385
0.0165717
0.0161853
0.0157957
0.0154796
0.0151785
0.0149428
0.0147366
0.0145874
0.0144787
0.014419
0.0144079
0.014438
0.0145224
0.0146407
0.0148166
0.0150194
0.0152812
0.0155624
0.0159018
0.0162526
0.0166585
0.0170663
0.0175241
0.0179723
0.0184629
0.0189306
0.019431
0.0198932
0.0203767
0.0208054
0.0212434
0.0216093
0.0219725
0.0222473
0.0225087
0.0226673
0.0228042
0.022827
0.0228229
0.0226975
0.0225433
0.0222668
0.021965
0.0215497
0.021134
0.0206026
0.0200949
0.0194611
0.0188613
0.0181356
0.017447
0.0166443
0.0158785
0.0150206
0.0142001
0.0133146
0.0124698
0.0115856
0.0107455
0.00988755
0.00907402
0.00826115
0.00749028
0.00673921
0.00603685
0.00567953
0.0124941
0.0130234
0.0139416
0.0149967
0.0160386
0.0170584
0.0180285
0.0189646
0.0198182
0.0206285
0.0213275
0.0219775
0.0224919
0.0229566
0.0232678
0.0235351
0.0236409
0.0237147
0.0236322
0.0235334
0.0232963
0.023059
0.0227103
0.0223699
0.0219409
0.0215231
0.0210314
0.0205628
0.0200404
0.0195525
0.0190315
0.0185541
0.0180629
0.0176211
0.0171824
0.0167961
0.0164271
0.0161112
0.0158236
0.0155881
0.0153893
0.0152402
0.0151338
0.0150741
0.0150611
0.0150912
0.0151701
0.0152884
0.0154561
0.0156588
0.01591
0.0161911
0.0165179
0.0168685
0.0172602
0.0176678
0.0181095
0.0185576
0.0190306
0.0194982
0.0199795
0.0204415
0.0209046
0.0213331
0.0217493
0.0221151
0.0224554
0.02273
0.0229676
0.0231261
0.0232384
0.0232613
0.0232321
0.0231068
0.0229279
0.0226515
0.0223252
0.0219096
0.0214618
0.0209282
0.020378
0.0197404
0.0190945
0.0183643
0.0176316
0.0168245
0.0160205
0.0151587
0.0143074
0.0134186
0.0125493
0.0116622
0.0108031
0.00994265
0.00911568
0.00830115
0.00752346
0.006772
0.00614776
0.00579046
0.0125002
0.0130293
0.0138263
0.0148797
0.0159166
0.016934
0.0179103
0.0188441
0.0197161
0.0205245
0.0212546
0.0219034
0.0224619
0.0229262
0.0232947
0.0235627
0.0237369
0.0238125
0.0238043
0.0237078
0.0235439
0.0233085
0.0230235
0.0226837
0.022309
0.0218913
0.0214503
0.0209819
0.0205057
0.020018
0.0195371
0.0190599
0.0186017
0.0181601
0.0177473
0.0173612
0.017011
0.0166952
0.0164201
0.0161847
0.0159928
0.0158438
0.0157395
0.0156798
0.015665
0.0156951
0.015769
0.0158873
0.0160474
0.01625
0.0164915
0.0167725
0.0170878
0.0174383
0.0178168
0.0182242
0.0186514
0.0190993
0.0195564
0.0200237
0.0204877
0.0209496
0.0213941
0.0218224
0.0222188
0.0225844
0.0229038
0.0231783
0.023394
0.0235525
0.0236422
0.023665
0.0236128
0.0234875
0.0232857
0.0230094
0.02266
0.0222442
0.0217665
0.0212307
0.0206411
0.0200001
0.0193112
0.0185769
0.017803
0.0169919
0.0161523
0.015287
0.0144068
0.0135148
0.0126226
0.0117328
0.0108558
0.00999305
0.00915336
0.0083373
0.00755292
0.00680112
0.00624153
0.00588426
0.0122865
0.0128152
0.0137197
0.0147717
0.0158127
0.0168281
0.0178194
0.0187515
0.0196487
0.020456
0.021221
0.0218695
0.0224727
0.0229376
0.0233598
0.0236294
0.0238641
0.023942
0.0239968
0.0239029
0.0237987
0.0235653
0.0233327
0.0229934
0.022664
0.0222465
0.0218461
0.0213778
0.0209378
0.0204503
0.0200007
0.0195237
0.0190915
0.01865
0.0182575
0.0178716
0.0175364
0.0172207
0.0169556
0.0167202
0.0165338
0.0163848
0.0162822
0.0162226
0.0162062
0.0162363
0.0163061
0.0164243
0.0165784
0.016781
0.0170149
0.0172959
0.0176027
0.017953
0.0183224
0.0187297
0.0191473
0.019595
0.0200421
0.0205093
0.0209628
0.0214245
0.0218578
0.022286
0.0226701
0.0230356
0.0233413
0.0236157
0.0238159
0.0239743
0.0240465
0.0240693
0.0239975
0.0238723
0.0236486
0.0233724
0.0229976
0.0225815
0.0220715
0.0215336
0.0209047
0.0202602
0.0195282
0.0187898
0.0179734
0.0171583
0.0162801
0.0154113
0.0144981
0.0136033
0.0126838
0.0117916
0.0108931
0.0100285
0.00917373
0.00835662
0.0075637
0.0068118
0.00618027
0.0058232
0.0120887
0.012617
0.0136211
0.0146716
0.0157165
0.01673
0.0177352
0.0186658
0.0195862
0.0203926
0.02119
0.0218381
0.0224827
0.0229481
0.0234201
0.0236911
0.0239819
0.024062
0.0241751
0.0240835
0.0240346
0.0238031
0.023619
0.0232802
0.0229928
0.0225754
0.0222125
0.0217445
0.021338
0.0208506
0.0204301
0.0199532
0.019545
0.0191037
0.0187301
0.0183443
0.0180229
0.0177074
0.0174514
0.0172162
0.0170348
0.0168859
0.0167848
0.0167251
0.0167073
0.0167374
0.0168035
0.0169217
0.0170702
0.0172727
0.0174997
0.0177805
0.0180795
0.0184298
0.0187906
0.0191978
0.0196065
0.0200541
0.0204919
0.0209589
0.0214028
0.0218643
0.0222873
0.0227153
0.0230881
0.0234534
0.0237464
0.0240208
0.0242066
0.024365
0.0244209
0.0244437
0.0243538
0.0242286
0.0239847
0.0237086
0.0233102
0.0228938
0.022354
0.0218141
0.0211488
0.020501
0.019729
0.0189869
0.0181311
0.0173123
0.0163985
0.0155265
0.0145826
0.0136852
0.0127404
0.011846
0.0109277
0.0100614
0.00919258
0.00837451
0.00757369
0.0068217
0.00612354
0.00576665
0.0119966
0.0125239
0.01356
0.0146103
0.0156536
0.01667
0.0176772
0.0186132
0.0195396
0.0203538
0.0211611
0.0218196
0.022478
0.0229563
0.023446
0.0237319
0.0240436
0.0241401
0.0242754
0.0242004
0.0241725
0.0239564
0.0237897
0.023465
0.023191
0.0227863
0.022436
0.0219794
0.0215842
0.021107
0.0206962
0.0202279
0.0198278
0.0193935
0.0190262
0.0186457
0.0183291
0.0180172
0.0177644
0.0175314
0.0173518
0.0172039
0.0171034
0.0170438
0.0170255
0.0170547
0.0171196
0.0172362
0.0173829
0.0175833
0.017808
0.0180864
0.0183827
0.0187301
0.0190881
0.0194922
0.0198979
0.0203421
0.0207768
0.0212402
0.0216808
0.0221385
0.0225579
0.0229818
0.0233508
0.0237117
0.0240004
0.02427
0.024451
0.0246042
0.0246548
0.0246721
0.0245761
0.0244452
0.0241946
0.0239123
0.0235068
0.0230832
0.0225324
0.0219841
0.0213036
0.0206465
0.0198571
0.0191055
0.0182325
0.0174049
0.0164755
0.0155958
0.0146388
0.0137349
0.0127794
0.0118797
0.010953
0.0100826
0.00920806
0.00838724
0.00758343
0.00682999
0.00611017
0.00575279
0.0119577
0.0124833
0.0135189
0.0145675
0.0156101
0.0166281
0.017635
0.0185767
0.0195029
0.0203272
0.0211344
0.0218074
0.0224659
0.0229631
0.0234532
0.0237619
0.0240743
0.0241961
0.0243323
0.0242829
0.0242559
0.0240635
0.0238973
0.0235932
0.0233194
0.022933
0.0225828
0.0221427
0.0217476
0.021285
0.0208743
0.0204185
0.0200185
0.0195941
0.019227
0.0188541
0.0185375
0.018231
0.0179783
0.0177486
0.017569
0.0174227
0.0173221
0.0172626
0.0172443
0.0172724
0.0173372
0.0174517
0.0175983
0.0177958
0.0180204
0.0182953
0.0185915
0.0189349
0.0192928
0.0196926
0.0200981
0.0205376
0.0209721
0.0214305
0.021871
0.0223232
0.0227425
0.0231606
0.0235294
0.023884
0.0241726
0.0244353
0.0246163
0.0247621
0.0248127
0.0248221
0.0247261
0.0245868
0.0243363
0.024045
0.0236396
0.0232052
0.022654
0.0220924
0.0214108
0.0207381
0.0199472
0.0191796
0.0183048
0.0174625
0.0165314
0.015639
0.0146805
0.0137662
0.0128093
0.0119014
0.0109734
0.010097
0.0092215
0.00839689
0.00759267
0.00683723
0.00611754
0.00575954
0.0119217
0.0124457
0.0134809
0.0145278
0.0155698
0.0165894
0.0175958
0.0185429
0.0194688
0.0203025
0.0211096
0.0217961
0.0224547
0.0229694
0.0234599
0.0237897
0.0241028
0.0242479
0.024385
0.0243594
0.0243332
0.0241627
0.0239969
0.0237121
0.0234383
0.0230688
0.0227186
0.0222939
0.0218989
0.0214499
0.0210393
0.0205949
0.020195
0.0197799
0.0194129
0.0190471
0.0187306
0.018429
0.0181763
0.0179497
0.0177701
0.0176252
0.0175247
0.0174652
0.0174469
0.0174739
0.0175387
0.0176512
0.0177977
0.0179926
0.0182172
0.0184887
0.0187849
0.0191246
0.0194824
0.0198781
0.0202835
0.0207186
0.0211531
0.0216067
0.0220471
0.0224942
0.0229135
0.0233261
0.0236948
0.0240435
0.0243321
0.0245885
0.0247694
0.0249084
0.0249589
0.024961
0.0248651
0.024718
0.0244675
0.0241679
0.0237626
0.0233182
0.0227667
0.0221926
0.0215101
0.0208229
0.0200307
0.0192482
0.0183719
0.0175158
0.0165832
0.015679
0.0147191
0.0137951
0.0128369
0.0119214
0.0109923
0.0101104
0.00923395
0.00840583
0.00760123
0.00684393
0.00612436
0.0057658
0.0118883
0.0124109
0.0134457
0.0144911
0.0155325
0.0165536
0.0175595
0.0185117
0.0194373
0.0202797
0.0210867
0.0217856
0.0224443
0.0229752
0.023466
0.0238154
0.0241291
0.024296
0.0244338
0.0244303
0.0244048
0.0242546
0.0240892
0.0238221
0.0235484
0.0231945
0.0228445
0.0224339
0.022039
0.0216026
0.0211921
0.0207583
0.0203585
0.019952
0.0195851
0.0192258
0.0189093
0.0186124
0.0183597
0.0181359
0.0179564
0.0178128
0.0177123
0.0176528
0.0176345
0.0176605
0.0177253
0.017836
0.0179825
0.0181748
0.0183993
0.0186679
0.018964
0.0193003
0.019658
0.0200499
0.0204552
0.0208863
0.0213206
0.0217699
0.0222101
0.0226526
0.0230718
0.0234794
0.023848
0.0241913
0.0244798
0.0247303
0.0249112
0.0250438
0.0250943
0.0250896
0.0249937
0.0248395
0.0245891
0.0242817
0.0238765
0.0234229
0.022871
0.0222854
0.021602
0.0209014
0.0201079
0.0193118
0.0184339
0.0175652
0.0166311
0.0157161
0.0147548
0.0138219
0.0128625
0.01194
0.0110098
0.0101228
0.00924548
0.00841411
0.00760916
0.00685014
0.00613068
0.0057716
0.0118574
0.0123786
0.013413
0.014457
0.015498
0.0165203
0.017526
0.0184827
0.0194081
0.0202586
0.0210654
0.0217759
0.0224347
0.0229806
0.0234718
0.0238392
0.0241535
0.0243405
0.0244789
0.0244959
0.024471
0.0243396
0.0241747
0.023924
0.0236504
0.023311
0.022961
0.0225636
0.0221688
0.0217439
0.0213336
0.0209096
0.02051
0.0201114
0.0197445
0.0193912
0.0190749
0.0187822
0.0185296
0.0183084
0.0181289
0.0179865
0.0178861
0.0178266
0.0178083
0.0178334
0.0178981
0.0180071
0.0181536
0.0183436
0.018568
0.0188338
0.0191298
0.019463
0.0198206
0.020209
0.0206142
0.0210415
0.0214758
0.021921
0.0223612
0.0227993
0.0232184
0.0236213
0.0239899
0.0243281
0.0246165
0.0248616
0.0250424
0.0251692
0.0252197
0.0252088
0.0251129
0.024952
0.0247016
0.0243871
0.023982
0.0235198
0.0229677
0.0223713
0.0216871
0.0209742
0.0201795
0.0193707
0.0184914
0.017611
0.0166755
0.0157504
0.0147879
0.0138467
0.0128862
0.0119573
0.011026
0.0101342
0.00925616
0.00842177
0.0076165
0.00685589
0.00613652
0.00577697
0.0118288
0.0123488
0.0133828
0.0144255
0.015466
0.0164896
0.0174949
0.0184559
0.0193811
0.020239
0.0210458
0.0217669
0.0224258
0.0229856
0.0234771
0.0238613
0.024176
0.0243817
0.0245208
0.0245566
0.0245324
0.0244184
0.0242538
0.0240183
0.0237448
0.0234188
0.0230689
0.0226837
0.0222889
0.0218749
0.0214646
0.0210498
0.0206502
0.020259
0.0198922
0.0195445
0.0192282
0.0189394
0.0186869
0.0184681
0.0182887
0.0181474
0.0180469
0.0179875
0.0179692
0.0179934
0.0180582
0.0181655
0.018312
0.0184999
0.0187243
0.0189875
0.0192834
0.0196136
0.0199712
0.0203564
0.0207615
0.0211853
0.0216195
0.022061
0.022501
0.0229352
0.0233541
0.0237528
0.0241212
0.0244549
0.0247432
0.0249832
0.025164
0.0252854
0.0253359
0.0253191
0.0252232
0.0250562
0.0248059
0.0244847
0.0240797
0.0236095
0.0230571
0.0224509
0.021766
0.0210416
0.0202457
0.0194252
0.0185447
0.0176533
0.0167166
0.0157821
0.0148185
0.0138697
0.0129082
0.0119732
0.0110411
0.0101449
0.00926605
0.00842887
0.0076233
0.00686121
0.00614194
0.00578194
0.0118023
0.0123211
0.0133548
0.0143964
0.0154363
0.0164611
0.0174661
0.018431
0.0193561
0.0202208
0.0210275
0.0217586
0.0224175
0.0229902
0.023482
0.0238817
0.0241969
0.0244198
0.0245596
0.0246128
0.0245893
0.0244913
0.0243271
0.0241057
0.0238322
0.0235187
0.0231689
0.0227949
0.0224002
0.0219961
0.0215859
0.0211795
0.02078
0.0203956
0.0200289
0.0196864
0.0193702
0.019085
0.0188325
0.018616
0.0184366
0.0182963
0.0181959
0.0181365
0.0181183
0.0181416
0.0182064
0.0183123
0.0184587
0.0186446
0.018869
0.0191298
0.0194256
0.0197531
0.0201106
0.0204928
0.0208979
0.0213185
0.0217525
0.0221906
0.0226305
0.023061
0.0234799
0.0238745
0.0242429
0.0245722
0.0248605
0.0250959
0.0252766
0.0253929
0.0254434
0.0254212
0.0253254
0.0251526
0.0249024
0.0245751
0.0241701
0.0236927
0.02314
0.0225247
0.021839
0.0211039
0.0203071
0.0194757
0.018594
0.0176926
0.0167547
0.0158116
0.0148469
0.013891
0.0129285
0.011988
0.011055
0.0101547
0.00927521
0.00843544
0.0076296
0.00686614
0.00614696
0.00578654
0.0118507
0.0123691
0.0133536
0.0143938
0.0154335
0.0164566
0.0174611
0.0184249
0.0193492
0.0202137
0.0210194
0.0217512
0.0224089
0.0229833
0.0234736
0.0238761
0.0241898
0.0244162
0.0245546
0.0246116
0.0245875
0.0244926
0.024329
0.0241094
0.0238371
0.0235249
0.0231765
0.0228037
0.0224105
0.0220074
0.0215984
0.021193
0.0207945
0.0204108
0.0200449
0.019703
0.0193874
0.0191026
0.0188505
0.0186343
0.0184551
0.018315
0.0182147
0.0181553
0.0181371
0.0181604
0.0182251
0.0183308
0.0184771
0.0186627
0.0188868
0.0191473
0.0194428
0.01977
0.0201268
0.0205086
0.0209129
0.021333
0.021766
0.0222037
0.0226424
0.0230724
0.0234899
0.0238841
0.0242511
0.0245799
0.0248669
0.0251017
0.0252814
0.0253972
0.0254469
0.0254242
0.025328
0.0251547
0.0249044
0.0245765
0.0241723
0.0236938
0.0231429
0.022525
0.0218426
0.0211039
0.0203111
0.0194756
0.0185981
0.0176929
0.016759
0.0158126
0.0148515
0.013893
0.0129335
0.011991
0.0110603
0.0101585
0.00928056
0.00844
0.00763474
0.00687112
0.00618268
0.00582237
0.0119033
0.0124216
0.0133543
0.0143945
0.0154323
0.0164557
0.0174577
0.0184219
0.0193438
0.0202085
0.0210124
0.0217443
0.0224008
0.0229752
0.0234649
0.0238673
0.0241811
0.0244073
0.0245464
0.0246033
0.0245804
0.0244855
0.0243234
0.0241038
0.0238332
0.023521
0.0231742
0.0228015
0.0224096
0.0220067
0.0215989
0.0211935
0.0207961
0.0204125
0.0200475
0.0197056
0.0193906
0.0191059
0.0188542
0.018638
0.0184591
0.018319
0.0182189
0.0181595
0.0181413
0.0181646
0.0182292
0.018335
0.018481
0.0186667
0.0188905
0.019151
0.0194459
0.0197731
0.0201293
0.020511
0.0209144
0.0213345
0.0217664
0.022204
0.0226413
0.0230713
0.0234874
0.0238815
0.024247
0.0245758
0.0248614
0.0250963
0.0252748
0.0253906
0.0254395
0.0254168
0.0253201
0.0251468
0.0248965
0.0245687
0.0241648
0.0236864
0.0231363
0.0225186
0.0218373
0.0210987
0.0203073
0.0194718
0.018596
0.0176906
0.0167585
0.0158118
0.0148526
0.0138937
0.0129361
0.011993
0.011064
0.0101618
0.00928506
0.00844413
0.00763942
0.00687576
0.0062192
0.00585891
0.011952
0.0124703
0.013355
0.0143952
0.0154312
0.0164549
0.0174545
0.018419
0.0193388
0.0202038
0.021006
0.0217379
0.0223933
0.0229677
0.0234569
0.0238592
0.024173
0.0243991
0.0245388
0.0245956
0.0245738
0.0244788
0.0243183
0.0240987
0.0238296
0.0235175
0.0231721
0.0227994
0.0224089
0.022006
0.0215994
0.0211941
0.0207976
0.0204141
0.0200498
0.019708
0.0193936
0.0191089
0.0188577
0.0186415
0.0184628
0.0183227
0.0182227
0.0181633
0.0181452
0.0181685
0.0182331
0.0183388
0.0184847
0.0186703
0.0188939
0.0191543
0.0194489
0.0197759
0.0201315
0.0205132
0.0209158
0.0213358
0.0217667
0.0222042
0.0226404
0.0230703
0.023485
0.0238791
0.0242433
0.024572
0.0248564
0.0250912
0.0252687
0.0253844
0.0254326
0.0254099
0.0253128
0.0251396
0.0248892
0.0245615
0.0241579
0.0236795
0.0231302
0.0225126
0.0218324
0.0210938
0.0203039
0.0194683
0.0185941
0.0176884
0.0167581
0.0158111
0.0148536
0.0138944
0.0129384
0.011995
0.0110675
0.0101648
0.00928922
0.00844795
0.00764376
0.00688006
0.00625302
0.00589275
0.011997
0.0125153
0.0133557
0.0143958
0.0154302
0.0164541
0.0174516
0.0184164
0.0193342
0.0201994
0.021
0.021732
0.0223864
0.0229608
0.0234495
0.0238518
0.0241655
0.0243915
0.0245318
0.0245885
0.0245677
0.0244727
0.0243135
0.024094
0.0238263
0.0235142
0.0231701
0.0227975
0.0224082
0.0220053
0.0215999
0.0211946
0.020799
0.0204155
0.020052
0.0197102
0.0193963
0.0191117
0.0188608
0.0186447
0.0184663
0.0183262
0.0182263
0.0181669
0.0181488
0.0181721
0.0182366
0.0183423
0.0184881
0.0186737
0.018897
0.0191574
0.0194516
0.0197786
0.0201336
0.0205153
0.0209171
0.021337
0.021767
0.0222044
0.0226395
0.0230693
0.0234828
0.0238769
0.0242398
0.0245685
0.0248517
0.0250865
0.025263
0.0253788
0.0254262
0.0254035
0.0253061
0.0251329
0.0248825
0.0245548
0.0241515
0.0236732
0.0231246
0.0225071
0.0218279
0.0210894
0.0203007
0.019465
0.0185923
0.0176865
0.0167576
0.0158104
0.0148545
0.013895
0.0129406
0.0119968
0.0110707
0.0101675
0.00929308
0.00845149
0.00764777
0.00688404
0.00628434
0.00592408
0.0120388
0.0125571
0.0133563
0.0143964
0.0154293
0.0164534
0.0174489
0.018414
0.0193299
0.0201953
0.0209944
0.0217265
0.02238
0.0229544
0.0234426
0.0238448
0.0241586
0.0243845
0.0245253
0.0245819
0.024562
0.024467
0.0243091
0.0240896
0.0238232
0.0235112
0.0231683
0.0227957
0.0224075
0.0220047
0.0216003
0.021195
0.0208003
0.0204169
0.020054
0.0197122
0.0193989
0.0191143
0.0188637
0.0186476
0.0184694
0.0183294
0.0182296
0.0181702
0.0181522
0.0181754
0.0182399
0.0183456
0.0184913
0.0186768
0.0188999
0.0191603
0.0194541
0.019781
0.0201356
0.0205172
0.0209183
0.0213382
0.0217672
0.0222046
0.0226387
0.0230685
0.0234808
0.0238748
0.0242366
0.0245652
0.0248474
0.0250821
0.0252578
0.0253735
0.0254203
0.0253976
0.0252999
0.0251267
0.0248763
0.0245486
0.0241455
0.0236673
0.0231194
0.0225019
0.0218237
0.0210852
0.0202977
0.019462
0.0185906
0.0176846
0.0167572
0.0158098
0.0148553
0.0138955
0.0129426
0.0119984
0.0110736
0.0101701
0.00929665
0.00845477
0.00765149
0.00688772
0.00631335
0.0059531
)
;

boundaryField
{
    inlet
    {
        type            cyclic;
    }
    outlet
    {
        type            cyclic;
    }
    top
    {
        type            zeroGradient;
    }
    hills
    {
        type            zeroGradient;
    }
    front
    {
        type            empty;
    }
    back
    {
        type            empty;
    }
}


// ************************************************************************* //
