/*--------------------------------*- C++ -*----------------------------------*\
| =========                 |                                                 |
| \\      /  F ield         | OpenFOAM: The Open Source CFD Toolbox           |
|  \\    /   O peration     | Version:  v2106                                 |
|   \\  /    A nd           | Website:  www.openfoam.com                      |
|    \\/     M anipulation  |                                                 |
\*---------------------------------------------------------------------------*/
FoamFile
{
    version     2.0;
    format      ascii;
    arch        "LSB;label=32;scalar=64";
    class       volScalarField;
    location    "0";
    object      expGpCoeffs3;
}
// * * * * * * * * * * * * * * * * * * * * * * * * * * * * * * * * * * * * * //

dimensions      [0 0 0 0 0 0 0];

internalField   nonuniform List<scalar> 
8000
(
0.130622
0.134681
0.141312
0.149837
0.158154
0.166002
0.172267
0.177171
0.180186
0.181455
0.181059
0.17901
0.175548
0.170703
0.164936
0.15827
0.151507
0.144643
0.138544
0.133235
0.129291
0.12676
0.125458
0.125408
0.125715
0.12634
0.126635
0.126581
0.126045
0.125026
0.123509
0.121495
0.118982
0.115971
0.112472
0.108488
0.104039
0.0991286
0.0937892
0.0880251
0.0818776
0.0753526
0.0685009
0.0613286
0.0538948
0.0462069
0.0383306
0.0302737
0.0221072
0.0138392
0.00554309
-0.00277218
-0.011033
-0.0192312
-0.0272953
-0.0352174
-0.0429308
-0.0504279
-0.0576487
-0.0645866
-0.0711895
-0.0774514
-0.0833287
-0.088817
-0.0938815
-0.0985188
-0.102704
-0.106433
-0.109692
-0.112478
-0.114786
-0.116615
-0.117968
-0.118846
-0.119358
-0.119524
-0.119925
-0.1206
-0.122378
-0.125234
-0.129358
-0.134705
-0.140749
-0.14747
-0.154044
-0.160478
-0.166
-0.170587
-0.173794
-0.175593
-0.175763
-0.174296
-0.171137
-0.166144
-0.15982
-0.151932
-0.143513
-0.134786
-0.127935
-0.123704
0.130295
0.134353
0.141276
0.149801
0.158232
0.166084
0.17241
0.177321
0.180325
0.181599
0.181184
0.179137
0.175651
0.170807
0.164986
0.15832
0.151481
0.144615
0.138451
0.133141
0.129163
0.126631
0.125387
0.125336
0.125732
0.126356
0.126673
0.126619
0.126085
0.125066
0.123549
0.121536
0.119022
0.116011
0.112511
0.108527
0.104075
0.0991651
0.0938216
0.0880582
0.0819058
0.0753816
0.068524
0.0613527
0.0539123
0.0462253
0.0383419
0.030286
0.0221119
0.013845
0.00554113
-0.00277307
-0.0110415
-0.0192387
-0.0273101
-0.0352312
-0.0429513
-0.0504475
-0.0576742
-0.0646112
-0.0712194
-0.0774804
-0.0833621
-0.0888496
-0.0939175
-0.0985541
-0.102741
-0.106471
-0.109731
-0.112517
-0.114825
-0.116653
-0.118006
-0.118884
-0.119378
-0.119544
-0.119864
-0.120539
-0.122263
-0.125119
-0.129273
-0.134622
-0.140727
-0.147449
-0.154096
-0.16053
-0.166105
-0.17069
-0.173921
-0.175717
-0.175903
-0.174432
-0.17128
-0.166281
-0.159904
-0.152011
-0.143489
-0.134762
-0.127593
-0.123363
0.129942
0.133999
0.141238
0.149762
0.158316
0.166174
0.172563
0.177482
0.180475
0.181754
0.181319
0.179275
0.175762
0.17092
0.165041
0.158374
0.151453
0.144585
0.138351
0.133039
0.129024
0.126492
0.12531
0.125259
0.12575
0.126374
0.126715
0.12666
0.126128
0.125109
0.123593
0.12158
0.119065
0.116055
0.112552
0.108568
0.104113
0.0992044
0.0938566
0.088094
0.0819362
0.075413
0.068549
0.0613787
0.0539311
0.0462453
0.038354
0.0302993
0.022117
0.0138512
0.00553902
-0.00277404
-0.0110507
-0.0192468
-0.0273261
-0.035246
-0.0429734
-0.0504686
-0.0577018
-0.0646379
-0.0712516
-0.0775118
-0.0833981
-0.0888848
-0.0939564
-0.0985924
-0.102782
-0.106511
-0.109773
-0.112558
-0.114867
-0.116695
-0.118047
-0.118924
-0.119399
-0.119565
-0.119799
-0.120474
-0.122139
-0.124995
-0.129182
-0.134532
-0.140703
-0.147426
-0.154152
-0.160587
-0.166217
-0.170802
-0.174057
-0.17585
-0.176055
-0.174578
-0.171436
-0.166429
-0.159995
-0.152097
-0.143462
-0.134736
-0.127224
-0.122995
0.129561
0.133617
0.141197
0.14972
0.158407
0.16627
0.172729
0.177656
0.180637
0.181921
0.181464
0.179424
0.175882
0.171041
0.1651
0.158433
0.151422
0.144553
0.138243
0.13293
0.128875
0.126342
0.125227
0.125176
0.125769
0.126394
0.126759
0.126705
0.126174
0.125155
0.12364
0.121627
0.119111
0.116102
0.112597
0.108614
0.104155
0.0992469
0.0938944
0.0881326
0.0819691
0.0754468
0.0685761
0.0614068
0.0539515
0.0462668
0.0383672
0.0303136
0.0221225
0.0138579
0.00553673
-0.00277509
-0.0110607
-0.0192556
-0.0273433
-0.0352621
-0.0429973
-0.0504913
-0.0577316
-0.0646666
-0.0712864
-0.0775456
-0.0834369
-0.0889229
-0.0939983
-0.0986336
-0.102826
-0.106554
-0.109818
-0.112603
-0.114912
-0.11674
-0.118091
-0.118969
-0.119422
-0.119587
-0.119728
-0.120404
-0.122005
-0.124862
-0.129084
-0.134435
-0.140677
-0.147401
-0.154213
-0.160648
-0.166339
-0.170922
-0.174205
-0.175995
-0.176218
-0.174735
-0.171603
-0.166588
-0.160093
-0.15219
-0.143434
-0.134708
-0.126826
-0.122598
0.12915
0.133205
0.141153
0.149647
0.158506
0.166374
0.172908
0.177844
0.180812
0.182102
0.181621
0.179585
0.176012
0.171173
0.165164
0.158496
0.151389
0.144518
0.138126
0.132811
0.128713
0.126179
0.125137
0.125087
0.12579
0.126415
0.126807
0.126753
0.126224
0.125205
0.123691
0.121678
0.119162
0.116152
0.112645
0.108663
0.1042
0.0992928
0.0939352
0.0881744
0.0820045
0.0754833
0.0686052
0.0614371
0.0539736
0.0462901
0.0383814
0.0303291
0.0221284
0.0138652
0.00553427
-0.00277621
-0.0110714
-0.019265
-0.0273619
-0.0352794
-0.0430231
-0.0505159
-0.0577638
-0.0646977
-0.0713239
-0.0775822
-0.0834789
-0.0889639
-0.0940436
-0.0986782
-0.102874
-0.106601
-0.109867
-0.112651
-0.114961
-0.116789
-0.118139
-0.119017
-0.119446
-0.119612
-0.119652
-0.120327
-0.121859
-0.124717
-0.128977
-0.13433
-0.140649
-0.147375
-0.154278
-0.160713
-0.16647
-0.171051
-0.174365
-0.176151
-0.176394
-0.174906
-0.171784
-0.166761
-0.160199
-0.15229
-0.143379
-0.134678
-0.126396
-0.122169
0.128755
0.132812
0.140898
0.149399
0.15848
0.166319
0.173065
0.178006
0.180998
0.182302
0.181795
0.179785
0.176171
0.171376
0.165243
0.158582
0.151354
0.144481
0.138
0.132684
0.128539
0.126004
0.125041
0.12499
0.125915
0.126539
0.126957
0.126901
0.126375
0.125353
0.123839
0.121822
0.119305
0.11629
0.112781
0.108792
0.104326
0.0994108
0.0940485
0.0882792
0.0821033
0.0755729
0.0686878
0.0615097
0.0540382
0.0463444
0.038427
0.030364
0.0221543
0.01388
0.00553983
-0.00278165
-0.011086
-0.0192904
-0.0273961
-0.0353241
-0.0430759
-0.0505789
-0.0578339
-0.0647773
-0.0714097
-0.0776769
-0.0835787
-0.0890717
-0.0941554
-0.0987968
-0.102995
-0.106729
-0.109996
-0.112785
-0.115096
-0.116927
-0.118277
-0.119156
-0.119563
-0.11973
-0.11957
-0.120245
-0.121703
-0.124561
-0.128863
-0.134216
-0.140618
-0.147346
-0.154365
-0.160795
-0.16667
-0.17121
-0.174562
-0.176323
-0.176589
-0.175088
-0.171945
-0.166914
-0.160165
-0.152281
-0.143172
-0.134467
-0.126008
-0.121779
0.128435
0.132494
0.140578
0.14913
0.158207
0.166186
0.172932
0.178071
0.181067
0.182585
0.182087
0.180284
0.176683
0.17207
0.165952
0.159432
0.152183
0.145333
0.138867
0.133495
0.129392
0.126812
0.12597
0.125936
0.12699
0.127612
0.12803
0.127958
0.127431
0.126378
0.124864
0.122801
0.120284
0.11721
0.113701
0.109638
0.105173
0.100172
0.0948108
0.0889446
0.0827698
0.0761331
0.0692492
0.061957
0.0544869
0.0466729
0.038757
0.0305696
0.0223614
0.0139606
0.00562199
-0.00282643
-0.0111292
-0.0194591
-0.0275632
-0.0356132
-0.0433636
-0.0509833
-0.058237
-0.0652902
-0.0719214
-0.0782898
-0.0841904
-0.0897746
-0.0948574
-0.0995784
-0.103776
-0.107577
-0.110843
-0.113686
-0.115996
-0.117867
-0.119217
-0.120122
-0.120529
-0.120707
-0.120431
-0.121098
-0.122445
-0.125352
-0.129614
-0.135025
-0.141413
-0.148125
-0.155164
-0.161466
-0.167328
-0.1717
-0.175041
-0.176611
-0.176869
-0.175171
-0.172024
-0.166814
-0.160064
-0.152055
-0.142949
-0.1342
-0.125743
-0.121514
0.128089
0.132151
0.140231
0.148841
0.157913
0.166043
0.172789
0.17814
0.181141
0.182891
0.182402
0.180823
0.177235
0.172819
0.166717
0.160349
0.153118
0.146367
0.139918
0.134599
0.130509
0.127955
0.127118
0.127097
0.12815
0.12877
0.129189
0.129098
0.128572
0.127485
0.125971
0.123859
0.121342
0.118202
0.114694
0.110552
0.106088
0.100994
0.095634
0.0896631
0.0834896
0.076738
0.0698555
0.06244
0.0549714
0.0470276
0.0391134
0.0307917
0.0225852
0.0140476
0.00571071
-0.00287479
-0.0111759
-0.0196411
-0.0277436
-0.0359254
-0.0436742
-0.0514201
-0.0586723
-0.0658441
-0.0724739
-0.0789516
-0.0848511
-0.0905336
-0.0956154
-0.100422
-0.104619
-0.108492
-0.111758
-0.114659
-0.116969
-0.118883
-0.120232
-0.121165
-0.121572
-0.121762
-0.121486
-0.122152
-0.123493
-0.126385
-0.130636
-0.136006
-0.142378
-0.149004
-0.156026
-0.162191
-0.168037
-0.17223
-0.175558
-0.176923
-0.177172
-0.175261
-0.172109
-0.166706
-0.159955
-0.151811
-0.142709
-0.133911
-0.125457
-0.121228
0.127716
0.13178
0.139857
0.148528
0.157596
0.165889
0.172634
0.178215
0.181221
0.183222
0.182742
0.181406
0.177831
0.173628
0.167544
0.16134
0.154128
0.147484
0.141053
0.135792
0.131715
0.12919
0.128358
0.128351
0.129404
0.130022
0.13044
0.13033
0.129804
0.12868
0.127167
0.125
0.122485
0.119274
0.115767
0.111539
0.107076
0.101882
0.0965229
0.0904389
0.0842668
0.0773912
0.0705102
0.0629615
0.0554946
0.0474106
0.0394981
0.0310315
0.0228268
0.0141416
0.00580652
-0.00292701
-0.0112263
-0.0198378
-0.0279385
-0.0362625
-0.0440096
-0.0518917
-0.0591423
-0.0664422
-0.0730706
-0.0796663
-0.0855644
-0.0913532
-0.0964339
-0.101334
-0.10553
-0.109481
-0.112746
-0.11571
-0.118019
-0.119979
-0.121328
-0.122291
-0.122698
-0.122902
-0.122625
-0.123289
-0.124626
-0.127501
-0.13174
-0.137064
-0.14342
-0.149953
-0.156958
-0.162974
-0.168804
-0.172802
-0.176117
-0.177259
-0.177499
-0.175359
-0.1722
-0.166589
-0.159837
-0.151547
-0.142449
-0.133599
-0.125148
-0.120919
0.127313
0.13138
0.139453
0.14819
0.157253
0.165722
0.172467
0.178297
0.181307
0.183579
0.183109
0.182034
0.178474
0.174502
0.168436
0.16241
0.155219
0.14869
0.142278
0.13708
0.133017
0.130523
0.129697
0.129705
0.130757
0.131373
0.131791
0.13166
0.131134
0.12997
0.128458
0.126233
0.123718
0.120432
0.116925
0.112605
0.108143
0.102841
0.0974827
0.0912768
0.0851061
0.0780965
0.0712172
0.0635247
0.0560596
0.0478242
0.0399136
0.0312904
0.0230876
0.0142431
0.00590997
-0.00298339
-0.0112807
-0.0200501
-0.0281489
-0.0366266
-0.0443718
-0.0524009
-0.0596499
-0.067088
-0.0737148
-0.080438
-0.0863348
-0.0922383
-0.0973177
-0.102318
-0.106513
-0.110549
-0.113813
-0.116845
-0.119153
-0.121163
-0.122512
-0.123507
-0.123914
-0.124132
-0.123855
-0.124517
-0.125849
-0.128706
-0.132932
-0.138207
-0.144544
-0.150979
-0.157963
-0.16382
-0.169632
-0.17342
-0.176721
-0.177622
-0.177852
-0.175463
-0.172299
-0.166462
-0.15971
-0.151263
-0.142168
-0.133262
-0.124815
-0.120585
0.126878
0.130948
0.139017
0.147825
0.156883
0.165542
0.172286
0.178384
0.1814
0.183964
0.183505
0.182713
0.179169
0.175445
0.169399
0.163566
0.156397
0.149992
0.143601
0.138471
0.134423
0.131962
0.131142
0.131166
0.132219
0.132832
0.133249
0.133096
0.13257
0.131364
0.129852
0.127565
0.12505
0.121682
0.118176
0.113756
0.109295
0.103876
0.0985193
0.0921815
0.0860124
0.0788581
0.0719806
0.0641328
0.0566696
0.0482709
0.0403623
0.0315701
0.0233694
0.0143527
0.00602169
-0.00304428
-0.0113395
-0.0202794
-0.0283761
-0.0370197
-0.0447629
-0.0529508
-0.0601979
-0.0677854
-0.0744105
-0.0812714
-0.0871666
-0.093194
-0.0982721
-0.103381
-0.107575
-0.111702
-0.114965
-0.11807
-0.120378
-0.122442
-0.123791
-0.12482
-0.125227
-0.12546
-0.125184
-0.125843
-0.127169
-0.130007
-0.134219
-0.139442
-0.145759
-0.152085
-0.159049
-0.164733
-0.170526
-0.174087
-0.177372
-0.178015
-0.178233
-0.175577
-0.172407
-0.166326
-0.159572
-0.150955
-0.141865
-0.132899
-0.124455
-0.120225
0.126408
0.130481
0.138546
0.147432
0.156483
0.165348
0.172091
0.178479
0.1815
0.18438
0.183933
0.183447
0.17992
0.176464
0.17044
0.164813
0.157669
0.151398
0.14503
0.139973
0.135941
0.133517
0.132704
0.132745
0.133797
0.134407
0.134825
0.134647
0.134121
0.132869
0.131357
0.129002
0.126488
0.123032
0.119527
0.114998
0.110538
0.104993
0.0996385
0.0931584
0.0869911
0.0796806
0.0728049
0.0647896
0.0573284
0.0487532
0.0408468
0.031872
0.0236736
0.014471
0.00614232
-0.00311004
-0.011403
-0.020527
-0.0286215
-0.0374442
-0.0451853
-0.0535447
-0.0607898
-0.0685385
-0.0751618
-0.0821712
-0.0880649
-0.094226
-0.0993028
-0.104528
-0.108721
-0.112947
-0.116209
-0.119393
-0.1217
-0.123823
-0.125171
-0.126238
-0.126645
-0.126895
-0.126619
-0.127275
-0.128595
-0.131412
-0.135608
-0.140775
-0.147071
-0.153281
-0.160222
-0.165719
-0.171491
-0.174807
-0.178076
-0.178438
-0.178644
-0.175699
-0.172522
-0.166178
-0.159424
-0.150623
-0.141537
-0.132506
-0.124066
-0.119836
0.126029
0.130101
0.137719
0.146681
0.155777
0.164827
0.171775
0.178381
0.18165
0.184765
0.18457
0.1843
0.181045
0.177763
0.171945
0.166486
0.159408
0.153325
0.146912
0.142029
0.137924
0.135606
0.134822
0.134873
0.136095
0.136703
0.137092
0.136897
0.136343
0.135059
0.133503
0.131101
0.128528
0.125011
0.121433
0.116829
0.112282
0.10665
0.101196
0.0946179
0.0883407
0.0809225
0.073928
0.0657973
0.0582102
0.0495135
0.041476
0.0323756
0.0240427
0.0147123
0.00624783
-0.00313278
-0.0115609
-0.0208116
-0.0290387
-0.0379847
-0.0458541
-0.0543315
-0.0616987
-0.0695585
-0.0762959
-0.0834075
-0.0894056
-0.0956588
-0.100829
-0.106135
-0.110408
-0.114702
-0.118031
-0.121269
-0.123628
-0.125791
-0.127177
-0.12827
-0.128713
-0.128975
-0.128554
-0.129213
-0.130513
-0.133244
-0.137513
-0.142527
-0.148869
-0.154909
-0.161793
-0.167138
-0.172722
-0.175879
-0.178896
-0.179059
-0.179034
-0.175873
-0.172471
-0.165929
-0.158989
-0.150022
-0.140903
-0.131805
-0.123828
-0.119601
0.12576
0.12983
0.136808
0.145757
0.154894
0.163925
0.171301
0.177899
0.181901
0.185027
0.185603
0.185362
0.182836
0.179599
0.174469
0.169065
0.162575
0.156551
0.150541
0.145706
0.141812
0.139523
0.138654
0.13871
0.139726
0.140333
0.140637
0.140442
0.139801
0.138518
0.136828
0.134427
0.131675
0.128158
0.124355
0.119754
0.114941
0.109311
0.103554
0.0969779
0.0903652
0.0829494
0.0755922
0.0674641
0.0594925
0.0507986
0.0423607
0.0332633
0.0245201
0.0151927
0.00631381
-0.00306378
-0.0119045
-0.0211522
-0.0297844
-0.0387275
-0.0469887
-0.0554633
-0.0632032
-0.0710604
-0.078146
-0.0852554
-0.0915717
-0.097823
-0.103277
-0.108581
-0.1131
-0.117392
-0.120924
-0.124161
-0.126679
-0.128842
-0.13034
-0.131433
-0.131986
-0.132248
-0.132047
-0.1327
-0.134112
-0.136816
-0.140922
-0.14589
-0.15188
-0.157866
-0.164214
-0.169507
-0.174457
-0.177573
-0.179919
-0.180054
-0.179324
-0.176152
-0.172084
-0.165548
-0.158218
-0.149267
-0.14012
-0.131033
-0.123777
-0.119551
0.125357
0.129425
0.13569
0.144626
0.153984
0.162994
0.17079
0.177378
0.182172
0.185309
0.186719
0.186508
0.184771
0.18158
0.177194
0.171851
0.165996
0.160035
0.154459
0.149677
0.146011
0.143752
0.142792
0.142853
0.143646
0.144254
0.144465
0.14427
0.143536
0.142253
0.140419
0.138019
0.135072
0.131557
0.127512
0.122912
0.117812
0.112184
0.1061
0.0995263
0.0925514
0.0851382
0.0773893
0.069264
0.0608772
0.0521864
0.0433162
0.0342219
0.0250356
0.0157115
0.00638505
-0.00298927
-0.0122756
-0.0215201
-0.0305897
-0.0395297
-0.0482138
-0.0566855
-0.0648278
-0.0726823
-0.0801439
-0.0872507
-0.0939109
-0.10016
-0.10592
-0.111223
-0.116006
-0.120297
-0.124048
-0.127284
-0.129974
-0.132136
-0.133757
-0.134849
-0.13552
-0.135782
-0.135818
-0.136467
-0.137999
-0.140675
-0.144602
-0.149522
-0.155131
-0.161059
-0.166828
-0.172065
-0.176331
-0.179402
-0.181023
-0.181129
-0.179638
-0.176453
-0.171665
-0.165135
-0.15743
-0.148497
-0.139168
-0.130093
-0.123606
-0.119382
0.123121
0.127185
0.134238
0.143155
0.153249
0.162245
0.170991
0.177593
0.183196
0.18637
0.188618
0.18846
0.187472
0.184349
0.180481
0.175211
0.169636
0.163743
0.158297
0.153566
0.149968
0.147737
0.146937
0.147003
0.148005
0.148612
0.148843
0.148648
0.147823
0.14654
0.144553
0.142154
0.138993
0.13548
0.131163
0.126564
0.121139
0.115513
0.109054
0.102483
0.0950904
0.0876799
0.0794766
0.0713544
0.0624839
0.0537963
0.0444207
0.0353299
0.0256246
0.0163039
0.00645298
-0.00291782
-0.012726
-0.0219671
-0.0315478
-0.0404845
-0.0496613
-0.0581298
-0.0667387
-0.0745903
-0.0824853
-0.0895895
-0.0966437
-0.10289
-0.108999
-0.1143
-0.119381
-0.12367
-0.127667
-0.130901
-0.133778
-0.135939
-0.137688
-0.13878
-0.139476
-0.139738
-0.139617
-0.140261
-0.141678
-0.144328
-0.148224
-0.153097
-0.158613
-0.164477
-0.17001
-0.175178
-0.178982
-0.181989
-0.182924
-0.182978
-0.180712
-0.17749
-0.171962
-0.165416
-0.156855
-0.14793
-0.137942
-0.128883
-0.121549
-0.117328
0.120718
0.124782
0.132637
0.141581
0.152434
0.161401
0.171214
0.177832
0.184369
0.187583
0.190721
0.190622
0.190428
0.187377
0.184064
0.178874
0.173559
0.167738
0.16236
0.157683
0.154105
0.151906
0.151352
0.151423
0.152719
0.153325
0.153583
0.153389
0.152466
0.151184
0.149032
0.146634
0.143242
0.139729
0.135118
0.130522
0.124744
0.11912
0.112256
0.105687
0.0978416
0.0904342
0.0817385
0.0736195
0.0642248
0.0555408
0.0456174
0.0365302
0.0262623
0.0169454
0.00652585
-0.00284115
-0.0132152
-0.0224524
-0.0325873
-0.0415203
-0.051231
-0.0596961
-0.0688106
-0.076659
-0.0850236
-0.0921249
-0.0996058
-0.10585
-0.112336
-0.117635
-0.123039
-0.127327
-0.131587
-0.13482
-0.137899
-0.140059
-0.141947
-0.143039
-0.143755
-0.144017
-0.143668
-0.144307
-0.145532
-0.148153
-0.152062
-0.156884
-0.162367
-0.168164
-0.173482
-0.178575
-0.181884
-0.184821
-0.18503
-0.185027
-0.181938
-0.178675
-0.172289
-0.165724
-0.156197
-0.147299
-0.136622
-0.127544
-0.119344
-0.115124
0.118883
0.122934
0.130776
0.139913
0.150734
0.160305
0.17019
0.177607
0.1843
0.188404
0.191664
0.192463
0.192398
0.190184
0.187013
0.182521
0.177315
0.171989
0.166679
0.162291
0.15876
0.1567
0.156218
0.156343
0.157675
0.158259
0.158519
0.158237
0.157307
0.155876
0.153712
0.151106
0.147697
0.143918
0.139286
0.134368
0.128565
0.12257
0.115677
0.108694
0.100816
0.0929565
0.0842261
0.0756247
0.0661931
0.0570038
0.0470419
0.0374345
0.027127
0.0172825
0.00682295
-0.00307154
-0.0134853
-0.0232426
-0.0334164
-0.042855
-0.0526032
-0.0615527
-0.0707027
-0.0790079
-0.0874057
-0.0949299
-0.102441
-0.109068
-0.115581
-0.121218
-0.126646
-0.131222
-0.135501
-0.138969
-0.142063
-0.144402
-0.146299
-0.147511
-0.148229
-0.148548
-0.148169
-0.148791
-0.149956
-0.15248
-0.156351
-0.160935
-0.166359
-0.17172
-0.176939
-0.181401
-0.18458
-0.186751
-0.18684
-0.18601
-0.182804
-0.178723
-0.172189
-0.164894
-0.155297
-0.145854
-0.135203
-0.125964
-0.117776
-0.113577
0.116901
0.120938
0.128766
0.138112
0.148898
0.159122
0.168983
0.177361
0.184057
0.189239
0.192528
0.194408
0.194394
0.193182
0.190081
0.186421
0.181295
0.176567
0.171331
0.167306
0.163828
0.161953
0.161492
0.161683
0.163015
0.163573
0.163833
0.16345
0.16252
0.160917
0.158754
0.155904
0.152497
0.148407
0.143777
0.138485
0.132685
0.126259
0.119368
0.111902
0.104028
0.0956424
0.086916
0.077753
0.0683258
0.0585484
0.0485912
0.0383781
0.0280755
0.0176167
0.0071621
-0.00334653
-0.0137553
-0.0241181
-0.0342871
-0.0443143
-0.0540579
-0.0635714
-0.0727171
-0.081554
-0.0899478
-0.0979644
-0.105472
-0.112546
-0.119055
-0.125087
-0.130511
-0.135424
-0.139701
-0.143443
-0.146535
-0.149081
-0.150978
-0.15233
-0.153047
-0.153434
-0.153055
-0.153657
-0.154802
-0.157196
-0.161018
-0.165302
-0.170657
-0.175494
-0.180637
-0.184348
-0.187459
-0.188714
-0.188752
-0.186927
-0.183692
-0.178618
-0.172077
-0.163905
-0.154326
-0.144293
-0.133672
-0.124257
-0.116082
-0.111907
0.114761
0.118783
0.126596
0.136167
0.146915
0.157845
0.16768
0.177095
0.183794
0.190142
0.193461
0.196509
0.19655
0.196418
0.193393
0.190633
0.185593
0.18151
0.176353
0.172722
0.169301
0.167625
0.167187
0.167451
0.168782
0.169312
0.169572
0.169079
0.16815
0.16636
0.164198
0.161085
0.15768
0.153255
0.148627
0.142931
0.137134
0.130241
0.123355
0.115367
0.107497
0.0985427
0.0898208
0.0800512
0.0706289
0.0602163
0.0502643
0.039397
0.0290997
0.0179776
0.00752832
-0.00364347
-0.014047
-0.0250636
-0.0352273
-0.0458902
-0.0556288
-0.0657512
-0.0748923
-0.0843034
-0.0926929
-0.101241
-0.108745
-0.116301
-0.122807
-0.129264
-0.134686
-0.139961
-0.144236
-0.148273
-0.151364
-0.154135
-0.156031
-0.157533
-0.15825
-0.15871
-0.15833
-0.158911
-0.160034
-0.162289
-0.166058
-0.170018
-0.175298
-0.179569
-0.184631
-0.18753
-0.190568
-0.190834
-0.190818
-0.187918
-0.18465
-0.178505
-0.171956
-0.162836
-0.153276
-0.142608
-0.132018
-0.122415
-0.114253
-0.110103
0.113129
0.11714
0.124313
0.13389
0.144572
0.155713
0.165887
0.175703
0.183121
0.189951
0.194074
0.197619
0.198504
0.198849
0.196722
0.19438
0.190189
0.186434
0.181917
0.178515
0.175459
0.173911
0.173461
0.173763
0.174875
0.175393
0.175534
0.174999
0.17395
0.172088
0.16976
0.166547
0.16293
0.158375
0.153495
0.147643
0.141553
0.134481
0.127267
0.119078
0.110852
0.101678
0.0925756
0.0825728
0.0727513
0.0620946
0.0517312
0.0406126
0.0298974
0.0185204
0.00765219
-0.00377441
-0.0145927
-0.0258605
-0.0364304
-0.0473375
-0.0574688
-0.0678253
-0.0773414
-0.0869732
-0.0957159
-0.104469
-0.112299
-0.12004
-0.126844
-0.133464
-0.139148
-0.144563
-0.149062
-0.153214
-0.156487
-0.159344
-0.161378
-0.162939
-0.163792
-0.164279
-0.164126
-0.164693
-0.165854
-0.168011
-0.171469
-0.175234
-0.179944
-0.183923
-0.188212
-0.190732
-0.192942
-0.192769
-0.191975
-0.188614
-0.18461
-0.178018
-0.17081
-0.161319
-0.151442
-0.140577
-0.130054
-0.120443
-0.11303
-0.108894
0.110706
0.114712
0.12128
0.130821
0.141962
0.153042
0.16402
0.173794
0.182421
0.189244
0.194782
0.198353
0.200679
0.20108
0.200348
0.198088
0.195161
0.191499
0.18796
0.184639
0.182172
0.180672
0.180247
0.180557
0.18145
0.181969
0.181957
0.181422
0.180176
0.178315
0.175706
0.172494
0.168517
0.163965
0.158648
0.1528
0.146204
0.139136
0.131354
0.123171
0.114324
0.105156
0.0953896
0.0853928
0.0748751
0.0642248
0.0531429
0.042031
0.0305855
0.0192152
0.00761462
-0.00380516
-0.0153486
-0.0266097
-0.0378888
-0.0487894
-0.0596061
-0.0699563
-0.0801258
-0.0897519
-0.0991088
-0.107856
-0.116254
-0.123991
-0.131307
-0.137924
-0.14406
-0.149472
-0.154355
-0.158505
-0.162089
-0.164945
-0.167212
-0.168772
-0.169813
-0.1703
-0.170391
-0.17095
-0.172139
-0.174249
-0.177214
-0.180904
-0.18475
-0.18864
-0.191789
-0.194229
-0.195165
-0.194937
-0.192815
-0.189426
-0.184117
-0.177528
-0.169212
-0.159754
-0.149141
-0.138327
-0.127399
-0.117821
-0.111055
-0.106924
0.105953
0.10995
0.11739
0.126933
0.139032
0.150086
0.162705
0.172435
0.182612
0.189454
0.196506
0.20013
0.203942
0.20442
0.204953
0.202796
0.200718
0.19716
0.194089
0.190849
0.18863
0.187179
0.187184
0.187502
0.188796
0.189314
0.189289
0.188754
0.187307
0.185447
0.182537
0.179327
0.174952
0.170402
0.164596
0.158751
0.151582
0.144518
0.136088
0.127909
0.118349
0.109186
0.0986545
0.0886628
0.0773388
0.0666939
0.0547775
0.0436713
0.0313758
0.0200114
0.00755795
-0.00385592
-0.0162434
-0.0274987
-0.0396019
-0.0504969
-0.0621074
-0.0724523
-0.0833761
-0.0929972
-0.10306
-0.111803
-0.120849
-0.128581
-0.136481
-0.143094
-0.14974
-0.155149
-0.160461
-0.164608
-0.168533
-0.171388
-0.173903
-0.175462
-0.176575
-0.177062
-0.176837
-0.177387
-0.178228
-0.180294
-0.183081
-0.186694
-0.190159
-0.193951
-0.196362
-0.198702
-0.198498
-0.198194
-0.1947
-0.191256
-0.184534
-0.17792
-0.168165
-0.158742
-0.146627
-0.135835
-0.124026
-0.114451
-0.106717
-0.102594
0.101999
0.105907
0.11332
0.122997
0.135016
0.146822
0.159363
0.170334
0.180509
0.188819
0.195894
0.201107
0.204974
0.207068
0.207705
0.207041
0.205091
0.202742
0.199779
0.197357
0.195216
0.194182
0.194237
0.194666
0.195942
0.196376
0.196351
0.195623
0.194178
0.192034
0.189126
0.185546
0.181174
0.176171
0.170369
0.163995
0.156831
0.14917
0.140746
0.131911
0.122358
0.11249
0.101965
0.0912302
0.0799141
0.0684988
0.0565908
0.044698
0.0324111
0.0202546
0.00780984
-0.0043917
-0.0167706
-0.0288
-0.0408948
-0.0525419
-0.0641444
-0.0752117
-0.0861278
-0.0964343
-0.10649
-0.115873
-0.124913
-0.133235
-0.141129
-0.148271
-0.154913
-0.160785
-0.166093
-0.17063
-0.174552
-0.177716
-0.18023
-0.182012
-0.183125
-0.183731
-0.183519
-0.184008
-0.184804
-0.186531
-0.189248
-0.192153
-0.195518
-0.198229
-0.200519
-0.2015
-0.201194
-0.199397
-0.195847
-0.190924
-0.184174
-0.176192
-0.166431
-0.155852
-0.143802
-0.132312
-0.120572
-0.11089
-0.10318
-0.0991565
0.0977293
0.10154
0.108931
0.118746
0.13068
0.143296
0.155754
0.168064
0.178192
0.188128
0.195198
0.202162
0.206064
0.209926
0.210634
0.211611
0.209756
0.208743
0.205877
0.204369
0.202301
0.201743
0.201829
0.202384
0.203659
0.204003
0.203978
0.203041
0.201596
0.199147
0.196241
0.19226
0.187892
0.1824
0.176602
0.169657
0.162499
0.154193
0.145776
0.136232
0.126686
0.116057
0.10554
0.0940026
0.082695
0.0704478
0.0585488
0.0458067
0.033529
0.0205173
0.00808185
-0.00497026
-0.0173398
-0.0302052
-0.0422909
-0.0547503
-0.0663439
-0.0781914
-0.0890993
-0.100146
-0.110193
-0.120269
-0.129302
-0.13826
-0.146148
-0.153862
-0.160499
-0.166871
-0.172175
-0.177132
-0.181052
-0.184549
-0.187061
-0.189085
-0.190197
-0.190932
-0.19072
-0.191139
-0.191905
-0.193248
-0.195895
-0.198008
-0.20128
-0.202799
-0.204996
-0.204482
-0.204105
-0.200675
-0.197085
-0.190532
-0.18378
-0.174283
-0.164559
-0.152731
-0.140751
-0.128507
-0.116841
-0.107049
-0.0993599
-0.0954446
0.0942979
0.0980854
0.104586
0.114337
0.125936
0.138577
0.151255
0.16375
0.174931
0.18515
0.193607
0.200913
0.206368
0.21061
0.213043
0.214407
0.214318
0.213658
0.212286
0.211053
0.209935
0.209535
0.209706
0.210299
0.211159
0.211485
0.211208
0.210232
0.208539
0.206032
0.202813
0.198758
0.194013
0.188431
0.1822
0.17515
0.167508
0.159083
0.150138
0.140464
0.130354
0.119585
0.108476
0.096792
0.0848711
0.0724726
0.0599481
0.0470516
0.0341439
0.0209768
0.0079131
-0.00529342
-0.0182831
-0.0313002
-0.0439927
-0.0565996
-0.068782
-0.0807712
-0.0922449
-0.103426
-0.114012
-0.124213
-0.133752
-0.142825
-0.15118
-0.159
-0.166058
-0.172523
-0.178199
-0.183233
-0.187469
-0.191028
-0.193792
-0.195861
-0.197226
-0.197985
-0.19818
-0.198574
-0.199298
-0.200505
-0.202313
-0.204182
-0.206104
-0.207301
-0.207873
-0.207001
-0.205018
-0.201231
-0.196195
-0.189316
-0.181275
-0.171508
-0.160793
-0.148786
-0.136564
-0.124286
-0.112922
-0.103184
-0.0965594
-0.0926685
0.0870638
0.0908402
0.0975505
0.107248
0.119967
0.132474
0.147
0.159391
0.17241
0.18258
0.193024
0.200331
0.207893
0.212181
0.216647
0.218096
0.219723
0.219166
0.219048
0.217905
0.217556
0.217212
0.217875
0.218478
0.219584
0.219909
0.219498
0.218523
0.21652
0.214015
0.210381
0.20633
0.20107
0.195493
0.188656
0.181612
0.17328
0.164863
0.155156
0.145491
0.134557
0.123798
0.111817
0.100144
0.0873161
0.0749284
0.0614746
0.0485895
0.0347427
0.0215872
0.00758692
-0.00560799
-0.0195214
-0.0325271
-0.0461206
-0.0587164
-0.0717685
-0.0837472
-0.0960517
-0.107223
-0.118593
-0.128786
-0.139055
-0.148121
-0.157144
-0.164957
-0.172614
-0.179072
-0.185267
-0.190297
-0.194962
-0.198518
-0.201616
-0.203683
-0.205213
-0.205971
-0.205968
-0.206352
-0.206665
-0.207818
-0.208981
-0.210761
-0.211588
-0.212684
-0.211715
-0.210756
-0.206903
-0.203063
-0.196047
-0.189158
-0.179233
-0.1695
-0.157052
-0.145129
-0.13117
-0.119012
-0.106578
-0.096894
-0.08993
-0.0860497
0.0804446
0.0840099
0.0906977
0.100312
0.112896
0.12604
0.140514
0.154122
0.16719
0.178988
0.189501
0.19871
0.206392
0.21275
0.217403
0.220931
0.222764
0.224044
0.224096
0.224297
0.224067
0.22443
0.225161
0.225914
0.22699
0.227158
0.226741
0.225489
0.223471
0.220613
0.216959
0.212481
0.207197
0.201128
0.194262
0.186667
0.178303
0.169282
0.15954
0.149228
0.138257
0.126816
0.114796
0.102414
0.0895459
0.0764329
0.0629379
0.0493188
0.0354305
0.0215403
0.00749875
-0.00642446
-0.0203784
-0.0340996
-0.0477325
-0.0610252
-0.0741156
-0.0867673
-0.0991084
-0.110924
-0.122329
-0.133132
-0.143433
-0.153069
-0.162123
-0.170459
-0.178143
-0.185072
-0.191291
-0.196731
-0.201416
-0.205312
-0.208426
-0.210758
-0.212294
-0.213204
-0.213224
-0.213483
-0.213733
-0.214265
-0.21532
-0.215894
-0.216563
-0.215979
-0.214816
-0.211922
-0.207886
-0.202093
-0.194953
-0.186253
-0.176251
-0.164954
-0.152446
-0.139334
-0.125409
-0.112606
-0.10029
-0.0906852
-0.0837405
-0.0800782
0.0738932
0.0772999
0.0837012
0.0931826
0.105368
0.118888
0.133155
0.147679
0.160988
0.174058
0.185041
0.195748
0.204055
0.212055
0.217492
0.222681
0.225393
0.228156
0.22901
0.230318
0.230631
0.231589
0.232422
0.233306
0.234177
0.234222
0.233685
0.23222
0.230088
0.226956
0.223175
0.218369
0.212947
0.206498
0.199485
0.191463
0.182945
0.173458
0.163556
0.152744
0.141609
0.129642
0.117455
0.104527
0.0914905
0.0778186
0.0641547
0.04997
0.0359136
0.0214573
0.00724884
-0.00723544
-0.0213543
-0.0356266
-0.0494221
-0.0632517
-0.0765016
-0.089672
-0.102169
-0.114481
-0.126037
-0.13731
-0.147758
-0.157833
-0.167026
-0.175766
-0.183582
-0.190874
-0.197213
-0.202969
-0.207763
-0.211922
-0.21513
-0.217667
-0.219302
-0.22033
-0.220529
-0.220679
-0.220833
-0.220839
-0.22139
-0.220969
-0.220887
-0.218944
-0.216946
-0.212503
-0.207712
-0.200366
-0.192621
-0.182491
-0.172027
-0.159506
-0.146737
-0.132722
-0.118944
-0.105746
-0.0937829
-0.0842955
-0.0777207
-0.074222
0.065094
0.0684873
0.0741417
0.0834992
0.0961581
0.109452
0.124919
0.139229
0.154192
0.1671
0.180168
0.190772
0.201491
0.209447
0.217487
0.222688
0.227943
0.230758
0.233745
0.235117
0.236832
0.237834
0.239176
0.240067
0.240859
0.240904
0.240071
0.238607
0.236098
0.23297
0.228747
0.223945
0.218024
0.211582
0.204019
0.196006
0.186895
0.177419
0.166888
0.156089
0.144297
0.132343
0.119478
0.106565
0.0928366
0.0791799
0.064817
0.0506481
0.0358915
0.0214513
0.00654716
-0.00792103
-0.0227262
-0.0369826
-0.0514506
-0.0652648
-0.0791696
-0.0923253
-0.105456
-0.117754
-0.129918
-0.141179
-0.152205
-0.162269
-0.172005
-0.180736
-0.189054
-0.196337
-0.203131
-0.20888
-0.21407
-0.218226
-0.221764
-0.224298
-0.226181
-0.227207
-0.227448
-0.227588
-0.227272
-0.227231
-0.226514
-0.226024
-0.223987
-0.221983
-0.217612
-0.213145
-0.205879
-0.198561
-0.188488
-0.17844
-0.165944
-0.153561
-0.139148
-0.125322
-0.110303
-0.0973089
-0.084818
-0.0754454
-0.0695739
-0.066088
0.0554166
0.0584682
0.0641547
0.0731308
0.085576
0.0991044
0.114604
0.129751
0.144858
0.159133
0.172394
0.184781
0.195782
0.205845
0.214264
0.221736
0.227388
0.232345
0.235659
0.23868
0.240613
0.242494
0.243939
0.244978
0.245725
0.245555
0.244692
0.24293
0.240369
0.236917
0.232632
0.227488
0.221497
0.214699
0.207058
0.198681
0.189486
0.17964
0.16902
0.157848
0.145963
0.133636
0.120675
0.107389
0.0935624
0.0795348
0.0650726
0.050535
0.0356791
0.0208728
0.00587022
-0.00896099
-0.023863
-0.0384791
-0.0530418
-0.0672117
-0.0812084
-0.0947151
-0.107934
-0.120577
-0.132827
-0.144425
-0.155532
-0.165924
-0.175736
-0.184782
-0.19317
-0.200751
-0.207608
-0.213633
-0.218879
-0.223283
-0.226868
-0.229618
-0.231524
-0.232683
-0.232951
-0.232901
-0.232482
-0.231599
-0.230681
-0.228638
-0.226294
-0.222254
-0.217502
-0.210842
-0.203201
-0.193816
-0.183453
-0.171626
-0.158922
-0.145133
-0.130558
-0.115803
-0.100719
-0.0873821
-0.0750631
-0.0660284
-0.0601182
-0.0569768
0.0462864
0.049155
0.0543063
0.0629745
0.0746679
0.0881296
0.102873
0.118338
0.133585
0.148501
0.162476
0.17576
0.187833
0.199001
0.208794
0.21749
0.224736
0.23087
0.235718
0.239667
0.242682
0.245066
0.246793
0.247924
0.248397
0.248109
0.247025
0.2451
0.242344
0.238717
0.234258
0.22893
0.222788
0.215798
0.208032
0.19946
0.190164
0.180121
0.169424
0.158055
0.146115
0.133591
0.120594
0.107112
0.0932634
0.0790408
0.0645673
0.0498364
0.0349747
0.0199766
0.00496915
-0.0100522
-0.024962
-0.0397665
-0.0543433
-0.0686997
-0.0827192
-0.0964102
-0.109663
-0.122487
-0.134782
-0.146558
-0.157721
-0.168286
-0.178167
-0.187379
-0.195846
-0.203587
-0.210533
-0.216706
-0.222051
-0.226589
-0.23028
-0.233146
-0.235181
-0.236412
-0.236872
-0.236704
-0.235965
-0.234592
-0.232599
-0.229673
-0.225821
-0.220652
-0.214317
-0.206464
-0.197442
-0.186961
-0.175506
-0.162771
-0.149298
-0.134834
-0.119997
-0.10486
-0.0903663
-0.0770228
-0.0653661
-0.0566048
-0.0513307
-0.0483733
0.0332757
0.035915
0.0403968
0.0486154
0.0603397
0.073482
0.0891639
0.104534
0.120778
0.135888
0.151067
0.164817
0.178422
0.190296
0.201914
0.211497
0.220596
0.227656
0.234058
0.238767
0.242799
0.245592
0.247672
0.24885
0.249182
0.248787
0.247492
0.245455
0.242474
0.238762
0.234081
0.228696
0.222341
0.215325
0.207358
0.19879
0.189306
0.179296
0.168426
0.157115
0.145014
0.13257
0.119423
0.106039
0.0920493
0.0779367
0.063328
0.0487142
0.0337208
0.0188423
0.00370479
-0.011199
-0.0262394
-0.0409321
-0.0556411
-0.0698948
-0.0840491
-0.0976489
-0.11104
-0.123787
-0.136223
-0.147936
-0.159246
-0.169764
-0.179794
-0.188977
-0.197595
-0.205323
-0.21242
-0.218598
-0.22409
-0.228649
-0.232479
-0.235383
-0.237527
-0.238785
-0.239261
-0.238982
-0.237841
-0.236025
-0.233055
-0.229351
-0.224006
-0.217887
-0.209741
-0.200961
-0.19011
-0.178864
-0.165828
-0.152551
-0.137798
-0.123039
-0.1071
-0.0919382
-0.0763599
-0.0632326
-0.0513925
-0.0430419
-0.0383704
-0.0356436
0.0210738
0.0232861
0.0277057
0.0351716
0.0460773
0.0588079
0.0735956
0.089128
0.104949
0.120784
0.135896
0.150875
0.164663
0.178207
0.190226
0.201778
0.211467
0.220497
0.227546
0.233833
0.238349
0.241984
0.244222
0.245512
0.245732
0.245116
0.243742
0.241471
0.238438
0.234543
0.229854
0.224345
0.218027
0.210948
0.203062
0.19449
0.185131
0.175175
0.164467
0.153261
0.141356
0.129062
0.116137
0.102937
0.0891902
0.0752859
0.0609334
0.0465422
0.0318113
0.01716
0.00228447
-0.0123964
-0.0271811
-0.0416626
-0.0561275
-0.070188
-0.0841141
-0.0975436
-0.110725
-0.123329
-0.135578
-0.147177
-0.158323
-0.16876
-0.178652
-0.187786
-0.196294
-0.204007
-0.211023
-0.217221
-0.222662
-0.227273
-0.231084
-0.234069
-0.236216
-0.237534
-0.23805
-0.237522
-0.236159
-0.233425
-0.229907
-0.224593
-0.218538
-0.210418
-0.201608
-0.190802
-0.17947
-0.166461
-0.153158
-0.13852
-0.123732
-0.108068
-0.0924229
-0.0768741
-0.0620718
-0.0491561
-0.0380798
-0.0304035
-0.0258284
-0.0235306
0.00639309
0.0083726
0.0114472
0.0183613
0.0286524
0.0407911
0.0555664
0.0705973
0.0867438
0.102292
0.118172
0.133099
0.148177
0.1619
0.175713
0.187647
0.199387
0.208913
0.217838
0.224577
0.230367
0.234245
0.236797
0.238098
0.237998
0.237311
0.235685
0.233374
0.230194
0.226315
0.221579
0.216143
0.209881
0.202933
0.195205
0.186821
0.177717
0.167999
0.157635
0.146712
0.135227
0.123252
0.11081
0.0979583
0.084739
0.0712044
0.0574079
0.0433982
0.0292359
0.0149695
0.000660592
-0.0136397
-0.027873
-0.0419853
-0.0559248
-0.0696333
-0.0830691
-0.096169
-0.108903
-0.121203
-0.133053
-0.144379
-0.15518
-0.165376
-0.17498
-0.18391
-0.192192
-0.199739
-0.206593
-0.212665
-0.218009
-0.222537
-0.226317
-0.229262
-0.231451
-0.232751
-0.233348
-0.232724
-0.230869
-0.22781
-0.222918
-0.217067
-0.209046
-0.200333
-0.189355
-0.178057
-0.164769
-0.151463
-0.136668
-0.121958
-0.106158
-0.0906477
-0.0743852
-0.0592078
-0.0440961
-0.0316776
-0.020989
-0.0138347
-0.0106139
-0.00855285
-0.00815259
-0.00669204
-0.003533
0.00232757
0.0114627
0.0226368
0.0359734
0.0504336
0.0656501
0.0811318
0.0965317
0.111917
0.126829
0.141519
0.155417
0.16872
0.180786
0.191817
0.201209
0.209209
0.215384
0.219925
0.222699
0.224055
0.22399
0.223124
0.221488
0.219073
0.215933
0.212086
0.207491
0.202229
0.19621
0.189578
0.182193
0.174258
0.16559
0.156447
0.146602
0.136364
0.12547
0.114273
0.10248
0.0904781
0.0779524
0.0653174
0.0522436
0.0391623
0.0257367
0.0124066
-0.00116601
-0.0145412
-0.0280518
-0.041267
-0.0545094
-0.0673635
-0.0801378
-0.0924379
-0.104554
-0.11612
-0.127404
-0.138069
-0.148361
-0.157977
-0.167136
-0.175573
-0.183478
-0.190626
-0.197176
-0.202946
-0.208063
-0.212391
-0.216023
-0.218872
-0.220956
-0.222213
-0.222676
-0.221773
-0.219566
-0.215641
-0.210191
-0.202889
-0.194219
-0.183801
-0.172309
-0.159419
-0.145862
-0.131342
-0.116534
-0.10109
-0.0855824
-0.0698341
-0.0543128
-0.0393969
-0.0256018
-0.0139157
-0.0043507
0.00182424
0.00514056
0.0066747
-0.0248506
-0.0238571
-0.0223271
-0.0175403
-0.00928886
0.000695245
0.0135485
0.0269135
0.0416999
0.0563839
0.0716036
0.0865554
0.101712
0.116357
0.131002
0.144627
0.157778
0.169372
0.17985
0.18841
0.195332
0.200174
0.202968
0.204325
0.203875
0.202957
0.201188
0.198846
0.195764
0.192153
0.187767
0.182906
0.177247
0.171177
0.164299
0.157082
0.149057
0.140773
0.131695
0.122441
0.112419
0.102311
0.0914739
0.0806429
0.0691364
0.0577312
0.0457165
0.0338997
0.0215513
0.00949713
-0.00300095
-0.0151109
-0.0275685
-0.0395493
-0.0517764
-0.0634449
-0.0752558
-0.0864349
-0.0976521
-0.108175
-0.118634
-0.128346
-0.137896
-0.14666
-0.155168
-0.162863
-0.170216
-0.176739
-0.182842
-0.188114
-0.192894
-0.196856
-0.200265
-0.202883
-0.204899
-0.20603
-0.206637
-0.205538
-0.203083
-0.198636
-0.192242
-0.184129
-0.174158
-0.162901
-0.150078
-0.136576
-0.122
-0.107236
-0.0918936
-0.0766008
-0.0609769
-0.0457568
-0.030358
-0.0163066
-0.00269072
0.007951
0.0168215
0.0219527
0.0235632
0.0246146
-0.041649
-0.040996
-0.0406114
-0.0366826
-0.0301627
-0.021281
-0.0103965
0.00192868
0.0150548
0.0289125
0.0429575
0.0573604
0.0718557
0.0862499
0.100749
0.114402
0.12787
0.139681
0.150728
0.159537
0.16694
0.171906
0.174907
0.176255
0.175823
0.174865
0.173219
0.170933
0.168223
0.164792
0.161059
0.156505
0.151778
0.146141
0.140464
0.133796
0.127225
0.119598
0.112198
0.103698
0.0955497
0.0862742
0.0774711
0.067536
0.0581847
0.0477205
0.0379427
0.0270935
0.0170238
0.00594601
-0.00427053
-0.015412
-0.0256217
-0.0366576
-0.0467039
-0.0574648
-0.0671918
-0.0775126
-0.0867693
-0.0964934
-0.105138
-0.114121
-0.122023
-0.130135
-0.13718
-0.144306
-0.150397
-0.156443
-0.161499
-0.16639
-0.170352
-0.174033
-0.176862
-0.179303
-0.18096
-0.181995
-0.182336
-0.181088
-0.178106
-0.173348
-0.16606
-0.157489
-0.146487
-0.134793
-0.12117
-0.107416
-0.0925121
-0.0777794
-0.0626526
-0.0476998
-0.0328357
-0.0182482
-0.00415036
0.00902
0.0209108
0.030538
0.0377724
0.0420537
0.0424718
0.0431709
-0.0589944
-0.0591404
-0.0588356
-0.0567353
-0.051495
-0.0447881
-0.0353758
-0.0252369
-0.0134472
-0.00146959
0.0114233
0.0244075
0.0379379
0.0514612
0.0652025
0.0785502
0.0915035
0.103453
0.114211
0.123332
0.130595
0.135749
0.138682
0.140034
0.139581
0.138737
0.137223
0.135362
0.132899
0.130246
0.126899
0.123474
0.11927
0.115105
0.110081
0.105211
0.0994148
0.0938826
0.0873688
0.0812252
0.0740588
0.0673633
0.0596211
0.0524443
0.0442154
0.03664
0.0280272
0.0201487
0.0112675
0.00319339
-0.00582993
-0.013982
-0.0230121
-0.0311174
-0.0400149
-0.0479452
-0.0565699
-0.0641973
-0.0724123
-0.0796135
-0.0872899
-0.0939497
-0.100969
-0.106983
-0.11324
-0.11852
-0.123926
-0.128396
-0.132879
-0.136483
-0.139991
-0.142691
-0.145189
-0.146965
-0.148396
-0.149049
-0.149321
-0.147739
-0.144678
-0.139304
-0.131951
-0.122552
-0.111606
-0.0992118
-0.0858694
-0.0718621
-0.0575054
-0.0431256
-0.0287914
-0.0147992
-0.000952784
0.0121378
0.0249895
0.0362505
0.0466889
0.0542736
0.060191
0.0626284
0.0629841
0.0628422
-0.0761553
-0.0768745
-0.0784267
-0.0777757
-0.074256
-0.0694532
-0.0619189
-0.053901
-0.0440566
-0.0341343
-0.0230256
-0.0118937
0.000176664
0.012131
0.0248615
0.0369932
0.0494029
0.0605252
0.0710806
0.0797235
0.0869272
0.0918608
0.0945949
0.0959356
0.0953368
0.0947282
0.0934651
0.0921144
0.0902384
0.0883753
0.0859054
0.0835487
0.0805078
0.0776778
0.0740913
0.070809
0.0667041
0.0629914
0.0583981
0.0542799
0.0492332
0.0447396
0.039282
0.0344511
0.0286349
0.0235144
0.0174036
0.0120525
0.00572302
0.00021158
-0.00624943
-0.0118409
-0.0183361
-0.023919
-0.0303449
-0.0358256
-0.042075
-0.047358
-0.0533243
-0.0583159
-0.0638972
-0.0685093
-0.0736112
-0.0777645
-0.0823042
-0.0859307
-0.0898388
-0.0928839
-0.096106
-0.0985301
-0.101028
-0.102807
-0.10456
-0.105683
-0.106686
-0.106949
-0.107174
-0.105408
-0.102268
-0.0968283
-0.0891579
-0.0798731
-0.0686934
-0.056743
-0.0434967
-0.0303554
-0.0165997
-0.00350596
0.00970813
0.0220524
0.0343788
0.045536
0.0566306
0.0658061
0.0744756
0.0801196
0.0843185
0.085231
0.0835622
0.0828041
-0.0920864
-0.0932164
-0.0961471
-0.0966078
-0.0953759
-0.0921707
-0.0874301
-0.0812522
-0.0742775
-0.0662132
-0.0578133
-0.0484422
-0.0388153
-0.0284617
-0.0178161
-0.00705917
0.00373605
0.0137825
0.0232501
0.0311645
0.0377704
0.0423343
0.0449004
0.0462175
0.045857
0.0454743
0.0448389
0.0439307
0.0430792
0.0418728
0.0408219
0.0393325
0.0380942
0.0363339
0.0349146
0.0328922
0.031293
0.0290146
0.0272334
0.0247052
0.0227395
0.0199702
0.0178208
0.0148248
0.0124983
0.00929799
0.00680981
0.00343738
0.000812635
-0.00268939
-0.00541529
-0.00899452
-0.0117764
-0.0153721
-0.0181571
-0.0217024
-0.0244322
-0.027857
-0.0304708
-0.0337055
-0.0361436
-0.0391221
-0.0413291
-0.0439921
-0.0459202
-0.048218
-0.0498292
-0.0517236
-0.0529914
-0.0544565
-0.0553664
-0.0563893
-0.0569385
-0.0575182
-0.0577143
-0.0576475
-0.0574646
-0.0555899
-0.0523303
-0.0470704
-0.0395659
-0.0307786
-0.0201982
-0.00909502
0.00299594
0.0149519
0.0269874
0.0386112
0.0496287
0.0602795
0.0700305
0.0793348
0.0875823
0.0948648
0.100659
0.104615
0.106389
0.106101
0.102935
0.10173
-0.105664
-0.107295
-0.110545
-0.11231
-0.112759
-0.111439
-0.109032
-0.105052
-0.100576
-0.0947666
-0.088823
-0.0816253
-0.0743714
-0.0660258
-0.0576517
-0.0486486
-0.0398996
-0.0312517
-0.0233949
-0.0164403
-0.0108255
-0.00673236
-0.00426475
-0.00294918
-0.00279727
-0.00282228
-0.00280773
-0.00306217
-0.00301188
-0.00328181
-0.00313957
-0.00341642
-0.00318182
-0.00346535
-0.00314794
-0.00344602
-0.00306401
-0.00339085
-0.00296856
-0.00334198
-0.00290668
-0.0033448
-0.00292325
-0.00344123
-0.0030567
-0.00366401
-0.00333369
-0.00403208
-0.00376558
-0.00454801
-0.00434657
-0.00519702
-0.00505351
-0.00594778
-0.00584779
-0.00675505
-0.00667846
-0.00756353
-0.0074868
-0.00831295
-0.008212
-0.00894395
-0.00879686
-0.00940382
-0.00919361
-0.00965169
-0.00936833
-0.00966228
-0.00930373
-0.00942773
-0.00899998
-0.00895724
-0.00847319
-0.00827469
-0.00770392
-0.00715815
-0.00635258
-0.00432798
-0.00100769
0.00399269
0.0107135
0.0187934
0.0279661
0.0379116
0.0481024
0.0584909
0.068321
0.0780469
0.0866795
0.0951888
0.102399
0.109407
0.114999
0.119981
0.123232
0.125164
0.125079
0.123364
0.119856
0.1181
-0.115821
-0.118044
-0.121792
-0.125107
-0.126584
-0.127501
-0.126372
-0.125087
-0.122031
-0.119079
-0.114601
-0.110251
-0.104464
-0.0988434
-0.091882
-0.0853474
-0.0778518
-0.0712355
-0.0643595
-0.0588188
-0.0538255
-0.0503987
-0.0482176
-0.0468679
-0.0466563
-0.046091
-0.0457909
-0.0450508
-0.0445513
-0.0434616
-0.042731
-0.0412964
-0.0403405
-0.0385793
-0.0374153
-0.0353577
-0.0340133
-0.0316992
-0.0302093
-0.0276849
-0.0260884
-0.0234027
-0.0217393
-0.0189414
-0.0172482
-0.0143842
-0.0126933
-0.00980466
-0.00814188
-0.00526395
-0.00364738
-0.000808965
0.000750667
0.00352731
0.00502639
0.00772477
0.00916527
0.0117733
0.0131608
0.0156688
0.0170101
0.0194088
0.0207092
0.022987
0.0242481
0.0263898
0.0276075
0.0295932
0.030757
0.0325619
0.0336555
0.0352516
0.0362538
0.0376124
0.0385273
0.0398032
0.0407052
0.0429057
0.0459884
0.0504979
0.0566568
0.0635077
0.0717437
0.0797998
0.0887472
0.0967312
0.105116
0.112093
0.119189
0.124747
0.13039
0.134369
0.138417
0.140481
0.142318
0.141783
0.140536
0.137084
0.133017
0.130589
-0.122876
-0.125302
-0.130445
-0.134376
-0.13742
-0.139326
-0.14028
-0.140269
-0.139588
-0.138054
-0.136052
-0.133187
-0.129869
-0.125757
-0.12115
-0.116078
-0.110665
-0.105337
-0.100086
-0.0954989
-0.0915049
-0.0885651
-0.0867002
-0.085368
-0.0848685
-0.0840432
-0.08306
-0.0819018
-0.0803942
-0.0787509
-0.0767233
-0.0746062
-0.0720789
-0.0695141
-0.0665221
-0.0635483
-0.0601387
-0.0568049
-0.053034
-0.049396
-0.0453253
-0.0414424
-0.0371361
-0.0330682
-0.0285897
-0.0243951
-0.0198057
-0.0155388
-0.0108954
-0.00660616
-0.00196089
0.00230643
0.0069069
0.0111133
0.0156277
0.019739
0.0241308
0.0281167
0.0323523
0.0361847
0.0402325
0.0438833
0.0477114
0.0511511
0.0547254
0.0579216
0.0612053
0.0641224
0.0670757
0.0696752
0.072257
0.0744999
0.07667
0.0785191
0.0802415
0.0818297
0.0831092
0.0853244
0.0881792
0.0922094
0.0974617
0.103336
0.110003
0.116712
0.12357
0.129998
0.135953
0.141301
0.145791
0.149722
0.152705
0.155108
0.156562
0.157186
0.15671
0.155037
0.152015
0.147837
0.14216
0.139487
-0.12908
-0.13176
-0.136091
-0.140749
-0.144694
-0.147774
-0.15016
-0.151638
-0.152614
-0.152726
-0.152465
-0.151315
-0.149808
-0.147421
-0.144704
-0.14128
-0.137726
-0.133829
-0.130155
-0.126615
-0.123638
-0.121217
-0.119448
-0.118115
-0.117108
-0.11594
-0.114425
-0.112716
-0.110548
-0.108176
-0.105321
-0.102305
-0.0987925
-0.0951695
-0.0910454
-0.0868651
-0.0821873
-0.0775108
-0.0723462
-0.0672419
-0.0616639
-0.0562045
-0.0502891
-0.0445492
-0.0383734
-0.0324268
-0.0260665
-0.0199851
-0.0135139
-0.0073665
-0.000854642
0.00529383
0.0117793
0.0178679
0.0242638
0.0302352
0.0364814
0.0422813
0.0483195
0.0538951
0.0596683
0.0649674
0.0704178
0.0753871
0.0804558
0.0850403
0.0896672
0.0938106
0.097935
0.101581
0.105144
0.108238
0.111187
0.113682
0.116025
0.118025
0.119888
0.122152
0.124938
0.128471
0.132659
0.137475
0.142466
0.147691
0.15255
0.157238
0.161138
0.164636
0.167136
0.1692
0.170243
0.170825
0.170398
0.169347
0.167204
0.164183
0.160082
0.155048
0.150256
0.147279
-0.13141
-0.134304
-0.140131
-0.145442
-0.150079
-0.154252
-0.157513
-0.160446
-0.162473
-0.164251
-0.165152
-0.165787
-0.165492
-0.164946
-0.163406
-0.161788
-0.15927
-0.156976
-0.154108
-0.151751
-0.149283
-0.147446
-0.145988
-0.144656
-0.143683
-0.142132
-0.140368
-0.138061
-0.135483
-0.132338
-0.128963
-0.12501
-0.120876
-0.116162
-0.111322
-0.105907
-0.100427
-0.0943846
-0.0883389
-0.0817488
-0.0752184
-0.0681653
-0.0612349
-0.053806
-0.046561
-0.0388438
-0.0313699
-0.0234512
-0.0158322
-0.00779722
-0.000114899
0.00795304
0.0156192
0.023639
0.0312124
0.0391047
0.046511
0.0541977
0.0613638
0.0687669
0.0756203
0.0826613
0.0891289
0.0957279
0.101736
0.107812
0.113284
0.118756
0.12362
0.12841
0.132594
0.136629
0.140071
0.143291
0.145938
0.148405
0.150247
0.152545
0.155015
0.157947
0.161614
0.165175
0.169317
0.172819
0.176567
0.179288
0.181908
0.183375
0.184537
0.184605
0.18435
0.183037
0.181422
0.178681
0.175535
0.171204
0.166284
0.160425
0.153882
0.150621
-0.13395
-0.136922
-0.142162
-0.147741
-0.153078
-0.157749
-0.162161
-0.165766
-0.169205
-0.17176
-0.174217
-0.175697
-0.177071
-0.177417
-0.17764
-0.176915
-0.176139
-0.174651
-0.173268
-0.171522
-0.170016
-0.168497
-0.167212
-0.165897
-0.16454
-0.162839
-0.160587
-0.158046
-0.15485
-0.151402
-0.147266
-0.142945
-0.137916
-0.132772
-0.126912
-0.121013
-0.114397
-0.107819
-0.10053
-0.0933574
-0.0854875
-0.0778094
-0.0694519
-0.0613605
-0.0526114
-0.0441996
-0.0351555
-0.0265159
-0.0172728
-0.00849726
0.00084935
0.00967055
0.0190258
0.0278036
0.0370737
0.04572
0.0548111
0.0632384
0.072056
0.0801765
0.088625
0.0963499
0.104332
0.11157
0.118987
0.125648
0.1324
0.138394
0.144384
0.149623
0.154763
0.159167
0.163377
0.166881
0.170124
0.172774
0.175077
0.177368
0.179673
0.182265
0.18489
0.187785
0.190305
0.19292
0.194748
0.196479
0.197134
0.197599
0.196877
0.195983
0.193938
0.191727
0.188447
0.184912
0.180361
0.175424
0.169599
0.163398
0.157444
0.154077
-0.133716
-0.136773
-0.142953
-0.148861
-0.154548
-0.159877
-0.164777
-0.169328
-0.173367
-0.177061
-0.180196
-0.182945
-0.185053
-0.186759
-0.187735
-0.18839
-0.188316
-0.188091
-0.187279
-0.18649
-0.185356
-0.184321
-0.183219
-0.181923
-0.180546
-0.178575
-0.176177
-0.173224
-0.169801
-0.165833
-0.161416
-0.156471
-0.15111
-0.145249
-0.139009
-0.132305
-0.125266
-0.117801
-0.110051
-0.101919
-0.093552
-0.0848488
-0.0759624
-0.0667871
-0.0574812
-0.047934
-0.0383094
-0.0284906
-0.0186479
-0.00865757
0.00130302
0.0113652
0.0213433
0.0313778
0.0412733
0.0511798
0.0608921
0.070569
0.0799961
0.0893396
0.0983776
0.107281
0.115824
0.124178
0.132117
0.139811
0.147039
0.153963
0.160375
0.166424
0.171921
0.177002
0.181498
0.185532
0.188961
0.191956
0.194291
0.196587
0.198695
0.200767
0.202989
0.204833
0.206723
0.207934
0.20898
0.209154
0.208959
0.207867
0.206301
0.203922
0.201087
0.197509
0.193518
0.188808
0.183665
0.177862
0.171591
0.164896
0.15781
0.154289
-0.134678
-0.137772
-0.142541
-0.148609
-0.154517
-0.160184
-0.165569
-0.170608
-0.175312
-0.179595
-0.183508
-0.186921
-0.189913
-0.192341
-0.194311
-0.195705
-0.19667
-0.197124
-0.197241
-0.196969
-0.196462
-0.195696
-0.194705
-0.193428
-0.191813
-0.189714
-0.187072
-0.183923
-0.180214
-0.175997
-0.171235
-0.165994
-0.160235
-0.154032
-0.147343
-0.140255
-0.132721
-0.124835
-0.116546
-0.107958
-0.0990131
-0.0898222
-0.080323
-0.070632
-0.0606817
-0.0505942
-0.040297
-0.029917
-0.0193771
-0.00880855
0.00186974
0.0125228
0.0232345
0.0338674
0.044507
0.0550136
0.0654732
0.0757454
0.0859143
0.0958404
0.105605
0.11507
0.124311
0.133197
0.141796
0.149982
0.157817
0.165185
0.172139
0.178575
0.18454
0.189943
0.194824
0.199109
0.202857
0.206016
0.208648
0.210936
0.212933
0.214709
0.216223
0.217487
0.218317
0.21876
0.218603
0.217932
0.216566
0.214634
0.212
0.208833
0.205024
0.20073
0.195869
0.190545
0.184721
0.17847
0.171831
0.164897
0.15939
0.1558
-0.132198
-0.135274
-0.141483
-0.147568
-0.153771
-0.159581
-0.165441
-0.170745
-0.176053
-0.180694
-0.185312
-0.189158
-0.192937
-0.195859
-0.19866
-0.200591
-0.202355
-0.203328
-0.20411
-0.204252
-0.204178
-0.203635
-0.202832
-0.201579
-0.19992
-0.197742
-0.194927
-0.191662
-0.187702
-0.183344
-0.178276
-0.17287
-0.166752
-0.160363
-0.153269
-0.145976
-0.137994
-0.129885
-0.121111
-0.112285
-0.102821
-0.0933782
-0.0833297
-0.0733746
-0.0628485
-0.0524855
-0.0415893
-0.0309231
-0.0197639
-0.00889898
0.00241574
0.0133746
0.0247365
0.0356836
0.0469826
0.0578102
0.0689331
0.0795304
0.0903596
0.100611
0.111024
0.12081
0.130679
0.139876
0.149069
0.157549
0.165935
0.173573
0.181021
0.187698
0.194089
0.199697
0.204926
0.209376
0.213363
0.21663
0.21933
0.221595
0.223392
0.224911
0.225951
0.22673
0.226818
0.22664
0.225575
0.224248
0.221913
0.219356
0.215782
0.212047
0.20737
0.20258
0.196952
0.191233
0.184777
0.178273
0.171193
0.164159
0.156853
0.153248
-0.130976
-0.134026
-0.139855
-0.146008
-0.152179
-0.158284
-0.164141
-0.169939
-0.17528
-0.18056
-0.185236
-0.189839
-0.193705
-0.197486
-0.20041
-0.203248
-0.205164
-0.206992
-0.207925
-0.20873
-0.20877
-0.208574
-0.207801
-0.206586
-0.204887
-0.202564
-0.199735
-0.196255
-0.19228
-0.18766
-0.182577
-0.176866
-0.170732
-0.163998
-0.156888
-0.149213
-0.141215
-0.132692
-0.123901
-0.114632
-0.105151
-0.095239
-0.0851736
-0.074726
-0.0641825
-0.0533057
-0.0423912
-0.0311914
-0.0200127
-0.0085956
0.0027403
0.0142687
0.0256538
0.0371859
0.0485104
0.0599351
0.0710859
0.0822873
0.0931466
0.104002
0.114447
0.124829
0.134731
0.144503
0.15373
0.162754
0.171172
0.17931
0.186789
0.193911
0.200329
0.206315
0.211569
0.216322
0.220331
0.223797
0.226542
0.22878
0.230534
0.23166
0.232552
0.232565
0.23245
0.231268
0.229992
0.227572
0.225055
0.221433
0.217715
0.213003
0.208213
0.20256
0.196847
0.190416
0.18392
0.176929
0.169851
0.162605
0.155738
0.1521
-0.129217
-0.132261
-0.137661
-0.143782
-0.14996
-0.15602
-0.162078
-0.167835
-0.17353
-0.178779
-0.183931
-0.188514
-0.192968
-0.196741
-0.200352
-0.203195
-0.205843
-0.207685
-0.209281
-0.210104
-0.210601
-0.210419
-0.209794
-0.208582
-0.206818
-0.204498
-0.201548
-0.198072
-0.193959
-0.189345
-0.184106
-0.178402
-0.172098
-0.165372
-0.158078
-0.150412
-0.142219
-0.133706
-0.124711
-0.115452
-0.105759
-0.0958584
-0.0855738
-0.0751383
-0.0643686
-0.0535044
-0.0423557
-0.0311688
-0.0197458
-0.00834183
0.00325106
0.0147662
0.0264232
0.0379419
0.0495549
0.0609663
0.0724221
0.0836105
0.0947893
0.105633
0.116407
0.126777
0.137013
0.146774
0.15633
0.165344
0.174078
0.182207
0.18998
0.197093
0.203774
0.209753
0.215229
0.219977
0.224165
0.227628
0.230466
0.232696
0.234277
0.235374
0.235715
0.235686
0.234757
0.233533
0.231332
0.228879
0.225455
0.221817
0.217277
0.212564
0.207059
0.20142
0.195117
0.188715
0.181804
0.174852
0.167601
0.160387
0.153891
0.15026
-0.12636
-0.129321
-0.135253
-0.141239
-0.147429
-0.153433
-0.159557
-0.165339
-0.171138
-0.176483
-0.181773
-0.186513
-0.191143
-0.195135
-0.198959
-0.202072
-0.204946
-0.207074
-0.208872
-0.209937
-0.210572
-0.210527
-0.209949
-0.208763
-0.206968
-0.204628
-0.201645
-0.198148
-0.193993
-0.189366
-0.184079
-0.178371
-0.172012
-0.16529
-0.157938
-0.150284
-0.142028
-0.133536
-0.124475
-0.115245
-0.105484
-0.0956188
-0.0852644
-0.0748698
-0.0640287
-0.0532084
-0.0419861
-0.0308433
-0.0193439
-0.00798069
0.00369221
0.0151734
0.0269151
0.0384098
0.0501128
0.0615126
0.073064
0.0842544
0.0955343
0.106393
0.117273
0.127671
0.138014
0.147813
0.157477
0.166536
0.175373
0.183552
0.19142
0.198582
0.205348
0.211373
0.216921
0.221709
0.225948
0.229434
0.232307
0.234489
0.236008
0.236911
0.23708
0.236715
0.23553
0.233897
0.2314
0.228538
0.224821
0.220816
0.216016
0.210998
0.205271
0.199394
0.192907
0.18635
0.179298
0.172296
0.164972
0.157815
0.150625
0.147045
-0.1242
-0.127056
-0.132846
-0.138694
-0.144817
-0.150795
-0.156843
-0.162704
-0.16843
-0.17394
-0.17916
-0.184149
-0.188716
-0.193036
-0.196811
-0.200313
-0.203154
-0.205676
-0.207458
-0.208846
-0.209475
-0.209611
-0.209025
-0.207876
-0.206065
-0.203697
-0.200719
-0.197194
-0.193048
-0.188403
-0.183127
-0.177412
-0.171068
-0.164349
-0.157014
-0.149374
-0.141138
-0.13267
-0.123631
-0.114435
-0.104698
-0.0948755
-0.0845473
-0.0742015
-0.0633879
-0.0526201
-0.0414262
-0.0303358
-0.0188653
-0.00755016
0.00409381
0.0155357
0.0272489
0.038717
0.0503923
0.0617814
0.0733063
0.0845036
0.0957583
0.106642
0.117498
0.127936
0.138258
0.14811
0.157754
0.166875
0.175695
0.183939
0.191792
0.19902
0.205773
0.211859
0.217396
0.222237
0.226469
0.229984
0.232873
0.234988
0.236506
0.237157
0.237311
0.236506
0.235313
0.233132
0.230642
0.227213
0.223522
0.218999
0.214243
0.208784
0.203112
0.196883
0.190457
0.183649
0.176667
0.169547
0.162286
0.155165
0.148143
0.144627
-0.122775
-0.125628
-0.130119
-0.135928
-0.141811
-0.147722
-0.153585
-0.159368
-0.164988
-0.170419
-0.175604
-0.180515
-0.185116
-0.189362
-0.193237
-0.196668
-0.199661
-0.202122
-0.20407
-0.205413
-0.206173
-0.206284
-0.205767
-0.204614
-0.202835
-0.20047
-0.197529
-0.194008
-0.189935
-0.185295
-0.180131
-0.174421
-0.168225
-0.161513
-0.15436
-0.146727
-0.138704
-0.130244
-0.121447
-0.112259
-0.102789
-0.0929758
-0.0829348
-0.0725985
-0.0620876
-0.0513297
-0.0404484
-0.0293682
-0.0182141
-0.00690936
0.00442088
0.0158522
0.0272604
0.038718
0.0501023
0.0614809
0.0727332
0.0839201
0.0949236
0.105797
0.116425
0.126854
0.136971
0.146814
0.156278
0.165391
0.174054
0.18229
0.19001
0.197231
0.203875
0.209956
0.215408
0.220244
0.224415
0.227926
0.230746
0.232862
0.23424
0.234907
0.234811
0.234038
0.232524
0.230391
0.227572
0.224203
0.220229
0.215772
0.210803
0.205416
0.199608
0.193457
0.186981
0.180252
0.173328
0.16628
0.159171
0.152093
0.146571
0.14306
-0.119212
-0.122032
-0.127455
-0.133175
-0.138936
-0.14474
-0.150555
-0.156232
-0.161839
-0.16717
-0.172381
-0.177201
-0.181878
-0.186042
-0.190052
-0.193416
-0.196588
-0.199
-0.201128
-0.20244
-0.203335
-0.203431
-0.20295
-0.201797
-0.199998
-0.197643
-0.194719
-0.191218
-0.187187
-0.182578
-0.177479
-0.171809
-0.1657
-0.159037
-0.151993
-0.144419
-0.136525
-0.128131
-0.119484
-0.110369
-0.101067
-0.091332
-0.081475
-0.0712219
-0.0609077
-0.0502363
-0.03956
-0.0285682
-0.0176222
-0.00640645
0.00471801
0.0160612
0.0272715
0.0386432
0.0498426
0.0611384
0.0722229
0.0833311
0.0941866
0.104986
0.115488
0.125847
0.135859
0.145639
0.155016
0.164072
0.172666
0.180852
0.188517
0.195694
0.202295
0.208338
0.213758
0.218565
0.222712
0.226202
0.229015
0.231115
0.232404
0.233062
0.23275
0.231976
0.230169
0.22805
0.224919
0.221582
0.217328
0.212921
0.207729
0.202407
0.196433
0.190358
0.183764
0.177126
0.170132
0.163182
0.156102
0.149108
0.142316
0.138835
-0.116793
-0.119475
-0.124879
-0.130342
-0.136048
-0.141628
-0.147367
-0.152851
-0.158376
-0.163551
-0.168679
-0.173383
-0.177978
-0.182075
-0.186003
-0.189352
-0.192446
-0.194882
-0.196945
-0.198297
-0.199148
-0.199275
-0.198777
-0.197643
-0.195844
-0.193535
-0.190614
-0.187206
-0.183179
-0.178712
-0.173617
-0.168137
-0.162034
-0.155606
-0.148567
-0.141269
-0.133382
-0.125302
-0.116662
-0.107894
-0.0985995
-0.0892401
-0.0793909
-0.0695354
-0.0592293
-0.048971
-0.0383031
-0.0277332
-0.0167959
-0.00600378
0.00511188
0.0160364
0.0272378
0.0382018
0.0493924
0.060297
0.0713727
0.0821103
0.0929573
0.10341
0.113903
0.123942
0.133945
0.143432
0.152801
0.161592
0.170179
0.17813
0.185789
0.192762
0.199358
0.205231
0.210646
0.215316
0.21946
0.222847
0.225658
0.227662
0.228965
0.22949
0.229216
0.228276
0.226528
0.224242
0.221183
0.217713
0.213537
0.209052
0.203941
0.1986
0.19271
0.186671
0.180163
0.173615
0.166702
0.159897
0.15288
0.14609
0.13932
0.13596
-0.114558
-0.117109
-0.122484
-0.127718
-0.133365
-0.138745
-0.144408
-0.149721
-0.155165
-0.160199
-0.165244
-0.169848
-0.174358
-0.178402
-0.182249
-0.185589
-0.18861
-0.191069
-0.193072
-0.194461
-0.19527
-0.195426
-0.194912
-0.193795
-0.191998
-0.189732
-0.186812
-0.183491
-0.179467
-0.175132
-0.170041
-0.164737
-0.158638
-0.152428
-0.145394
-0.138352
-0.130471
-0.122682
-0.114048
-0.105602
-0.0963146
-0.0873029
-0.0774609
-0.0679735
-0.0576749
-0.0477993
-0.0371392
-0.02696
-0.0160307
-0.00563089
0.00547662
0.0160134
0.0272066
0.0377932
0.0489755
0.0595178
0.0705854
0.0809798
0.0918188
0.10195
0.112436
0.122177
0.132173
0.141388
0.150751
0.159296
0.167877
0.17561
0.183263
0.190048
0.196638
0.202352
0.207764
0.212308
0.216449
0.21974
0.222549
0.224465
0.22578
0.226182
0.225943
0.22485
0.223156
0.220715
0.217723
0.214123
0.210026
0.20546
0.200434
0.195066
0.189262
0.18325
0.176828
0.170354
0.163526
0.156844
0.149894
0.143283
0.13655
0.133302
-0.113293
-0.115841
-0.119969
-0.125169
-0.130516
-0.135831
-0.141177
-0.146413
-0.151563
-0.156518
-0.161296
-0.165818
-0.170091
-0.174053
-0.177693
-0.180953
-0.183803
-0.186191
-0.188072
-0.189404
-0.190144
-0.190268
-0.189755
-0.188635
-0.186893
-0.184629
-0.181812
-0.178494
-0.174631
-0.170299
-0.165431
-0.160131
-0.154312
-0.148107
-0.141407
-0.134371
-0.126871
-0.119089
-0.110878
-0.102439
-0.093609
-0.0846044
-0.0752476
-0.0657676
-0.0559744
-0.0461064
-0.0359646
-0.0257933
-0.0153882
-0.00499642
0.00558726
0.0161159
0.0267914
0.0373698
0.0480454
0.0585797
0.0691557
0.0795422
0.0899085
0.100032
0.110067
0.119801
0.129372
0.13858
0.147547
0.156086
0.164304
0.172031
0.179361
0.18614
0.192451
0.19816
0.20334
0.207881
0.211839
0.215127
0.217796
0.219714
0.220927
0.221357
0.221069
0.220027
0.21833
0.215955
0.213012
0.20949
0.205487
0.201003
0.196115
0.190831
0.185209
0.179281
0.173086
0.166696
0.160139
0.153532
0.146855
0.140286
0.135069
0.131825
-0.11069
-0.113233
-0.117573
-0.12274
-0.127847
-0.1331
-0.13822
-0.143381
-0.148311
-0.153187
-0.157762
-0.162205
-0.166301
-0.170181
-0.17368
-0.176859
-0.17961
-0.181923
-0.183743
-0.185018
-0.185729
-0.185819
-0.185296
-0.184171
-0.182458
-0.180194
-0.177462
-0.174145
-0.170422
-0.166093
-0.161416
-0.15612
-0.150543
-0.144341
-0.13793
-0.130898
-0.123729
-0.115951
-0.108108
-0.0996744
-0.0912446
-0.0822456
-0.0733151
-0.063841
-0.0544936
-0.0446319
-0.0349485
-0.0247836
-0.0148427
-0.00445751
0.00566286
0.0161849
0.0264042
0.0369759
0.047208
0.0577356
0.0678852
0.0782651
0.0882258
0.0983431
0.107996
0.117724
0.126939
0.136142
0.144781
0.153314
0.161235
0.168958
0.176022
0.182797
0.188878
0.194584
0.199573
0.204111
0.207922
0.211208
0.213773
0.215694
0.216828
0.217288
0.216924
0.215937
0.214185
0.211883
0.20892
0.20548
0.201505
0.197104
0.192291
0.187091
0.181584
0.175741
0.169691
0.163383
0.156994
0.150459
0.143984
0.137454
0.131873
0.128635
-0.108122
-0.110617
-0.115343
-0.120392
-0.125353
-0.130468
-0.135449
-0.140463
-0.145253
-0.149981
-0.154422
-0.158719
-0.162697
-0.166437
-0.169843
-0.172893
-0.175578
-0.177784
-0.179563
-0.18076
-0.18145
-0.181499
-0.18096
-0.179832
-0.178121
-0.175883
-0.173198
-0.16993
-0.166288
-0.16203
-0.157465
-0.152261
-0.146824
-0.140735
-0.13449
-0.127589
-0.120612
-0.112981
-0.105353
-0.0970791
-0.0888829
-0.0800551
-0.0713738
-0.0620793
-0.052993
-0.0433166
-0.033902
-0.0239257
-0.0142571
-0.00406136
0.00578734
0.016121
0.0260732
0.0364597
0.0464325
0.0567794
0.0666806
0.0768859
0.0866112
0.0965611
0.105994
0.115563
0.124573
0.133626
0.142078
0.150473
0.158225
0.165822
0.172735
0.1794
0.18535
0.190962
0.195841
0.200303
0.20403
0.207259
0.209779
0.211671
0.212767
0.213233
0.212826
0.21188
0.210097
0.207868
0.204898
0.201556
0.197604
0.19332
0.188561
0.183491
0.178062
0.172357
0.166401
0.160236
0.153948
0.147551
0.141196
0.134786
0.128654
0.125465
-0.1062
-0.108577
-0.11329
-0.118105
-0.12302
-0.127893
-0.13281
-0.137576
-0.142294
-0.146778
-0.151143
-0.155209
-0.159108
-0.162639
-0.165964
-0.168836
-0.171442
-0.173508
-0.175219
-0.176321
-0.176963
-0.176967
-0.176409
-0.175283
-0.173573
-0.171399
-0.168715
-0.165569
-0.161929
-0.157849
-0.153286
-0.148314
-0.14288
-0.137073
-0.130832
-0.12426
-0.117286
-0.110024
-0.1024
-0.0945297
-0.0863379
-0.0779412
-0.0692646
-0.0604223
-0.0513409
-0.042131
-0.0327215
-0.0232198
-0.0135565
-0.00383749
0.00600588
0.0158661
0.0258128
0.0357336
0.0457011
0.0555942
0.06549
0.0752568
0.0849769
0.0945066
0.103934
0.113104
0.12211
0.130789
0.139235
0.147285
0.155032
0.162315
0.169225
0.175611
0.181558
0.186932
0.191809
0.196078
0.199803
0.202891
0.20541
0.207212
0.208327
0.208746
0.208386
0.207439
0.205725
0.203544
0.200655
0.197408
0.193541
0.189393
0.184719
0.17982
0.174475
0.168967
0.163094
0.157143
0.15093
0.144754
0.138455
0.13227
0.126155
0.123083
-0.10442
-0.106689
-0.111388
-0.115987
-0.120859
-0.125509
-0.130366
-0.134902
-0.139553
-0.143811
-0.148106
-0.151958
-0.155785
-0.159122
-0.162372
-0.165079
-0.167612
-0.169548
-0.171196
-0.17221
-0.172808
-0.17277
-0.172194
-0.171071
-0.169362
-0.167245
-0.164563
-0.16153
-0.157892
-0.153976
-0.149416
-0.144659
-0.139228
-0.133683
-0.127445
-0.121176
-0.114207
-0.107286
-0.0996657
-0.0921687
-0.0839811
-0.0759836
-0.0673113
-0.0588878
-0.0498109
-0.0410332
-0.0316284
-0.0225662
-0.0129077
-0.00363017
0.00620826
0.0156299
0.0255717
0.0350613
0.0450237
0.0544966
0.0643875
0.0737481
0.0834634
0.092604
0.102027
0.110828
0.119829
0.128161
0.136603
0.144332
0.152075
0.159067
0.165973
0.172102
0.178046
0.1832
0.188075
0.192166
0.195889
0.198845
0.201363
0.203083
0.204215
0.20459
0.204274
0.203327
0.201677
0.19954
0.196727
0.193565
0.189778
0.185756
0.181161
0.17642
0.171154
0.165828
0.160031
0.154279
0.148136
0.142164
0.135916
0.12994
0.123841
0.120878
-0.102812
-0.104986
-0.109611
-0.114027
-0.11884
-0.123299
-0.128079
-0.13242
-0.136987
-0.141053
-0.145261
-0.148932
-0.152669
-0.155844
-0.159003
-0.161573
-0.164019
-0.165849
-0.167423
-0.168364
-0.168913
-0.168841
-0.168244
-0.167124
-0.165415
-0.163349
-0.160675
-0.157739
-0.154113
-0.15034
-0.145797
-0.141225
-0.135815
-0.130495
-0.124283
-0.118276
-0.111335
-0.104709
-0.0971197
-0.0899443
-0.0817905
-0.0741367
-0.0655001
-0.0574371
-0.0483972
-0.0399915
-0.0306245
-0.0219408
-0.0123205
-0.00342311
0.00637704
0.0154211
0.0253248
0.0344431
0.044368
0.053479
0.063333
0.072344
0.0820233
0.0908289
0.100217
0.1087
0.117668
0.125702
0.134113
0.141566
0.14928
0.156021
0.162901
0.168808
0.17473
0.179695
0.184551
0.188489
0.192197
0.19504
0.197553
0.1992
0.200348
0.200681
0.200411
0.199457
0.19788
0.19577
0.193047
0.18995
0.18626
0.182336
0.17784
0.173226
0.168057
0.162882
0.15718
0.151594
0.145539
0.139739
0.13356
0.127759
0.121755
0.118886
-0.101766
-0.103938
-0.107831
-0.112223
-0.116809
-0.121219
-0.125747
-0.130029
-0.134341
-0.138343
-0.142303
-0.145906
-0.149405
-0.152509
-0.155445
-0.157941
-0.160189
-0.16195
-0.163366
-0.164253
-0.164701
-0.164597
-0.163979
-0.162854
-0.161193
-0.159129
-0.156548
-0.153613
-0.150132
-0.146361
-0.142016
-0.137446
-0.132285
-0.126967
-0.121049
-0.115045
-0.108438
-0.101815
-0.0945945
-0.0874222
-0.0796644
-0.0720139
-0.0637941
-0.0557346
-0.0471262
-0.0387241
-0.0297977
-0.0211177
-0.011942
-0.00304847
0.00630717
0.0153474
0.0248102
0.0339245
0.043415
0.0525221
0.0619509
0.070958
0.0802238
0.0890256
0.0980148
0.106494
0.115082
0.123112
0.131165
0.138614
0.145997
0.152735
0.159317
0.165221
0.170882
0.175845
0.180484
0.184421
0.187959
0.1908
0.193184
0.194837
0.195923
0.196289
0.19604
0.195143
0.193652
0.191617
0.189031
0.186015
0.1825
0.178657
0.174362
0.169827
0.164882
0.159783
0.154324
0.148809
0.143007
0.137266
0.131322
0.125551
0.120464
0.117598
-0.100743
-0.102913
-0.106182
-0.110551
-0.114928
-0.119293
-0.12359
-0.127816
-0.131895
-0.135836
-0.139568
-0.143108
-0.146389
-0.149426
-0.152156
-0.154586
-0.15665
-0.158348
-0.159619
-0.160455
-0.16081
-0.160677
-0.16004
-0.15891
-0.157294
-0.15523
-0.152735
-0.149801
-0.146455
-0.142685
-0.138523
-0.133955
-0.129024
-0.123708
-0.118062
-0.11206
-0.105762
-0.0991416
-0.0922617
-0.0850923
-0.0777003
-0.0700529
-0.0622184
-0.0541621
-0.0459526
-0.0375539
-0.0290347
-0.0203582
-0.0115935
-0.00270355
0.0062412
0.0152778
0.0243331
0.0334439
0.042533
0.0516365
0.0606726
0.0696761
0.0785602
0.0873585
0.0959797
0.104456
0.112692
0.120719
0.128441
0.135887
0.142965
0.1497
0.156007
0.161909
0.16733
0.172291
0.17673
0.180665
0.184046
0.186887
0.189151
0.190808
0.191837
0.192234
0.192003
0.19116
0.189748
0.187781
0.185322
0.18238
0.179026
0.175257
0.171148
0.166685
0.161947
0.156918
0.151682
0.146233
0.140663
0.134977
0.129248
0.123505
0.119198
0.116334
-0.0988953
-0.101062
-0.104635
-0.108983
-0.113186
-0.11751
-0.121627
-0.125802
-0.129693
-0.13358
-0.137123
-0.140607
-0.143705
-0.146684
-0.149247
-0.151616
-0.153538
-0.15518
-0.156339
-0.157132
-0.157417
-0.157258
-0.156593
-0.155459
-0.153864
-0.151801
-0.149378
-0.146445
-0.143217
-0.139448
-0.135447
-0.130881
-0.12615
-0.120837
-0.115429
-0.109429
-0.103404
-0.0967852
-0.0902061
-0.0830393
-0.0759719
-0.0683273
-0.0608359
-0.0527825
-0.0449292
-0.0365336
-0.0283787
-0.0197054
-0.0113083
-0.00242155
0.00615665
0.0151899
0.0238834
0.0329908
0.0417259
0.050826
0.0595187
0.0685188
0.0770724
0.0858675
0.0941731
0.102646
0.110584
0.118608
0.126051
0.133495
0.140316
0.147049
0.153125
0.159024
0.164243
0.169202
0.173472
0.177406
0.180655
0.183494
0.185672
0.187333
0.188322
0.188745
0.188516
0.187719
0.186353
0.184446
0.182074
0.179197
0.175963
0.17226
0.168297
0.163898
0.159323
0.154357
0.149293
0.143904
0.138503
0.132868
0.127311
0.121595
0.116836
0.113976
-0.0971843
-0.0993484
-0.103202
-0.10753
-0.111573
-0.115858
-0.119809
-0.123937
-0.127654
-0.131491
-0.134859
-0.13829
-0.14122
-0.144144
-0.146552
-0.148866
-0.150655
-0.152246
-0.153302
-0.154054
-0.154275
-0.154092
-0.153401
-0.152263
-0.150688
-0.148625
-0.146269
-0.143337
-0.140218
-0.13645
-0.132599
-0.128033
-0.123489
-0.118177
-0.11299
-0.106993
-0.101219
-0.094603
-0.0883025
-0.0811382
-0.0743713
-0.0667293
-0.0595556
-0.051505
-0.0439815
-0.0355888
-0.0277712
-0.0191008
-0.0110441
-0.0021604
0.00607835
0.0151085
0.0234669
0.0325711
0.0409785
0.0500755
0.0584501
0.0674472
0.0756946
0.0844867
0.0925001
0.10097
0.108632
0.116653
0.123838
0.131279
0.137863
0.144594
0.150455
0.156353
0.161384
0.166342
0.170454
0.174387
0.177513
0.180352
0.18245
0.184115
0.185067
0.185514
0.185287
0.184532
0.18321
0.181358
0.179065
0.176249
0.173126
0.169484
0.165656
0.161317
0.156893
0.151986
0.14708
0.141746
0.136504
0.130915
0.125517
0.119825
0.114649
0.111793
-0.0962424
-0.0983844
-0.102326
-0.106618
-0.110563
-0.11482
-0.11866
-0.122759
-0.12636
-0.130166
-0.133419
-0.136821
-0.139636
-0.142535
-0.14483
-0.147124
-0.148808
-0.150382
-0.151353
-0.152094
-0.152258
-0.15207
-0.151359
-0.150222
-0.14866
-0.146611
-0.144277
-0.141373
-0.138291
-0.134563
-0.130761
-0.126247
-0.121766
-0.116516
-0.111404
-0.105479
-0.0997898
-0.0932546
-0.087048
-0.0799718
-0.0733063
-0.0657583
-0.0586916
-0.0507392
-0.0433271
-0.0350353
-0.0273315
-0.0187637
-0.0108219
-0.00204119
0.00608295
0.0150108
0.0232559
0.0322593
0.0405559
0.0495541
0.0578212
0.0667224
0.0748663
0.083566
0.0914805
0.0998622
0.10743
0.115368
0.122466
0.12983
0.136333
0.142993
0.148782
0.154617
0.159585
0.164489
0.168548
0.172437
0.175523
0.178329
0.180394
0.182039
0.182991
0.183424
0.183233
0.182471
0.181217
0.179364
0.177163
0.174352
0.171334
0.167703
0.163987
0.159665
0.155357
0.150471
0.145687
0.140375
0.135252
0.129685
0.124395
0.118737
0.113429
0.110596
-0.0956972
-0.0978055
-0.101742
-0.105965
-0.109897
-0.114079
-0.1179
-0.121919
-0.1255
-0.129225
-0.132457
-0.13578
-0.138572
-0.141397
-0.143668
-0.145896
-0.147557
-0.149076
-0.150028
-0.15073
-0.15088
-0.150673
-0.149955
-0.148818
-0.147256
-0.145228
-0.142895
-0.140029
-0.136948
-0.133276
-0.129475
-0.125035
-0.120555
-0.115394
-0.110283
-0.104462
-0.0987745
-0.0923551
-0.0861504
-0.0792004
-0.0725369
-0.0651233
-0.0580587
-0.0502468
-0.0428369
-0.0346898
-0.0269883
-0.0185673
-0.0106278
-0.00199449
0.00612726
0.0149086
0.0231513
0.0320103
0.0403045
0.0491616
0.0574262
0.0661903
0.0743318
0.0828994
0.0908116
0.0990671
0.106633
0.114452
0.121548
0.1288
0.135302
0.141861
0.147648
0.153393
0.15836
0.163187
0.167245
0.171071
0.174156
0.176916
0.178981
0.180599
0.181557
0.181982
0.181806
0.181057
0.179824
0.178002
0.175826
0.173062
0.17007
0.166498
0.162807
0.158554
0.15427
0.149459
0.144697
0.139462
0.13436
0.128869
0.123595
0.118008
0.112707
0.109909
-0.0951923
-0.0972694
-0.101202
-0.105361
-0.10928
-0.113392
-0.117197
-0.121141
-0.124704
-0.128354
-0.131566
-0.134816
-0.137587
-0.140343
-0.142593
-0.144759
-0.146398
-0.147867
-0.1488
-0.149466
-0.149603
-0.149378
-0.148656
-0.147518
-0.145956
-0.143947
-0.141614
-0.138784
-0.135704
-0.132084
-0.128285
-0.123912
-0.119433
-0.114356
-0.109246
-0.10352
-0.0978343
-0.0915222
-0.0853191
-0.078486
-0.0718243
-0.0645352
-0.0574726
-0.0497909
-0.0423829
-0.0343698
-0.0266704
-0.0183854
-0.0104481
-0.00195124
0.0061683
0.014814
0.0230545
0.0317798
0.0400717
0.048798
0.0570604
0.0656975
0.0738368
0.082282
0.0901921
0.0983307
0.105895
0.113603
0.120697
0.127847
0.134347
0.140812
0.146598
0.15226
0.157225
0.161981
0.166038
0.169806
0.17289
0.175608
0.177672
0.179266
0.180229
0.180647
0.180485
0.179747
0.178534
0.176741
0.174588
0.171867
0.1689
0.165382
0.161715
0.157525
0.153263
0.148521
0.14378
0.138617
0.133535
0.128114
0.122855
0.117334
0.112037
0.109272
-0.0947248
-0.0967729
-0.100702
-0.104802
-0.108709
-0.112756
-0.116546
-0.120421
-0.123967
-0.127547
-0.130741
-0.133923
-0.136675
-0.139367
-0.141596
-0.143705
-0.145325
-0.146748
-0.147663
-0.148296
-0.148421
-0.14818
-0.147452
-0.146314
-0.144753
-0.14276
-0.140428
-0.137631
-0.134552
-0.130981
-0.127182
-0.122872
-0.118395
-0.113393
-0.108285
-0.102648
-0.0969636
-0.0907508
-0.0845493
-0.0778244
-0.0711644
-0.0639906
-0.0569298
-0.0493686
-0.0419626
-0.0340735
-0.026376
-0.018217
-0.0102816
-0.00191119
0.0062063
0.0147264
0.0229648
0.0315663
0.0398561
0.0484613
0.0567216
0.0652412
0.0733784
0.0817103
0.0896184
0.0976488
0.105211
0.112817
0.11991
0.126964
0.133463
0.139841
0.145625
0.15121
0.156174
0.160864
0.16492
0.168635
0.171718
0.174396
0.17646
0.178032
0.179
0.179411
0.179261
0.178534
0.177339
0.175573
0.173442
0.170761
0.167815
0.164349
0.160703
0.156571
0.152331
0.147652
0.142932
0.137835
0.132771
0.127414
0.122169
0.116709
0.111417
0.108682
-0.0942918
-0.0963132
-0.100238
-0.104283
-0.10818
-0.112167
-0.115943
-0.119754
-0.123284
-0.1268
-0.129977
-0.133096
-0.13583
-0.138464
-0.140674
-0.14273
-0.144331
-0.145711
-0.146611
-0.147213
-0.147327
-0.14707
-0.146338
-0.145199
-0.143638
-0.141661
-0.13933
-0.136564
-0.133485
-0.129959
-0.126161
-0.12191
-0.117433
-0.112502
-0.107395
-0.10184
-0.0961572
-0.0900365
-0.0838364
-0.0772118
-0.0705533
-0.0634863
-0.0564271
-0.0489776
-0.0415733
-0.0337991
-0.0261034
-0.018061
-0.0101275
-0.00187411
0.0062415
0.0146452
0.0228817
0.0313686
0.0396564
0.0481495
0.0564079
0.0648186
0.0729539
0.0811809
0.0890871
0.0970174
0.104578
0.112089
0.11918
0.126147
0.132643
0.138941
0.144725
0.150238
0.155201
0.15983
0.163885
0.16755
0.170633
0.173275
0.175338
0.176889
0.177861
0.178266
0.178128
0.177411
0.176233
0.174491
0.17238
0.169736
0.166812
0.163392
0.159766
0.155689
0.151468
0.146848
0.142146
0.13711
0.132063
0.126766
0.121534
0.11613
0.110843
0.108136
-0.0938908
-0.0958874
-0.0998094
-0.103803
-0.107691
-0.111621
-0.115384
-0.119137
-0.122652
-0.126108
-0.129269
-0.132331
-0.135048
-0.137627
-0.13982
-0.141827
-0.143411
-0.144751
-0.145636
-0.14621
-0.146313
-0.146042
-0.145306
-0.144166
-0.142606
-0.140644
-0.138313
-0.135575
-0.132497
-0.129012
-0.125215
-0.121018
-0.116542
-0.111677
-0.106571
-0.101092
-0.0954105
-0.089375
-0.0831762
-0.0766444
-0.0699874
-0.0630193
-0.0559616
-0.0486155
-0.0412127
-0.0335449
-0.0258509
-0.0179165
-0.00998474
-0.00183976
0.00627409
0.0145701
0.0228048
0.0311855
0.0394716
0.0478608
0.0561174
0.0644272
0.0725608
0.0806906
0.0885951
0.0964326
0.103991
0.111415
0.118504
0.12539
0.131885
0.138108
0.14389
0.149338
0.1543
0.158872
0.162926
0.166546
0.169627
0.172236
0.174299
0.17583
0.176807
0.177206
0.177078
0.176371
0.175209
0.173489
0.171397
0.168787
0.165882
0.162506
0.158899
0.154872
0.150668
0.146103
0.141418
0.136439
0.131408
0.126166
0.120946
0.115594
0.110311
0.10763
-0.0935194
-0.0954932
-0.0994121
-0.103359
-0.107237
-0.111116
-0.114867
-0.118565
-0.122066
-0.125468
-0.128614
-0.131622
-0.134323
-0.136852
-0.139028
-0.140991
-0.142559
-0.143861
-0.144733
-0.145281
-0.145375
-0.14509
-0.14435
-0.14321
-0.14165
-0.139702
-0.137371
-0.13466
-0.131582
-0.128136
-0.12434
-0.120192
-0.115717
-0.110913
-0.105808
-0.100399
-0.094719
-0.0887623
-0.0825649
-0.076119
-0.0694633
-0.0625868
-0.0555305
-0.0482802
-0.0408789
-0.0333096
-0.0256171
-0.0177828
-0.00985255
-0.00180795
0.00630427
0.0145005
0.0227336
0.0310159
0.0393003
0.0475934
0.0558483
0.0640648
0.0721968
0.0802366
0.0881395
0.095891
0.103448
0.110791
0.117879
0.124689
0.131183
0.137337
0.143118
0.148504
0.153465
0.157985
0.162038
0.165616
0.168696
0.171274
0.173336
0.17485
0.175831
0.176224
0.176107
0.175407
0.17426
0.172561
0.170486
0.167909
0.165021
0.161685
0.158095
0.154115
0.149928
0.145413
0.140744
0.135818
0.130801
0.12561
0.120402
0.115098
0.109819
0.107162
-0.0936774
-0.0956466
-0.0993841
-0.103309
-0.107208
-0.111049
-0.114829
-0.118482
-0.122017
-0.125371
-0.128553
-0.131513
-0.134253
-0.136731
-0.138946
-0.140859
-0.142462
-0.14372
-0.144621
-0.145134
-0.145248
-0.144943
-0.144215
-0.143071
-0.141517
-0.13957
-0.137241
-0.134533
-0.131456
-0.128014
-0.124219
-0.120078
-0.115604
-0.110807
-0.105704
-0.100303
-0.0946247
-0.0886768
-0.0824813
-0.076045
-0.0693912
-0.0625249
-0.0554703
-0.0482306
-0.0408309
-0.0332726
-0.0255816
-0.0177585
-0.00982987
-0.00179656
0.00631386
0.0144988
0.0227297
0.0310009
0.0392826
0.0475648
0.0558163
0.0640221
0.0721501
0.0801797
0.0880781
0.0958198
0.103372
0.110705
0.117788
0.124589
0.131078
0.137225
0.143002
0.148381
0.153338
0.157852
0.161903
0.165475
0.168554
0.171128
0.173184
0.174699
0.175668
0.17608
0.175943
0.175278
0.174101
0.172448
0.170336
0.16781
0.164882
0.1616
0.157968
0.154041
0.149813
0.145352
0.140644
0.13577
0.130718
0.125573
0.12034
0.115062
0.11003
0.107377
-0.0938771
-0.0958463
-0.0993843
-0.103309
-0.107205
-0.111046
-0.114819
-0.118473
-0.122001
-0.125356
-0.128533
-0.131493
-0.134228
-0.136707
-0.138916
-0.140829
-0.142428
-0.143685
-0.144581
-0.145094
-0.145205
-0.1449
-0.144173
-0.143029
-0.141477
-0.139531
-0.137203
-0.134495
-0.131419
-0.127978
-0.124185
-0.120043
-0.115572
-0.110775
-0.105674
-0.100274
-0.0945979
-0.088651
-0.0824575
-0.0760223
-0.0693703
-0.0625051
-0.0554522
-0.0482137
-0.0408155
-0.0332585
-0.0255689
-0.0177471
-0.00981994
-0.001788
0.00632069
0.0145043
0.022733
0.0310028
0.0392818
0.0475625
0.0558108
0.0640152
0.0721392
0.0801674
0.0880612
0.0958015
0.103349
0.110681
0.117759
0.124559
0.131043
0.137188
0.142961
0.148339
0.153293
0.157806
0.161854
0.165426
0.168503
0.171076
0.173129
0.174644
0.175612
0.176024
0.17589
0.175225
0.174054
0.172402
0.170296
0.167771
0.164849
0.161567
0.157941
0.154013
0.149794
0.145331
0.140632
0.135756
0.130713
0.125567
0.120339
0.115062
0.110298
0.107646
-0.094062
-0.0960311
-0.0993844
-0.103309
-0.107201
-0.111044
-0.11481
-0.118465
-0.121987
-0.125343
-0.128514
-0.131475
-0.134205
-0.136684
-0.138889
-0.140802
-0.142396
-0.143653
-0.144545
-0.145057
-0.145165
-0.14486
-0.144133
-0.14299
-0.141441
-0.139495
-0.137167
-0.13446
-0.131385
-0.127944
-0.124152
-0.120012
-0.115542
-0.110746
-0.105647
-0.100248
-0.0945731
-0.0886272
-0.0824354
-0.0760013
-0.0693509
-0.0624868
-0.0554354
-0.0481981
-0.0408012
-0.0332454
-0.0255571
-0.0177366
-0.00981074
-0.00178009
0.00632703
0.0145093
0.0227361
0.0310046
0.0392811
0.0475605
0.0558057
0.0640088
0.0721291
0.080156
0.0880455
0.0957847
0.103327
0.110658
0.117731
0.12453
0.13101
0.137154
0.142922
0.1483
0.15325
0.157763
0.161808
0.16538
0.168455
0.171027
0.173077
0.174592
0.175559
0.175972
0.175841
0.175177
0.174011
0.172359
0.17026
0.167734
0.164818
0.161536
0.157917
0.153988
0.149775
0.145311
0.14062
0.135743
0.130709
0.125562
0.120338
0.115061
0.110547
0.107895
-0.0942333
-0.0962023
-0.0993845
-0.103309
-0.107198
-0.111042
-0.114801
-0.118458
-0.121974
-0.125331
-0.128497
-0.131458
-0.134183
-0.136663
-0.138864
-0.140776
-0.142366
-0.143623
-0.144511
-0.145023
-0.145128
-0.144823
-0.144097
-0.142954
-0.141407
-0.139461
-0.137135
-0.134428
-0.131354
-0.127913
-0.124122
-0.119983
-0.115514
-0.110719
-0.105621
-0.100223
-0.0945502
-0.0886051
-0.082415
-0.0759818
-0.0693329
-0.0624699
-0.0554198
-0.0481836
-0.0407879
-0.0332333
-0.0255462
-0.0177268
-0.00980222
-0.00177275
0.00633289
0.014514
0.0227389
0.0310062
0.0392804
0.0475586
0.0558009
0.0640028
0.0721197
0.0801454
0.088031
0.095769
0.103307
0.110637
0.117706
0.124504
0.130979
0.137123
0.142887
0.148264
0.153211
0.157723
0.161766
0.165337
0.16841
0.170983
0.17303
0.174545
0.17551
0.175923
0.175796
0.175132
0.173971
0.172319
0.170226
0.1677
0.16479
0.161507
0.157894
0.153965
0.149758
0.145293
0.14061
0.135731
0.130705
0.125556
0.120337
0.11506
0.110778
0.108126
-0.0943919
-0.0963608
-0.0993846
-0.103309
-0.107195
-0.11104
-0.114793
-0.118451
-0.121961
-0.125319
-0.128481
-0.131442
-0.134164
-0.136643
-0.13884
-0.140753
-0.142338
-0.143595
-0.144479
-0.144991
-0.145094
-0.144789
-0.144064
-0.142921
-0.141376
-0.13943
-0.137104
-0.134398
-0.131325
-0.127885
-0.124095
-0.119956
-0.115488
-0.110694
-0.105598
-0.1002
-0.0945289
-0.0885847
-0.0823961
-0.0759638
-0.0693163
-0.0624542
-0.0554054
-0.0481702
-0.0407757
-0.0332221
-0.0255361
-0.0177177
-0.00979434
-0.00176596
0.00633832
0.0145183
0.0227416
0.0310077
0.0392798
0.0475569
0.0557965
0.0639973
0.072111
0.0801356
0.0880176
0.0957546
0.103289
0.110618
0.117682
0.124479
0.130951
0.137094
0.142854
0.14823
0.153175
0.157686
0.161727
0.165298
0.168369
0.170941
0.172986
0.1745
0.175465
0.175879
0.175754
0.175091
0.173933
0.172283
0.170194
0.167669
0.164764
0.161481
0.157873
0.153943
0.149743
0.145276
0.1406
0.13572
0.130701
0.125552
0.120336
0.11506
0.110991
0.10834
)
;

boundaryField
{
    inlet
    {
        type            cyclic;
    }
    outlet
    {
        type            cyclic;
    }
    top
    {
        type            zeroGradient;
    }
    hills
    {
        type            zeroGradient;
    }
    front
    {
        type            empty;
    }
    back
    {
        type            empty;
    }
}


// ************************************************************************* //
