/*--------------------------------*- C++ -*----------------------------------*\
| =========                 |                                                 |
| \\      /  F ield         | OpenFOAM: The Open Source CFD Toolbox           |
|  \\    /   O peration     | Version:  v2106                                 |
|   \\  /    A nd           | Website:  www.openfoam.com                      |
|    \\/     M anipulation  |                                                 |
\*---------------------------------------------------------------------------*/
FoamFile
{
    version     2.0;
    format      ascii;
    arch        "LSB;label=32;scalar=64";
    class       volScalarField;
    location    "0";
    object      expGpCoeffs11;
}
// * * * * * * * * * * * * * * * * * * * * * * * * * * * * * * * * * * * * * //

dimensions      [0 0 0 0 0 0 0];

internalField   nonuniform List<scalar> 
8000
(
0.100036
0.0977853
0.093055
0.0855553
0.0751604
0.0624639
0.0486385
0.0338166
0.0199873
0.00704761
-0.00368118
-0.012118
-0.01776
-0.0205868
-0.0207441
-0.0183162
-0.0141224
-0.00820658
-0.00169483
0.00538952
0.0122295
0.0187693
0.0249012
0.0305629
0.0361805
0.0417803
0.0476769
0.0538772
0.060405
0.0672544
0.0743628
0.0817222
0.0892495
0.0969348
0.104677
0.112466
0.120186
0.127827
0.135267
0.142494
0.149387
0.155935
0.162023
0.16764
0.172685
0.17715
0.18095
0.18408
0.186481
0.188147
0.189046
0.189176
0.188533
0.187116
0.184951
0.18204
0.178433
0.174138
0.169228
0.163712
0.157683
0.151153
0.144229
0.136924
0.129354
0.121532
0.113577
0.105502
0.0974229
0.089352
0.0813967
0.0735679
0.0659602
0.0585828
0.0514485
0.0445539
0.0376126
0.0306011
0.0230887
0.0151504
0.00686474
-0.00170323
-0.0097507
-0.0172549
-0.0230444
-0.027084
-0.0284343
-0.0270074
-0.0225132
-0.0149601
-0.00475434
0.00802648
0.0220189
0.0373344
0.0517623
0.0651531
0.0761366
0.0840659
0.0890533
0.0914159
0.100217
0.097967
0.093297
0.0858007
0.0753469
0.0626522
0.0486485
0.0338205
0.0198573
0.00690832
-0.00388788
-0.0123333
-0.0179891
-0.0208227
-0.0209324
-0.0185083
-0.0142171
-0.00830229
-0.00169916
0.00538514
0.0122743
0.0188138
0.0249263
0.0305874
0.0361609
0.04176
0.0476488
0.0538483
0.0603816
0.0672301
0.074346
0.0817045
0.089241
0.0969253
0.104678
0.112466
0.120198
0.127838
0.135289
0.142516
0.149421
0.155968
0.162066
0.167682
0.172736
0.1772
0.181007
0.184137
0.186542
0.188208
0.189109
0.189239
0.188595
0.187178
0.185009
0.182099
0.178486
0.174191
0.169273
0.163758
0.157719
0.151189
0.144255
0.13695
0.129369
0.121548
0.113581
0.105507
0.0974172
0.0893473
0.0813819
0.0735541
0.0659376
0.0585612
0.0514313
0.0445375
0.0376383
0.0306277
0.0231355
0.0151976
0.00686415
-0.00170383
-0.00984291
-0.0173464
-0.0232396
-0.0272757
-0.0286858
-0.0272522
-0.0227563
-0.015194
-0.00492574
0.00786528
0.0220019
0.0373244
0.051956
0.0653449
0.0763989
0.0843245
0.0892441
0.0916062
0.100413
0.0981632
0.0935584
0.0860658
0.0755482
0.0628555
0.0486594
0.0338247
0.0197169
0.00675792
-0.00411108
-0.0125658
-0.0182364
-0.0210774
-0.0211357
-0.0187158
-0.0143194
-0.00840565
-0.00170384
0.00538041
0.0123227
0.0188619
0.0249535
0.0306139
0.0361398
0.0417381
0.0476185
0.053817
0.0603563
0.0672038
0.0743278
0.0816853
0.0892318
0.096915
0.10468
0.112466
0.12021
0.127849
0.135314
0.142539
0.149456
0.156002
0.162112
0.167727
0.172791
0.177254
0.181069
0.184198
0.186608
0.188274
0.189177
0.189307
0.188661
0.187245
0.185072
0.182162
0.178543
0.174249
0.169322
0.163807
0.157758
0.151229
0.144283
0.136979
0.129385
0.121565
0.113586
0.105513
0.097411
0.0893422
0.0813659
0.0735392
0.0659132
0.0585378
0.0514126
0.0445198
0.0376661
0.0306564
0.023186
0.0152486
0.00686352
-0.00170447
-0.00994248
-0.0174451
-0.0234505
-0.0274827
-0.0289574
-0.0275165
-0.0230187
-0.0154466
-0.00511083
0.0076912
0.0219835
0.0373136
0.0521651
0.0655521
0.076682
0.0846037
0.0894501
0.0918116
0.100624
0.0983751
0.0938406
0.0863521
0.0757655
0.0630751
0.0486712
0.0338293
0.0195653
0.0065955
-0.00435211
-0.0128169
-0.0185036
-0.0213524
-0.0213552
-0.0189398
-0.0144298
-0.00851726
-0.00170889
0.0053753
0.012375
0.0189138
0.0249829
0.0306424
0.036117
0.0417145
0.0475857
0.0537833
0.060329
0.0671755
0.0743082
0.0816646
0.0892219
0.096904
0.104681
0.112466
0.120224
0.127862
0.13534
0.142564
0.149495
0.15604
0.162162
0.167776
0.172851
0.177313
0.181136
0.184265
0.18668
0.188345
0.18925
0.18938
0.188733
0.187318
0.185141
0.182231
0.178605
0.174311
0.169374
0.16386
0.1578
0.151272
0.144313
0.13701
0.129402
0.121583
0.113591
0.105519
0.0974043
0.0893367
0.0813486
0.0735231
0.0658869
0.0585126
0.0513925
0.0445007
0.0376961
0.0306874
0.0232405
0.0153036
0.00686283
-0.00170516
-0.01005
-0.0175518
-0.0236781
-0.0277063
-0.0292508
-0.027802
-0.023302
-0.0157193
-0.0053107
0.00750323
0.0219636
0.0373019
0.0523909
0.0657757
0.0769878
0.0849052
0.0896725
0.0920335
0.100852
0.0986039
0.0941454
0.086678
0.0760003
0.0633121
0.0486839
0.0338343
0.0194016
0.00642012
-0.00461237
-0.013088
-0.018792
-0.0216493
-0.0215923
-0.0191817
-0.014549
-0.00863778
-0.00171434
0.00536978
0.0124314
0.0189698
0.0250146
0.0306733
0.0360923
0.0416889
0.0475503
0.0537469
0.0602995
0.0671449
0.074287
0.0816422
0.0892112
0.096892
0.104682
0.112466
0.120239
0.127875
0.135369
0.142592
0.149537
0.156081
0.162216
0.167829
0.172915
0.177376
0.181208
0.184336
0.186757
0.188422
0.189329
0.189459
0.188811
0.187396
0.185214
0.182305
0.178671
0.174378
0.169431
0.163918
0.157845
0.151318
0.144345
0.137044
0.129421
0.121604
0.113596
0.105526
0.0973971
0.0893308
0.08133
0.0735057
0.0658585
0.0584854
0.0513707
0.04448
0.0377284
0.0307209
0.0232994
0.0153631
0.00686208
-0.00170591
-0.0101661
-0.017667
-0.023924
-0.0279477
-0.0295675
-0.0281102
-0.023608
-0.0160139
-0.00552652
0.00730025
0.0219421
0.0372893
0.0526347
0.0660173
0.077339
0.0852307
0.0899127
0.092273
0.101129
0.0988933
0.0945094
0.0871338
0.0763314
0.0637776
0.0487609
0.0339964
0.0192372
0.00626898
-0.00486458
-0.0133318
-0.0190714
-0.0219347
-0.0218442
-0.0194438
-0.0146778
-0.00876792
-0.00172023
0.00536382
0.0124923
0.0190303
0.0250488
0.0307066
0.0359904
0.0415796
0.0474313
0.0536211
0.0601802
0.0670197
0.0741708
0.0815209
0.089101
0.0967777
0.104581
0.112361
0.120148
0.127781
0.135289
0.14251
0.149469
0.156011
0.162159
0.167772
0.172868
0.177329
0.181169
0.184297
0.186722
0.188388
0.189297
0.189427
0.188778
0.187363
0.185177
0.182268
0.178627
0.174335
0.169378
0.163867
0.157782
0.151257
0.14427
0.136971
0.129335
0.12152
0.113499
0.105433
0.0972904
0.0892291
0.081216
0.0733975
0.0657398
0.0583733
0.051264
0.0443804
0.0377634
0.030757
0.023363
0.0154273
0.00686128
-0.00170671
-0.0102915
-0.0177913
-0.0241915
-0.0282051
-0.0298774
-0.0284111
-0.0238886
-0.0163015
-0.00571852
0.00709471
0.0220932
0.0373483
0.0531394
0.0663729
0.0778477
0.0856361
0.0902258
0.0925716
0.101493
0.0992914
0.0949104
0.087626
0.0768322
0.0643712
0.049365
0.0346051
0.0198567
0.00676019
-0.00436474
-0.0130733
-0.0188085
-0.0219708
-0.0218811
-0.0197645
-0.0149964
-0.00926017
-0.00221076
0.0048227
0.0119329
0.018455
0.0243975
0.0299928
0.0351839
0.0407052
0.0465559
0.0526849
0.0592428
0.0660317
0.0731814
0.080491
0.0880697
0.0957153
0.103517
0.111275
0.11906
0.126678
0.134185
0.141396
0.148354
0.154891
0.161038
0.166649
0.171744
0.176206
0.180045
0.183174
0.185599
0.187266
0.188175
0.188306
0.187657
0.186243
0.184058
0.18115
0.17751
0.17322
0.168264
0.162757
0.156674
0.150157
0.143172
0.135887
0.128252
0.120459
0.112439
0.104401
0.0962607
0.0882372
0.0802256
0.0724541
0.0647979
0.0574875
0.0503796
0.0435576
0.0370358
0.0300836
0.0227686
0.0148363
0.00629084
-0.00224319
-0.0108282
-0.0181673
-0.0245715
-0.0282969
-0.0299676
-0.02818
-0.0236615
-0.015798
-0.00522404
0.00775216
0.0227389
0.0380099
0.0537891
0.0669319
0.0783969
0.0860858
0.0906724
0.0929791
0.101886
0.0997214
0.0953434
0.0881576
0.077373
0.0650122
0.0500173
0.0352625
0.0205256
0.00729061
-0.00382499
-0.0127941
-0.0185246
-0.0220097
-0.021921
-0.0201109
-0.0153489
-0.00983656
-0.00279612
0.00410966
0.0112116
0.0176597
0.0235977
0.029123
0.034313
0.0397611
0.0456105
0.051674
0.0582306
0.0649648
0.0721131
0.0793789
0.0869561
0.0945681
0.102368
0.110102
0.117885
0.125487
0.132992
0.140194
0.14715
0.153682
0.159827
0.165437
0.170531
0.174993
0.178831
0.181961
0.184386
0.186054
0.186963
0.187096
0.186447
0.185034
0.182849
0.179943
0.176303
0.172016
0.167061
0.16156
0.155477
0.14897
0.141986
0.134717
0.127083
0.119312
0.111294
0.103288
0.0951488
0.087166
0.0791561
0.0714354
0.0637807
0.0565309
0.0494245
0.0426692
0.0361486
0.0292568
0.0219465
0.0140744
0.00553776
-0.00288404
-0.0114593
-0.0185846
-0.0249818
-0.028396
-0.030065
-0.0279304
-0.0234163
-0.0152543
-0.00469008
0.0084621
0.0234361
0.0387242
0.0544906
0.0675355
0.0789901
0.0865714
0.0911547
0.0934191
0.102311
0.100186
0.0958109
0.0887315
0.0779569
0.0657043
0.0507217
0.0359723
0.0212479
0.00786338
-0.00324214
-0.0124926
-0.0182181
-0.0220517
-0.021964
-0.0204849
-0.0157295
-0.010459
-0.00342821
0.0033397
0.0104328
0.0168009
0.0227341
0.0281838
0.0333725
0.0387416
0.0445897
0.0505824
0.0571375
0.0638128
0.0709595
0.078178
0.0857535
0.0933293
0.101128
0.108835
0.116617
0.124201
0.131704
0.138895
0.14585
0.152376
0.15852
0.164128
0.169221
0.173683
0.17752
0.180652
0.183076
0.184746
0.185655
0.185789
0.18514
0.183728
0.181543
0.178639
0.175
0.170716
0.165762
0.160266
0.154185
0.147688
0.140706
0.133453
0.125821
0.118074
0.110058
0.102085
0.0939481
0.0860094
0.0780012
0.0703353
0.0626823
0.055498
0.0483931
0.0417097
0.0351907
0.0283639
0.0210589
0.0132517
0.00472456
-0.00357607
-0.0121408
-0.0190352
-0.0254249
-0.028503
-0.0301702
-0.0276608
-0.0231515
-0.0146672
-0.00411349
0.00922873
0.024189
0.0394956
0.0552482
0.0681873
0.0796306
0.0870959
0.0916755
0.0938942
0.10277
0.100687
0.0963158
0.0893513
0.0785875
0.0664517
0.0514824
0.0367388
0.0220279
0.00848189
-0.00261276
-0.0121671
-0.0178871
-0.0220971
-0.0220105
-0.0208887
-0.0161404
-0.0111311
-0.00411077
0.00250827
0.00959177
0.0158735
0.0218016
0.0271695
0.032357
0.0376406
0.0434874
0.0494036
0.0559572
0.0625687
0.0697137
0.0768813
0.0844549
0.0919916
0.0997883
0.107467
0.115247
0.122812
0.130313
0.137492
0.144446
0.150966
0.157109
0.162714
0.167806
0.172268
0.176105
0.179239
0.181662
0.183334
0.184242
0.184377
0.183729
0.182318
0.180134
0.177231
0.173593
0.169312
0.164359
0.15887
0.15279
0.146304
0.139323
0.132088
0.124458
0.116738
0.108723
0.100787
0.0926515
0.0847603
0.0767541
0.0691474
0.0614962
0.0543826
0.0472794
0.0406737
0.0341562
0.0273997
0.0201003
0.0123634
0.00384643
-0.00432334
-0.0128768
-0.0195217
-0.0259033
-0.0286186
-0.0302838
-0.0273698
-0.0228655
-0.0140332
-0.00349087
0.0100566
0.025002
0.0403286
0.0560662
0.0688911
0.0803222
0.0876621
0.0922379
0.0944073
0.103265
0.101228
0.096861
0.0900205
0.0792684
0.0672588
0.0523037
0.0375665
0.0228702
0.00914977
-0.00193313
-0.0118156
-0.0175296
-0.0221461
-0.0220607
-0.0213248
-0.0165842
-0.0118568
-0.00484782
0.00161045
0.00868359
0.0148721
0.0207946
0.0260743
0.0312604
0.0364518
0.0422971
0.0481307
0.0546826
0.0612254
0.0683686
0.0754809
0.0830527
0.0905471
0.0983418
0.10599
0.113768
0.121312
0.128811
0.135978
0.142929
0.149444
0.155584
0.161188
0.166279
0.170741
0.174577
0.177712
0.180135
0.181808
0.182717
0.182853
0.182205
0.180796
0.178612
0.175711
0.172074
0.167796
0.162845
0.157362
0.151283
0.144809
0.13783
0.130614
0.122986
0.115294
0.107282
0.0993847
0.0912514
0.0834116
0.0754074
0.0678647
0.0602154
0.0531782
0.0460768
0.0395549
0.0330392
0.0263586
0.0190652
0.0114041
0.00289819
-0.00513028
-0.0136715
-0.0200472
-0.0264199
-0.0287433
-0.0304064
-0.0270555
-0.0225567
-0.0133485
-0.00281853
0.0109505
0.0258799
0.041228
0.0569495
0.0696512
0.0810691
0.0882736
0.0928452
0.0949614
0.1038
0.101813
0.0974497
0.0907432
0.0800037
0.0681303
0.0531907
0.0384603
0.0237797
0.00987099
-0.00119923
-0.011436
-0.0171437
-0.0221991
-0.0221149
-0.0217958
-0.0170634
-0.0126406
-0.00564373
0.000640953
0.00770291
0.0137907
0.0197072
0.0248916
0.0300762
0.035168
0.0410117
0.0467561
0.0533062
0.0597747
0.066916
0.0739688
0.0815385
0.0889873
0.0967798
0.104395
0.112171
0.119692
0.12719
0.134343
0.141292
0.147799
0.153939
0.15954
0.164629
0.169092
0.172927
0.176063
0.178486
0.180161
0.181069
0.181207
0.18056
0.179152
0.176968
0.174069
0.170433
0.166159
0.161209
0.155733
0.149656
0.143195
0.136218
0.129023
0.121397
0.113735
0.105725
0.0978706
0.0897395
0.0819552
0.0739532
0.0664795
0.0588324
0.0518776
0.0447782
0.0383469
0.031833
0.0252343
0.0179475
0.0103682
0.00187424
-0.00600164
-0.0145296
-0.0206146
-0.0269778
-0.0288781
-0.0305389
-0.0267161
-0.0222233
-0.0126093
-0.00209251
0.0119158
0.0268279
0.0421993
0.0579034
0.0704719
0.0818755
0.088934
0.093501
0.0955597
0.10448
0.10252
0.0982835
0.0915807
0.0811506
0.0692595
0.0545803
0.0397797
0.0251205
0.0110636
-9.5827e-05
-0.0106051
-0.0165532
-0.0219357
-0.0221961
-0.0221872
-0.0177262
-0.0135737
-0.00669457
-0.000616696
0.00642299
0.0123763
0.0182241
0.0233323
0.0283195
0.0333418
0.0391179
0.0447999
0.051281
0.0576974
0.0647793
0.0717902
0.0793101
0.0867264
0.0944782
0.102069
0.109813
0.117318
0.12479
0.131933
0.138863
0.145365
0.151491
0.15709
0.16217
0.166633
0.170462
0.1736
0.176019
0.177696
0.178604
0.178743
0.178097
0.176691
0.174512
0.171614
0.167986
0.163715
0.158777
0.153307
0.147247
0.140796
0.133842
0.126661
0.119066
0.111427
0.103456
0.095632
0.0875496
0.0798045
0.0718606
0.0644356
0.0568557
0.0499589
0.042924
0.0365561
0.0302384
0.0237051
0.01648
0.00902092
0.000535586
-0.00714634
-0.0155721
-0.0213925
-0.0274885
-0.029073
-0.0303663
-0.0261939
-0.0214199
-0.0114955
-0.000852376
0.0133424
0.0282575
0.0437279
0.0591623
0.0717642
0.0828334
0.0898935
0.0943081
0.0963362
0.105328
0.103369
0.0991951
0.092505
0.0825434
0.0706841
0.0566219
0.0418734
0.0273376
0.0133355
0.00171049
-0.00875719
-0.0155971
-0.020959
-0.022337
-0.0223314
-0.0189553
-0.0148249
-0.00873066
-0.00268005
0.003918
0.00985175
0.0155207
0.0206239
0.0254964
0.030517
0.0360928
0.041773
0.0480498
0.0544641
0.0613714
0.0683799
0.075754
0.083168
0.0908012
0.0983901
0.10604
0.113543
0.120943
0.128083
0.134961
0.141461
0.14755
0.153147
0.158202
0.162664
0.166478
0.169615
0.172028
0.173704
0.174611
0.174751
0.174111
0.172704
0.170539
0.167642
0.164036
0.159766
0.154861
0.149392
0.143381
0.136931
0.130044
0.122866
0.11536
0.107723
0.0998669
0.0920452
0.0841048
0.0763622
0.0685888
0.0611662
0.0537849
0.0468903
0.0400461
0.0336803
0.0274561
0.0209284
0.0138425
0.00640417
-0.0016895
-0.00934203
-0.017023
-0.0228181
-0.0278221
-0.0293999
-0.029499
-0.0253454
-0.0195511
-0.00966937
0.00157135
0.0157069
0.0305676
0.0459797
0.0607718
0.073337
0.0838981
0.0909437
0.0952918
0.0973182
0.106297
0.10434
0.100629
0.0939497
0.0842174
0.072389
0.0588265
0.0441342
0.0297317
0.0157888
0.00366102
-0.00676176
-0.0145646
-0.0199042
-0.0224893
-0.0224872
-0.0202825
-0.016176
-0.0109293
-0.00490813
0.00121301
0.00712565
0.0126015
0.0176992
0.0224478
0.0274667
0.0328262
0.0385044
0.0445606
0.0509727
0.0576913
0.0646974
0.0719141
0.0793255
0.0868307
0.0944169
0.101965
0.109466
0.116789
0.123927
0.130747
0.137245
0.143293
0.148888
0.153917
0.158378
0.162176
0.165312
0.167718
0.169393
0.1703
0.17044
0.169806
0.1684
0.166249
0.163353
0.159769
0.155501
0.150632
0.145165
0.139206
0.132759
0.125944
0.118768
0.111358
0.103724
0.095991
0.0881721
0.080385
0.0726451
0.0650558
0.0576358
0.0504689
0.0435767
0.0369384
0.0305748
0.0244516
0.01793
0.0109945
0.0035785
-0.00409223
-0.011713
-0.0185897
-0.0243575
-0.0281823
-0.0297529
-0.0285624
-0.0244291
-0.0175331
-0.0076974
0.00418859
0.0182602
0.0330622
0.0484113
0.0626855
0.075215
0.0855296
0.0925628
0.0964098
0.0984343
0.108211
0.106257
0.102997
0.0963494
0.0870003
0.0752426
0.0614936
0.046871
0.0318447
0.0179503
0.00480637
-0.00559537
-0.0146603
-0.0200072
-0.0237423
-0.0237708
-0.0223569
-0.01829
-0.013457
-0.00747007
-0.00153343
0.00435793
0.00958371
0.0146757
0.0190336
0.0240506
0.0291171
0.0347931
0.0406366
0.0470463
0.0535983
0.0606018
0.067696
0.0751046
0.0825275
0.0901109
0.0976113
0.105109
0.112412
0.119547
0.126367
0.132863
0.138924
0.144517
0.149566
0.154024
0.157843
0.160978
0.1634
0.165074
0.165991
0.16613
0.165499
0.164093
0.161937
0.159042
0.155451
0.151184
0.146309
0.140844
0.134887
0.128442
0.121645
0.114472
0.107104
0.0994731
0.0918124
0.0839964
0.0763176
0.0685806
0.0611393
0.0537221
0.0467443
0.0398547
0.0334813
0.0271201
0.0213549
0.0148397
0.00811177
0.000718273
-0.00682576
-0.0144101
-0.0209357
-0.0266601
-0.0297374
-0.0312722
-0.0289143
-0.0247684
-0.0165065
-0.00668846
0.00637079
0.0203935
0.0359714
0.0512459
0.0658193
0.0782708
0.0881969
0.0951941
0.0985153
0.100537
0.110263
0.108311
0.10529
0.0986637
0.0899738
0.0782031
0.0643758
0.0498291
0.0340832
0.0202406
0.00597005
-0.00441025
-0.0148392
-0.0201957
-0.0252048
-0.0252674
-0.0247004
-0.0206766
-0.0162185
-0.0102685
-0.00445835
0.00141005
0.00635013
0.0114359
0.0153403
0.0203553
0.0251021
0.0307758
0.0363909
0.0427979
0.0491721
0.0561727
0.0631373
0.0705429
0.0778799
0.0854602
0.0929121
0.100407
0.107691
0.114823
0.121647
0.12814
0.134218
0.139809
0.144882
0.149338
0.153181
0.156314
0.158755
0.160429
0.161356
0.161495
0.160865
0.15946
0.157298
0.154404
0.150802
0.146538
0.141653
0.136191
0.130233
0.123791
0.117011
0.109841
0.102515
0.0948865
0.0873005
0.0794877
0.0719227
0.0641889
0.0569047
0.0494905
0.0427147
0.0358279
0.0297427
0.0233841
0.0180386
0.0115302
0.00504357
-0.00232565
-0.00980597
-0.017351
-0.0235727
-0.02925
-0.0315322
-0.0330273
-0.0293784
-0.0252171
-0.0154846
-0.00568418
0.0086693
0.0226402
0.0391148
0.0543083
0.0690762
0.0815378
0.0907847
0.0977538
0.100773
0.102792
0.111532
0.109743
0.106731
0.100589
0.0919394
0.0807538
0.067025
0.052699
0.0369666
0.0228259
0.00848849
-0.00271008
-0.0132464
-0.0197781
-0.0249517
-0.0262705
-0.0258561
-0.0228851
-0.0185156
-0.0132813
-0.00752124
-0.00212112
0.00274107
0.00741657
0.0112321
0.0158193
0.0205393
0.0258186
0.0314137
0.0374686
0.0438263
0.0505194
0.0574711
0.0646139
0.0719412
0.0793021
0.0867472
0.094063
0.101343
0.108333
0.115155
0.121539
0.127617
0.133128
0.1382
0.142601
0.146444
0.149544
0.151985
0.153644
0.154572
0.154714
0.154085
0.152701
0.150539
0.147686
0.144085
0.139885
0.135002
0.129633
0.123677
0.117361
0.110585
0.103579
0.0962596
0.0888385
0.0812614
0.0737015
0.0661484
0.0587142
0.0514453
0.0443761
0.0376187
0.0311185
0.0250582
0.0191153
0.0138639
0.00774334
0.00133047
-0.00560855
-0.0130476
-0.0199142
-0.0260554
-0.030682
-0.0328132
-0.0329893
-0.0291663
-0.0237041
-0.0138518
-0.00308302
0.0113531
0.0257424
0.0422215
0.0572457
0.0719139
0.0837725
0.0929736
0.0994097
0.102418
0.104248
0.112902
0.11129
0.108288
0.102668
0.0940619
0.0835081
0.0698486
0.0557961
0.0401395
0.0256291
0.0113545
-0.000837094
-0.0113355
-0.0192811
-0.0244477
-0.0272795
-0.0268862
-0.025198
-0.0208652
-0.0165324
-0.0108073
-0.00602411
-0.00117997
0.00297236
0.0067859
0.0108754
0.0155932
0.0204138
0.0260062
0.0316517
0.0380064
0.0443418
0.0512902
0.0581275
0.0654513
0.0725572
0.0799987
0.0871069
0.0943831
0.101209
0.108028
0.114286
0.12036
0.125779
0.130849
0.135186
0.139027
0.142088
0.144528
0.14617
0.147098
0.147243
0.146614
0.145255
0.143094
0.140289
0.13669
0.132565
0.127684
0.122422
0.11647
0.1103
0.103527
0.0967126
0.0893962
0.0822159
0.0746424
0.0673764
0.059827
0.0527412
0.0454756
0.0388077
0.0320536
0.0260029
0.0199455
0.0144861
0.00923739
0.00361088
-0.00278239
-0.00915266
-0.0165538
-0.0225649
-0.0286651
-0.032012
-0.0341169
-0.0327048
-0.028885
-0.0218573
-0.012042
-9.80503e-05
0.014272
0.0291783
0.0455745
0.0603879
0.0749782
0.0861856
0.0953372
0.101198
0.104195
0.105821
0.114381
0.11296
0.109969
0.104914
0.0963539
0.0864823
0.0728977
0.0591405
0.0435657
0.0286562
0.0144494
0.00118543
-0.00927213
-0.0187445
-0.0239033
-0.0283691
-0.0279986
-0.0276956
-0.0234025
-0.0200431
-0.0143557
-0.0102387
-0.00541407
-0.00182667
0.00198469
0.00553683
0.0102522
0.0145775
0.020167
0.0253703
0.0317217
0.037671
0.0446158
0.0511232
0.0584433
0.0652737
0.0727115
0.0795954
0.0868679
0.0935164
0.100331
0.106453
0.112525
0.117843
0.12291
0.127179
0.131018
0.134037
0.136476
0.138099
0.139026
0.139176
0.138547
0.137214
0.135054
0.132301
0.128704
0.12466
0.119782
0.114636
0.108687
0.102675
0.0959059
0.0892975
0.0819848
0.0750645
0.0674949
0.0605464
0.0530008
0.0462912
0.0390294
0.0327948
0.026044
0.0204789
0.0144246
0.00948732
0.00424151
-0.00085152
-0.00722361
-0.0129797
-0.02034
-0.0254274
-0.0314831
-0.0334481
-0.0355247
-0.0323976
-0.0285813
-0.0198631
-0.0100878
0.00312525
0.0174239
0.0328885
0.0491952
0.0637811
0.0782872
0.0887914
0.0978896
0.103129
0.106114
0.107519
0.115265
0.11391
0.110774
0.105932
0.0980645
0.088535
0.0759183
0.0623414
0.0473496
0.0323293
0.018125
0.00446748
-0.00654551
-0.0166107
-0.0228239
-0.0279536
-0.0289083
-0.029204
-0.0261445
-0.0232477
-0.0184849
-0.0147107
-0.010432
-0.00710905
-0.00367208
-0.000330868
0.00394911
0.00807955
0.01322
0.0182489
0.0241824
0.0299789
0.0365413
0.0429177
0.0498937
0.0566142
0.0637482
0.0705422
0.0775523
0.0841292
0.0907235
0.0967902
0.102683
0.107961
0.11289
0.11713
0.120871
0.123872
0.126253
0.127868
0.128776
0.128927
0.128317
0.126995
0.124895
0.122163
0.118667
0.114657
0.109923
0.104825
0.0990662
0.0931186
0.0865874
0.0800619
0.0730358
0.0662193
0.0589844
0.0521622
0.0449974
0.038437
0.0315982
0.0255348
0.0192435
0.0138698
0.00826102
0.0035292
-0.0013354
-0.00617791
-0.0120188
-0.0174533
-0.0239044
-0.0285473
-0.0333463
-0.0347104
-0.035365
-0.0315381
-0.0265143
-0.0171361
-0.00665683
0.00702786
0.0214156
0.0370514
0.0527761
0.0672025
0.0806564
0.0908012
0.0991401
0.104148
0.107303
0.108633
0.116228
0.114875
0.112355
0.107528
0.100448
0.0909663
0.0793811
0.0658901
0.051505
0.0365849
0.0220794
0.0085099
-0.00371437
-0.0137211
-0.0217833
-0.0268959
-0.0299922
-0.0303108
-0.0292533
-0.026399
-0.023195
-0.0194566
-0.016166
-0.0128523
-0.0101316
-0.00679236
-0.00327809
0.000849887
0.00524218
0.010268
0.0155125
0.0213055
0.0272439
0.0336165
0.0400376
0.0467541
0.0534043
0.0601942
0.0667916
0.0733646
0.0796162
0.0856792
0.0912971
0.0965716
0.101291
0.105529
0.109123
0.112122
0.114415
0.11603
0.116909
0.11706
0.116481
0.11516
0.11315
0.11042
0.107078
0.10307
0.0985592
0.0934638
0.0880007
0.0820566
0.0758986
0.069377
0.0628052
0.0559928
0.0492944
0.0424763
0.0359287
0.0293721
0.0232257
0.0171659
0.011633
0.00626254
0.00143097
-0.00329802
-0.0074527
-0.0122846
-0.0171705
-0.0225657
-0.0274922
-0.0320868
-0.0348596
-0.0361943
-0.0345713
-0.0307568
-0.0236482
-0.0143288
-0.00237291
0.0112174
0.0260979
0.0416219
0.0567859
0.0711132
0.0834755
0.0935632
0.101046
0.106034
0.108509
0.109837
0.117938
0.116597
0.11461
0.109872
0.104193
0.0947812
0.08403
0.0706309
0.0560458
0.0412355
0.0256243
0.0121303
-0.00195866
-0.0119297
-0.0222555
-0.0273852
-0.0325267
-0.0328938
-0.0332832
-0.0304829
-0.0281989
-0.0244986
-0.022175
-0.018871
-0.0172995
-0.0139644
-0.0113717
-0.00724826
-0.00363268
0.00138819
0.00593759
0.0117252
0.0170551
0.023422
0.0293217
0.0360326
0.0422462
0.0490306
0.0552717
0.0618395
0.0678085
0.0738668
0.0792685
0.0845389
0.0891009
0.0933357
0.0968237
0.0998206
0.102054
0.103667
0.104529
0.10468
0.104125
0.102805
0.100864
0.0981355
0.0949113
0.0909062
0.08657
0.0814786
0.0762565
0.0703171
0.0644767
0.0579603
0.0517913
0.0449845
0.0387809
0.0319687
0.0260102
0.0194595
0.013995
0.00794094
0.00317546
-0.00218965
-0.00610372
-0.0108276
-0.0138314
-0.018652
-0.0226068
-0.0279603
-0.0320433
-0.0365779
-0.0379532
-0.0392309
-0.0355106
-0.0316704
-0.0221017
-0.0128146
0.00129054
0.0148041
0.0310669
0.0464728
0.0620273
0.076249
0.0878185
0.0978251
0.103795
0.10868
0.110477
0.11179
0.118458
0.117368
0.115387
0.111525
0.105881
0.0978172
0.087141
0.0748833
0.0604114
0.0459437
0.0304234
0.0163027
0.00227881
-0.00922789
-0.0195599
-0.0268189
-0.0320412
-0.0346575
-0.0351426
-0.0342803
-0.0320863
-0.029863
-0.0276117
-0.0254858
-0.0239216
-0.0216777
-0.0190868
-0.0159905
-0.0123774
-0.00832056
-0.00377433
0.00112424
0.00645034
0.0120117
0.0179073
0.0239018
0.0301111
0.0362713
0.0425081
0.0485447
0.0545096
0.060129
0.0655269
0.0704488
0.0750075
0.0789815
0.0824671
0.0852883
0.0875199
0.0890416
0.0899027
0.090045
0.0894905
0.0882468
0.0863068
0.0837434
0.0805215
0.0767741
0.0724409
0.0677061
0.0624877
0.0570092
0.0511728
0.0452258
0.0390612
0.0329341
0.0267348
0.0207106
0.0147563
0.00909559
0.00363485
-0.00143847
-0.00620062
-0.0105106
-0.0144219
-0.0180234
-0.02101
-0.024634
-0.0285127
-0.0323807
-0.0363728
-0.038921
-0.0401964
-0.0390797
-0.0352687
-0.0290527
-0.0194702
-0.0083628
0.00567569
0.0200431
0.0362085
0.0513768
0.0668071
0.0798621
0.0913427
0.0999022
0.105829
0.109742
0.111533
0.112555
0.11902
0.118201
0.116203
0.11331
0.107703
0.101096
0.0905004
0.0794753
0.0651149
0.0510257
0.0356198
0.0208083
0.00687806
-0.00631038
-0.0165873
-0.0261901
-0.0314045
-0.0365092
-0.0370243
-0.0383352
-0.0361837
-0.0356492
-0.033423
-0.0326351
-0.0310724
-0.0300068
-0.0274178
-0.0254306
-0.0218203
-0.0188045
-0.0142617
-0.0103232
-0.00500107
-0.000309539
0.0055816
0.0108025
0.0170071
0.0224933
0.0287253
0.0341885
0.0401488
0.0452944
0.0506883
0.0552337
0.059789
0.0634813
0.0669642
0.0695959
0.0718258
0.0732482
0.0741086
0.0742417
0.0736876
0.0725263
0.0705878
0.0682022
0.0649828
0.0615138
0.0571838
0.0528341
0.0476196
0.0426387
0.0368068
0.0314747
0.0253146
0.0199215
0.0137269
0.0085536
0.00260378
-0.00209581
-0.00755244
-0.0115667
-0.0163253
-0.0194958
-0.0234042
-0.0257938
-0.0287777
-0.031043
-0.0348931
-0.0370612
-0.0410041
-0.0413243
-0.0425621
-0.0387965
-0.0349877
-0.0261567
-0.0166287
-0.00352777
0.010411
0.0257204
0.0417591
0.0566656
0.0719684
0.0837637
0.0951483
0.102145
0.108026
0.110866
0.112672
0.113382
0.118459
0.117682
0.11578
0.112993
0.108359
0.102069
0.0932792
0.0825706
0.0699077
0.0559889
0.0414567
0.0266066
0.012532
-0.000906664
-0.0124023
-0.0224255
-0.029799
-0.0354114
-0.0385094
-0.0403259
-0.0405475
-0.0404492
-0.0398126
-0.0393495
-0.0387662
-0.0379274
-0.0364137
-0.0346406
-0.032134
-0.0293199
-0.0258333
-0.0220816
-0.0177534
-0.0132319
-0.00825975
-0.00319073
0.00218065
0.00753385
0.0130272
0.0183766
0.0236995
0.0287507
0.0336133
0.0380835
0.0422174
0.0458532
0.049027
0.0516206
0.0536558
0.0550581
0.05584
0.0559714
0.0554571
0.0543124
0.0525344
0.0501845
0.0472485
0.0438353
0.0399138
0.0356407
0.0309605
0.0260785
0.0209056
0.0156951
0.0103154
0.00506668
-0.000233231
-0.0052398
-0.0101913
-0.0147034
-0.0190732
-0.0228816
-0.0264838
-0.0294337
-0.0322056
-0.0343611
-0.036311
-0.0382451
-0.0404418
-0.0421644
-0.0436043
-0.0433992
-0.0418193
-0.0375082
-0.0312142
-0.0219087
-0.0108484
0.00255859
0.016839
0.0322258
0.0474255
0.0621705
0.0756555
0.0871149
0.0965071
0.103156
0.10797
0.110691
0.112465
0.113125
0.118423
0.117646
0.11654
0.113773
0.111304
0.105017
0.0982283
0.0876487
0.076097
0.0623299
0.0477923
0.0330826
0.0177095
0.0043755
-0.00952152
-0.0194956
-0.0297883
-0.0354076
-0.041276
-0.0431309
-0.0455855
-0.0455241
-0.0467364
-0.0462825
-0.0474475
-0.0466094
-0.0466416
-0.04487
-0.0437808
-0.0409692
-0.0388056
-0.0350572
-0.0319416
-0.0274241
-0.023543
-0.0184784
-0.0140697
-0.00872125
-0.00405896
0.00128581
0.00590942
0.0109562
0.0152494
0.0197157
0.0234064
0.027039
0.0298924
0.0324836
0.0343179
0.035719
0.0364182
0.0365495
0.0360718
0.0349282
0.03331
0.0309622
0.0283157
0.0249055
0.0214115
0.0171422
0.0130364
0.00815869
0.0037148
-0.00149118
-0.0059824
-0.0112265
-0.0154785
-0.0204807
-0.024231
-0.0287391
-0.0317677
-0.0355728
-0.0377149
-0.0406622
-0.0418218
-0.0439753
-0.0440936
-0.046016
-0.0463089
-0.0479879
-0.0471364
-0.0468834
-0.0423655
-0.0380383
-0.0285042
-0.0192438
-0.00536774
0.00792968
0.0238779
0.0391105
0.0545261
0.0690992
0.0815034
0.0928116
0.100101
0.106736
0.109198
0.11189
0.112647
0.113307
0.116882
0.116363
0.115231
0.113597
0.111177
0.10693
0.100379
0.0919365
0.0806147
0.0683733
0.0539524
0.0396967
0.0243601
0.0102283
-0.00375013
-0.0156682
-0.0261533
-0.0344227
-0.0405182
-0.0450939
-0.0477594
-0.0499769
-0.0513542
-0.0526732
-0.0538981
-0.0546209
-0.0547414
-0.0544507
-0.0534421
-0.0520512
-0.0499635
-0.047555
-0.0445097
-0.0412338
-0.0374166
-0.0334816
-0.0291298
-0.0247884
-0.0201758
-0.0157083
-0.011127
-0.00682275
-0.00256434
0.00129676
0.00496026
0.00812685
0.0109604
0.013226
0.0150479
0.0162652
0.0169594
0.0170514
0.0165761
0.0155414
0.0139333
0.0118473
0.00921877
0.00622872
0.00276098
-0.000924949
-0.00499591
-0.00912357
-0.0135237
-0.0178129
-0.0222513
-0.0264157
-0.030606
-0.0343749
-0.0380552
-0.0411921
-0.0441432
-0.0464614
-0.0485199
-0.0498931
-0.0509597
-0.0514412
-0.051489
-0.0515158
-0.0516343
-0.0508721
-0.0498004
-0.0465716
-0.041809
-0.0344737
-0.0247194
-0.0131262
0.000856437
0.0152569
0.0311786
0.0460978
0.061393
0.0744077
0.0865624
0.0955885
0.102612
0.107041
0.109441
0.110885
0.111664
0.112024
0.114673
0.114341
0.113258
0.112385
0.110347
0.107636
0.10194
0.0952244
0.084964
0.0739748
0.0604251
0.046571
0.0317487
0.0170232
0.00306715
-0.0103684
-0.0214002
-0.0317794
-0.0388457
-0.045644
-0.0493749
-0.0535182
-0.0556744
-0.0584923
-0.0601673
-0.062101
-0.0627428
-0.0636011
-0.063122
-0.0628341
-0.0612626
-0.0598944
-0.0573438
-0.0550321
-0.0516803
-0.0486229
-0.0447004
-0.0411417
-0.0369164
-0.0331309
-0.0288897
-0.025163
-0.0211933
-0.0178028
-0.014373
-0.011569
-0.00891108
-0.00689884
-0.00519193
-0.0041174
-0.00347523
-0.0034137
-0.00387596
-0.00482581
-0.00635443
-0.00823654
-0.010718
-0.0133811
-0.0166341
-0.0198662
-0.0236557
-0.0272003
-0.0312545
-0.034831
-0.0388631
-0.0421885
-0.0459175
-0.0487283
-0.0519
-0.053972
-0.0563763
-0.0575402
-0.0590247
-0.0591763
-0.0596704
-0.0588543
-0.0583997
-0.0568238
-0.0560795
-0.0532513
-0.0509761
-0.0453138
-0.0394081
-0.0296765
-0.0192154
-0.00579767
0.00825473
0.0234873
0.0389007
0.0535249
0.0678857
0.0796162
0.0906067
0.0977855
0.103857
0.106622
0.108599
0.109203
0.109982
0.110126
0.111541
0.111206
0.110643
0.109733
0.10985
0.107114
0.104429
0.0977677
0.0903712
0.0795092
0.0679445
0.0542565
0.0400026
0.0254486
0.010435
-0.00285952
-0.0163808
-0.026678
-0.0370316
-0.0438069
-0.0507833
-0.0549337
-0.0596524
-0.0624723
-0.0661375
-0.0680691
-0.0705463
-0.0714036
-0.0727058
-0.0724181
-0.0725507
-0.0711841
-0.0702354
-0.0679264
-0.0660537
-0.0629997
-0.0604174
-0.0568626
-0.0538261
-0.0500448
-0.046832
-0.0431095
-0.0400019
-0.0366152
-0.0338769
-0.031076
-0.0289357
-0.0269257
-0.0255594
-0.0244861
-0.0240034
-0.023942
-0.0243775
-0.0253263
-0.0266356
-0.0285156
-0.0305782
-0.0332384
-0.0358665
-0.039095
-0.0420486
-0.0455893
-0.0485955
-0.0521681
-0.0549435
-0.0582652
-0.060539
-0.0633468
-0.0648822
-0.066952
-0.0675647
-0.0687272
-0.0682987
-0.0684501
-0.066943
-0.0661279
-0.0634925
-0.0619119
-0.0583611
-0.0555184
-0.0496378
-0.0439918
-0.034308
-0.0246588
-0.0111744
0.00209055
0.0176219
0.0326611
0.0476986
0.0621294
0.0744562
0.0860315
0.0939545
0.101055
0.103892
0.106666
0.106323
0.106958
0.107085
0.107232
0.106961
0.106774
0.106138
0.10623
0.106695
0.106109
0.104014
0.100142
0.0932647
0.0850556
0.0738189
0.0620222
0.0479003
0.0340539
0.018918
0.00495446
-0.00893909
-0.0210955
-0.0319373
-0.0411608
-0.0486048
-0.0550447
-0.0601246
-0.0647275
-0.0686196
-0.0720679
-0.0748226
-0.0771208
-0.0786848
-0.0797962
-0.0801771
-0.0801455
-0.0794281
-0.078371
-0.0767101
-0.0748094
-0.0724171
-0.0699046
-0.0670352
-0.0641753
-0.0611061
-0.0581766
-0.0551885
-0.052461
-0.049818
-0.0475372
-0.0454682
-0.0438346
-0.0425152
-0.0416695
-0.0412094
-0.0412205
-0.0416535
-0.0425137
-0.0437942
-0.0454179
-0.0474243
-0.0496542
-0.0521972
-0.0548175
-0.057656
-0.0604086
-0.0632688
-0.0658765
-0.0684746
-0.0706625
-0.0727287
-0.074247
-0.0755467
-0.0761917
-0.0765438
-0.076173
-0.0754639
-0.0740062
-0.0721967
-0.06967
-0.0667799
-0.0631819
-0.059234
-0.053781
-0.0473854
-0.0388745
-0.0286337
-0.0166872
-0.00275044
0.0115217
0.0272352
0.0417154
0.0566401
0.0691312
0.0811109
0.089853
0.097208
0.101307
0.103496
0.103962
0.10323
0.102773
0.102946
0.102915
0.10095
0.100837
0.100598
0.101105
0.101896
0.102403
0.101527
0.0991845
0.0944717
0.0877662
0.0788141
0.068131
0.0559118
0.0425416
0.0285878
0.0143372
0.00057863
-0.0125495
-0.0243379
-0.0349165
-0.043911
-0.0516842
-0.0581729
-0.0638399
-0.0686294
-0.0729093
-0.0765057
-0.0795946
-0.081992
-0.0838718
-0.0850769
-0.0857792
-0.0858628
-0.0854946
-0.0845984
-0.0833329
-0.0816568
-0.0797188
-0.077506
-0.0751545
-0.0726723
-0.0701808
-0.0677009
-0.0653375
-0.0631156
-0.0611222
-0.0593791
-0.0579534
-0.0568574
-0.0561371
-0.0557908
-0.0558419
-0.0562732
-0.0570842
-0.058243
-0.0597247
-0.0614867
-0.0634787
-0.0656546
-0.0679386
-0.0702899
-0.0726078
-0.0748667
-0.0769424
-0.0788348
-0.0803977
-0.0816662
-0.0824746
-0.0829004
-0.0827617
-0.0821825
-0.0809689
-0.0792923
-0.076951
-0.0741508
-0.0706848
-0.0667372
-0.0619342
-0.0563162
-0.0493374
-0.0410334
-0.0309303
-0.0194063
-0.00624957
0.00775201
0.0224875
0.0370379
0.0511098
0.0640127
0.0753483
0.0848529
0.0919772
0.0969762
0.0994171
0.100259
0.0995397
0.0984568
0.0975409
0.0974269
0.0973081
0.0934983
0.0933645
0.0927753
0.0935076
0.0960709
0.0973244
0.0992296
0.0981329
0.0961098
0.0909169
0.0842309
0.0750307
0.0643194
0.0521323
0.0385712
0.0249738
0.0104109
-0.00269409
-0.0160893
-0.0271319
-0.0379015
-0.0462858
-0.0541275
-0.0602975
-0.0660711
-0.0707794
-0.0754077
-0.0788991
-0.0823082
-0.0845802
-0.0867461
-0.0878242
-0.0888044
-0.0887911
-0.0887174
-0.0877819
-0.0868479
-0.0852122
-0.0836569
-0.0815776
-0.0796666
-0.0774153
-0.0754194
-0.0732626
-0.0714372
-0.0696143
-0.0681792
-0.0668856
-0.066007
-0.0653771
-0.0651542
-0.0652497
-0.0657047
-0.0665106
-0.0675861
-0.069009
-0.0705726
-0.0724485
-0.0743026
-0.0764109
-0.0783104
-0.0803912
-0.0820637
-0.0838423
-0.0850128
-0.0862216
-0.086637
-0.087039
-0.0864903
-0.0859006
-0.0842417
-0.0825423
-0.0797028
-0.0768529
-0.0728452
-0.0688354
-0.0637182
-0.0582821
-0.0510813
-0.0433263
-0.032934
-0.0221888
-0.00868686
0.00457884
0.0197135
0.0338365
0.0481658
0.061001
0.0723732
0.0821109
0.0891875
0.0946693
0.0967724
0.0978638
0.0957574
0.0942328
0.0912634
0.0900981
0.0901718
0.0900686
0.084271
0.0841073
0.0838561
0.085008
0.0873715
0.0902257
0.092328
0.0938984
0.0928065
0.0907433
0.0853696
0.0791465
0.0698633
0.0599673
0.0477393
0.0353101
0.0217124
0.00849581
-0.00450158
-0.0166284
-0.0274875
-0.0372594
-0.0454045
-0.0527303
-0.0587066
-0.0643103
-0.0691163
-0.0734478
-0.0770151
-0.0801041
-0.082433
-0.0842928
-0.0854383
-0.0861613
-0.0862526
-0.0860007
-0.0852288
-0.0842181
-0.0828194
-0.0813023
-0.0795392
-0.0777838
-0.0759241
-0.0741929
-0.0724884
-0.0710172
-0.0696838
-0.0686623
-0.0678623
-0.0674184
-0.0672465
-0.0674349
-0.0679094
-0.0687058
-0.0697668
-0.0710694
-0.0725821
-0.0742196
-0.0759859
-0.0777319
-0.0795072
-0.0810997
-0.0826143
-0.0837791
-0.0847619
-0.085237
-0.0854398
-0.084999
-0.0842187
-0.0826921
-0.0807894
-0.0780794
-0.0749913
-0.0710822
-0.0668006
-0.0616568
-0.0562389
-0.0493552
-0.0417121
-0.0322031
-0.0215756
-0.00935965
0.0038273
0.0174997
0.0316504
0.04472
0.0576172
0.0680848
0.0779011
0.0844562
0.0901007
0.0922115
0.0932936
0.0915257
0.0891742
0.0859452
0.0831707
0.0815488
0.08136
0.081277
0.0733617
0.0730953
0.0720469
0.0730804
0.0764869
0.0795046
0.0840988
0.0862759
0.0884623
0.0874407
0.0856658
0.0807559
0.074894
0.0663783
0.0568186
0.0456026
0.033401
0.0210165
0.00807564
-0.00366394
-0.0152981
-0.0249831
-0.0338799
-0.0412088
-0.0476269
-0.0532254
-0.0584878
-0.0628012
-0.0668264
-0.0698918
-0.0726471
-0.0744796
-0.076017
-0.0767119
-0.0771602
-0.076882
-0.076434
-0.0754019
-0.0742969
-0.072766
-0.0712697
-0.0695104
-0.0678931
-0.0661693
-0.0646841
-0.0632315
-0.0620931
-0.0611008
-0.0604674
-0.0600612
-0.0600209
-0.0602519
-0.0608139
-0.0616545
-0.0627476
-0.0640917
-0.0655697
-0.0672417
-0.0688955
-0.0706653
-0.0722413
-0.0738437
-0.0750657
-0.0762249
-0.0768191
-0.0772721
-0.0769922
-0.0765125
-0.0751624
-0.0735816
-0.0710333
-0.0682561
-0.0644634
-0.0604774
-0.0554817
-0.0502475
-0.0441337
-0.0371524
-0.0284437
-0.0189266
-0.0071554
0.00474006
0.0181727
0.031015
0.0438903
0.0556784
0.065813
0.0747876
0.0809376
0.086059
0.087816
0.0887862
0.0863559
0.0839193
0.0789494
0.0755316
0.0716708
0.0701646
0.0706937
0.0707151
0.0607312
0.060244
0.059809
0.0606839
0.0634426
0.0671817
0.0713412
0.0754077
0.0781735
0.0799816
0.0795745
0.0780005
0.0739987
0.0688297
0.0613932
0.0529883
0.0428535
0.0322984
0.0209741
0.0100141
-0.000642437
-0.0102185
-0.0187628
-0.0261478
-0.0324153
-0.0380139
-0.0430267
-0.0473049
-0.0510385
-0.0540517
-0.0565274
-0.0582958
-0.0595724
-0.0601978
-0.0604105
-0.0600653
-0.0594122
-0.0583237
-0.0570483
-0.0554792
-0.0538499
-0.0520767
-0.0503652
-0.0486556
-0.0471144
-0.0457056
-0.0445474
-0.0436263
-0.0430058
-0.0426931
-0.0426939
-0.0430334
-0.0436598
-0.0446137
-0.0457901
-0.0472415
-0.0488175
-0.0505801
-0.0523435
-0.0541772
-0.0558723
-0.0575041
-0.0588538
-0.0600016
-0.0607319
-0.0611296
-0.0609945
-0.0604156
-0.0592188
-0.0574975
-0.0551113
-0.0521579
-0.0485359
-0.0443467
-0.0394782
-0.0340037
-0.0279109
-0.0206139
-0.0121238
-0.00244761
0.00841536
0.0197344
0.0315105
0.0425782
0.0532451
0.0621092
0.0699415
0.0753424
0.0794762
0.0810054
0.0812846
0.0792133
0.0761419
0.0716897
0.0671295
0.0629464
0.0597399
0.0583918
0.0584177
0.0586644
0.0473173
0.0465204
0.0445696
0.0448206
0.0476217
0.0510118
0.0563409
0.0607683
0.0654326
0.0685025
0.0706348
0.0711144
0.0700988
0.0675349
0.0631263
0.0575071
0.0498671
0.0418116
0.0320855
0.0229898
0.0131289
0.00474698
-0.00327427
-0.00986751
-0.0156099
-0.0205036
-0.0250506
-0.0286061
-0.0318834
-0.0341554
-0.03615
-0.0371778
-0.037964
-0.0378697
-0.0375996
-0.0365758
-0.0354654
-0.0337586
-0.0320689
-0.029959
-0.0279746
-0.0257524
-0.0237584
-0.021703
-0.0199617
-0.0183172
-0.0170473
-0.0160036
-0.0153612
-0.015038
-0.0151036
-0.0155399
-0.0163106
-0.0174611
-0.0188504
-0.0205883
-0.0224329
-0.0245604
-0.0266336
-0.0288985
-0.0309297
-0.0330463
-0.0347439
-0.0364178
-0.0374948
-0.0384475
-0.0386463
-0.0386395
-0.0377549
-0.0366114
-0.0345092
-0.0321288
-0.0287588
-0.0251285
-0.0205311
-0.0156108
-0.00988162
-0.00325148
0.0048703
0.0134302
0.0236335
0.0330781
0.0432933
0.0517457
0.0598197
0.0657093
0.0703068
0.0728998
0.0738029
0.0731108
0.0706397
0.0671987
0.0620962
0.0572362
0.0514609
0.0476249
0.0443773
0.043673
0.0451342
0.0457014
0.0330324
0.0320113
0.0293946
0.029113
0.0306122
0.033557
0.0379683
0.0424914
0.0475167
0.0513743
0.0553101
0.0572051
0.0592627
0.0585679
0.0581953
0.0546261
0.0514235
0.0452574
0.0396055
0.0319759
0.0252481
0.0178494
0.0118391
0.00589361
0.00157924
-0.002776
-0.00582232
-0.0088268
-0.0105404
-0.012248
-0.0126681
-0.0131329
-0.0123737
-0.0117329
-0.00998679
-0.00844831
-0.0059696
-0.00379425
-0.000879126
0.00164021
0.00467681
0.00723837
0.0100869
0.0124036
0.0147838
0.0166063
0.0182891
0.0194252
0.020251
0.020582
0.0204733
0.0199637
0.018932
0.017633
0.015778
0.0138237
0.0113255
0.00892225
0.00602695
0.00343607
0.000435565
-0.002048
-0.00483934
-0.00691171
-0.00918287
-0.0105564
-0.0120248
-0.0124525
-0.0128869
-0.0121829
-0.0114228
-0.00947913
-0.00744818
-0.00424461
-0.000942151
0.00355418
0.00803268
0.0141153
0.0203339
0.0279685
0.035003
0.0429659
0.0489154
0.0553808
0.0587264
0.0624138
0.0626815
0.063244
0.0608484
0.0586077
0.0542001
0.0498845
0.0443703
0.039374
0.0345197
0.0311216
0.0292107
0.0290474
0.0312476
0.0320468
0.0194572
0.017816
0.0152716
0.0134551
0.0138743
0.0151034
0.0183972
0.0219032
0.0262862
0.0304606
0.0343553
0.0380679
0.0407065
0.0432361
0.0440488
0.0447426
0.0431675
0.041613
0.0377088
0.0342521
0.0290577
0.0248708
0.0199658
0.0163694
0.0128097
0.0104884
0.00824982
0.00731737
0.00642979
0.00685101
0.00726351
0.00892929
0.0105062
0.0132226
0.0157502
0.0192535
0.0224574
0.026434
0.0299995
0.034109
0.0377053
0.0416056
0.0449103
0.0482826
0.0510062
0.0535788
0.0554863
0.0570546
0.0579839
0.0584262
0.0583006
0.0575868
0.0564213
0.054616
0.0525161
0.0497728
0.0469263
0.0434761
0.0401385
0.0362717
0.0327455
0.0287895
0.0254011
0.0216953
0.0187688
0.0156385
0.0134704
0.0112025
0.010039
0.00885992
0.00887714
0.00893586
0.010226
0.0115827
0.0141533
0.0168052
0.0205943
0.0244464
0.0295766
0.0339958
0.0394462
0.0430846
0.0471793
0.0487711
0.0503572
0.0494907
0.0484552
0.0455508
0.0424933
0.0382795
0.0338666
0.0291663
0.0242737
0.0202913
0.0165486
0.0148998
0.0140729
0.0154916
0.0176574
0.0191007
0.00855731
0.00648065
0.00224841
-0.000915502
-0.00232789
-0.00310818
-0.00161193
-0.000164071
0.00304425
0.00574918
0.00948118
0.01264
0.0163043
0.0193427
0.0223804
0.0246356
0.0261652
0.026954
0.0264022
0.0255389
0.0233083
0.0213929
0.0186665
0.0168397
0.0149436
0.0142192
0.0137378
0.0144465
0.015399
0.0175172
0.0198094
0.0231816
0.0266266
0.0310112
0.0353435
0.04043
0.0453245
0.050755
0.0558502
0.0612446
0.0661679
0.0711504
0.0755448
0.0797704
0.0833198
0.0864977
0.0889494
0.0908643
0.0920472
0.0925739
0.0924109
0.0915227
0.090036
0.087807
0.0851158
0.0817143
0.0780265
0.0737025
0.0692984
0.0643658
0.0595771
0.0543898
0.0495758
0.0445036
0.0400236
0.0354249
0.0316137
0.0278104
0.0249536
0.0222092
0.0205227
0.0190237
0.0186392
0.0184831
0.0194387
0.0205992
0.0228263
0.0249599
0.0279273
0.0300357
0.032427
0.0333483
0.033906
0.0329951
0.0312617
0.028693
0.0252488
0.0217457
0.0175424
0.0138458
0.00954123
0.00631142
0.00258809
0.000683806
-0.0012377
-0.000848153
0.000190335
0.00299244
0.00683858
0.00873512
0.00139455
-0.00095808
-0.00608787
-0.0102107
-0.0141903
-0.0166142
-0.0185125
-0.0189528
-0.0189164
-0.0178683
-0.0164411
-0.0144229
-0.0118684
-0.00929354
-0.00592947
-0.0033834
-5.13023e-05
0.00170932
0.0040191
0.00453178
0.00542689
0.00490108
0.00473012
0.00409623
0.00417551
0.00453897
0.00619172
0.00802816
0.0112335
0.0145225
0.0191227
0.0236754
0.029417
0.0349576
0.041508
0.0476921
0.0546613
0.0610995
0.0680661
0.0743498
0.0808893
0.0866185
0.092331
0.0971421
0.10168
0.105269
0.108358
0.110503
0.111963
0.112535
0.11229
0.111266
0.109346
0.106807
0.103349
0.0994744
0.0947091
0.0897625
0.0840007
0.0783123
0.0719214
0.0658643
0.0592439
0.0532096
0.0467645
0.0411352
0.0352492
0.0303722
0.0253833
0.021549
0.0177268
0.0151493
0.0126797
0.0114839
0.0104579
0.0106063
0.0109863
0.0119689
0.0124051
0.0131063
0.0122704
0.0117465
0.00927949
0.00731088
0.00362455
0.000696357
-0.00316167
-0.00623605
-0.00934656
-0.0119061
-0.0138756
-0.0154338
-0.0159382
-0.0159341
-0.0144164
-0.0123628
-0.00871433
-0.00493096
-0.000134525
0.0020504
-0.00107997
-0.0037301
-0.00866046
-0.013884
-0.0194339
-0.0239061
-0.0284291
-0.0313946
-0.0343867
-0.0357658
-0.0372415
-0.0371801
-0.0371224
-0.0357844
-0.0342804
-0.0320729
-0.0296862
-0.0273551
-0.0249616
-0.0232225
-0.021476
-0.020562
-0.0195632
-0.0188505
-0.0176649
-0.0160346
-0.0132689
-0.0101022
-0.00574008
-0.0010608
0.00472769
0.0106889
0.0176127
0.0245371
0.032226
0.039727
0.0477552
0.0554029
0.0633167
0.0706668
0.0780138
0.0846363
0.0909949
0.0965024
0.10151
0.105582
0.108955
0.111361
0.112917
0.113527
0.11319
0.111983
0.109792
0.106859
0.10296
0.0984927
0.0931298
0.0874097
0.0809088
0.074287
0.0670336
0.059908
0.052323
0.0451121
0.0376244
0.0307408
0.0237607
0.0175846
0.011479
0.00633497
0.00140458
-0.00245814
-0.00599547
-0.00841712
-0.0104626
-0.0114864
-0.012122
-0.0124255
-0.0131109
-0.0138487
-0.0155398
-0.0173381
-0.0199076
-0.0225037
-0.0252423
-0.0278649
-0.0298246
-0.0316582
-0.0322059
-0.0327751
-0.0317684
-0.0308541
-0.0282702
-0.0256997
-0.0215184
-0.0173834
-0.0121357
-0.00722326
-0.00256122
-6.367e-05
0.00181387
-0.000996465
-0.00617087
-0.0123898
-0.018716
-0.0254845
-0.0312484
-0.0374509
-0.0419361
-0.0469128
-0.0499314
-0.0534036
-0.0548264
-0.0566243
-0.0564051
-0.0565907
-0.055119
-0.0541582
-0.0522205
-0.0508134
-0.0491186
-0.0478001
-0.0466331
-0.0451894
-0.0437177
-0.0412143
-0.0380648
-0.0339314
-0.0291428
-0.0234341
-0.0171993
-0.0101824
-0.00280801
0.00516055
0.0132884
0.0217845
0.0302244
0.0387833
0.0470669
0.0552127
0.0628754
0.0701523
0.0767624
0.0827636
0.087951
0.0923443
0.0958223
0.0983703
0.0999538
0.100527
0.100143
0.0987272
0.0964153
0.09311
0.089022
0.0840321
0.0784184
0.0720406
0.0652346
0.0578384
0.0502342
0.0422384
0.0342665
0.0261134
0.0182137
0.0103422
0.00293698
-0.0042438
-0.010775
-0.0169099
-0.0222532
-0.0270611
-0.0309852
-0.0342741
-0.0366597
-0.038448
-0.0393179
-0.0402553
-0.0410744
-0.0421549
-0.0437791
-0.045209
-0.0473123
-0.0484958
-0.0503016
-0.0504615
-0.0511063
-0.049707
-0.0487362
-0.045664
-0.0430763
-0.0384664
-0.0343581
-0.0284757
-0.0230314
-0.0165493
-0.0105116
-0.00456857
0.000341645
0.0030142
0.00871175
0.00597051
0.000473655
-0.00579955
-0.0133161
-0.0206017
-0.0286154
-0.0358084
-0.0431734
-0.0494965
-0.0557005
-0.0607553
-0.0654429
-0.068958
-0.071816
-0.0737109
-0.074758
-0.0752872
-0.0750074
-0.0746744
-0.0737358
-0.0730006
-0.0719349
-0.0706879
-0.0689884
-0.066542
-0.0630425
-0.0589449
-0.0537355
-0.0480602
-0.0413695
-0.0343857
-0.0265411
-0.0186067
-0.010016
-0.00155642
0.00731781
0.0158369
0.0245068
0.0326093
0.0405934
0.0478237
0.0546777
0.0606302
0.0659752
0.0703193
0.0738648
0.0763652
0.0779261
0.0784558
0.0779618
0.0765079
0.0740057
0.070669
0.0663171
0.0613033
0.0553613
0.0489671
0.0417783
0.0343728
0.0263427
0.018344
0.00991601
0.00176595
-0.00660592
-0.0144685
-0.0223461
-0.0295116
-0.0364981
-0.0426101
-0.0483733
-0.0531485
-0.0574387
-0.0606819
-0.0633438
-0.0650535
-0.0660615
-0.0667692
-0.0674002
-0.067854
-0.0686497
-0.0689523
-0.069323
-0.0689532
-0.0681488
-0.0665295
-0.0639876
-0.0608016
-0.0564505
-0.0517342
-0.0458556
-0.039852
-0.0327822
-0.0258786
-0.0181306
-0.0111147
-0.00385621
0.00214959
0.00737953
0.00998552
0.0163763
0.0137206
0.00925838
0.00288961
-0.00459185
-0.0125649
-0.0211075
-0.0295609
-0.0381079
-0.0460992
-0.0539542
-0.0609477
-0.0676551
-0.0732514
-0.0784295
-0.0823585
-0.0858171
-0.0880848
-0.0899437
-0.0908492
-0.0914486
-0.0913879
-0.091032
-0.0900361
-0.0885943
-0.0862207
-0.0830757
-0.0790217
-0.074234
-0.0685981
-0.0623606
-0.0554145
-0.0480426
-0.0401466
-0.0320341
-0.0236157
-0.0152099
-0.00673619
0.00149049
0.00954255
0.0171238
0.0242988
0.0308045
0.0366977
0.0417613
0.0460443
0.0493852
0.0518251
0.0532653
0.0537377
0.0532102
0.051705
0.0492563
0.0458757
0.0416608
0.0366114
0.0308824
0.0244614
0.0175515
0.0101276
0.00243003
-0.00557901
-0.0136345
-0.0217872
-0.0297603
-0.0376177
-0.0450837
-0.0522351
-0.0588093
-0.0648961
-0.0702562
-0.0749922
-0.0788956
-0.0820817
-0.0844061
-0.0860139
-0.0867627
-0.0871744
-0.0870555
-0.0867763
-0.0859498
-0.0849439
-0.0830658
-0.0808768
-0.07754
-0.0737987
-0.0688202
-0.0634651
-0.0569924
-0.0502584
-0.042649
-0.0349151
-0.0266113
-0.0184066
-0.0101052
-0.00238024
0.0048512
0.010962
0.0152103
0.017734
0.0273014
0.0249573
0.0201524
0.0142062
0.00656848
-0.00148027
-0.0106133
-0.0197114
-0.029092
-0.0382609
-0.0471876
-0.0558304
-0.0638421
-0.0714989
-0.0781349
-0.0843993
-0.0892868
-0.0938902
-0.0969525
-0.099853
-0.101308
-0.102648
-0.102835
-0.102706
-0.101566
-0.099872
-0.0969561
-0.0936064
-0.0890137
-0.0841317
-0.0780792
-0.071916
-0.0647173
-0.0576105
-0.049658
-0.0420108
-0.0337515
-0.026007
-0.0179129
-0.0105249
-0.00306226
0.00353496
0.00993635
0.0153566
0.0203312
0.024261
0.0275293
0.0297466
0.0311321
0.0315187
0.0309562
0.029503
0.0270403
0.023846
0.0196391
0.0149019
0.00920343
0.00320779
-0.00364894
-0.0105503
-0.0181725
-0.0255803
-0.0335387
-0.0410318
-0.0488868
-0.0560469
-0.0633745
-0.069811
-0.0762273
-0.0816011
-0.0867845
-0.0908264
-0.0945354
-0.0970604
-0.0991449
-0.100093
-0.100512
-0.100043
-0.0993411
-0.0976074
-0.0958828
-0.0927948
-0.0896624
-0.0850308
-0.0802064
-0.0740183
-0.0675201
-0.0600026
-0.052169
-0.0437029
-0.0349758
-0.0260065
-0.0168362
-0.00795516
0.00095618
0.00876665
0.0161606
0.0218457
0.0263866
0.0285951
0.0372925
0.0350771
0.0313534
0.0256468
0.0186414
0.010727
0.00186898
-0.00730553
-0.0169717
-0.0264407
-0.0361787
-0.0453394
-0.0546707
-0.0630432
-0.0714946
-0.0786124
-0.0856762
-0.0911591
-0.0964452
-0.100118
-0.103466
-0.105369
-0.106823
-0.107055
-0.106782
-0.105359
-0.103408
-0.100341
-0.0968286
-0.0922503
-0.0873577
-0.081511
-0.0755148
-0.0687277
-0.0619793
-0.0546452
-0.0475491
-0.0401012
-0.033088
-0.0259704
-0.0194673
-0.0131055
-0.00750799
-0.00228043
0.00207393
0.00585992
0.00871259
0.0108395
0.0120265
0.0123786
0.0118388
0.0104077
0.00818484
0.00506743
0.0013053
-0.00330364
-0.00837154
-0.0141928
-0.0202584
-0.0269459
-0.0336465
-0.0408089
-0.0477486
-0.054973
-0.0617475
-0.0686241
-0.0748451
-0.0809921
-0.0863103
-0.0913962
-0.0955222
-0.099285
-0.102005
-0.104266
-0.105458
-0.106143
-0.105743
-0.104907
-0.102932
-0.100611
-0.0969263
-0.0930245
-0.0875658
-0.0820055
-0.0748923
-0.0678013
-0.0593854
-0.0511081
-0.0418733
-0.0328543
-0.0232591
-0.0139659
-0.00448053
0.00448936
0.0131306
0.0208101
0.0275623
0.0330067
0.0364897
0.0385683
0.048294
0.0465163
0.0428602
0.037983
0.031257
0.0239901
0.0152217
0.00639741
-0.00330262
-0.0128008
-0.0227391
-0.0323439
-0.0420824
-0.0513368
-0.0604067
-0.0688127
-0.0766302
-0.0836567
-0.0897021
-0.0949181
-0.0989076
-0.102094
-0.103985
-0.105205
-0.105221
-0.104737
-0.103128
-0.101103
-0.0979519
-0.0945207
-0.0900028
-0.0853704
-0.0797513
-0.0742038
-0.067824
-0.06171
-0.0549633
-0.0486714
-0.0419781
-0.0359096
-0.0296878
-0.0242295
-0.0188667
-0.0143643
-0.0101915
-0.0069268
-0.00419757
-0.00237099
-0.00124608
-0.000964962
-0.00150423
-0.00277753
-0.00493798
-0.00767783
-0.0113182
-0.0153467
-0.0202379
-0.0252993
-0.0311391
-0.0369168
-0.0433496
-0.0494856
-0.0561236
-0.0622415
-0.068689
-0.0744172
-0.080295
-0.0852894
-0.0902572
-0.0942229
-0.0980004
-0.100709
-0.103091
-0.104392
-0.10526
-0.10507
-0.104388
-0.102595
-0.100174
-0.0965588
-0.0922096
-0.0867196
-0.080469
-0.0733018
-0.0653976
-0.0569546
-0.0478848
-0.0386728
-0.0290021
-0.0195031
-0.00968766
-0.000348075
0.00918184
0.0178006
0.0263542
0.0333723
0.03984
0.0444355
0.0478088
0.0494399
0.0575979
0.0560318
0.0533015
0.0488688
0.0430971
0.0362781
0.0285354
0.0200434
0.0110871
0.00174391
-0.00776691
-0.0174269
-0.0270584
-0.0365926
-0.0458967
-0.054788
-0.063186
-0.0708352
-0.0777277
-0.0835982
-0.0885286
-0.0922946
-0.0950756
-0.0967822
-0.0976088
-0.0975784
-0.0968746
-0.0953533
-0.0932368
-0.0903607
-0.0869886
-0.0829445
-0.07854
-0.0735934
-0.0684495
-0.0629275
-0.0573878
-0.0516571
-0.0460921
-0.0405332
-0.0353143
-0.0302951
-0.0257686
-0.0216186
-0.018082
-0.0150707
-0.0127534
-0.0110728
-0.0101214
-0.00987467
-0.0103453
-0.0115417
-0.0133976
-0.0159537
-0.019069
-0.022815
-0.0269845
-0.0316763
-0.0366283
-0.0419636
-0.0473785
-0.0530158
-0.0585459
-0.0641266
-0.0694186
-0.0745894
-0.0793068
-0.0837425
-0.0875866
-0.0910099
-0.0937387
-0.0959373
-0.0973794
-0.098218
-0.098265
-0.0976541
-0.0962321
-0.0939697
-0.0906947
-0.0864952
-0.081199
-0.0750311
-0.0679024
-0.0600801
-0.0515589
-0.0425981
-0.0332651
-0.0237465
-0.0141658
-0.00459345
0.00479871
0.013992
0.0227698
0.0310561
0.0385667
0.0451305
0.0506253
0.054768
0.0572677
0.0586828
0.0675614
0.0662708
0.0640338
0.0602409
0.0551471
0.0490579
0.0418037
0.034032
0.0254714
0.0167467
0.00744625
-0.00174693
-0.0114437
-0.0206998
-0.0304038
-0.0392342
-0.0483292
-0.0561317
-0.0638791
-0.070064
-0.0758341
-0.0799902
-0.0833923
-0.0855214
-0.0868724
-0.0873405
-0.0873344
-0.0864052
-0.0850869
-0.0828848
-0.0803678
-0.0770546
-0.0735325
-0.0693451
-0.0650798
-0.0603146
-0.0556185
-0.0506109
-0.0458241
-0.0409245
-0.0363906
-0.0319395
-0.0279806
-0.0242845
-0.0211787
-0.018489
-0.0164514
-0.0149482
-0.0141172
-0.013898
-0.0143275
-0.0154022
-0.0170589
-0.0193509
-0.0221178
-0.0254697
-0.0291554
-0.0333399
-0.0376909
-0.0424266
-0.0471444
-0.0521137
-0.0568747
-0.0617448
-0.0662212
-0.0706658
-0.0745476
-0.0782679
-0.0812831
-0.0840276
-0.0859599
-0.0875398
-0.088242
-0.0885423
-0.0879444
-0.0868832
-0.0849775
-0.0823286
-0.0784503
-0.0738804
-0.0677414
-0.0612651
-0.0532651
-0.0452888
-0.03605
-0.027149
-0.0173987
-0.00816051
0.00149468
0.0105936
0.0197754
0.0283388
0.0367115
0.0442623
0.051266
0.0570839
0.0618773
0.0653648
0.0672837
0.0684163
0.0758519
0.0750399
0.072955
0.0701539
0.0654599
0.0604318
0.0536827
0.0469041
0.0388517
0.0309276
0.0221098
0.0134417
0.00419665
-0.00487459
-0.0141715
-0.0231868
-0.0319524
-0.0402706
-0.0478014
-0.05472
-0.060401
-0.0653635
-0.0688034
-0.0717428
-0.0731985
-0.074574
-0.0747251
-0.0748721
-0.0737401
-0.0727615
-0.0704588
-0.0684713
-0.0651827
-0.0623714
-0.0583486
-0.0549544
-0.0504985
-0.0468005
-0.0422407
-0.0385348
-0.034204
-0.0307815
-0.0269925
-0.0241178
-0.0211409
-0.0190332
-0.017078
-0.0158956
-0.0150972
-0.0149277
-0.015339
-0.0161937
-0.0177827
-0.0195971
-0.0222506
-0.0248894
-0.0284213
-0.0316879
-0.0358517
-0.0395023
-0.044008
-0.047768
-0.052301
-0.0558843
-0.0601267
-0.0632552
-0.0669066
-0.0693301
-0.0721278
-0.0736408
-0.075377
-0.0758334
-0.0763682
-0.0756896
-0.0749526
-0.0730707
-0.0710773
-0.0676845
-0.0637811
-0.0584428
-0.0524009
-0.0452039
-0.0374254
-0.0289338
-0.0200283
-0.0109413
-0.00160205
0.00744675
0.0166462
0.0252072
0.0339021
0.0416433
0.0495035
0.056032
0.0625272
0.0672515
0.0716424
0.0741093
0.0758927
0.076534
0.0833001
0.0824977
0.0814218
0.0787355
0.0752843
0.0705018
0.065143
0.058672
0.0519426
0.0443489
0.036675
0.0283463
0.0199949
0.0112696
0.0025545
-0.00611991
-0.0146662
-0.0226782
-0.0303551
-0.03704
-0.0431662
-0.0479951
-0.0521033
-0.0550171
-0.0573226
-0.0586964
-0.0598737
-0.0600206
-0.0601146
-0.0591372
-0.0582204
-0.0562352
-0.0544359
-0.0516279
-0.0491351
-0.0457448
-0.0427931
-0.0390993
-0.0359515
-0.03225
-0.0291767
-0.0257581
-0.0230168
-0.0201454
-0.0179616
-0.0158562
-0.0144068
-0.0132257
-0.0126268
-0.0124574
-0.0127566
-0.0136103
-0.0147841
-0.0165965
-0.0185527
-0.0211885
-0.023773
-0.0270359
-0.0300437
-0.03369
-0.0368798
-0.0406355
-0.0437468
-0.0473259
-0.0500977
-0.0532227
-0.0554127
-0.0578333
-0.059235
-0.0607464
-0.0612044
-0.0616602
-0.0610811
-0.0604033
-0.0587484
-0.0568687
-0.0541226
-0.0507563
-0.0462618
-0.0410584
-0.0346249
-0.0276628
-0.0197761
-0.0115915
-0.00293693
0.00580863
0.0145338
0.0232368
0.0315074
0.0397298
0.047242
0.0546544
0.0611494
0.067373
0.0724351
0.0769172
0.0800281
0.0823829
0.0831427
0.0837748
0.0899457
0.0894709
0.0887555
0.0868148
0.0838592
0.0799673
0.0751342
0.0696348
0.0634502
0.0568137
0.0496507
0.0422016
0.0342875
0.0263146
0.0179243
0.00982498
0.00146482
-0.00619365
-0.0138229
-0.0203949
-0.0265906
-0.0315319
-0.0357532
-0.0389633
-0.0414413
-0.0432849
-0.0447499
-0.0455109
-0.0459581
-0.0457129
-0.0451885
-0.044023
-0.04264
-0.0407032
-0.0386335
-0.0361266
-0.0335874
-0.0307481
-0.0279851
-0.0250695
-0.022337
-0.0195992
-0.0171408
-0.0148138
-0.0128435
-0.0111217
-0.0098082
-0.00883358
-0.00828812
-0.00814036
-0.00840935
-0.00910069
-0.0101629
-0.011638
-0.0134065
-0.0155469
-0.0178758
-0.0205083
-0.023203
-0.0261123
-0.0289441
-0.0318883
-0.0346106
-0.0373385
-0.0397051
-0.0419751
-0.0437586
-0.0453558
-0.0463647
-0.0471173
-0.0472105
-0.0470023
-0.0460992
-0.0448774
-0.0429633
-0.0406811
-0.0377889
-0.0341863
-0.0295998
-0.0243348
-0.0178472
-0.0110406
-0.0032137
0.00458058
0.0130382
0.0211755
0.0295649
0.0374847
0.0453068
0.0526202
0.0596097
0.0660366
0.0719744
0.0771995
0.0817224
0.0852901
0.0878927
0.0894821
0.0898393
0.0901352
0.0957053
0.0956438
0.0949603
0.0939333
0.0911889
0.0883945
0.0838415
0.079521
0.0736473
0.0681564
0.0613165
0.0549029
0.0473232
0.0402111
0.0321626
0.0246892
0.0166543
0.00934368
0.00198491
-0.00452643
-0.0105424
-0.0156828
-0.0198385
-0.02345
-0.0259375
-0.0283878
-0.0298843
-0.0314375
-0.0319259
-0.0326251
-0.0321514
-0.0320427
-0.0307175
-0.0299037
-0.0278959
-0.0265272
-0.0240508
-0.0223126
-0.0196099
-0.0177068
-0.015029
-0.0131682
-0.010756
-0.00913014
-0.00719502
-0.00596727
-0.00467615
-0.0039674
-0.00343049
-0.00331048
-0.00357383
-0.00405604
-0.0050988
-0.00613968
-0.00787608
-0.00937844
-0.0116642
-0.0134846
-0.0161276
-0.0180873
-0.0208611
-0.0227598
-0.0254208
-0.0270521
-0.0293572
-0.0305253
-0.0322501
-0.0327858
-0.0337414
-0.0335159
-0.0335637
-0.0324991
-0.0315605
-0.0296366
-0.0276968
-0.0248945
-0.0219982
-0.0180727
-0.013557
-0.00815935
-0.00185668
0.00483398
0.0123861
0.0197848
0.027914
0.0353817
0.0434276
0.050445
0.0579325
0.0641702
0.0708378
0.0760798
0.0817089
0.085717
0.089963
0.0923988
0.0947929
0.0954417
0.0957752
0.0956468
0.10044
0.100384
0.100155
0.0991982
0.0974422
0.0948054
0.0915051
0.087392
0.0828158
0.077558
0.0719823
0.0658187
0.0594363
0.0525908
0.0456425
0.038445
0.031343
0.0242931
0.0175996
0.0112973
0.00559669
0.000581095
-0.00371604
-0.00730272
-0.0102557
-0.0127037
-0.0147852
-0.016337
-0.017571
-0.0182695
-0.018691
-0.0185825
-0.0182603
-0.0174472
-0.0165013
-0.0151339
-0.0137251
-0.0119885
-0.0103049
-0.00840356
-0.00664427
-0.00478518
-0.00314429
-0.00151996
-0.000170529
0.00105609
0.00197556
0.00268366
0.00307992
0.00319983
0.00303185
0.00255009
0.001832
0.000792085
-0.000408034
-0.00190901
-0.00347436
-0.0052931
-0.00706708
-0.00902498
-0.0108233
-0.0127202
-0.0143454
-0.0159751
-0.0172323
-0.0183993
-0.0191121
-0.0196473
-0.0196726
-0.0194472
-0.0186871
-0.0176234
-0.0160338
-0.0141115
-0.0116813
-0.00888165
-0.0056099
-0.00170984
0.00286148
0.00813298
0.0140417
0.0205222
0.0273399
0.0344778
0.0416128
0.0488058
0.0556974
0.0624506
0.0686927
0.0746839
0.0800441
0.0850575
0.089351
0.0931573
0.0961199
0.098404
0.0997866
0.100369
0.1003
0.100166
0.104722
0.104729
0.105375
0.104604
0.103646
0.101281
0.0988544
0.0950708
0.0914391
0.0865385
0.0819052
0.0761094
0.0706049
0.0641293
0.057928
0.0510882
0.0445423
0.0378081
0.0314458
0.0253787
0.0197801
0.0148884
0.0105561
0.00697642
0.0038197
0.00132133
-0.00118118
-0.00281425
-0.00461069
-0.00541558
-0.0064927
-0.00651033
-0.00690706
-0.00623347
-0.00603632
-0.00481438
-0.00414888
-0.00255596
-0.00157464
0.000192497
0.0013239
0.00306555
0.00418274
0.00571261
0.00666688
0.00782696
0.00849756
0.00917038
0.00947445
0.00959199
0.00949129
0.00903998
0.00854398
0.0075655
0.00673074
0.00531882
0.00424447
0.0025377
0.00135763
-0.00047114
-0.0015993
-0.00335641
-0.00426463
-0.00575098
-0.00627529
-0.00730237
-0.00729765
-0.00770311
-0.00705648
-0.00671776
-0.00535944
-0.00420419
-0.00211474
-0.000126907
0.00266003
0.00549441
0.00890761
0.0127859
0.0173347
0.0224679
0.0282206
0.0344529
0.0408881
0.0476993
0.0542298
0.0610565
0.0671565
0.0735336
0.0788578
0.0844772
0.088859
0.0935134
0.0968288
0.100306
0.102362
0.104376
0.104933
0.10533
0.104291
0.104093
0.108048
0.108351
0.109018
0.108921
0.108056
0.106532
0.104248
0.101428
0.0979657
0.0940762
0.0896267
0.0848364
0.0795297
0.074009
0.0680184
0.06203
0.0556947
0.0496441
0.0434678
0.0378543
0.0323893
0.0276812
0.0234064
0.0197674
0.0166138
0.0138431
0.0113426
0.00927876
0.00748374
0.00611997
0.0050437
0.00436657
0.00397016
0.0039172
0.00411419
0.00458038
0.00524536
0.00609328
0.00707382
0.00814636
0.00927686
0.0104112
0.0115275
0.0125694
0.0135229
0.0143395
0.0150096
0.0155006
0.0158044
0.0159101
0.0158095
0.0155156
0.01502
0.0143589
0.0135248
0.0125731
0.0114996
0.0103717
0.00919255
0.00803187
0.0069046
0.00587131
0.00496382
0.00422133
0.00369744
0.00339808
0.00340279
0.00367396
0.00432008
0.00525232
0.00660957
0.00824767
0.0103355
0.0126735
0.0154583
0.0184844
0.0218942
0.0257542
0.0302447
0.0351213
0.0407399
0.0464513
0.0527009
0.0587681
0.0650896
0.071012
0.0769042
0.0822809
0.0874111
0.0919863
0.0961892
0.0997993
0.102952
0.105436
0.107357
0.108506
0.108977
0.108683
0.107624
0.107124
0.111125
0.111703
0.112369
0.112904
0.112122
0.111395
0.109232
0.107316
0.104003
0.101057
0.0967711
0.0929182
0.0877885
0.0831583
0.0773592
0.0721629
0.0660225
0.060605
0.054601
0.0494076
0.0440663
0.0395281
0.0353067
0.0316126
0.0284619
0.0254391
0.0229404
0.0204776
0.0186839
0.0168026
0.0157271
0.0144393
0.0140431
0.0133173
0.0135142
0.0132805
0.013945
0.014103
0.0150828
0.0155121
0.0166418
0.0172138
0.0183293
0.0189193
0.0198721
0.0203706
0.0210402
0.0213627
0.0216663
0.021761
0.0216605
0.0215124
0.0210171
0.02065
0.0198165
0.0192909
0.0182182
0.0176265
0.0164482
0.0159062
0.0147797
0.0144168
0.0135099
0.0134563
0.0129328
0.0133074
0.0133121
0.0142098
0.0148555
0.0163374
0.0176936
0.0197789
0.0218651
0.0245275
0.0273102
0.0305139
0.0339206
0.0377636
0.0422001
0.0468391
0.0523335
0.0575626
0.0636403
0.0690184
0.0751466
0.0802276
0.0859311
0.0903748
0.095332
0.0989336
0.102977
0.105614
0.108622
0.110177
0.111983
0.112313
0.112706
0.111763
0.110709
0.109929
0.113558
0.114138
0.114765
0.115333
0.115139
0.114498
0.113098
0.111304
0.108818
0.106013
0.102583
0.0988843
0.0946261
0.0901625
0.0852354
0.0802149
0.0748985
0.0696509
0.0643411
0.0592849
0.0544179
0.0499625
0.0458854
0.0422079
0.0389503
0.0359289
0.0332343
0.0307722
0.0286736
0.0267923
0.0253057
0.0240172
0.0231275
0.0224005
0.0220501
0.0218148
0.021911
0.0220671
0.0224915
0.0229188
0.0235392
0.0241094
0.024792
0.0253804
0.0260023
0.0264996
0.0269593
0.0272812
0.0275078
0.0276024
0.0275616
0.027414
0.0271112
0.0267451
0.0262252
0.025701
0.0250446
0.0244546
0.0237714
0.0232313
0.0226505
0.0222895
0.021948
0.0218962
0.0219261
0.0223021
0.0228174
0.0237162
0.0248015
0.0262838
0.0279848
0.0300698
0.0323873
0.0350487
0.0379513
0.0411533
0.0445925
0.0484181
0.0526372
0.0571924
0.0621441
0.0672357
0.0725591
0.0777684
0.0830222
0.0879298
0.09272
0.0970007
0.101053
0.104505
0.107667
0.110167
0.112329
0.113768
0.114799
0.115049
0.114846
0.113874
0.112932
0.112149
0.115487
0.116069
0.117316
0.117919
0.118271
0.11771
0.116972
0.115285
0.113539
0.110855
0.108202
0.104635
0.101155
0.0968355
0.0926548
0.0877862
0.0831379
0.0780364
0.0732596
0.0683229
0.0637998
0.0594173
0.05548
0.0518176
0.0485154
0.0454959
0.042617
0.0401564
0.0377649
0.0358847
0.034019
0.0327313
0.0313974
0.0306708
0.0298362
0.0296011
0.0292006
0.0293566
0.0293002
0.0297273
0.0299104
0.0304802
0.0307938
0.0313818
0.0317237
0.0322207
0.0325048
0.0328265
0.032991
0.0330856
0.0330991
0.0329515
0.0328156
0.0324497
0.0321995
0.0316757
0.0313765
0.0307869
0.0305289
0.0299892
0.0298785
0.0295177
0.0296662
0.0296144
0.0301281
0.0305039
0.0314714
0.0323696
0.033852
0.0353334
0.0373556
0.0394393
0.0419856
0.0446453
0.0476655
0.0508655
0.0542833
0.0580935
0.0621092
0.0665913
0.0711389
0.0761116
0.080847
0.0859119
0.0904492
0.0952078
0.099211
0.103352
0.106593
0.109917
0.112276
0.114661
0.116061
0.117399
0.11775
0.117927
0.117164
0.116161
0.114552
0.113768
0.117013
0.117653
0.119382
0.120127
0.120853
0.120482
0.120186
0.118731
0.117478
0.115054
0.112914
0.109622
0.106659
0.102622
0.0989388
0.0943505
0.0901451
0.0853014
0.0808744
0.0761442
0.0718446
0.0675902
0.0637516
0.0601337
0.0568095
0.0537806
0.0507926
0.0482868
0.0457203
0.0437651
0.0416759
0.0402881
0.0386944
0.0378494
0.0367332
0.0363687
0.0356806
0.0357047
0.0353709
0.0356721
0.0356036
0.0360615
0.0361633
0.0366606
0.0368422
0.0372752
0.0374592
0.0377476
0.0378774
0.0379713
0.0380167
0.0379013
0.0378618
0.0375585
0.0374636
0.0370291
0.0369355
0.0364563
0.036443
0.0360282
0.0361883
0.0359591
0.0363904
0.036469
0.0372628
0.0377599
0.0389905
0.0399934
0.0417083
0.0432715
0.0454838
0.0476213
0.0503053
0.0529874
0.0560779
0.0592639
0.0626658
0.066409
0.0702889
0.0746219
0.0789104
0.0836583
0.0880111
0.0928034
0.096869
0.101336
0.104818
0.108668
0.111373
0.114418
0.116248
0.118371
0.119266
0.120373
0.120271
0.120259
0.119115
0.117971
0.11583
0.114987
0.118171
0.118956
0.120692
0.121772
0.122534
0.122593
0.122356
0.12141
0.120228
0.11836
0.116301
0.113591
0.110717
0.107266
0.103681
0.0996556
0.0955518
0.0912082
0.0868735
0.0825345
0.0783031
0.0742917
0.0704834
0.0669637
0.0636417
0.0605856
0.0575993
0.0549751
0.0524099
0.05026
0.048172
0.0465261
0.0449333
0.0437832
0.0426676
0.0419707
0.0412829
0.0409686
0.040635
0.0406133
0.0405448
0.0407159
0.0408177
0.0410823
0.0412638
0.041533
0.0417169
0.0419202
0.0420498
0.0421425
0.0421878
0.0421546
0.0421152
0.0419725
0.0418776
0.0416719
0.0415784
0.0413822
0.041369
0.0412741
0.0414342
0.0415426
0.0419736
0.042387
0.0431804
0.0439893
0.0452192
0.0464921
0.048206
0.049981
0.052192
0.05447
0.0571525
0.0598944
0.0629833
0.0661366
0.0695362
0.0731226
0.0769721
0.0810067
0.0852277
0.0895341
0.0937965
0.0980452
0.102012
0.105881
0.109268
0.112504
0.115124
0.117565
0.11932
0.120871
0.1217
0.122286
0.122133
0.121682
0.120507
0.119022
0.116876
0.115887
0.119242
0.120162
0.121905
0.123295
0.12409
0.124548
0.124365
0.12389
0.122775
0.121422
0.119438
0.117265
0.114476
0.111567
0.108073
0.104568
0.100559
0.0966782
0.092429
0.0884523
0.0842842
0.0804976
0.0767176
0.0732888
0.0699687
0.0668876
0.0639027
0.0611688
0.0586049
0.0562748
0.0541878
0.0523029
0.0507109
0.0492783
0.0481632
0.0471585
0.0464711
0.0458433
0.0455099
0.0451891
0.0451207
0.0450262
0.0451279
0.0451772
0.0453586
0.045476
0.0456597
0.0457842
0.0459138
0.0460052
0.0460505
0.0460935
0.0460541
0.0460601
0.0459652
0.0459714
0.045878
0.0459439
0.0459307
0.0461321
0.0462921
0.0467132
0.047144
0.0478675
0.0486605
0.0497581
0.0509874
0.0525103
0.0542234
0.0561944
0.0584043
0.0608122
0.0634934
0.0662908
0.0693781
0.0725011
0.0758987
0.0793397
0.0831612
0.0869194
0.091078
0.0949754
0.0991541
0.1029
0.106775
0.11009
0.113389
0.116056
0.118597
0.12048
0.122166
0.123186
0.123955
0.124058
0.123857
0.123
0.121797
0.119996
0.117845
0.11672
0.120218
0.121253
0.122971
0.124641
0.125471
0.126299
0.126162
0.126124
0.125066
0.124189
0.122268
0.120592
0.117874
0.115466
0.112055
0.109032
0.105111
0.101657
0.0974922
0.0938482
0.0897454
0.0861644
0.0824141
0.0790665
0.0757457
0.072643
0.0696603
0.066832
0.0642657
0.0617806
0.0596866
0.0575961
0.0559935
0.0543179
0.0531894
0.0519198
0.0512173
0.0503199
0.0499708
0.0493928
0.0493094
0.0489864
0.0490751
0.0489391
0.0491104
0.0490972
0.0492746
0.0493312
0.0494586
0.0495489
0.0495963
0.0497048
0.0496716
0.0498056
0.0497208
0.0499093
0.0498289
0.0501204
0.0501222
0.0505787
0.0507548
0.0514448
0.0518914
0.0528816
0.0536889
0.0550349
0.0562758
0.0580138
0.0597349
0.0618745
0.0640882
0.0666078
0.0692879
0.0721329
0.0752142
0.078311
0.081706
0.0850188
0.0888075
0.0923153
0.0964065
0.0999304
0.104024
0.107307
0.111096
0.113899
0.117119
0.119261
0.121734
0.123102
0.124728
0.12526
0.125977
0.125634
0.125392
0.124158
0.122924
0.12084
0.118719
0.117478
0.120932
0.121967
0.123498
0.125175
0.126238
0.127086
0.127254
0.127247
0.126539
0.125699
0.124161
0.122529
0.120218
0.117861
0.114872
0.111906
0.108402
0.105007
0.101219
0.0976245
0.0938191
0.09027
0.0866929
0.0833525
0.0800978
0.0769964
0.0740241
0.071197
0.0685838
0.0660998
0.0639039
0.0618143
0.0600634
0.0583886
0.0570779
0.0558089
0.0549044
0.0540074
0.0534522
0.0528744
0.0525962
0.0522733
0.0521931
0.0520571
0.0520978
0.0520846
0.0521792
0.0522359
0.0523346
0.0524248
0.0524998
0.0526083
0.0526571
0.0527909
0.0528368
0.0530252
0.053115
0.0534063
0.0536057
0.054062
0.0544488
0.0551385
0.0557938
0.0567836
0.0577821
0.0591275
0.0605277
0.0622649
0.0641009
0.0662396
0.0685138
0.0710324
0.0737125
0.0765562
0.0795776
0.0826731
0.0859519
0.0892576
0.0928245
0.096301
0.100051
0.103527
0.107206
0.110434
0.113776
0.116525
0.1193
0.121395
0.123445
0.124774
0.126006
0.126505
0.126865
0.126497
0.125948
0.1247
0.123232
0.121144
0.119263
0.118021
0.121567
0.122603
0.123999
0.125682
0.126959
0.127826
0.128275
0.128296
0.127912
0.127107
0.125923
0.124332
0.122396
0.120087
0.117487
0.114574
0.111454
0.108112
0.104671
0.101123
0.0975904
0.0940709
0.0906534
0.0873196
0.0841256
0.0810255
0.0780621
0.0752361
0.0725787
0.0700957
0.0678049
0.0657161
0.063828
0.0621538
0.0606747
0.0594062
0.0583152
0.0574186
0.0566731
0.0560955
0.0556376
0.0553149
0.0550789
0.054943
0.0548633
0.0548502
0.0548688
0.0549254
0.0549978
0.055088
0.0551886
0.0552971
0.0554216
0.0555554
0.0557217
0.0559101
0.0561568
0.056448
0.0568296
0.0572856
0.0578669
0.0585563
0.0594042
0.0603935
0.0615685
0.0629134
0.0644609
0.0661974
0.0681397
0.0702776
0.0726084
0.075126
0.0778069
0.0806495
0.0836162
0.0867104
0.0898822
0.0931813
0.0965438
0.0999914
0.103428
0.106859
0.110157
0.113334
0.116264
0.118964
0.121328
0.12338
0.125038
0.126331
0.127198
0.127667
0.127697
0.127306
0.126474
0.125212
0.12353
0.121438
0.119735
0.118493
0.121727
0.122762
0.124617
0.126308
0.127796
0.128685
0.129389
0.129441
0.129349
0.128582
0.127712
0.126164
0.124556
0.122294
0.120023
0.117162
0.114353
0.111062
0.107892
0.104387
0.101059
0.0975671
0.0942773
0.0909496
0.0878097
0.0847108
0.0817409
0.078916
0.0762037
0.0737215
0.0713353
0.0692473
0.067231
0.0655574
0.0639268
0.0626588
0.0614043
0.060508
0.0595988
0.0590214
0.0584112
0.0580886
0.0577223
0.0575865
0.0574078
0.0573947
0.0573523
0.0574089
0.0574626
0.0575527
0.0576779
0.0577863
0.0579771
0.0581109
0.0583807
0.058569
0.0589493
0.0592404
0.0597768
0.0602327
0.0609796
0.0616688
0.062682
0.063671
0.0649996
0.066344
0.0680229
0.0697588
0.0718008
0.0739378
0.0763291
0.0788457
0.0815423
0.0843838
0.0873156
0.0904087
0.0934849
0.0967779
0.0999731
0.103394
0.106589
0.109979
0.112974
0.116102
0.118694
0.121345
0.12336
0.125369
0.126683
0.127938
0.12848
0.128916
0.128648
0.128231
0.127138
0.125858
0.123964
0.121866
0.119657
0.118416
0.121875
0.12291
0.125189
0.126888
0.128571
0.12948
0.130422
0.130503
0.130681
0.129947
0.129369
0.12786
0.126556
0.124338
0.122371
0.119558
0.117038
0.113794
0.110875
0.10741
0.104272
0.100805
0.0976332
0.0943112
0.0912215
0.0881236
0.0851477
0.0823238
0.0795606
0.0770793
0.0746047
0.0725174
0.0703823
0.0687093
0.0669385
0.0656709
0.064265
0.063369
0.0623081
0.061731
0.0609796
0.0606571
0.0601703
0.0600345
0.0597642
0.059751
0.0596522
0.0597088
0.059745
0.0598352
0.0599832
0.0600915
0.0603437
0.0604774
0.060843
0.0610313
0.0615353
0.0618264
0.0625062
0.0629619
0.0638622
0.0645512
0.0657174
0.0667061
0.068177
0.069521
0.0713215
0.0730568
0.0751911
0.0773275
0.0797746
0.0822904
0.0850014
0.087842
0.0907414
0.0938335
0.0968212
0.100109
0.103149
0.106545
0.109517
0.112868
0.115583
0.118666
0.120945
0.123551
0.125242
0.12721
0.128207
0.129427
0.129667
0.130073
0.129528
0.129087
0.127753
0.126457
0.124365
0.122262
0.119586
0.118345
0.12203
0.123087
0.125505
0.127249
0.129017
0.129977
0.131029
0.131169
0.131475
0.130808
0.130369
0.12893
0.127773
0.125627
0.123814
0.12107
0.118701
0.115522
0.112736
0.109326
0.106287
0.10286
0.0997421
0.0964457
0.0933667
0.0902773
0.0873
0.0844698
0.0816902
0.0791898
0.0766863
0.074569
0.0723948
0.0706831
0.068866
0.0675541
0.0660982
0.0651556
0.0640445
0.063422
0.0626238
0.0622605
0.0617337
0.0615644
0.0612637
0.0612269
0.0611094
0.0611539
0.0611843
0.0612748
0.0614304
0.0615514
0.061824
0.0619819
0.0623793
0.0626016
0.0631467
0.0634792
0.0642066
0.0647085
0.0656596
0.066396
0.0676129
0.0686471
0.0701651
0.0715493
0.0733899
0.0751572
0.0773219
0.0794795
0.0819448
0.0844693
0.0871846
0.0900203
0.0929084
0.0959804
0.0989446
0.102195
0.10517
0.108515
0.111377
0.114663
0.117237
0.120246
0.122369
0.124899
0.126433
0.128323
0.129171
0.130316
0.130418
0.130754
0.130084
0.129579
0.128139
0.126789
0.124616
0.122468
0.119638
0.118376
0.122184
0.123271
0.12569
0.127504
0.129278
0.13033
0.131392
0.131642
0.131961
0.131417
0.130992
0.129684
0.128545
0.126534
0.12474
0.12213
0.119781
0.116727
0.113959
0.110652
0.107627
0.104272
0.101161
0.0979045
0.0948265
0.0917488
0.0887724
0.0859325
0.0831538
0.0806254
0.0781227
0.0759614
0.0737879
0.07202
0.0702035
0.0688274
0.0673719
0.0663619
0.0652511
0.0645629
0.063765
0.0633425
0.0628159
0.0625983
0.0622976
0.0622268
0.0621093
0.0621364
0.0621669
0.0622579
0.0624134
0.0625528
0.0628252
0.0630181
0.0634155
0.0636869
0.0642319
0.0646245
0.0653516
0.0659202
0.0668711
0.0676762
0.0688928
0.0699928
0.0715104
0.0729529
0.074793
0.0766069
0.0787709
0.0809597
0.0834243
0.0859619
0.0886764
0.0915055
0.0943927
0.0974363
0.1004
0.103593
0.106562
0.10982
0.112668
0.115837
0.118394
0.121267
0.123371
0.125757
0.127273
0.129021
0.129854
0.130862
0.130951
0.131161
0.13048
0.129864
0.128415
0.126973
0.124796
0.122575
0.119746
0.118453
0.122326
0.123441
0.125861
0.127741
0.12952
0.130656
0.131728
0.13208
0.132411
0.13198
0.131569
0.130382
0.129259
0.127373
0.125597
0.123112
0.120781
0.117842
0.115091
0.11188
0.108868
0.10558
0.102475
0.0992555
0.0961784
0.0931115
0.0901359
0.0872871
0.0845092
0.0819549
0.0794528
0.077251
0.075078
0.0732581
0.0714421
0.0700065
0.0685514
0.067479
0.0663685
0.0656195
0.0648218
0.0643446
0.0638181
0.0635557
0.0632552
0.0631528
0.0630353
0.0630463
0.0630767
0.0631682
0.0633237
0.0634801
0.0637525
0.0639778
0.064375
0.0646921
0.0652369
0.065685
0.066412
0.0670423
0.0679929
0.0688617
0.0700779
0.071239
0.0727562
0.0742528
0.0760924
0.0779494
0.0801128
0.0823305
0.0847944
0.0873441
0.0900579
0.0928809
0.0957673
0.0987845
0.101747
0.104889
0.107851
0.111028
0.113864
0.116924
0.119465
0.122212
0.124299
0.126551
0.128052
0.129667
0.130485
0.131367
0.131445
0.131538
0.130847
0.130128
0.128671
0.127143
0.124962
0.122675
0.119846
0.118524
0.122457
0.123599
0.126019
0.12796
0.129745
0.130959
0.13204
0.132485
0.132827
0.132501
0.132103
0.131029
0.12992
0.128151
0.126391
0.124022
0.121708
0.118875
0.11614
0.113017
0.110017
0.106791
0.103691
0.100507
0.0974303
0.0943735
0.0913987
0.0885416
0.0857643
0.083186
0.0806846
0.0784451
0.0762727
0.0744047
0.0725891
0.0710985
0.0696437
0.0685135
0.0674032
0.066598
0.0658005
0.0652725
0.0647462
0.0644424
0.0641419
0.0640103
0.0638928
0.0638889
0.0639193
0.0640112
0.0641666
0.0643389
0.0646112
0.0648665
0.0652636
0.0656229
0.0661675
0.0666672
0.067394
0.0680815
0.0690319
0.0699596
0.0711755
0.0723931
0.0739099
0.0754566
0.0772957
0.0791926
0.0813555
0.0835999
0.0860632
0.0886241
0.0913373
0.0941546
0.0970403
0.100033
0.102995
0.106088
0.109044
0.112146
0.114971
0.117931
0.120457
0.123087
0.125158
0.127287
0.128772
0.130265
0.13107
0.131836
0.131902
0.131887
0.131186
0.130372
0.128908
0.127301
0.125116
0.122768
0.119938
0.118591
0.122579
0.123745
0.126165
0.128163
0.129952
0.131239
0.132328
0.13286
0.133213
0.132984
0.132598
0.131628
0.130532
0.128872
0.127126
0.124864
0.122566
0.119832
0.117111
0.11407
0.111082
0.107912
0.104818
0.101665
0.0985896
0.0955421
0.092568
0.0897033
0.0869267
0.0843261
0.0818253
0.079551
0.0773791
0.0754664
0.0736512
0.0721097
0.0706552
0.0694715
0.0683615
0.0675041
0.0667068
0.0661319
0.0656056
0.0652635
0.0649631
0.0648044
0.064687
0.0646692
0.0646997
0.0647919
0.0649473
0.0651341
0.0654064
0.0656895
0.0660865
0.0664849
0.0670294
0.0675767
0.0683033
0.0690438
0.069994
0.0709763
0.0721919
0.0734618
0.0749783
0.0765713
0.07841
0.0803439
0.0825063
0.0847755
0.0872381
0.0898095
0.092522
0.0953341
0.0982191
0.101189
0.10415
0.107198
0.110149
0.113182
0.115996
0.118863
0.121375
0.123898
0.125954
0.127969
0.12944
0.130819
0.131612
0.13227
0.132325
0.132211
0.131501
0.130598
0.129127
0.127447
0.125258
0.122854
0.120024
0.118652
0.122692
0.12388
0.126301
0.12835
0.130145
0.131498
0.132596
0.133208
0.13357
0.133431
0.133056
0.132183
0.131099
0.129539
0.127807
0.125644
0.12336
0.120718
0.118011
0.115046
0.112067
0.10895
0.105861
0.102738
0.0996632
0.0966244
0.0936509
0.0907791
0.0880031
0.085382
0.0828816
0.0805751
0.0784037
0.0764497
0.0746349
0.0730461
0.071592
0.0703586
0.0692489
0.0683432
0.0675461
0.0669277
0.0664015
0.0660239
0.0657235
0.0655398
0.0654224
0.0653918
0.0654223
0.0655149
0.0656703
0.0658706
0.0661428
0.0664516
0.0668486
0.0672831
0.0678275
0.068419
0.0691455
0.069935
0.070885
0.0719178
0.0731332
0.0744516
0.0759677
0.0776036
0.0794419
0.0814101
0.083572
0.0858641
0.0883263
0.0909073
0.0936192
0.0964264
0.0993108
0.10226
0.10522
0.108227
0.111173
0.114142
0.116945
0.119727
0.122226
0.124649
0.126691
0.1286
0.130058
0.131332
0.132114
0.132671
0.132717
0.13251
0.131792
0.130807
0.12933
0.127582
0.12539
0.122933
0.120103
0.118709
0.122796
0.124006
0.126427
0.128524
0.130323
0.131739
0.132843
0.13353
0.133901
0.133846
0.133481
0.132697
0.131624
0.130156
0.128438
0.126366
0.124096
0.121539
0.118843
0.115949
0.11298
0.109912
0.106828
0.103732
0.100657
0.0976266
0.0946537
0.0917754
0.0889999
0.0863597
0.0838599
0.0815235
0.0793525
0.0773603
0.0755458
0.0739133
0.0724595
0.0711802
0.0700707
0.0691203
0.0683233
0.0676647
0.0671386
0.066728
0.0664277
0.0662208
0.0661034
0.066061
0.0660914
0.0661844
0.0663397
0.0665526
0.0668247
0.0671574
0.0675543
0.0680223
0.0685666
0.069199
0.0699253
0.0707603
0.0717101
0.0727897
0.0740048
0.0753681
0.0768839
0.0785596
0.0803976
0.0823975
0.084559
0.0868723
0.0893339
0.0919239
0.0946352
0.0974379
0.100322
0.103252
0.106211
0.109179
0.112121
0.11503
0.117824
0.120527
0.123013
0.125344
0.127373
0.129184
0.130631
0.131808
0.132579
0.133043
0.13308
0.132788
0.132062
0.131001
0.129518
0.127707
0.125512
0.123006
0.120177
0.118761
0.122925
0.124136
0.126405
0.128514
0.130298
0.131737
0.132819
0.133538
0.133883
0.133864
0.13347
0.132727
0.131624
0.130202
0.128451
0.126428
0.124127
0.121616
0.118897
0.116041
0.113057
0.110013
0.106924
0.103835
0.100761
0.0977313
0.0947625
0.091884
0.089112
0.0864704
0.0839728
0.0816338
0.0794639
0.0774682
0.0756537
0.0740171
0.0725622
0.0712786
0.0701674
0.0692127
0.0684136
0.067751
0.0672227
0.0668089
0.0665065
0.0662973
0.0661782
0.0661346
0.0661639
0.0662569
0.0664119
0.0666259
0.0668985
0.0672335
0.0676315
0.0681028
0.0686489
0.0692852
0.0700137
0.070853
0.0718049
0.072889
0.0741061
0.0754736
0.0769907
0.0786701
0.0805083
0.0825111
0.0846717
0.0869867
0.0894463
0.0920367
0.0947446
0.0975464
0.100426
0.103354
0.106313
0.109273
0.112219
0.115103
0.117912
0.120575
0.123086
0.12537
0.127428
0.129193
0.130669
0.131803
0.132602
0.133028
0.133091
0.132765
0.132062
0.130973
0.129509
0.127679
0.125496
0.12298
0.120322
0.118906
0.123048
0.124259
0.126374
0.128483
0.130263
0.131702
0.132783
0.133501
0.133846
0.133826
0.133434
0.13269
0.131591
0.130167
0.128422
0.126398
0.124104
0.121593
0.118882
0.116026
0.11305
0.110007
0.106924
0.103835
0.100766
0.0977369
0.0947723
0.0918943
0.0891258
0.0864846
0.0839893
0.0816507
0.0794818
0.0774864
0.0756718
0.0740355
0.0725796
0.0712962
0.0701832
0.0692287
0.0684273
0.0677649
0.0672341
0.0668204
0.0665157
0.0663066
0.0661857
0.0661421
0.0661703
0.0662632
0.0664178
0.0666318
0.0669048
0.0672398
0.067639
0.0681102
0.0686582
0.0692944
0.0700251
0.0708642
0.0718185
0.0729024
0.0741214
0.0754887
0.0770072
0.0786863
0.0805249
0.0825273
0.0846871
0.0870018
0.0894592
0.0920491
0.0947536
0.0975549
0.10043
0.103357
0.106312
0.109272
0.112211
0.115095
0.117895
0.120559
0.123061
0.125346
0.127397
0.129162
0.130633
0.131768
0.132564
0.132991
0.133051
0.132727
0.132024
0.130936
0.129474
0.127644
0.125464
0.122949
0.120466
0.119049
0.123162
0.124373
0.126345
0.128454
0.130231
0.13167
0.132749
0.133466
0.133811
0.133791
0.1334
0.132656
0.13156
0.130135
0.128395
0.12637
0.124084
0.121572
0.118868
0.116012
0.113044
0.110002
0.106924
0.103836
0.100771
0.097742
0.0947814
0.0919038
0.0891385
0.0864977
0.0840045
0.0816664
0.0794984
0.0775034
0.0756887
0.0740526
0.0725957
0.0713125
0.0701978
0.0692434
0.0684399
0.0677777
0.0672447
0.0668311
0.0665243
0.0663152
0.0661926
0.0661491
0.0661761
0.0662691
0.0664233
0.0666373
0.0669107
0.0672456
0.067646
0.0681171
0.0686668
0.0693029
0.0700356
0.0708747
0.0718311
0.0729148
0.0741357
0.0755028
0.0770224
0.0787013
0.0805403
0.0825424
0.0847014
0.0870157
0.0894711
0.0920606
0.0947619
0.0975628
0.100434
0.103361
0.106312
0.109271
0.112204
0.115088
0.11788
0.120544
0.123038
0.125324
0.127368
0.129134
0.1306
0.131736
0.132528
0.132956
0.133015
0.132691
0.131989
0.130901
0.129441
0.127611
0.125434
0.12292
0.120599
0.119182
0.123267
0.124478
0.126319
0.128427
0.130202
0.13164
0.132718
0.133434
0.133779
0.133758
0.13337
0.132624
0.131531
0.130105
0.12837
0.126344
0.124064
0.121551
0.118856
0.115999
0.113039
0.109997
0.106925
0.103837
0.100775
0.0977468
0.0947898
0.0919126
0.0891503
0.0865099
0.0840187
0.0816809
0.0795138
0.077519
0.0757042
0.0740684
0.0726106
0.0713276
0.0702113
0.0692571
0.0684517
0.0677895
0.0672545
0.0668409
0.0665323
0.0663232
0.066199
0.0661555
0.0661816
0.0662745
0.0664284
0.0666424
0.0669162
0.067251
0.0676525
0.0681235
0.0686748
0.0693107
0.0700454
0.0708843
0.0718427
0.0729263
0.0741489
0.0755158
0.0770366
0.0787152
0.0805545
0.0825563
0.0847147
0.0870286
0.0894822
0.0920713
0.0947697
0.0975701
0.100438
0.103364
0.106311
0.10927
0.112198
0.115081
0.117866
0.12053
0.123017
0.125303
0.127341
0.129108
0.130569
0.131706
0.132496
0.132924
0.132982
0.132659
0.131956
0.130869
0.129411
0.127581
0.125407
0.122893
0.120722
0.119306
0.123365
0.124576
0.126294
0.128402
0.130175
0.131613
0.132689
0.133405
0.13375
0.133728
0.133341
0.132594
0.131504
0.130078
0.128348
0.126321
0.124046
0.121533
0.118844
0.115987
0.113034
0.109992
0.106925
0.103838
0.100779
0.0977512
0.0947975
0.0919208
0.0891612
0.0865212
0.0840318
0.0816943
0.079528
0.0775335
0.0757187
0.0740831
0.0726244
0.0713416
0.0702239
0.0692698
0.0684626
0.0678005
0.0672636
0.06685
0.0665396
0.0663306
0.066205
0.0661615
0.0661866
0.0662796
0.0664331
0.0666471
0.0669212
0.067256
0.0676584
0.0681294
0.0686822
0.069318
0.0700545
0.0708933
0.0718535
0.0729369
0.0741611
0.0755278
0.0770497
0.0787281
0.0805677
0.0825692
0.0847269
0.0870406
0.0894924
0.0920812
0.0947768
0.0975769
0.100441
0.103367
0.106311
0.109269
0.112192
0.115075
0.117852
0.120517
0.122997
0.125284
0.127316
0.129084
0.130541
0.131678
0.132465
0.132895
0.132951
0.132628
0.131926
0.130839
0.129383
0.127553
0.125382
0.122869
0.120836
0.11942
)
;

boundaryField
{
    inlet
    {
        type            cyclic;
    }
    outlet
    {
        type            cyclic;
    }
    top
    {
        type            zeroGradient;
    }
    hills
    {
        type            zeroGradient;
    }
    front
    {
        type            empty;
    }
    back
    {
        type            empty;
    }
}


// ************************************************************************* //
