/*--------------------------------*- C++ -*----------------------------------*\
| =========                 |                                                 |
| \\      /  F ield         | OpenFOAM: The Open Source CFD Toolbox           |
|  \\    /   O peration     | Version:  v2106                                 |
|   \\  /    A nd           | Website:  www.openfoam.com                      |
|    \\/     M anipulation  |                                                 |
\*---------------------------------------------------------------------------*/
FoamFile
{
    version     2.0;
    format      ascii;
    arch        "LSB;label=32;scalar=64";
    class       volScalarField;
    location    "0";
    object      expGpCoeffs28;
}
// * * * * * * * * * * * * * * * * * * * * * * * * * * * * * * * * * * * * * //

dimensions      [0 0 0 0 0 0 0];

internalField   nonuniform List<scalar> 
8000
(
0.000111547
8.30483e-05
0.000169452
0.000459388
0.00137808
0.00295127
0.00542512
0.00872639
0.0124811
0.0166624
0.0206225
0.0243108
0.0272378
0.0293722
0.0305314
0.0307408
0.030194
0.0289145
0.0273354
0.0254675
0.0236629
0.0219379
0.0203313
0.0188581
0.0173616
0.0158316
0.0142071
0.0124918
0.0107503
0.00899071
0.00730336
0.00569628
0.00425162
0.00297602
0.00192927
0.00111544
0.000560607
0.000265508
0.000216778
0.000411598
0.00079882
0.00137255
0.00205307
0.00283259
0.00361818
0.00440162
0.00509516
0.00569189
0.00612687
0.00639586
0.00646992
0.00634833
0.00604403
0.00555999
0.00494841
0.00421533
0.00344172
0.00263551
0.00189026
0.00121416
0.000694814
0.000339125
0.000211669
0.00031661
0.000683197
0.00131213
0.00219214
0.00332026
0.00464732
0.00616739
0.00780287
0.00954587
0.0113045
0.0130702
0.014774
0.0164118
0.0180513
0.0197019
0.0215465
0.0235675
0.0257482
0.0280693
0.0301612
0.0320119
0.03311
0.0334307
0.0326746
0.0308088
0.0279513
0.0241313
0.0198593
0.0151922
0.0108926
0.00698958
0.00398803
0.00197567
0.000734195
0.000249757
5.18584e-05
3.53915e-05
0.000113842
8.53493e-05
0.000141641
0.000431195
0.00130238
0.00287381
0.00535888
0.00865935
0.0124699
0.0166526
0.0206654
0.0243561
0.0273133
0.0294503
0.0306071
0.0308183
0.0302375
0.0289587
0.0273402
0.0254724
0.0236475
0.0219225
0.0203266
0.0188536
0.0173707
0.0158409
0.0142128
0.0124977
0.010748
0.00898862
0.00729316
0.00568628
0.00423491
0.00295947
0.0019086
0.00109488
0.000539355
0.000244295
0.000198501
0.000393297
0.000786579
0.00136023
0.00204879
0.00282822
0.00362224
0.00440558
0.00510625
0.0057029
0.00614227
0.00641122
0.00648603
0.00636446
0.00605712
0.00557313
0.00495533
0.00422235
0.00344059
0.00263449
0.0018808
0.00120478
0.000678365
0.000322721
0.000190943
0.000295871
0.0006617
0.00129056
0.00217348
0.00330146
0.00463453
0.0061544
0.00779788
0.00954066
0.0113079
0.0130734
0.0147812
0.0164187
0.0180433
0.0196937
0.0215252
0.023546
0.0257465
0.0280676
0.0302028
0.0320529
0.0331939
0.0335128
0.0327679
0.0308993
0.0280142
0.0241911
0.0198605
0.0151916
0.0108234
0.00692091
0.00389884
0.00188845
0.000697466
0.000213527
5.05288e-05
3.40655e-05
0.00011632
8.78341e-05
0.000111608
0.000400751
0.00122063
0.00279017
0.00528734
0.00858697
0.0124578
0.0166419
0.0207117
0.024405
0.0273949
0.0295347
0.0306888
0.030902
0.0302845
0.0290064
0.0273453
0.0254776
0.0236309
0.0219059
0.0203216
0.0188488
0.0173805
0.0158509
0.0142189
0.012504
0.0107455
0.00898637
0.00728214
0.00567548
0.00421685
0.00294159
0.00188629
0.00107267
0.000516408
0.000221388
0.000178765
0.000373534
0.000773362
0.00134694
0.00204418
0.00282349
0.00362662
0.00440985
0.00511823
0.0057148
0.00615891
0.00642782
0.00650344
0.00638188
0.00607125
0.00558733
0.00496281
0.00422993
0.00343938
0.00263338
0.00187058
0.00119465
0.000660603
0.000305008
0.000168562
0.000273475
0.000638486
0.00126726
0.00215333
0.00328115
0.00462072
0.00614038
0.00779249
0.00953503
0.0113115
0.0130768
0.0147889
0.0164262
0.0180347
0.0196849
0.0215021
0.0235229
0.0257447
0.0280659
0.0302477
0.0320972
0.0332846
0.0336015
0.0328687
0.030997
0.028082
0.0242558
0.0198618
0.0151908
0.0107485
0.00684675
0.00380252
0.00179426
0.000657805
0.000174405
4.90931e-05
3.26336e-05
0.000118996
9.05172e-05
7.91781e-05
0.000367877
0.00113236
0.00269984
0.00521009
0.0085088
0.0124448
0.0166305
0.0207617
0.0244579
0.027483
0.0296258
0.030777
0.0309924
0.0303353
0.0290579
0.0273509
0.0254833
0.0236129
0.021888
0.0203161
0.0188436
0.0173911
0.0158618
0.0142255
0.0125109
0.0107428
0.00898393
0.00727023
0.00566382
0.00419736
0.00292229
0.00186219
0.0010487
0.000491628
0.000196651
0.000157453
0.000352193
0.000759089
0.00133258
0.00203919
0.00281839
0.00363135
0.00441447
0.00513116
0.00572764
0.00617687
0.00644574
0.00652223
0.00640069
0.0060865
0.00560266
0.00497089
0.00423811
0.00343806
0.00263219
0.00185954
0.00118371
0.000641423
0.000285881
0.000144394
0.000249292
0.000613419
0.00124209
0.00213157
0.00325923
0.00460581
0.00612525
0.00778668
0.00952896
0.0113154
0.0130805
0.0147973
0.0164343
0.0180255
0.0196754
0.0214771
0.0234979
0.0257428
0.028064
0.0302961
0.032145
0.0333826
0.0336973
0.0329776
0.0311025
0.0281553
0.0243256
0.0198631
0.01519
0.0106678
0.00676667
0.00369851
0.00169255
0.000614978
0.000132159
4.75428e-05
3.10874e-05
0.000121886
9.34145e-05
4.41587e-05
0.000337025
0.00103704
0.00260231
0.00512667
0.00842439
0.0124307
0.0166181
0.0208157
0.024515
0.0275781
0.0297241
0.0308723
0.03109
0.0303901
0.0291136
0.027357
0.0254894
0.0235935
0.0218686
0.0203102
0.0188379
0.0174025
0.0158734
0.0142326
0.0125183
0.0107399
0.0089813
0.00725738
0.00565123
0.00417631
0.00290144
0.00183617
0.00102281
0.000464869
0.000169941
0.00013444
0.000329148
0.000743676
0.00131707
0.00203381
0.00281288
0.00363647
0.00441945
0.00514513
0.00574151
0.00619626
0.00646509
0.00654252
0.006421
0.00610298
0.00561922
0.00497961
0.00424695
0.00343665
0.00263091
0.00184762
0.00117191
0.000620711
0.000265227
0.000118297
0.000223177
0.00058635
0.00121492
0.00210807
0.00323555
0.00458971
0.0061089
0.0077804
0.0095224
0.0113197
0.0130844
0.0148063
0.0164431
0.0180154
0.0196651
0.0214502
0.0234709
0.0257407
0.0280619
0.0303484
0.0321966
0.0334883
0.0338007
0.0330951
0.0312164
0.0282344
0.024401
0.0198646
0.0151892
0.0105805
0.00668019
0.0035862
0.00158272
0.000573122
8.65405e-05
4.58687e-05
2.94178e-05
0.000138927
0.000107687
6.69242e-05
0.000332388
0.000970392
0.00251553
0.0050377
0.00831487
0.0124131
0.016594
0.0208642
0.0245555
0.027665
0.0298064
0.0309716
0.031193
0.0304493
0.0291737
0.0273635
0.025496
0.0235725
0.0218478
0.0203039
0.0188318
0.0174277
0.0158955
0.0142503
0.0125327
0.0107443
0.00898272
0.00724895
0.00564046
0.00415739
0.00288115
0.00181089
0.000997271
0.000438505
0.000144419
0.000112494
0.000308976
0.00073087
0.00130667
0.00203317
0.00281483
0.00364865
0.00443398
0.00516832
0.00576637
0.00622646
0.00649597
0.0065743
0.00645241
0.00613069
0.00564549
0.00499833
0.00426345
0.00344325
0.00263491
0.00184137
0.00116316
0.000603362
0.000245986
9.37908e-05
0.000197752
0.000559999
0.00118887
0.00208555
0.0032146
0.00457606
0.00609793
0.00777914
0.00952462
0.0113323
0.0131009
0.0148276
0.0164681
0.0180046
0.019654
0.0214211
0.0234418
0.0257384
0.0280597
0.030405
0.0322524
0.0336008
0.033909
0.0331974
0.031322
0.0282961
0.0244707
0.0198534
0.0151851
0.0104609
0.00658559
0.00347844
0.00150116
0.000555041
0.000101312
5.4413e-05
4.13369e-05
0.000186998
0.00014562
0.000105066
0.00032738
0.000965398
0.00242988
0.00495074
0.00814574
0.012241
0.0163859
0.0206522
0.024375
0.027481
0.0297109
0.0308741
0.0312067
0.0304652
0.0292759
0.0274621
0.0256268
0.0237056
0.0219765
0.0204516
0.0189609
0.0175737
0.0160066
0.0143617
0.0126071
0.010819
0.0090236
0.00729015
0.00565502
0.00417223
0.00287978
0.00180972
0.000992105
0.000433444
0.00014759
0.000115671
0.000330781
0.000752596
0.00135396
0.00208033
0.00288991
0.00372358
0.00453421
0.00526842
0.00588461
0.00634462
0.0066218
0.00670012
0.00657396
0.00625229
0.00575156
0.00510452
0.00434562
0.00352557
0.00268917
0.00189578
0.00119078
0.000631091
0.000253495
0.000101329
0.000195953
0.000558132
0.00119113
0.00208765
0.00323473
0.00459594
0.00614799
0.00782888
0.0096131
0.0114205
0.0132316
0.014958
0.0166389
0.0181552
0.0198284
0.0215726
0.0236051
0.0258972
0.0281935
0.030542
0.0323012
0.0336485
0.0338293
0.0331194
0.0311329
0.0281106
0.0242344
0.0196215
0.0149818
0.0102611
0.0064733
0.00336793
0.00148139
0.000535517
0.000131601
8.4548e-05
8.34647e-05
0.000238907
0.000186582
0.000146254
0.000321973
0.000960004
0.00233739
0.00485683
0.0079631
0.0120552
0.0161612
0.0204232
0.02418
0.0272823
0.0296077
0.0307689
0.0312215
0.0304801
0.0293911
0.027579
0.0257977
0.0238785
0.0221567
0.0206328
0.0191182
0.0177312
0.0161266
0.0144821
0.0126874
0.0108998
0.00906773
0.00733464
0.00567074
0.00418825
0.0028783
0.00180846
0.000986526
0.000427979
0.000151015
0.000119102
0.000354327
0.000776057
0.00140503
0.00213125
0.00297098
0.00380448
0.00464245
0.0053765
0.0060123
0.00647221
0.00675768
0.00683598
0.0067052
0.0063836
0.00586609
0.00521918
0.00443435
0.00361447
0.00274777
0.00195454
0.00122061
0.000661033
0.000261604
0.000109469
0.00019401
0.000556116
0.00119358
0.00208992
0.00325647
0.0046174
0.00620204
0.00788259
0.00970865
0.0115157
0.0133728
0.0150988
0.0168234
0.0183394
0.0200428
0.0217858
0.0238179
0.0261076
0.0283537
0.0306998
0.0323534
0.0336999
0.0337433
0.0330351
0.0309286
0.0279103
0.0239793
0.0193711
0.0147623
0.0100455
0.00635205
0.00324861
0.00146004
0.000514433
0.000164308
0.000117089
0.000128956
0.00029496
0.000230813
0.00019073
0.000316134
0.000954181
0.00223752
0.00475542
0.00776588
0.0118545
0.0159185
0.020176
0.0239695
0.0270678
0.0294963
0.0306552
0.0312375
0.0304961
0.0295155
0.0277053
0.0259822
0.0240652
0.0223512
0.0208285
0.019288
0.0179014
0.0162562
0.014612
0.0127742
0.0109869
0.0091154
0.00738268
0.00568772
0.00420555
0.0028767
0.00180709
0.000980502
0.000422077
0.000154713
0.000122807
0.000379753
0.00080139
0.00146017
0.00218623
0.00305853
0.00389185
0.00475932
0.00549322
0.00615017
0.00660999
0.0069044
0.00698269
0.00684693
0.00652539
0.00598977
0.005343
0.00453017
0.00371047
0.00281104
0.00201798
0.00125282
0.000693366
0.000270361
0.000118259
0.000191912
0.000553939
0.00119622
0.00209236
0.00327995
0.00464057
0.0062604
0.00794059
0.00981182
0.0116184
0.0135252
0.0152508
0.0170226
0.0185382
0.0202744
0.0220161
0.0240476
0.0263347
0.0285266
0.0308701
0.0324097
0.0337555
0.0336504
0.0329442
0.0307081
0.027694
0.0237037
0.0191007
0.0145252
0.00981256
0.00622112
0.00311975
0.001437
0.000491666
0.000199627
0.000152228
0.000178079
0.000355489
0.000278577
0.000238757
0.000309828
0.000947892
0.00212967
0.00464592
0.00755292
0.0116378
0.0156564
0.019909
0.0237422
0.0268361
0.029376
0.0305325
0.0312548
0.0305135
0.0296498
0.0278416
0.0261815
0.0242668
0.0225613
0.0210398
0.0194714
0.0180851
0.0163961
0.0147523
0.0128679
0.011081
0.00916686
0.00743456
0.00570605
0.00422423
0.00287497
0.00180562
0.000973998
0.000415705
0.000158706
0.000126808
0.000407209
0.000828747
0.00151972
0.00224561
0.00315306
0.00398619
0.00488553
0.00561925
0.00629906
0.00675877
0.00706284
0.00714111
0.00699997
0.00667851
0.00612333
0.00547671
0.00463364
0.00381413
0.00287936
0.00208649
0.0012876
0.00072828
0.000279817
0.00012775
0.000189647
0.000551588
0.00119907
0.002095
0.00330529
0.0046656
0.00632343
0.00800321
0.00992323
0.0117294
0.0136898
0.015415
0.0172377
0.0187529
0.0205244
0.0222647
0.0242957
0.0265799
0.0287134
0.0310541
0.0324705
0.0338155
0.0335501
0.032846
0.03047
0.0274604
0.0234062
0.0188087
0.0142692
0.00956107
0.00607973
0.00298061
0.00141211
0.000467082
0.000237766
0.000190173
0.000231125
0.00042085
0.000330154
0.000290618
0.000303019
0.000941101
0.00201322
0.00452768
0.00732295
0.0114038
0.0153735
0.0196207
0.0234967
0.026586
0.029246
0.0304
0.0312734
0.0305322
0.0297949
0.0279889
0.0263967
0.0244845
0.0227881
0.0212679
0.0196695
0.0182836
0.0165472
0.0149038
0.012969
0.0111827
0.00922244
0.00749058
0.00572585
0.00424441
0.00287311
0.00180403
0.000966974
0.000408823
0.000163018
0.000131128
0.000436857
0.000858287
0.00158402
0.00230972
0.00325515
0.00408806
0.00502181
0.00575535
0.00645983
0.00691942
0.00723393
0.00731218
0.00716523
0.00684385
0.00626754
0.00562109
0.00474536
0.00392606
0.00295314
0.00216047
0.00132516
0.000765982
0.000290027
0.000138
0.000187201
0.000549049
0.00120216
0.00209786
0.00333266
0.00469262
0.00639148
0.00807084
0.0100435
0.0118493
0.0138675
0.0155923
0.0174699
0.0189848
0.0207945
0.0225332
0.0245636
0.0268448
0.0289151
0.0312527
0.0325362
0.0338803
0.0334418
0.03274
0.0302129
0.0272082
0.0230849
0.0184935
0.0139927
0.0092895
0.00592706
0.00283035
0.00138523
0.000440535
0.00027895
0.000231147
0.000288405
0.00049143
0.000385848
0.00034662
0.000295667
0.000933769
0.00188746
0.00439999
0.00707462
0.0111511
0.0150679
0.0193094
0.0232316
0.0263158
0.0291057
0.0302569
0.0312935
0.0305525
0.0299515
0.0281479
0.0266291
0.0247196
0.023033
0.0215143
0.0198834
0.0184978
0.0167103
0.0150674
0.0130783
0.0112924
0.00928246
0.00755107
0.00574722
0.00426619
0.00287109
0.00180231
0.000959389
0.000401392
0.000167674
0.000135793
0.000468872
0.000890186
0.00165345
0.00237896
0.00336538
0.00419806
0.00516898
0.00590231
0.00663344
0.00709291
0.00741868
0.00749691
0.00734368
0.00702239
0.00642328
0.005777
0.00486601
0.00404694
0.0030328
0.00224035
0.00136572
0.000806694
0.000301053
0.000149067
0.00018456
0.000546308
0.00120548
0.00210093
0.00336222
0.0047218
0.00646497
0.00814387
0.0101735
0.0119787
0.0140594
0.0157837
0.0177208
0.0192352
0.021086
0.0228231
0.0248529
0.0271308
0.0291329
0.0314673
0.0326071
0.0339502
0.0333249
0.0326254
0.0299352
0.0269359
0.022738
0.018153
0.0136942
0.00899624
0.0057622
0.0026681
0.00135621
0.000411868
0.000323421
0.000275392
0.000350259
0.000594665
0.000480547
0.000459976
0.000382644
0.000953847
0.00183551
0.00420932
0.00681026
0.0107771
0.014657
0.0188384
0.0228002
0.0259045
0.0287953
0.0300549
0.0312109
0.0305904
0.0300992
0.0283639
0.0269201
0.0250257
0.023359
0.0218361
0.0201777
0.0187843
0.0169616
0.0152812
0.0132547
0.0114357
0.00939152
0.00763291
0.00580213
0.00430268
0.00289123
0.00181461
0.000967711
0.000412798
0.000187485
0.000168398
0.000520404
0.000961662
0.00175086
0.00249987
0.00351462
0.00437032
0.00536688
0.00611879
0.00686832
0.00733867
0.00767225
0.00775177
0.00759418
0.00726427
0.0066494
0.00598599
0.00505066
0.00420898
0.00316639
0.00235
0.00144821
0.000868514
0.000342334
0.000177221
0.000203204
0.000562559
0.00122588
0.0021313
0.0034108
0.00479246
0.00656617
0.00827717
0.010346
0.0121898
0.0143137
0.0160814
0.0180594
0.019582
0.0214677
0.0232129
0.0252284
0.027499
0.0294258
0.0316947
0.0327155
0.033926
0.0331633
0.0323285
0.0295131
0.0264709
0.0222119
0.0176806
0.0132501
0.00867015
0.00551171
0.00257818
0.0013441
0.000481155
0.000421199
0.000357241
0.000442138
0.000735843
0.000621918
0.000585379
0.000509738
0.000987771
0.00187103
0.00393729
0.00653198
0.0101563
0.0140209
0.0180629
0.0220064
0.0252409
0.0281169
0.0297248
0.0308739
0.0306879
0.0301985
0.0288061
0.0273682
0.0256212
0.0239592
0.0223829
0.0207257
0.0192005
0.0173783
0.0155842
0.0135583
0.0116386
0.00959505
0.00775328
0.00592309
0.00436718
0.00295619
0.00185532
0.00100869
0.000462761
0.000237521
0.000257022
0.000608914
0.00111057
0.00189952
0.00271987
0.0037343
0.00465991
0.00565615
0.00646451
0.0072138
0.00771732
0.00805079
0.00813426
0.00797672
0.00762055
0.00700588
0.00629042
0.00535539
0.00444504
0.00340278
0.00251374
0.00161223
0.00096986
0.00044385
0.000239017
0.000264991
0.000617344
0.00128045
0.00221647
0.00349557
0.00494461
0.00671775
0.00852661
0.0105948
0.0125562
0.0146793
0.016579
0.0185564
0.020234
0.0221182
0.0239442
0.0259539
0.0280953
0.0300143
0.0319286
0.0329453
0.0336626
0.0329055
0.0316338
0.0288339
0.0255829
0.0213445
0.0169215
0.0125096
0.00830022
0.0051504
0.00257424
0.00133943
0.000591016
0.000529606
0.000484192
0.000568922
0.000891431
0.000777709
0.00069598
0.000622336
0.000968977
0.00185516
0.00364353
0.00623147
0.00948599
0.0133339
0.0172255
0.0211493
0.0245244
0.0273842
0.0293684
0.0305099
0.0307933
0.0303057
0.0292836
0.0278521
0.0262643
0.0246074
0.0229733
0.0213174
0.0196499
0.0178284
0.0159113
0.0138861
0.0118577
0.00981483
0.00788326
0.00605372
0.00443684
0.00302634
0.00189928
0.00105295
0.000516714
0.000291552
0.000352722
0.000704492
0.00127137
0.00206004
0.00295744
0.00397151
0.00497262
0.00596851
0.00683783
0.00758686
0.0081262
0.00845956
0.00854728
0.00838979
0.00800528
0.00739082
0.00661914
0.00568444
0.00469994
0.00365804
0.00269055
0.00178935
0.0010793
0.00055347
0.000305746
0.000331712
0.000676503
0.00133938
0.00230844
0.00358709
0.00510892
0.00688144
0.00879597
0.0108634
0.0129518
0.0150742
0.0171164
0.019093
0.0209381
0.0228207
0.0247339
0.0267374
0.0287393
0.0306498
0.0321811
0.0331935
0.0333783
0.0326272
0.0308837
0.0281004
0.0246239
0.0204078
0.0161018
0.0117099
0.00790076
0.00476025
0.00250645
0.00126945
0.000672353
0.000609116
0.00062361
0.000708163
0.00110993
0.000996496
0.000770239
0.000697598
0.000630984
0.00150814
0.00290086
0.00546811
0.00859265
0.0124171
0.0164325
0.0203381
0.0240842
0.0269352
0.0293817
0.0305248
0.0311886
0.030709
0.0299024
0.0284794
0.0269493
0.0252978
0.0236234
0.021969
0.0201971
0.0183762
0.0162953
0.0142708
0.0120721
0.01003
0.00795007
0.00612121
0.00439706
0.00298709
0.00180774
0.000961725
0.000434287
0.00020921
0.000337037
0.000688674
0.00136752
0.00215589
0.00319037
0.00420406
0.00534269
0.00633821
0.00732052
0.00806926
0.00867626
0.00900949
0.00910674
0.00894931
0.00851398
0.00789975
0.0070259
0.00609155
0.00497234
0.00393083
0.00282142
0.00192057
0.00108875
0.000563122
0.000238164
0.00026412
0.000593266
0.00125589
0.00227766
0.00355583
0.00519424
0.00696609
0.00904654
0.0111132
0.0133952
0.0155168
0.0177471
0.019723
0.0216925
0.0235735
0.0255487
0.0275458
0.0295169
0.0314169
0.0327478
0.0337493
0.0335335
0.0327778
0.0305031
0.0277269
0.0237809
0.0195835
0.0150728
0.010707
0.00699644
0.00388044
0.00204722
0.00082212
0.00069007
0.000626602
0.000811773
0.000896086
0.00134707
0.00123369
0.000893691
0.000796255
0.000279308
0.00116409
0.00209581
0.00463978
0.00761248
0.0114114
0.0155847
0.0194708
0.0236296
0.0264715
0.0294361
0.0305814
0.0316607
0.03119
0.0305919
0.0291782
0.0276868
0.0260412
0.0243278
0.0226749
0.0207913
0.0189712
0.0167115
0.0146879
0.0123024
0.0102611
0.00801827
0.00619015
0.00434792
0.00293852
0.00170142
0.000855747
0.000337718
0.000112732
0.000313702
0.000665197
0.00146718
0.00225523
0.00344063
0.00445391
0.00574404
0.00673916
0.00784602
0.00859446
0.00927607
0.00960916
0.00971696
0.0095596
0.0090683
0.00845432
0.00746791
0.00653394
0.00526633
0.00422525
0.00295952
0.00205903
0.00109312
0.000567701
0.000157682
0.000183627
0.000495477
0.00115783
0.00223743
0.00351508
0.00528142
0.00705256
0.00931496
0.0113808
0.0138749
0.0159956
0.0184308
0.0204059
0.0225061
0.0243854
0.0264198
0.0284101
0.0303734
0.0322621
0.0334064
0.0343959
0.0337469
0.0329857
0.0301186
0.0273495
0.022885
0.0187076
0.0139487
0.00961137
0.00601559
0.00292705
0.00158789
0.000354465
0.000733993
0.000698621
0.00101628
0.00110059
0.00167828
0.00153529
0.00119708
0.000938781
0.000424653
0.000956665
0.00183748
0.0040006
0.00691569
0.0104569
0.0146251
0.0184953
0.0226751
0.0257556
0.0287742
0.0303159
0.0314575
0.0313794
0.0308158
0.0296563
0.0281715
0.026603
0.024875
0.0231673
0.0212488
0.0193113
0.0170387
0.0148928
0.0124938
0.0103468
0.0080922
0.00618908
0.00433843
0.00289527
0.00165418
0.000821081
0.000303994
0.000136406
0.000342978
0.000788451
0.00159967
0.00250425
0.00370088
0.00483528
0.00613667
0.00723844
0.00835452
0.00917792
0.00986505
0.010229
0.0103375
0.0101614
0.009666
0.00898644
0.00799169
0.00695595
0.00567732
0.00451521
0.00323786
0.00221756
0.00124161
0.000618191
0.000201725
0.000168669
0.000479053
0.00113243
0.00221608
0.0035379
0.00531346
0.00717683
0.00945245
0.0116465
0.0141561
0.0164242
0.0188743
0.0209917
0.0231269
0.0250812
0.0271326
0.0290595
0.0310205
0.0326481
0.0337597
0.0343122
0.0335951
0.0323582
0.0294255
0.0263323
0.0218375
0.0176208
0.0128603
0.00877633
0.00523991
0.00256849
0.00128718
0.000455098
0.000832763
0.000985315
0.0013013
0.0014217
0.00203593
0.00186098
0.0015247
0.00109269
0.000581603
0.000732682
0.00160744
0.00331189
0.00620924
0.0094397
0.0135838
0.0174384
0.0215949
0.0249665
0.0279687
0.0299898
0.031125
0.0315196
0.0309579
0.0301051
0.028625
0.0271476
0.0254225
0.023645
0.0217275
0.0196533
0.0173818
0.0150936
0.0126957
0.0104256
0.00817206
0.00618159
0.00433182
0.00284933
0.00160883
0.000790331
0.000273489
0.000172681
0.000379155
0.000933995
0.00174483
0.00278501
0.00398108
0.00525646
0.00655723
0.00778313
0.00889869
0.00980934
0.0104961
0.0108959
0.0110045
0.0108065
0.0103113
0.00955546
0.00856118
0.00740698
0.00612895
0.00482599
0.00354924
0.0023895
0.00141401
0.000676526
0.000260257
0.000158546
0.000468783
0.00111174
0.00219488
0.00356813
0.00534285
0.00731362
0.00958816
0.0119315
0.0144398
0.0168795
0.0193285
0.0216115
0.0237456
0.025796
0.0278436
0.0296972
0.0316514
0.0329643
0.0340712
0.0340978
0.0333849
0.0315733
0.0286566
0.0251689
0.0206992
0.016431
0.0116981
0.00791887
0.00440399
0.00223503
0.000962465
0.000563767
0.000939418
0.0012949
0.00160907
0.00176845
0.00242214
0.00221267
0.00187847
0.00125888
0.000751083
0.000490815
0.00135904
0.0025682
0.00544639
0.00834131
0.0124594
0.0162972
0.0204284
0.0241144
0.0270989
0.0296376
0.0307661
0.0316709
0.0311115
0.0305896
0.0291148
0.0277356
0.0260137
0.0241609
0.0222445
0.0200226
0.0177523
0.0153103
0.0129137
0.0105107
0.0082583
0.00617351
0.00432468
0.00279972
0.00155986
0.000757126
0.000240549
0.000211852
0.000418221
0.00109116
0.00190158
0.00308818
0.00428364
0.00571126
0.00701137
0.00837132
0.0094863
0.0104912
0.0111776
0.0116162
0.0117246
0.0115032
0.0110082
0.0101699
0.00917613
0.00789402
0.00661665
0.00516157
0.00388548
0.00257517
0.00160018
0.000739518
0.000323462
0.000147615
0.000457693
0.0010894
0.00217198
0.00360078
0.00537459
0.00746132
0.0097347
0.0122392
0.0147463
0.0173713
0.019819
0.0222808
0.0244138
0.0265677
0.0286113
0.0303858
0.0323327
0.0333057
0.0344076
0.0338664
0.0331579
0.0307257
0.0278263
0.0239127
0.0194701
0.0151461
0.010443
0.00699294
0.00350132
0.00187496
0.000611823
0.000681111
0.00105459
0.0016292
0.00194142
0.00214289
0.00288044
0.00266023
0.00232101
0.00166787
0.00112083
0.000713409
0.00129637
0.00229975
0.00472691
0.00747067
0.0112122
0.0150256
0.018992
0.0227892
0.0258919
0.0286286
0.0301074
0.0312145
0.0310483
0.0306625
0.0294413
0.0281027
0.0264215
0.0245355
0.0225413
0.0202626
0.01794
0.015439
0.0130072
0.0105533
0.00828604
0.00616518
0.00432486
0.00278386
0.00157593
0.000779634
0.000315561
0.000315012
0.000588987
0.00130777
0.00219354
0.00343685
0.004707
0.00619352
0.00755926
0.00897104
0.0101351
0.0111764
0.0118896
0.0123431
0.0124529
0.0122223
0.0117029
0.0108328
0.00979186
0.00846029
0.0071189
0.00560499
0.00425613
0.00288753
0.00184038
0.000931956
0.000453786
0.000249073
0.000515242
0.00114234
0.00220508
0.00365504
0.00543574
0.00756699
0.00987312
0.0124396
0.015001
0.0176974
0.0202178
0.0227486
0.0249808
0.0271808
0.0291963
0.0309379
0.032613
0.0334445
0.0340912
0.0333227
0.0321695
0.0294971
0.026397
0.0223281
0.0180191
0.0136923
0.00939128
0.00609254
0.0031138
0.00171467
0.0007915
0.00103083
0.00146108
0.00207744
0.00239075
0.00260547
0.00344648
0.00322701
0.0028797
0.0022335
0.00144047
0.00104314
0.00112957
0.00213018
0.00387485
0.00659703
0.00978931
0.0135691
0.0173872
0.0211485
0.0245379
0.0272467
0.0293138
0.0304071
0.0308671
0.0304795
0.0296559
0.0283197
0.02671
0.0248255
0.0227352
0.0204579
0.0180226
0.0155231
0.0130028
0.0105503
0.00823053
0.00611094
0.00426359
0.00272352
0.0015582
0.000762382
0.000388102
0.000387553
0.000789535
0.00150789
0.00254535
0.00378792
0.00521507
0.00670071
0.00820894
0.00961987
0.0108933
0.0119339
0.0127086
0.0131618
0.0132765
0.013046
0.012474
0.0116044
0.0104603
0.00912951
0.00764874
0.00613573
0.00463087
0.00326309
0.00206535
0.00115746
0.000555334
0.000350743
0.000536796
0.00116352
0.00220073
0.00364982
0.00546238
0.00759236
0.00998245
0.0125474
0.0152326
0.0179274
0.0205975
0.0231267
0.0254954
0.0276935
0.0296624
0.0313996
0.0326511
0.0334816
0.0334077
0.0326507
0.0307632
0.0281193
0.0245925
0.0205632
0.0163271
0.0120394
0.00830661
0.00503477
0.00282103
0.00142775
0.00107838
0.00130827
0.00202525
0.00263461
0.00296837
0.00318234
0.00417806
0.0039599
0.00357626
0.00291495
0.00159074
0.00118388
0.000406367
0.00139872
0.00246824
0.00515265
0.00806823
0.0118069
0.0158164
0.0195427
0.0235283
0.026217
0.0289994
0.0300875
0.0310774
0.0306926
0.0301071
0.0287748
0.0271653
0.0252826
0.0230474
0.0207715
0.0181413
0.0156433
0.0129394
0.0104885
0.00802862
0.00591046
0.00399087
0.00245193
0.00129838
0.000503288
0.000229439
0.000229168
0.000811461
0.00152967
0.00280532
0.00404742
0.00573805
0.00722304
0.00898152
0.0103918
0.0118639
0.0129041
0.0137945
0.0142475
0.0143757
0.0141454
0.0134816
0.0126123
0.0112851
0.00995492
0.00822836
0.00671602
0.00494184
0.00357461
0.00212668
0.00121908
0.000424934
0.00022021
0.000301342
0.000927458
0.00196101
0.00340907
0.00531702
0.00744561
0.0100128
0.0125762
0.0154915
0.0181847
0.0210967
0.0236245
0.0261698
0.0283656
0.030355
0.0320864
0.0331086
0.033933
0.0332878
0.0325325
0.0298149
0.0271893
0.0229073
0.018915
0.0143568
0.010115
0.00660875
0.00338118
0.00188535
0.000504095
0.00112324
0.00136591
0.00269784
0.00332581
0.00371105
0.00392385
0.00495399
0.00474378
0.00436474
0.00359554
0.00228554
0.00146307
0.000692733
0.000987418
0.00202633
0.00399212
0.00687346
0.0101268
0.0140988
0.0177472
0.0217077
0.0247268
0.0275117
0.0291502
0.0301503
0.030261
0.0296806
0.0286063
0.0269825
0.0251362
0.0228701
0.0205485
0.0179201
0.0153847
0.0126827
0.0102254
0.00776729
0.00568191
0.00376367
0.00230044
0.00114769
0.000469886
0.000196228
0.000347834
0.000929721
0.0018222
0.00309697
0.00451951
0.00620896
0.00786215
0.0096194
0.0111674
0.0126385
0.0137702
0.01466
0.0151477
0.0152758
0.0150188
0.0143555
0.0134014
0.0120751
0.0106119
0.00888651
0.00720867
0.00543572
0.00388995
0.00244304
0.00136425
0.000570657
0.000220666
0.000301742
0.000822805
0.00185564
0.0032471
0.00515372
0.00727554
0.00984092
0.0124421
0.0153555
0.0181203
0.0210304
0.0236363
0.0262145
0.0283916
0.0303965
0.0318524
0.0328686
0.0331236
0.0324649
0.0310332
0.0283078
0.0252162
0.0209583
0.0169564
0.0124396
0.00867775
0.00521087
0.00276813
0.001309
0.000720231
0.00133408
0.00206256
0.00338028
0.00414343
0.00452391
0.00473248
0.00579188
0.00559025
0.00521471
0.00433047
0.00303582
0.00176455
0.00100196
0.000543278
0.00157056
0.00274167
0.00559297
0.00831255
0.0122439
0.0158083
0.0197276
0.0231116
0.0258651
0.0281075
0.0290906
0.0297454
0.0291596
0.0283706
0.026747
0.0249431
0.0226787
0.0203077
0.0176813
0.0151054
0.0124055
0.00994139
0.00748509
0.00543512
0.00351832
0.00213686
0.000984979
0.000433818
0.000160366
0.000475975
0.00105742
0.00213809
0.0034119
0.00502929
0.00671747
0.00855228
0.0103082
0.0120049
0.0134749
0.0147055
0.0155946
0.0161197
0.0162477
0.015962
0.0152992
0.0142535
0.0129282
0.0113213
0.00959721
0.00774065
0.00596903
0.00423048
0.00278465
0.00152101
0.000728016
0.000221159
0.000302173
0.000709796
0.00174185
0.0030722
0.00497739
0.0070919
0.00965535
0.0122974
0.0152085
0.0180509
0.0209587
0.0236491
0.0262253
0.0283801
0.0303837
0.0315351
0.0325545
0.032184
0.0315404
0.0293661
0.0266727
0.023067
0.0188538
0.0148396
0.0103693
0.00713502
0.00370436
0.00212946
0.000686628
0.000953623
0.00156174
0.00281483
0.0041172
0.00502514
0.00540168
0.00560568
0.00668861
0.00648926
0.00604777
0.00517132
0.00399012
0.00266425
0.00169809
0.00110002
0.0014298
0.00243189
0.00440614
0.00699278
0.010181
0.013692
0.017243
0.0206602
0.0235415
0.0258717
0.02733
0.0280761
0.0279746
0.0272386
0.0258828
0.02409
0.0219337
0.0195549
0.0170512
0.0144692
0.011918
0.00945432
0.00716888
0.00512707
0.00338938
0.00202453
0.00104557
0.000519073
0.000399515
0.000746371
0.00145343
0.00256947
0.00393618
0.00558985
0.00733885
0.00920727
0.0109968
0.0127208
0.0142044
0.0154531
0.0163431
0.016875
0.0169967
0.0167057
0.0160313
0.0149687
0.0136246
0.0119912
0.010236
0.00834635
0.0065244
0.00475003
0.00322854
0.00193027
0.00103313
0.00049652
0.000446379
0.00083198
0.00171277
0.0030305
0.00477584
0.00688754
0.00929686
0.011945
0.0147222
0.0175775
0.0203779
0.0230826
0.0255684
0.0277165
0.0294328
0.0305261
0.0309656
0.0304859
0.0292168
0.0269278
0.0239696
0.0203045
0.0164066
0.0124321
0.00875072
0.00565372
0.00321045
0.00182327
0.00119305
0.00162128
0.00249217
0.00381292
0.00500731
0.00590921
0.00635798
0.00656029
0.00785216
0.00765428
0.00744661
0.00657767
0.00501581
0.00371405
0.0018615
0.00126751
0.000539137
0.0015164
0.00252403
0.00506471
0.00770007
0.0111551
0.0147543
0.0181199
0.0215344
0.0238292
0.0259551
0.0266835
0.0270615
0.0263197
0.0251249
0.0233327
0.0211749
0.0187981
0.0163018
0.0137221
0.0112177
0.00875617
0.00655801
0.004518
0.00291284
0.00154919
0.000748366
0.000222332
0.00032111
0.000667661
0.0016216
0.00273666
0.00436139
0.00601361
0.00801024
0.00987703
0.0118807
0.0136032
0.0152458
0.0164935
0.0174705
0.0180019
0.0181289
0.0178382
0.0170866
0.016025
0.0145293
0.0128973
0.0109322
0.00904421
0.00697579
0.00520298
0.00342304
0.00212591
0.000982393
0.000446257
0.000182356
0.000567618
0.00128183
0.00259841
0.00423162
0.00634146
0.0086928
0.0113386
0.0141051
0.0169579
0.0197886
0.0224909
0.0250047
0.0271516
0.0287012
0.0297986
0.0296922
0.0292286
0.027152
0.0248988
0.021231
0.0176216
0.0135398
0.00962848
0.00646769
0.00342501
0.00202277
0.00066751
0.00122686
0.00165467
0.0035432
0.00483877
0.00649028
0.00738478
0.00759178
0.00779254
0.00896289
0.00883599
0.0086337
0.00783734
0.00629955
0.00478318
0.00290549
0.00168267
0.000870657
0.000902597
0.00183093
0.00339282
0.00595819
0.00870732
0.012262
0.0153962
0.0188126
0.0213295
0.0234815
0.0246422
0.0250415
0.0246691
0.0234657
0.0219052
0.0197196
0.0175463
0.0150511
0.0127033
0.0102024
0.00799702
0.00580443
0.00402692
0.00242968
0.00131715
0.000526614
0.000225049
0.000336198
0.000869531
0.00183731
0.00309585
0.00473497
0.00648739
0.0084978
0.0104265
0.012442
0.0141963
0.0158477
0.0171062
0.0180881
0.0186172
0.0187446
0.0184429
0.017687
0.0166055
0.0151013
0.0134357
0.0114588
0.00951517
0.00743297
0.0055732
0.00377876
0.00235579
0.00119835
0.000494183
0.00021808
0.000395969
0.00110047
0.00217981
0.00380618
0.00566395
0.00801131
0.0104086
0.0131736
0.0158005
0.018632
0.0211333
0.02368
0.0255777
0.027137
0.0277985
0.0276659
0.0266483
0.0245361
0.021925
0.0182447
0.0147813
0.0107403
0.00754107
0.00445468
0.00248061
0.00116765
0.000884917
0.00154247
0.00270801
0.00463046
0.00620051
0.00782757
0.00866255
0.00886345
0.00899129
0.0101202
0.0100447
0.00977102
0.00904132
0.00765706
0.00600408
0.00421054
0.00249706
0.00152192
0.000798885
0.00137065
0.00214699
0.00425978
0.0064369
0.00956539
0.0124999
0.0156612
0.0183343
0.0204583
0.0219474
0.0224642
0.0223867
0.0213407
0.0199766
0.0179397
0.0159248
0.0135963
0.0114291
0.0090991
0.00709313
0.00506661
0.00349329
0.00204088
0.00112352
0.000443113
0.000315802
0.000494031
0.00117213
0.00216223
0.00353172
0.00515368
0.00698334
0.00894856
0.0109247
0.0128824
0.0146609
0.0162586
0.0175251
0.0184716
0.0189988
0.0191184
0.0188082
0.0180743
0.0169776
0.0155194
0.013828
0.0119088
0.00992255
0.00789302
0.00596632
0.00420197
0.00268175
0.00151691
0.000682571
0.000352431
0.00036939
0.000971849
0.0018668
0.00334989
0.00501154
0.00718797
0.0093918
0.0119762
0.014427
0.0170794
0.019424
0.0218106
0.0234969
0.0248716
0.0251836
0.0248852
0.0234423
0.0213119
0.0184383
0.015
0.0116704
0.00808639
0.00546612
0.00288935
0.00177421
0.000876628
0.0014516
0.00231248
0.00405522
0.00590254
0.00765228
0.00911905
0.00989479
0.0101747
0.0102498
0.0113561
0.011282
0.01136
0.0106504
0.00937461
0.00776548
0.0056501
0.00397715
0.00211622
0.00140844
0.00067652
0.00143599
0.00220567
0.00433641
0.00648875
0.00935874
0.0121622
0.0147724
0.0170998
0.0185446
0.0195105
0.0194119
0.0187802
0.0174144
0.0157551
0.0137424
0.0118371
0.00967236
0.00780284
0.0057991
0.00422759
0.00265602
0.0016161
0.000699765
0.000358973
0.000231804
0.00065731
0.00133466
0.00247367
0.00384163
0.00552207
0.00734969
0.00930299
0.0112769
0.0131806
0.014957
0.0164893
0.0177544
0.0186512
0.0191778
0.0192814
0.0189716
0.0182597
0.0171642
0.015756
0.0140665
0.012202
0.010218
0.00821637
0.0062918
0.00449528
0.00297675
0.00169201
0.000858599
0.000305253
0.000322193
0.000598606
0.00149256
0.00256403
0.00422384
0.00593456
0.00813594
0.010241
0.0126891
0.0148954
0.0172374
0.0192171
0.0209048
0.0217966
0.0221303
0.0212512
0.0198557
0.0173689
0.0145651
0.0113901
0.00813474
0.00554622
0.00298206
0.00187516
0.000784012
0.00136625
0.00192904
0.00382815
0.0055293
0.00778644
0.0094892
0.0108724
0.0116263
0.0115327
0.0116063
0.0124455
0.0124871
0.0125942
0.0121539
0.010959
0.00951618
0.00736862
0.00547803
0.00346659
0.00204067
0.00110898
0.000793144
0.00135804
0.00234441
0.0043391
0.00632176
0.00906946
0.0112654
0.0136219
0.0151002
0.0161196
0.0163046
0.0156948
0.0147124
0.0130709
0.0115203
0.00966486
0.00800184
0.00619017
0.00468143
0.00316777
0.00203624
0.0010504
0.000478283
0.000184753
0.000278669
0.000742607
0.00150855
0.00267631
0.00401069
0.0057105
0.00741076
0.00937533
0.0111699
0.0130787
0.0146718
0.0162052
0.0173281
0.0182241
0.0186838
0.0187859
0.0185003
0.0177869
0.0168015
0.0153909
0.0138709
0.0120014
0.0102034
0.00819189
0.00641878
0.004605
0.00315372
0.00184237
0.000953486
0.000363242
0.00018214
0.000411869
0.000967996
0.00198499
0.00319213
0.00484387
0.00652045
0.00856614
0.0104704
0.0126252
0.0144552
0.0164174
0.0176593
0.0185245
0.0184861
0.0175383
0.0160112
0.0134746
0.0110286
0.00789507
0.00555416
0.00312685
0.0018148
0.000932306
0.00106224
0.0018726
0.00328336
0.00536132
0.00735665
0.00966173
0.0112201
0.0125219
0.0129998
0.0128736
0.0128253
0.0134589
0.0135597
0.013539
0.0132454
0.0123618
0.0110426
0.00932525
0.00734042
0.00541925
0.00361207
0.00230575
0.00139839
0.00120362
0.00154575
0.00256039
0.00402634
0.00585522
0.00778622
0.00959032
0.0110565
0.0119938
0.0123299
0.0120416
0.0112871
0.0101223
0.00882669
0.00743751
0.00605138
0.00469348
0.00345782
0.00235316
0.00146425
0.000795631
0.000413102
0.000309767
0.000525157
0.00103508
0.00184924
0.00292344
0.0042385
0.0057319
0.00736108
0.00905138
0.0107463
0.0123689
0.0138602
0.0151527
0.0161968
0.0169453
0.0173678
0.0174456
0.0171736
0.0165646
0.0156403
0.0144431
0.0130172
0.0114279
0.00973322
0.00801161
0.00632287
0.00474722
0.00333383
0.00215421
0.00123541
0.000632488
0.000342651
0.000400613
0.00077067
0.00146765
0.00242518
0.00364247
0.0050295
0.0065767
0.0081808
0.00981084
0.0113581
0.0127744
0.013751
0.014214
0.0139738
0.0130415
0.0114742
0.00947833
0.00727052
0.0051218
0.00331747
0.00198843
0.00138411
0.0013833
0.00218764
0.00346066
0.00532487
0.00734516
0.00947535
0.0113324
0.0127754
0.0137463
0.0140722
0.0140933
0.0139825
0.0141422
0.0142995
0.0147301
0.01463
0.0141569
0.0130988
0.0114756
0.00967114
0.00741715
0.00556715
0.00351981
0.0023131
0.00111916
0.000965635
0.000996477
0.00190444
0.00306887
0.00454806
0.00612255
0.00735856
0.00838189
0.00871572
0.00862658
0.00803181
0.00718039
0.00613049
0.0051666
0.00404267
0.00312991
0.00213783
0.001434
0.000740601
0.000388858
0.000130018
0.00023135
0.000484625
0.00107452
0.00183932
0.00287419
0.00406458
0.00542204
0.00687517
0.0083695
0.00986936
0.0112806
0.0125934
0.0137045
0.0146192
0.0152544
0.0156205
0.015677
0.0154323
0.0148991
0.0140813
0.0130416
0.0117821
0.0103985
0.00889948
0.00738582
0.00588499
0.00446949
0.00319959
0.00208708
0.00123738
0.00057654
0.000263198
0.000125182
0.000375572
0.000746764
0.00149977
0.00228939
0.00341088
0.00447121
0.0057808
0.0069355
0.00819857
0.00925385
0.0100331
0.0102444
0.00997535
0.00889031
0.00754202
0.00572519
0.00399295
0.00251553
0.00132709
0.00106222
0.00102664
0.00215215
0.00331946
0.0054609
0.00740438
0.00984723
0.0118028
0.0136027
0.0147727
0.0153201
0.0154406
0.0149711
0.0148004
0.0145555
0.0148205
0.0151341
0.0153787
0.0151029
0.0145457
0.0132684
0.0117813
0.00982064
0.00782827
0.00587474
0.00401486
0.00267127
0.00148798
0.00113284
0.000911651
0.00155129
0.00213566
0.00324436
0.00404076
0.0048326
0.00520049
0.00517541
0.00494493
0.00431236
0.00377084
0.00302226
0.0024408
0.0017303
0.00124225
0.000707172
0.000418473
0.000176918
0.000174366
0.000309502
0.00064174
0.00118212
0.00184555
0.00275356
0.00368693
0.00485898
0.0059489
0.00722842
0.00832571
0.00952767
0.0104719
0.011414
0.0120614
0.0125965
0.0128461
0.0128887
0.0127004
0.0122423
0.0116444
0.0107563
0.00984051
0.00865957
0.00756443
0.00627029
0.00515722
0.00394114
0.00296719
0.00200044
0.00129293
0.000699674
0.000337138
0.000176796
0.00017923
0.000440744
0.00077043
0.00137882
0.0019509
0.00278426
0.00348459
0.0043894
0.00506453
0.00585909
0.00618892
0.00630023
0.00592372
0.0050641
0.00412442
0.00280811
0.00201117
0.00112483
0.00117704
0.00136799
0.00250812
0.00383177
0.0057829
0.00784822
0.0100123
0.0121502
0.0138047
0.0152313
0.0158784
0.0162113
0.0159655
0.0156281
0.0153433
0.0143098
0.0146043
0.0152676
0.0156531
0.0160179
0.015723
0.0151562
0.0139724
0.012398
0.0106199
0.00851579
0.00669285
0.0046386
0.00328966
0.00181579
0.00126839
0.000719245
0.000929411
0.0011674
0.00168174
0.00212533
0.00238717
0.00250023
0.00232042
0.00211994
0.0017031
0.00146597
0.00101944
0.000807545
0.000437757
0.000314167
0.000106573
0.000131029
0.000156041
0.000371789
0.000669012
0.00109089
0.00165726
0.00226415
0.0030492
0.00378324
0.00469349
0.00546706
0.00637947
0.0070891
0.00787138
0.00841578
0.00894966
0.00924824
0.00945087
0.00945861
0.00929771
0.00901334
0.00851312
0.00797909
0.00721572
0.00651014
0.0055981
0.00482066
0.00389275
0.00314736
0.00233222
0.00171008
0.00111155
0.00067724
0.000358916
0.000142049
0.000119686
0.000113107
0.000355585
0.000519997
0.000958286
0.0012321
0.001774
0.00208626
0.00260864
0.00288381
0.00313902
0.00303666
0.00275731
0.00220834
0.0015675
0.00115494
0.000775496
0.00119054
0.00162492
0.00309337
0.00444745
0.00663049
0.00857027
0.0108794
0.0128281
0.0146005
0.0159316
0.0166126
0.0169745
0.0166183
0.0162196
0.0155039
0.0151877
0.0136461
0.0140102
0.0145295
0.0152245
0.015732
0.0160578
0.015878
0.0153848
0.0143201
0.0129836
0.011292
0.00946819
0.0076041
0.00577161
0.00419837
0.00280712
0.00187583
0.00116444
0.000897124
0.000737405
0.000803585
0.000829978
0.000854336
0.000818211
0.000711327
0.000607706
0.000471162
0.000363627
0.000244875
0.000172263
0.000113988
0.000110298
0.00015076
0.000245296
0.000412343
0.000622026
0.000924954
0.00124804
0.00167227
0.00208538
0.00259173
0.00305134
0.00358058
0.00402925
0.00451154
0.00488767
0.00525478
0.00550385
0.00570179
0.00578668
0.00578575
0.00569365
0.00549393
0.00523861
0.00486967
0.00448859
0.00400381
0.00355105
0.00301785
0.00255435
0.0020424
0.00162555
0.00119544
0.00087011
0.000564173
0.000356521
0.000193661
0.00010875
8.36611e-05
0.000106942
0.0001936
0.000295744
0.000454266
0.000598184
0.000779724
0.000918412
0.00106366
0.00110877
0.00107416
0.000998712
0.000851798
0.000916995
0.00107812
0.00171852
0.00259842
0.00401054
0.00563851
0.00759716
0.00960945
0.0116201
0.0134974
0.0150111
0.0162301
0.0168293
0.0170816
0.0167714
0.0162556
0.0155212
0.0149656
0.0145755
0.0120068
0.0123758
0.0131068
0.0139345
0.0149376
0.0156473
0.0161889
0.0162751
0.0158685
0.0151303
0.013839
0.0124534
0.0106125
0.00893785
0.00698621
0.00543616
0.00385676
0.0027549
0.00183787
0.00124976
0.000902475
0.000645261
0.000571452
0.000429154
0.000421778
0.000300414
0.000304699
0.000203161
0.000217681
0.000149748
0.00018019
0.000160759
0.00021464
0.000256
0.00034005
0.000448272
0.000565358
0.000737181
0.000883757
0.00110501
0.00127005
0.00151639
0.00168232
0.00192237
0.00206806
0.00226857
0.00237347
0.00250523
0.00255374
0.00259703
0.00258181
0.00253011
0.00245356
0.00231443
0.00218801
0.00198165
0.00182324
0.00157861
0.00140887
0.00115846
0.00099686
0.000771492
0.000633083
0.000457206
0.000350644
0.000239413
0.000166502
0.000124651
8.13686e-05
0.000104039
8.26665e-05
0.000157787
0.000149601
0.00026119
0.000259077
0.000389452
0.000392891
0.000529871
0.000567826
0.000791855
0.00107089
0.00162108
0.00249735
0.00361127
0.0052451
0.00689215
0.00900525
0.0108452
0.0129011
0.0144651
0.0159511
0.0168205
0.0173399
0.0173003
0.0167644
0.0160255
0.0149612
0.0140782
0.0132931
0.0128981
0.00988171
0.0102528
0.0108712
0.011775
0.0129874
0.0139618
0.0151051
0.0156156
0.0161197
0.0158302
0.0155015
0.0144544
0.0133841
0.0118446
0.010289
0.00863784
0.00698688
0.00560635
0.00424838
0.00334421
0.0024632
0.00198987
0.00152648
0.00129902
0.00104495
0.000910187
0.000714355
0.000617433
0.000470056
0.000405719
0.000303211
0.000271835
0.000208846
0.000209794
0.000179488
0.000210585
0.000205618
0.000262451
0.000275566
0.000350981
0.00037531
0.000459512
0.000488716
0.000570164
0.000598594
0.000665582
0.000688488
0.000731066
0.000744865
0.000756575
0.000759075
0.000738059
0.0007286
0.000677804
0.000657286
0.000583764
0.000554594
0.000468164
0.000434171
0.000345782
0.000312123
0.000232313
0.000205381
0.000143121
0.000130377
9.24442e-05
0.000102142
9.30204e-05
0.000133737
0.000155931
0.000235864
0.000290414
0.000416437
0.0005034
0.000680718
0.000804703
0.00104535
0.00125594
0.00170776
0.00216003
0.00305463
0.00396395
0.00540183
0.00685628
0.0086688
0.0104725
0.0122346
0.0139664
0.0152215
0.0164384
0.0168757
0.0172604
0.0167646
0.016256
0.0150371
0.0140009
0.0126927
0.0117233
0.0110608
0.0106637
0.00724545
0.0075442
0.008118
0.00898819
0.0101593
0.0114104
0.0126554
0.0138273
0.0145994
0.0152367
0.0152599
0.0151837
0.0144768
0.0137294
0.0124729
0.011254
0.00975904
0.00838267
0.00701534
0.00579352
0.00479022
0.00388371
0.00326189
0.00262914
0.00222745
0.00175044
0.00143122
0.00106246
0.000823
0.00056523
0.000404053
0.00025766
0.000168743
0.000124961
9.76921e-05
0.000140735
0.000161854
0.000271281
0.000326546
0.000479498
0.000554917
0.000728025
0.000810643
0.000981553
0.00105993
0.00120854
0.00127301
0.00138251
0.00142546
0.0014833
0.0014994
0.0014982
0.0014848
0.00142321
0.00138074
0.00126403
0.00119641
0.00103678
0.000951683
0.000767909
0.000676764
0.000493195
0.000410765
0.000255484
0.000198928
0.000101228
8.87038e-05
7.60495e-05
0.00012488
0.000219705
0.0003443
0.000560996
0.000770752
0.00111323
0.00141252
0.00188084
0.0022745
0.00292019
0.0035505
0.00450601
0.00555745
0.00688587
0.00836865
0.00991141
0.0115857
0.0129955
0.0144484
0.0153539
0.016213
0.016368
0.0164104
0.0157563
0.0149526
0.0136888
0.0123458
0.010984
0.00971374
0.0087721
0.00815639
0.00783732
0.00432597
0.00453687
0.00495505
0.00563331
0.0067319
0.00784772
0.00928999
0.010526
0.0117817
0.0127385
0.0134461
0.0138857
0.0139237
0.0137761
0.0131662
0.0124926
0.0113887
0.0103686
0.0090659
0.00794595
0.00674751
0.00572702
0.00478027
0.00392533
0.00317497
0.00247738
0.00186262
0.00133897
0.000886446
0.000561177
0.000285814
0.000168069
6.81632e-05
0.000148481
0.000207511
0.000459825
0.0006495
0.0010344
0.00131829
0.00178707
0.0021243
0.00262335
0.00297199
0.00344725
0.00376739
0.00416875
0.00442508
0.0047103
0.00487463
0.00501298
0.00506625
0.00504143
0.00497571
0.00478773
0.00460759
0.00427368
0.00399677
0.00355069
0.00320732
0.002697
0.00232824
0.00181193
0.00146637
0.00100715
0.000736276
0.000395758
0.000248485
8.00937e-05
9.71152e-05
0.000139865
0.0003484
0.00062198
0.00103173
0.00153348
0.0021343
0.0028427
0.00360987
0.00451168
0.0055166
0.00662999
0.00794779
0.0092092
0.0106917
0.011879
0.0131839
0.0140049
0.0147738
0.0150045
0.0150363
0.0145941
0.0138546
0.0128181
0.0114489
0.0100919
0.00850627
0.00728112
0.00607743
0.00534131
0.00489698
0.00467262
0.00192986
0.00207564
0.0022634
0.0027662
0.00345036
0.00436282
0.00547785
0.00660382
0.00785009
0.00886417
0.00991994
0.0105786
0.0112479
0.0114269
0.0116006
0.0112766
0.0109109
0.0101665
0.0093479
0.00836216
0.00729869
0.00626867
0.00516937
0.00422741
0.00324033
0.00246056
0.00169104
0.00112726
0.000634753
0.00032425
0.000141462
9.7973e-05
0.000228869
0.00044183
0.000861791
0.00129804
0.00195662
0.00256399
0.00338992
0.00410231
0.00501007
0.00575337
0.00665093
0.00734953
0.00814651
0.00872979
0.00934559
0.00975415
0.0101254
0.0103165
0.0104034
0.0103551
0.0101454
0.00985958
0.00937121
0.00887394
0.00815387
0.00749414
0.00661508
0.00586091
0.00491488
0.00414726
0.00323694
0.00254208
0.00177032
0.00123078
0.000689771
0.000375568
0.000136569
9.7195e-05
0.0002023
0.000460806
0.000917776
0.0014676
0.00224847
0.00305446
0.00409804
0.0051081
0.00631571
0.00745884
0.00867794
0.00981082
0.0107962
0.0116874
0.0121776
0.0126044
0.0124719
0.0123208
0.0116024
0.0108934
0.00971954
0.00859905
0.00720587
0.00595762
0.00471709
0.00371073
0.00295934
0.00241365
0.00221763
0.00206339
0.000564052
0.000628097
0.000690351
0.000954836
0.00126942
0.00184772
0.00246335
0.00331573
0.00414627
0.00507249
0.00592233
0.00670943
0.0074098
0.00789779
0.00831309
0.00839463
0.00841099
0.00805087
0.00763621
0.00690931
0.00615869
0.00523016
0.00432692
0.00339134
0.00255568
0.00177885
0.00118001
0.000664517
0.000366451
0.000161796
0.000196682
0.000319936
0.000689014
0.00112738
0.00180137
0.00251322
0.00343449
0.00435299
0.00544028
0.00647927
0.00763469
0.00869625
0.00981386
0.0107971
0.0117727
0.0125831
0.0133237
0.0138819
0.0143153
0.0145649
0.0146468
0.0145604
0.0142795
0.013862
0.0132419
0.0125309
0.0116284
0.0106917
0.00959235
0.00852157
0.00733158
0.00623396
0.00506996
0.00405761
0.00303492
0.00221342
0.00143416
0.000891351
0.000433663
0.000230131
0.000139835
0.000302214
0.000587984
0.001106
0.00173788
0.00256205
0.0034711
0.00449604
0.00550829
0.00655959
0.00743367
0.00829051
0.00880411
0.009261
0.00928317
0.00923274
0.00878342
0.0082533
0.00746178
0.00657715
0.00560967
0.00456411
0.00362527
0.0026698
0.0019852
0.00134616
0.00100626
0.000721551
0.000657724
0.0005914
0.000252582
0.00024927
0.000275378
0.000269936
0.000392219
0.000474603
0.000846135
0.00113051
0.00173507
0.0022049
0.00289839
0.00344367
0.00407517
0.00456724
0.00500435
0.00531219
0.00542431
0.00543531
0.00515107
0.00483266
0.00420849
0.00364955
0.00285305
0.00224258
0.00151089
0.00104013
0.000546297
0.000319932
0.000124238
0.000182041
0.000313752
0.000665794
0.00112435
0.00175465
0.00250972
0.00337669
0.00437005
0.00540917
0.00655915
0.00768781
0.00889605
0.0100203
0.0111802
0.0122031
0.0132097
0.0140401
0.0148
0.0153615
0.015802
0.016041
0.016118
0.0160093
0.015712
0.015262
0.0146148
0.0138619
0.0129229
0.0119338
0.0107897
0.00965382
0.00841172
0.00723238
0.00600949
0.00489386
0.00380571
0.00285403
0.00200269
0.00129805
0.000761558
0.00036144
0.000185664
0.00011628
0.000310417
0.000564537
0.00109991
0.0016333
0.00244304
0.00314026
0.00404199
0.00469171
0.00542323
0.00580633
0.00616204
0.00616355
0.00605891
0.00570632
0.0052119
0.00463594
0.00390559
0.00326735
0.00246572
0.00192392
0.00123484
0.000918788
0.000507629
0.000428094
0.000302802
0.000316397
0.000291314
0.000295515
0.000870599
0.000867421
0.000842157
0.000788498
0.000595546
0.000528206
0.000396275
0.000450981
0.000524468
0.000739878
0.000997783
0.00131458
0.00167306
0.00199693
0.00235638
0.0025792
0.00281199
0.0028324
0.00282237
0.00259823
0.00232752
0.00191913
0.00149888
0.00105961
0.000696375
0.000381332
0.000213505
0.000101
0.000165194
0.000284741
0.000595594
0.000953217
0.00150471
0.00208574
0.00285059
0.00361998
0.00455074
0.00545503
0.00648694
0.00745806
0.00851372
0.00947427
0.0104699
0.0113398
0.0121926
0.0128965
0.0135325
0.0140073
0.0143691
0.0145699
0.0146227
0.0145283
0.0142641
0.0138798
0.0133184
0.0126757
0.011864
0.0110184
0.0100258
0.00905143
0.00796342
0.00694618
0.00585606
0.00488519
0.00388483
0.00304391
0.00221466
0.00157318
0.000977765
0.000584177
0.000260587
0.000137617
9.58647e-05
0.000238801
0.000460876
0.000834768
0.00127426
0.00178886
0.00228879
0.00276812
0.00309297
0.00335846
0.00337227
0.00334769
0.00306461
0.00279604
0.00235391
0.00196384
0.00152277
0.00114603
0.000833639
0.000586494
0.000504563
0.000454515
0.000620939
0.000712825
0.000945492
0.00101031
0.00103347
0.00103461
0.00206089
0.00205758
0.00204849
0.001931
0.00168441
0.00142463
0.0011102
0.000879646
0.000654739
0.000564204
0.000484556
0.000534073
0.000576949
0.000714136
0.000824439
0.000970757
0.00107001
0.00113537
0.00114586
0.00107186
0.000967339
0.000776255
0.000609873
0.00040487
0.000279619
0.000168941
0.000160012
0.00019703
0.000327981
0.000528761
0.000806062
0.00117131
0.00158886
0.00210563
0.0026454
0.00328717
0.00391969
0.00464755
0.00533336
0.00609825
0.00679037
0.00753659
0.00818401
0.00885377
0.0094058
0.00994434
0.0103553
0.0107164
0.0109504
0.0111011
0.0111358
0.0110603
0.0108899
0.0105916
0.0102277
0.00972938
0.00920036
0.00854258
0.00789122
0.00712828
0.00640771
0.00560269
0.0048713
0.00408988
0.00340553
0.00270947
0.00212379
0.0015648
0.00111813
0.000732799
0.000450315
0.000256829
0.000146535
0.000143486
0.000195098
0.000359707
0.000540416
0.000805259
0.00102083
0.00125643
0.00138339
0.00146773
0.0014439
0.0013513
0.00121174
0.00101601
0.000861362
0.000678163
0.000611042
0.000541717
0.000632159
0.000741012
0.00101314
0.00129452
0.00167353
0.00198601
0.00227598
0.00240901
0.0024111
0.00240874
0.0035639
0.00360311
0.00366411
0.00358278
0.0032721
0.00293514
0.00246898
0.00204583
0.00163918
0.00127511
0.00101047
0.000754719
0.00063072
0.000479327
0.000467226
0.000390352
0.000437601
0.00038914
0.000424461
0.000362726
0.000344181
0.000263767
0.000218558
0.00015585
0.000156335
0.00014969
0.000231436
0.000296739
0.000466611
0.000609203
0.000867439
0.00108677
0.00142734
0.00171678
0.00212721
0.00247395
0.00293539
0.00332077
0.00380854
0.00420897
0.00469369
0.00508214
0.00553158
0.00587962
0.0062613
0.00654163
0.00682573
0.00701487
0.00717741
0.0072582
0.00728374
0.00724741
0.00713109
0.00697844
0.00672693
0.00646862
0.0060998
0.00575554
0.00529709
0.00489389
0.00438068
0.00395029
0.00342108
0.0029969
0.00249048
0.00210423
0.00165562
0.00133416
0.000971146
0.000733914
0.000474443
0.000331648
0.00018248
0.000134522
9.12685e-05
0.000128579
0.000176005
0.000272605
0.000355537
0.000457485
0.000483541
0.000545938
0.000485574
0.000521129
0.000433428
0.000502686
0.000486627
0.000654766
0.000784747
0.00109121
0.00140443
0.00184956
0.00234121
0.00285606
0.00341633
0.00381747
0.00418069
0.00426249
0.00417328
0.00411557
0.00522123
0.00527756
0.00540501
0.00534924
0.00511132
0.00477001
0.0042921
0.0038205
0.0032801
0.00283197
0.00233961
0.00198068
0.00157614
0.00132187
0.00101992
0.000862202
0.000664816
0.000577102
0.000465988
0.000414311
0.00036219
0.000330391
0.000321067
0.000317115
0.000339625
0.000374234
0.000417183
0.000493637
0.000557986
0.000677369
0.000763425
0.000924694
0.00103153
0.00123056
0.00135558
0.001585
0.00172379
0.00197301
0.00211932
0.00237487
0.0025208
0.00276703
0.00290354
0.00312369
0.00324126
0.00341894
0.00350846
0.00362925
0.00368298
0.00373599
0.0037485
0.00372774
0.00369659
0.00360184
0.00352804
0.00336511
0.00325315
0.00303353
0.00289108
0.0026309
0.00246811
0.00218667
0.00201519
0.00173305
0.00156485
0.00130179
0.00114797
0.000921012
0.00079067
0.000612385
0.000511731
0.000389171
0.000321045
0.000255327
0.000219192
0.000205996
0.000198299
0.000225516
0.00024698
0.00029158
0.000346049
0.000395857
0.000506822
0.000588946
0.000801556
0.000969403
0.00131909
0.0016151
0.00210526
0.00254153
0.00314904
0.00370027
0.0043647
0.00494025
0.00551658
0.00592256
0.00619235
0.0062412
0.00606705
0.00598722
0.00677175
0.0068889
0.00711822
0.00717172
0.00696886
0.00669473
0.00620855
0.00573354
0.00515627
0.00462012
0.00406499
0.0035437
0.00305716
0.00259014
0.00220076
0.00181422
0.00154489
0.00125199
0.00110055
0.000895459
0.000835487
0.000700366
0.00070321
0.000615468
0.00064536
0.000585423
0.000613876
0.000579204
0.000604957
0.000600474
0.000624161
0.000653255
0.000675852
0.000738266
0.000760805
0.000852505
0.000875798
0.000989359
0.00101378
0.0011392
0.00116454
0.00129033
0.00131576
0.00143018
0.00145427
0.00154655
0.00156744
0.00162882
0.00164445
0.00166899
0.00167733
0.00166256
0.00166195
0.00160885
0.00159828
0.00151135
0.00149053
0.00137729
0.00134684
0.00121707
0.00117841
0.00104332
0.000998589
0.000869724
0.0008215
0.000709746
0.000660741
0.00057531
0.00052806
0.000475636
0.00043221
0.000416344
0.000378154
0.000398939
0.000366671
0.000421883
0.000396545
0.000488357
0.000490477
0.000635522
0.000695918
0.00092001
0.00107815
0.00141091
0.0017128
0.00217197
0.00263465
0.00320957
0.00380979
0.00446387
0.00515864
0.00583123
0.00654873
0.00713351
0.0077231
0.00804368
0.00826972
0.0081767
0.00787272
0.00771396
0.00826524
0.00841149
0.00860062
0.00871467
0.00864098
0.00842098
0.00806925
0.00761718
0.00710344
0.00654855
0.00597426
0.0053955
0.00481749
0.00426537
0.00372818
0.00324558
0.00279196
0.00241079
0.00206473
0.00179188
0.00154885
0.00136569
0.0011993
0.00107026
0.000943922
0.00083848
0.0007296
0.000641418
0.000555323
0.00049117
0.000434753
0.000400151
0.000377239
0.000373794
0.000383833
0.000409124
0.000447447
0.000495574
0.000554304
0.000616938
0.000686296
0.000753971
0.000823704
0.000887106
0.000947798
0.000998864
0.00104296
0.00107567
0.00109813
0.00110897
0.00110758
0.00109567
0.00107103
0.00103804
0.000993271
0.000943032
0.000883344
0.000821437
0.000753531
0.000686686
0.000618118
0.000553617
0.00049215
0.000437213
0.000390187
0.000351404
0.000325166
0.000307977
0.000307385
0.00031563
0.000343625
0.00037917
0.000436432
0.000498876
0.000584312
0.000672442
0.000786371
0.000909995
0.00107771
0.00126945
0.00153231
0.00183449
0.00222871
0.00267169
0.00321161
0.00379636
0.00445903
0.00514948
0.00587979
0.00661573
0.0073465
0.00805082
0.00869627
0.00925746
0.00968313
0.00993774
0.010002
0.00983229
0.00957765
0.00938127
0.00942757
0.00960466
0.010015
0.0102029
0.0102269
0.0100935
0.00979818
0.00942149
0.00892547
0.0084112
0.00780203
0.00721914
0.00655105
0.00595043
0.00527765
0.00470903
0.00409684
0.00360339
0.00310089
0.00270307
0.00231897
0.00201023
0.00171761
0.0014717
0.00122115
0.00101844
0.000793197
0.000640488
0.00045866
0.00036995
0.000245627
0.000229077
0.000168646
0.000223737
0.000225228
0.000342915
0.000396764
0.000560891
0.000651872
0.000841521
0.000951359
0.00114367
0.0012538
0.00142672
0.00152071
0.00165548
0.00172079
0.00180363
0.00183267
0.00185588
0.00184624
0.0018086
0.00176285
0.00166916
0.00159406
0.00145452
0.00136002
0.001189
0.00108711
0.000901692
0.000805279
0.000623829
0.000545577
0.000386092
0.000337525
0.000216305
0.000206975
0.000137346
0.000174206
0.000165439
0.000252293
0.000308808
0.00044583
0.000566616
0.000749937
0.000929826
0.00115288
0.00139294
0.0016825
0.00200894
0.00242446
0.00287156
0.00345152
0.00403397
0.00477568
0.00547414
0.00632022
0.0070803
0.00794185
0.00869127
0.00948279
0.0101419
0.0107759
0.011245
0.0116016
0.0117467
0.011684
0.0114177
0.0108749
0.0106374
0.0104614
0.0106923
0.0110749
0.0113816
0.0114507
0.011446
0.0112092
0.010931
0.010489
0.010008
0.00944016
0.00881212
0.00817079
0.00744845
0.00678715
0.00603292
0.00541521
0.00469388
0.00416911
0.00352627
0.00310776
0.00255797
0.00222604
0.00176126
0.0014768
0.00109689
0.000851413
0.000581129
0.000395371
0.000261879
0.000151141
0.000167412
0.000137647
0.000299297
0.000346328
0.000632252
0.000742755
0.00111812
0.00127194
0.00169289
0.00186619
0.00228544
0.002454
0.00282636
0.00296857
0.00325575
0.00335488
0.003529
0.00357459
0.00362038
0.00360875
0.00352419
0.00345828
0.00325406
0.00314255
0.00284039
0.00269652
0.00232678
0.00216688
0.00176556
0.00160748
0.00121303
0.00107464
0.000724757
0.000622554
0.000351223
0.000299104
0.000133983
0.000142272
0.000102545
0.000177154
0.000271889
0.000413668
0.000640741
0.000845133
0.00119217
0.00145034
0.00190848
0.00224043
0.00282454
0.00327985
0.0040086
0.00461695
0.00547806
0.0062297
0.0071669
0.00800221
0.00892651
0.00975764
0.0105744
0.0113167
0.0119401
0.012509
0.0128546
0.0131407
0.0131192
0.013002
0.0125784
0.0120711
0.0117616
0.0112709
0.0115025
0.0119486
0.0122671
0.0124723
0.0124943
0.0124123
0.0121678
0.0118411
0.0113952
0.0108697
0.0102755
0.00959122
0.0089002
0.00811036
0.00738302
0.00655814
0.00585686
0.00506347
0.0044326
0.0037135
0.00316873
0.00254214
0.00207832
0.00155282
0.00117334
0.000779695
0.000509722
0.000289728
0.000156391
0.000135312
0.000151564
0.000332652
0.000494115
0.000857694
0.00114329
0.00164933
0.00202426
0.0026176
0.00303806
0.00365533
0.0040741
0.00465115
0.00502309
0.00550199
0.00578884
0.00612354
0.00629747
0.00645775
0.00650348
0.00647698
0.00639252
0.00618496
0.00598097
0.00561478
0.00531298
0.0048245
0.00445519
0.00389103
0.00349018
0.00290289
0.00250889
0.00195245
0.00160297
0.00112841
0.000857394
0.000508792
0.000343862
0.000154922
0.000115241
0.000106587
0.000201212
0.000378491
0.000605302
0.000958487
0.00130513
0.00181059
0.00226772
0.00291378
0.00349238
0.00428549
0.00500097
0.00592777
0.00676633
0.00777521
0.00868177
0.0096826
0.0105709
0.0114596
0.0122372
0.012926
0.0135087
0.0139284
0.0142354
0.0143195
0.014268
0.0139695
0.0135331
0.012935
0.0126248
0.0117947
0.0120489
0.0125954
0.012971
0.0132374
0.0133369
0.013316
0.0131506
0.0128736
0.0124829
0.0119844
0.0114054
0.010721
0.00999868
0.0091804
0.0083752
0.00749523
0.00667469
0.00580562
0.00502692
0.00422087
0.00352166
0.00280813
0.0022117
0.001612
0.00114943
0.0007084
0.000424789
0.000192312
0.000123365
0.000128292
0.000287537
0.000532393
0.000908138
0.00136846
0.00192498
0.00255239
0.00323435
0.00396273
0.00470186
0.00545554
0.00617865
0.00688109
0.00751802
0.0081001
0.00859087
0.00899756
0.00929777
0.00949286
0.00957727
0.00954584
0.00940983
0.00915858
0.0088176
0.00837323
0.00786071
0.00726672
0.00663047
0.00594273
0.00524042
0.00452208
0.00381621
0.00313227
0.00248487
0.00189687
0.0013646
0.000925777
0.000555396
0.000306575
0.00013125
9.75506e-05
0.000134057
0.00032263
0.000569629
0.000968529
0.00140705
0.00198651
0.00258927
0.00332628
0.00407804
0.00496793
0.00585405
0.00687082
0.00785057
0.0089298
0.00992932
0.0109705
0.0118941
0.0127883
0.0135418
0.0142007
0.0147081
0.015067
0.015268
0.0152747
0.0151186
0.0147408
0.0142249
0.0134931
0.0131508
0.0122524
0.0125353
0.0130651
0.0135176
0.0137983
0.0140029
0.0140012
0.013939
0.0136828
0.0133611
0.0128814
0.0123197
0.0116512
0.0108864
0.0100812
0.00917187
0.00830049
0.00732042
0.00645415
0.00547829
0.00466988
0.00376552
0.00304681
0.00227601
0.00167257
0.00110264
0.000662348
0.000361036
0.000134222
0.000148299
0.000163884
0.000507624
0.000767767
0.00142004
0.00189947
0.00280567
0.00345485
0.00453307
0.00528444
0.00643487
0.0072111
0.00832702
0.00904995
0.0100289
0.0106279
0.0113819
0.0118005
0.0122637
0.012465
0.0125993
0.0125678
0.0123652
0.0121075
0.0115897
0.0111331
0.0103486
0.00973748
0.00875669
0.00804823
0.00695686
0.0062158
0.00510739
0.00440042
0.00336852
0.00275884
0.0018894
0.00143176
0.000796242
0.000532693
0.000182346
0.000138829
0.000100387
0.000284419
0.000557554
0.000957079
0.00151427
0.00209876
0.00289307
0.00363628
0.00461813
0.00551069
0.0066245
0.00763752
0.00880644
0.00987465
0.0109991
0.0120236
0.0129957
0.0138696
0.0145949
0.0152306
0.0156429
0.0159767
0.0160389
0.0160229
0.0157255
0.0153312
0.0147094
0.013999
0.0136158
0.012586
0.0128691
0.0132827
0.013738
0.014077
0.0142892
0.0143766
0.0143249
0.014151
0.0138412
0.013415
0.0128654
0.0122102
0.011457
0.0106183
0.00971912
0.00876337
0.00779086
0.00679362
0.0058223
0.00485802
0.00395569
0.00309463
0.00232461
0.00163714
0.00106773
0.000628325
0.00032729
0.00019559
0.000209654
0.000416864
0.000760287
0.00130205
0.00195372
0.00278968
0.00369504
0.00475313
0.00583036
0.00701492
0.00816429
0.00936673
0.0104816
0.011592
0.0125701
0.0134883
0.0142416
0.0148866
0.0153494
0.0156666
0.0158009
0.0157657
0.0155634
0.0151829
0.0146656
0.0139765
0.0131928
0.0122576
0.0112777
0.0101786
0.00908824
0.00791968
0.00681229
0.00567302
0.00464207
0.00362691
0.00275827
0.00195051
0.00131558
0.000780272
0.000430248
0.000208884
0.000170477
0.000277355
0.000550239
0.000971018
0.0015277
0.00222256
0.00301598
0.00393011
0.0049091
0.00598398
0.00709154
0.0082545
0.00941341
0.0105721
0.0116837
0.0127325
0.0136902
0.0145277
0.0152386
0.0157872
0.0161859
0.0163998
0.0164505
0.0163116
0.0160064
0.0155317
0.0149074
0.0143448
0.0139616
0.0126439
0.0129275
0.0135244
0.0139828
0.0143894
0.0146107
0.014775
0.0147367
0.0146289
0.0143323
0.0139432
0.0134031
0.0127465
0.0119972
0.011114
0.010213
0.00916902
0.0081889
0.00706691
0.00608349
0.00497614
0.00406092
0.0030664
0.002288
0.00151015
0.000941535
0.000480841
0.000192259
0.000121733
0.000160538
0.000515056
0.000895031
0.00166541
0.00236389
0.00349675
0.00445667
0.00585987
0.0069961
0.00854879
0.00975777
0.0113234
0.0124945
0.0139351
0.0149619
0.0161515
0.0169427
0.0177793
0.0182662
0.0186801
0.018823
0.0187826
0.0185726
0.0180856
0.017545
0.016657
0.0158358
0.0146251
0.0135965
0.0121669
0.0110199
0.0094914
0.00832374
0.0068222
0.00573152
0.00437858
0.00345482
0.00235778
0.00167592
0.000919193
0.000533173
0.000171338
0.000109542
0.000162653
0.000425247
0.000876741
0.00143547
0.00223339
0.00303822
0.00410268
0.00509708
0.0063357
0.00745665
0.00876493
0.00993093
0.011193
0.0123039
0.0134026
0.0143522
0.0151847
0.0158809
0.0163747
0.0167544
0.016876
0.0169084
0.0166631
0.0163454
0.0157759
0.0151468
0.0143341
0.0139497
0.0126665
0.0129535
0.0135502
0.0140281
0.0144361
0.0146985
0.0148656
0.0148767
0.0147725
0.014517
0.0141318
0.0136131
0.0129604
0.0122068
0.0113269
0.0103927
0.00935112
0.00831027
0.00718968
0.00612775
0.00502118
0.0040296
0.00303567
0.00220908
0.00143183
0.000865328
0.000404998
0.000180434
0.000109964
0.000278204
0.000632441
0.00120482
0.00197459
0.00292027
0.00405223
0.00530075
0.00670285
0.00815154
0.009703
0.0112279
0.0127923
0.0142612
0.0157006
0.0169862
0.0181749
0.0191668
0.0200028
0.0206178
0.0210314
0.0212198
0.0211795
0.0209289
0.0204423
0.0197776
0.0188903
0.0178706
0.0166609
0.0153737
0.0139452
0.0124986
0.0109712
0.00948434
0.00798399
0.00657717
0.00522529
0.00401017
0.00291399
0.00198444
0.0012283
0.000652769
0.000291219
0.000106976
0.000160044
0.000369831
0.000820969
0.00139245
0.00218974
0.00305971
0.0041233
0.00521046
0.00644756
0.00765926
0.00896495
0.0101964
0.0114546
0.0125939
0.0136879
0.0146278
0.0154553
0.0161089
0.016598
0.016912
0.0170296
0.0169886
0.0167405
0.0163631
0.0157926
0.0151325
0.0143203
0.0139288
0.0126873
0.0129774
0.0135679
0.0140676
0.0144745
0.0147798
0.0149462
0.0150064
0.0149034
0.014688
0.0143042
0.0138076
0.0131562
0.0124009
0.0115228
0.0105591
0.00951976
0.00842266
0.00730338
0.00616874
0.00506288
0.00400059
0.00300722
0.00213599
0.00135931
0.000794755
0.000334762
0.000169484
9.90646e-05
0.00038717
0.000741147
0.0014917
0.00226091
0.00343551
0.00456664
0.00608243
0.0074835
0.00922154
0.0107719
0.0125893
0.0141526
0.0158973
0.0173357
0.0188608
0.0200486
0.0212266
0.0220619
0.0227955
0.0232088
0.0234395
0.0233991
0.023111
0.0226248
0.0218452
0.0209585
0.019755
0.0185461
0.0170195
0.0155921
0.0138679
0.0123417
0.0105591
0.00905988
0.00736028
0.0060094
0.00452445
0.00342907
0.00227014
0.00151456
0.000763521
0.000402237
0.000104599
0.000157628
0.000318513
0.00076932
0.00135261
0.00214932
0.00307961
0.00414239
0.00531546
0.00655115
0.00784688
0.00915019
0.0104422
0.0116969
0.012861
0.0139521
0.0148804
0.0157058
0.0163174
0.0168047
0.0170553
0.0171719
0.017059
0.0168123
0.0163736
0.0158051
0.0151122
0.0143076
0.0139095
0.0126771
0.0129671
0.013396
0.0138932
0.0142952
0.0145979
0.0147749
0.0148338
0.0147489
0.0145328
0.014169
0.013672
0.0130389
0.0122831
0.0114184
0.0104543
0.00942115
0.00832376
0.00720644
0.00607101
0.00497023
0.00390739
0.00293474
0.00206364
0.00133429
0.00077012
0.00038718
0.000222166
0.000258301
0.000546518
0.00103392
0.00178442
0.00270948
0.00388386
0.00518738
0.00670283
0.00828567
0.0100233
0.0117566
0.0135736
0.015312
0.0170562
0.0186527
0.0201774
0.0214969
0.0226745
0.0236067
0.0243401
0.0248089
0.0250395
0.0250085
0.0247205
0.024196
0.0234166
0.0224457
0.0212424
0.0199079
0.0183817
0.0167951
0.0150713
0.0133624
0.0115803
0.00988642
0.00818723
0.006642
0.00515736
0.00387949
0.00272075
0.00180445
0.00105347
0.000560633
0.000262906
0.000217819
0.00037847
0.000765445
0.00134837
0.00211282
0.00304303
0.00409736
0.0052707
0.00650582
0.00780167
0.00909748
0.0103888
0.0116223
0.012786
0.013842
0.0147703
0.0155531
0.0161649
0.0166097
0.0168611
0.0169424
0.0168315
0.0165649
0.0161299
0.0155655
0.0148759
0.0142855
0.0138877
0.0125049
0.0127945
0.0132829
0.0137786
0.0141898
0.0144901
0.0146892
0.0147457
0.014685
0.0144669
0.0141223
0.0136234
0.0129995
0.0122419
0.0113739
0.0104078
0.00935804
0.00825886
0.00711441
0.00597775
0.00484866
0.0037854
0.00279766
0.00192693
0.00121057
0.000646758
0.000314462
0.000149551
0.000275578
0.000563614
0.00117912
0.00192915
0.00301634
0.00418999
0.00568254
0.00719704
0.0089862
0.0107227
0.0126682
0.014484
0.0164279
0.018171
0.0199534
0.0214772
0.022951
0.0241279
0.0251723
0.0259053
0.026436
0.0266665
0.0266425
0.0263547
0.0257811
0.0250022
0.0239289
0.0227264
0.0212429
0.0197177
0.0179454
0.0162227
0.0143041
0.0125231
0.0106096
0.00891146
0.00715108
0.00566738
0.00419243
0.00303443
0.00195063
0.00120012
0.000577797
0.000280257
0.000148341
0.00030889
0.000652281
0.00123484
0.00199609
0.00292586
0.00400514
0.00517863
0.00644884
0.00774545
0.00906966
0.0103622
0.0116071
0.0127723
0.0138205
0.0147503
0.0155086
0.0161222
0.0165308
0.0167846
0.0168255
0.0167176
0.0164163
0.0159846
0.0154036
0.0147163
0.0140414
0.0136441
0.0122975
0.0125828
0.0131448
0.0136312
0.0140553
0.0143484
0.014567
0.0146194
0.0145775
0.014358
0.0140264
0.0135277
0.0129093
0.0121529
0.0112813
0.0103178
0.00925439
0.00815933
0.00699288
0.00586263
0.0047094
0.00365597
0.00265181
0.00179553
0.00108147
0.000537128
0.000230595
8.94706e-05
0.000266831
0.000582227
0.0012743
0.0020544
0.00324092
0.00444641
0.0060565
0.00760366
0.0095223
0.0112913
0.0133706
0.0152177
0.0172916
0.0190637
0.0209638
0.0225129
0.0240843
0.0252818
0.026397
0.0271446
0.0277141
0.0279522
0.027932
0.0276441
0.0270388
0.0262517
0.0251131
0.0238945
0.0223165
0.020768
0.0188785
0.0171265
0.0150759
0.0132612
0.0112101
0.00947556
0.00758107
0.00606033
0.00446336
0.00326956
0.00208309
0.00129967
0.000599328
0.000273018
9.06038e-05
0.000227285
0.00054802
0.00111187
0.00187569
0.00279183
0.003893
0.0050566
0.00635539
0.00764405
0.00899206
0.0102774
0.0115341
0.0126927
0.013739
0.0146631
0.0154078
0.0160173
0.0164029
0.0166554
0.0166672
0.0165623
0.0162324
0.0158085
0.0152084
0.0145321
0.0137552
0.0133631
0.0121092
0.0123843
0.0129449
0.0134174
0.0138373
0.0141274
0.0143402
0.014398
0.0143499
0.0141412
0.0138037
0.0133193
0.0126953
0.0119554
0.0110785
0.0101326
0.00906471
0.00798806
0.00681853
0.0057091
0.00455449
0.00352804
0.00252385
0.00170475
0.000991065
0.000496192
0.000189825
0.000109629
0.000286893
0.000672834
0.00136453
0.00222258
0.00340845
0.00469686
0.00630608
0.00793859
0.00985618
0.0117103
0.0137885
0.0157176
0.0177904
0.0196384
0.0215375
0.0231532
0.0247238
0.0259752
0.0270898
0.0278756
0.0284448
0.0287027
0.0286826
0.028394
0.0277891
0.0269804
0.0258423
0.0245814
0.0230043
0.0213946
0.019506
0.0176772
0.0156277
0.0137246
0.0116745
0.00984495
0.00795148
0.0063342
0.0047381
0.00345126
0.00226543
0.00139679
0.000696818
0.000296339
0.000114023
0.000189559
0.000510121
0.00102649
0.0017899
0.00267105
0.00377218
0.00490884
0.00620892
0.0074728
0.0088239
0.0100825
0.0113439
0.012473
0.0135251
0.0144193
0.0151703
0.0157527
0.0161454
0.0163767
0.0163961
0.0162795
0.0159567
0.0155341
0.0149393
0.0142795
0.0135043
0.0131247
0.0119348
0.0122005
0.0127599
0.0132194
0.0136354
0.0139228
0.0141301
0.014193
0.0141391
0.0139404
0.0135975
0.0131262
0.012497
0.0117724
0.0108907
0.00996109
0.00888905
0.00782945
0.00665706
0.00556693
0.00441103
0.00340958
0.00240535
0.00162068
0.000907347
0.000458283
0.000152069
0.000128297
0.000305472
0.000756741
0.00144809
0.00237832
0.0035636
0.0049288
0.00653721
0.00824875
0.0101654
0.0120983
0.0141755
0.0161806
0.0182523
0.0201706
0.0220688
0.0237462
0.025316
0.0266174
0.0277314
0.0285526
0.0291215
0.0293977
0.0293776
0.0290885
0.0284839
0.0276551
0.0265176
0.0252175
0.0236411
0.0219748
0.0200872
0.0181872
0.0161387
0.0141537
0.0121047
0.010187
0.00829451
0.00658782
0.00499252
0.00361952
0.00243429
0.00148672
0.000787101
0.000317935
0.00013571
0.000154623
0.000475024
0.000947421
0.00171046
0.00255921
0.0036603
0.00477199
0.00607327
0.00731422
0.00866818
0.00990199
0.0111678
0.0122696
0.013327
0.0141934
0.0149505
0.0155077
0.0159069
0.0161187
0.016145
0.0160176
0.0157014
0.01528
0.0146901
0.0140455
0.013272
0.0129038
0.011773
0.0120307
0.0125774
0.0130282
0.0134362
0.0137253
0.0139226
0.0139942
0.0139304
0.0137446
0.0133926
0.0129369
0.0123002
0.0115925
0.0107055
0.00979285
0.00871819
0.00767505
0.00650306
0.00543032
0.00427747
0.00329778
0.00229834
0.00154343
0.000835574
0.000425936
0.000124305
0.000149077
0.000329648
0.000837106
0.00153044
0.00252274
0.00370852
0.00513973
0.00674731
0.00852678
0.0104415
0.0124422
0.0145168
0.0165872
0.0186562
0.0206349
0.0225305
0.0242609
0.0258288
0.0271732
0.0282861
0.0291377
0.0297065
0.0299984
0.0299791
0.0296896
0.0290867
0.0282406
0.0271055
0.0257717
0.0241981
0.022483
0.0205982
0.018637
0.016591
0.0145356
0.0124885
0.0104951
0.00860362
0.00682007
0.0052247
0.00377762
0.00259112
0.00157567
0.000873546
0.000345302
0.000159377
0.000129573
0.000445219
0.000879771
0.00163717
0.00245791
0.00355388
0.00464377
0.00594145
0.00716164
0.00851464
0.00972485
0.0109929
0.0120676
0.0131305
0.0139684
0.0147336
0.0152641
0.0156737
0.0158634
0.0159016
0.0157595
0.0154556
0.0150304
0.0144504
0.0138162
0.0130591
0.0127008
0.0116204
0.0118778
0.0123185
0.0127658
0.0131494
0.0134313
0.0136121
0.0136751
0.0136062
0.0134116
0.0130673
0.0126033
0.0119875
0.0112721
0.0104188
0.00949947
0.00847065
0.00742261
0.00630757
0.00523221
0.00414487
0.00316449
0.00223471
0.00148004
0.000838908
0.000429447
0.000185914
0.000210676
0.000436581
0.000943821
0.00166687
0.00265874
0.0038578
0.0052884
0.0068941
0.00867281
0.0105736
0.0125734
0.0146264
0.016696
0.0187405
0.0207184
0.0225914
0.024321
0.025872
0.0272159
0.0283204
0.0291716
0.0297417
0.0300335
0.0300251
0.0297358
0.0291518
0.0283061
0.0271954
0.0258622
0.0243154
0.0226011
0.0207419
0.0187815
0.0167564
0.0147018
0.0126677
0.0106752
0.00878613
0.00700335
0.00539807
0.00395162
0.00274187
0.00172686
0.000988026
0.00046001
0.000224742
0.000194951
0.00045033
0.000884695
0.00157313
0.0023936
0.0034154
0.00450598
0.00572975
0.00695274
0.00823652
0.00945215
0.0106597
0.011742
0.0127565
0.0136034
0.0143355
0.0148759
0.0152698
0.0154702
0.0155112
0.0153796
0.0150955
0.0146791
0.014131
0.0135011
0.0128871
0.0125292
0.0114726
0.0117297
0.0120809
0.0125249
0.0128861
0.0131615
0.0133274
0.0133824
0.013309
0.0131064
0.0127692
0.0122976
0.0117007
0.0109783
0.0101553
0.00922984
0.0082424
0.00718985
0.00612632
0.00504853
0.00402057
0.00303954
0.00217288
0.00141843
0.000837529
0.000428231
0.000237719
0.000262471
0.000530066
0.0010371
0.00178793
0.0027794
0.00399154
0.00542157
0.00702678
0.00880478
0.0106943
0.0126933
0.0147281
0.0167968
0.0188205
0.0207976
0.0226513
0.0243803
0.0259171
0.0272604
0.0283582
0.0292091
0.0297809
0.0300726
0.0300743
0.029785
0.029218
0.0283726
0.0272837
0.025951
0.0244276
0.022714
0.0208769
0.0189173
0.0169097
0.014856
0.0128321
0.0108404
0.00895203
0.00716995
0.00555424
0.00410836
0.00287622
0.00186162
0.00108841
0.000560601
0.000279767
0.000249988
0.000450185
0.000884377
0.00151048
0.00233071
0.00328522
0.00437645
0.00553318
0.00675878
0.0079799
0.00920053
0.0103535
0.0114427
0.0124135
0.0132687
0.0139706
0.0145201
0.0148998
0.0151098
0.0151534
0.0150314
0.0147654
0.0143569
0.0138379
0.013212
0.0127189
0.0123613
0.0112291
0.0114858
0.0118886
0.0123299
0.0126818
0.0129521
0.0131144
0.0131635
0.0130908
0.0128823
0.0125503
0.012073
0.0114861
0.0107582
0.00994984
0.00901951
0.00805093
0.00699456
0.00595385
0.00487374
0.00387255
0.00289067
0.00205454
0.00130021
0.000753031
0.000343884
0.000187892
0.000212635
0.000513386
0.00102024
0.0018014
0.00279251
0.00403131
0.00546081
0.00708881
0.00886615
0.0107749
0.0127732
0.0148244
0.0168924
0.0189307
0.0209071
0.0227743
0.0245027
0.0260524
0.0273952
0.0285051
0.0293557
0.0299386
0.0302302
0.0302408
0.0299516
0.0293904
0.0285454
0.0274578
0.0261256
0.0245982
0.0228853
0.021038
0.0190791
0.0170551
0.0150021
0.0129553
0.0109644
0.0090475
0.00726609
0.00561709
0.00417174
0.00290279
0.00188856
0.00107637
0.000548759
0.000228109
0.000198341
0.000359164
0.000793196
0.00138186
0.00220195
0.00312237
0.00421453
0.00534013
0.00656828
0.00776101
0.00898594
0.0101135
0.0112083
0.0121579
0.0130193
0.0137055
0.0142616
0.0146319
0.014849
0.0148895
0.0147746
0.014512
0.0141096
0.013602
0.0129794
0.0124146
0.0120575
0.0110036
0.01126
0.0117105
0.0121493
0.0124925
0.0127581
0.0129171
0.0129608
0.0128888
0.0126748
0.0123477
0.0118651
0.0112873
0.0105545
0.00975957
0.00882472
0.00787362
0.0068137
0.00579413
0.00471188
0.00373548
0.00275281
0.00194495
0.00119073
0.000674781
0.000265773
0.00014175
0.000166484
0.000497939
0.00100462
0.00181387
0.00280464
0.00406815
0.00549716
0.00714625
0.00892299
0.0108496
0.0128472
0.0149137
0.0169809
0.0190328
0.0210085
0.0228883
0.024616
0.0261776
0.02752
0.0286412
0.0294915
0.0300846
0.0303761
0.030395
0.030106
0.02955
0.0287053
0.027619
0.0262873
0.0247563
0.0230439
0.0211873
0.0192291
0.0171897
0.0151374
0.0130695
0.0110793
0.00913592
0.00735511
0.00567528
0.00423043
0.00292739
0.00191351
0.00106522
0.000537793
0.000180271
0.000150512
0.000274873
0.000708756
0.00126274
0.00208271
0.00297156
0.00406457
0.00516136
0.00639187
0.0075583
0.00878721
0.00989127
0.0109913
0.0119212
0.0127884
0.0134599
0.0140223
0.0143837
0.0146074
0.0146452
0.0145367
0.0142774
0.0138806
0.0133837
0.012764
0.0121329
0.0117762
0.0108777
0.0111314
0.0115969
0.0120323
0.0123674
0.0126323
0.012784
0.0128286
0.0127508
0.0125394
0.0122084
0.0117304
0.0111506
0.0104244
0.00962908
0.0087028
0.00775333
0.00670357
0.00568806
0.00461721
0.00364747
0.00267703
0.00187832
0.0011365
0.000631359
0.000234389
0.000121027
0.000156509
0.000498113
0.00101357
0.00183201
0.00282922
0.00410069
0.00553376
0.00718954
0.00896821
0.0109004
0.0128983
0.0149694
0.0170361
0.019092
0.0210668
0.0229504
0.0246777
0.0262429
0.0275855
0.0287103
0.0295617
0.0301581
0.0304517
0.0304733
0.0301871
0.0296331
0.0287914
0.0277058
0.0263769
0.0248449
0.0231347
0.0212754
0.0193181
0.017274
0.015221
0.0131465
0.0111537
0.00920193
0.00741646
0.00572671
0.00427511
0.00296099
0.00193838
0.00107825
0.000540342
0.000170623
0.000128962
0.000241165
0.000662163
0.00120414
0.00201082
0.00288944
0.00396889
0.00505783
0.00627495
0.00743595
0.00865214
0.00975311
0.0108417
0.0117707
0.0126285
0.0133012
0.0138568
0.0142217
0.0144414
0.0144854
0.0143755
0.0141247
0.0137289
0.0132417
0.0126266
0.0119745
0.0116214
0.0108033
0.0110529
0.0115178
0.0119462
0.0122795
0.0125397
0.012689
0.0127315
0.0126511
0.0124406
0.012107
0.011633
0.0110505
0.0103316
0.00953389
0.00861797
0.00766649
0.00662983
0.00561303
0.00455756
0.00358732
0.00263392
0.00183525
0.00111123
0.000606236
0.000226599
0.00011327
0.000164292
0.000505796
0.00103403
0.00185223
0.00285892
0.00413001
0.00556917
0.00722447
0.00900624
0.0109378
0.0129366
0.0150071
0.0170732
0.0191286
0.0211025
0.0229855
0.0247122
0.026277
0.0276201
0.0287446
0.0295979
0.0301941
0.0304907
0.0305124
0.0302301
0.0296762
0.0288388
0.0277535
0.0264286
0.0248971
0.0231897
0.0213309
0.0193746
0.0173311
0.0152768
0.0132029
0.011206
0.00925483
0.00746231
0.00577306
0.00431145
0.00299772
0.00196232
0.00110245
0.000549301
0.000179691
0.000120818
0.000232989
0.000635431
0.00117725
0.00196485
0.00284343
0.00390396
0.00499343
0.00619244
0.00735486
0.00855442
0.00965767
0.010732
0.0116638
0.0125108
0.0131865
0.0137354
0.0141035
0.0143207
0.0143679
0.01426
0.014012
0.0136221
0.0131371
0.012531
0.0118796
0.0115318
0.0107344
0.0109802
0.0114445
0.0118665
0.0121981
0.012454
0.012601
0.0126417
0.0125587
0.0123491
0.012013
0.0115428
0.0109579
0.0102457
0.00944573
0.00853941
0.00758607
0.00656154
0.00554356
0.00450231
0.00353161
0.002594
0.00179537
0.00108783
0.000582969
0.000219384
0.000106086
0.000171499
0.000512911
0.00105298
0.00187095
0.00288641
0.00415716
0.00560197
0.00725682
0.00904145
0.0109725
0.012972
0.015042
0.0171076
0.0191624
0.0211354
0.023018
0.0247443
0.0263086
0.0276522
0.0287764
0.0296314
0.0302274
0.0305269
0.0305486
0.0302699
0.0297162
0.0288828
0.0277978
0.0264765
0.0249454
0.0232406
0.0213823
0.019427
0.017384
0.0153285
0.0132552
0.0112545
0.00930381
0.00750478
0.00581599
0.00434511
0.00303174
0.0019845
0.00112486
0.000557598
0.000188088
0.000113277
0.000225417
0.000610675
0.00115235
0.00192228
0.00280081
0.00384383
0.00493379
0.00611602
0.00727976
0.00846393
0.00956929
0.0106305
0.0115649
0.0124018
0.0130804
0.0136229
0.013994
0.014209
0.0142591
0.014153
0.0139078
0.0135231
0.0130401
0.0124424
0.0117918
0.0114489
0.0106706
0.0109129
0.0113767
0.0117927
0.0121228
0.0123747
0.0125195
0.0125585
0.0124732
0.0122643
0.0119259
0.0114592
0.0108721
0.0101662
0.00936409
0.00846666
0.00751159
0.0064983
0.00547922
0.00445115
0.00348003
0.00255704
0.00175844
0.00106615
0.000561424
0.000212703
9.94337e-05
0.000178174
0.000519499
0.00107053
0.0018883
0.00291188
0.00418231
0.00563234
0.00728677
0.00907406
0.0110046
0.0130048
0.0150743
0.0171395
0.0191937
0.021166
0.023048
0.0247739
0.0263379
0.027682
0.0288058
0.0296624
0.0302583
0.0305604
0.0305821
0.0303068
0.0297532
0.0289235
0.0278388
0.0265208
0.0249901
0.0232877
0.0214299
0.0194754
0.017433
0.0153764
0.0133036
0.0112993
0.00934918
0.0075441
0.00585574
0.00437629
0.00306324
0.00200503
0.00114561
0.000565281
0.000195865
0.000106293
0.000218405
0.00058775
0.00112929
0.00188286
0.00276135
0.00378814
0.00487856
0.00604526
0.00721021
0.00838012
0.00948744
0.0105364
0.0114733
0.0123009
0.0129821
0.0135188
0.0138925
0.0141055
0.0141584
0.0140538
0.0138112
0.0134315
0.0129504
0.0123604
0.0117104
0.011372
0.0106116
0.0108505
0.0113139
0.0117243
0.012053
0.0123012
0.0124441
0.0124814
0.012394
0.0121859
0.0118453
0.0113819
0.0107927
0.0100925
0.00928849
0.00839929
0.00744262
0.00643974
0.00541963
0.00440377
0.00343226
0.0025228
0.00172424
0.00104608
0.000541471
0.000206516
9.3273e-05
0.000184355
0.000525601
0.00108678
0.00190435
0.00293546
0.00420559
0.00566047
0.00731452
0.00910426
0.0110344
0.0130352
0.0151042
0.017169
0.0192227
0.0211943
0.0230759
0.0248014
0.026365
0.0277095
0.0288331
0.0296911
0.0302869
0.0305914
0.0306131
0.030341
0.0297875
0.0289612
0.0278767
0.0265619
0.0250315
0.0233313
0.021474
0.0195203
0.0174784
0.0154207
0.0133483
0.0113409
0.00939118
0.00758052
0.00589255
0.00440515
0.00309242
0.00202405
0.00116483
0.000572396
0.000203066
9.98252e-05
0.000211911
0.00056652
0.00110794
0.00184636
0.0027248
0.00373657
0.00482741
0.00597973
0.00714581
0.00830252
0.00941165
0.0104494
0.0113884
0.0122074
0.012891
0.0134223
0.0137986
0.0140096
0.0140651
0.0139621
0.0137217
0.0133466
0.0128673
0.0122844
0.011635
0.0113009
0.0105569
0.0107928
0.0112558
0.011661
0.0119883
0.0122331
0.0123742
0.01241
0.0123207
0.0121132
0.0117707
0.0113102
0.0107191
0.0100243
0.00921848
0.00833691
0.00737875
0.00638551
0.00536446
0.0043599
0.00338802
0.0024911
0.00169257
0.0010275
0.000522993
0.000200786
8.75678e-05
0.000190079
0.000531251
0.00110182
0.00191923
0.0029573
0.00422716
0.00568652
0.00734021
0.00913223
0.0110619
0.0130634
0.0151319
0.0171963
0.0192496
0.0212205
0.0231017
0.0248268
0.0263901
0.027735
0.0288583
0.0297177
0.0303133
0.0306201
0.0306418
0.0303726
0.0298193
0.0289961
0.0279119
0.0265999
0.0250699
0.0233718
0.0215148
0.0195619
0.0175204
0.0154617
0.0133898
0.0113794
0.00943009
0.00761424
0.00592663
0.00443188
0.00311943
0.00204166
0.00118263
0.000578986
0.000209735
9.38359e-05
0.000205897
0.000546859
0.00108816
0.00181255
0.00269095
0.00368882
0.00478005
0.00591904
0.00708617
0.00823065
0.00934146
0.0103687
0.0113099
0.0121209
0.0128067
0.013333
0.0137117
0.0139208
0.0139787
0.0138771
0.0136389
0.0132681
0.0127903
0.0122141
0.0115652
0.011235
0.0105062
0.0107393
0.0112019
0.0116024
0.0119285
0.0121701
0.0123095
0.0123439
0.0122527
0.0120459
0.0117016
0.0112438
0.010651
0.00996113
0.00915365
0.00827913
0.0073196
0.00633529
0.00531336
0.00431927
0.00334705
0.00246174
0.00166324
0.00101029
0.000505882
0.00019548
8.22844e-05
0.00019538
0.000536483
0.00111576
0.001933
0.00297752
0.00424713
0.00571064
0.007364
0.00915812
0.0110874
0.0130895
0.0151576
0.0172216
0.0192745
0.0212447
0.0231255
0.0248504
0.0264133
0.0277586
0.0288817
0.0297424
0.0303379
0.0306467
0.0306684
0.0304019
0.0298487
0.0290284
0.0279444
0.0266351
0.0251054
0.0234092
0.0215526
0.0196004
0.0175593
0.0154997
0.0134283
0.011415
0.00946611
0.00764547
0.0059582
0.00445664
0.00314445
0.00205797
0.00119911
0.000585088
0.000215911
8.82894e-05
0.000200329
0.000528652
0.00106984
0.00178124
0.00265961
0.0036446
0.00473619
0.00586284
0.00703094
0.00816409
0.00927646
0.010294
0.0112371
0.0120407
0.0127286
0.0132503
0.0136311
0.0138386
0.0138987
0.0137984
0.0135622
0.0131953
0.012719
0.012149
0.0115006
0.011174
0.0105242
0.0107568
0.0111915
0.0115894
0.0119159
0.0121533
0.0122943
0.0123243
0.0122358
0.0120249
0.0116845
0.0112231
0.0106354
0.00994227
0.00914113
0.00826391
0.00731158
0.00632547
0.00531114
0.00431639
0.00335155
0.00246667
0.00167461
0.00102285
0.000523304
0.000214123
0.000104011
0.000218136
0.00056036
0.0011404
0.0019566
0.00300159
0.00426802
0.0057317
0.00738001
0.00917405
0.0110969
0.0130987
0.0151595
0.0172232
0.0192687
0.0212385
0.0231125
0.024837
0.0263942
0.0277393
0.0288583
0.0297189
0.0303122
0.0306213
0.0306429
0.0303767
0.0298256
0.0290057
0.0279257
0.0266169
0.0250928
0.0233971
0.0215472
0.0195954
0.0175615
0.0155022
0.0134379
0.0114247
0.00948234
0.00766153
0.00597957
0.00447758
0.00316903
0.00208187
0.00122466
0.000609716
0.000240071
0.000111308
0.000220804
0.000547821
0.0010844
0.00179451
0.00266621
0.00365071
0.00473415
0.00586147
0.00702072
0.00815577
0.00925939
0.0102799
0.011215
0.0120222
0.0127035
0.0132294
0.0136051
0.0138175
0.0138742
0.0137791
0.0135412
0.0131794
0.012703
0.012136
0.011526
0.0112002
0.0105478
0.0107803
0.0111848
0.0115827
0.0119067
0.012144
0.0122828
0.0123125
0.012223
0.0120116
0.0116717
0.0112098
0.0106242
0.00993059
0.00913294
0.00825532
0.00730784
0.0063215
0.00531312
0.00431839
0.00336
0.00247529
0.00168941
0.00103778
0.000543131
0.000234003
0.000127086
0.000241192
0.000584583
0.00116453
0.00197965
0.00302447
0.00428763
0.00575106
0.00739418
0.00918791
0.0111042
0.0131055
0.015159
0.0172222
0.0192601
0.0212296
0.0230965
0.0248207
0.026372
0.0277169
0.0288316
0.029692
0.0302831
0.0305921
0.0306137
0.0303475
0.0297985
0.0289788
0.027903
0.0265944
0.025076
0.0233806
0.0215376
0.0195862
0.0175598
0.0155008
0.013444
0.0114311
0.00949547
0.00767497
0.00599849
0.00449675
0.00319196
0.00210498
0.00124947
0.000634631
0.000264492
0.000135751
0.000242612
0.000569572
0.00110152
0.00181149
0.00267682
0.00366111
0.00473745
0.00586473
0.00701698
0.00815228
0.00924978
0.0102707
0.0112011
0.0120089
0.0126872
0.0132136
0.0135884
0.0138012
0.0138591
0.0137644
0.0135293
0.0131676
0.0126945
0.0121277
0.011559
0.0112332
0.0105697
0.0108022
0.0111787
0.0115764
0.0118982
0.0121353
0.0122721
0.0123015
0.0122111
0.0119994
0.0116599
0.0111975
0.0106138
0.00991976
0.00912537
0.00824736
0.00730438
0.00631784
0.00531494
0.00432024
0.00336781
0.00248327
0.00170311
0.00105161
0.000561492
0.000252414
0.000148455
0.000262543
0.000607016
0.00118687
0.002001
0.00304565
0.00430579
0.00576898
0.0074073
0.00920074
0.0111108
0.0131119
0.0151584
0.0172213
0.0192522
0.0212214
0.0230817
0.0248056
0.0263514
0.0276961
0.0288068
0.0296672
0.0302562
0.0305651
0.0305866
0.0303205
0.0297735
0.0289539
0.0278819
0.0265735
0.0250605
0.0233654
0.0215288
0.0195777
0.0175582
0.0154995
0.0134496
0.011437
0.00950763
0.00768741
0.006016
0.00451451
0.00321318
0.00212638
0.00127245
0.000657704
0.000287107
0.000158387
0.000262807
0.000589715
0.00111737
0.00182721
0.00268664
0.00367075
0.0047405
0.00586774
0.00701352
0.00814905
0.00924088
0.0102623
0.0111882
0.0119966
0.012672
0.013199
0.0135729
0.0137862
0.0138451
0.0137507
0.0135182
0.0131567
0.0126866
0.01212
0.0115896
0.0112638
0.0105899
0.0108224
0.011173
0.0115707
0.0118904
0.0121273
0.0122622
0.0122914
0.0122001
0.011988
0.0116489
0.0111862
0.0106042
0.00990974
0.00911835
0.00823999
0.00730118
0.00631444
0.00531663
0.00432195
0.00337505
0.00249066
0.0017158
0.00106442
0.000578495
0.000269463
0.000168244
0.000282315
0.00062779
0.00120756
0.00202078
0.00306527
0.0043226
0.00578559
0.00741945
0.00921263
0.011117
0.0131178
0.0151579
0.0172205
0.0192448
0.0212137
0.023068
0.0247917
0.0263324
0.0276768
0.0287839
0.0296441
0.0302312
0.0305401
0.0305616
0.0302955
0.0297503
0.0289309
0.0278624
0.0265542
0.0250462
0.0233513
0.0215206
0.0195698
0.0175568
0.0154984
0.0134547
0.0114425
0.00951888
0.00769894
0.00603222
0.00453095
0.00323284
0.0021462
0.00129372
0.000679071
0.00030805
0.000179349
0.000281509
0.000608369
0.00113205
0.00184176
0.00269574
0.00367966
0.00474332
0.00587052
0.00701031
0.00814605
0.00923263
0.0102544
0.0111763
0.0119852
0.0126581
0.0131855
0.0135586
0.0137723
0.0138321
0.013738
0.013508
0.0131466
0.0126794
0.0121128
0.0116179
0.0112922
0.0106086
0.0108411
0.0111677
0.0115653
0.0118831
0.0121199
0.0122531
0.012282
0.0121899
0.0119775
0.0116388
0.0111757
0.0105953
0.00990046
0.00911185
0.00823317
0.00729821
0.00631129
0.00531819
0.00432353
0.00338175
0.00249751
0.00172756
0.00107627
0.000594242
0.000285251
0.00018657
0.000300626
0.000647028
0.00122672
0.00203909
0.00308344
0.00433818
0.00580096
0.0074307
0.00922363
0.0111228
0.0131233
0.0151574
0.0172198
0.019238
0.0212067
0.0230553
0.0247787
0.0263147
0.027659
0.0287627
0.0296228
0.0302081
0.0305169
0.0305384
0.0302723
0.0297289
0.0289095
0.0278444
0.0265363
0.0250329
0.0233382
0.021513
0.0195625
0.0175554
0.0154973
0.0134595
0.0114476
0.00952931
0.00770961
0.00604724
0.00454618
0.00325105
0.00216455
0.00131343
0.000698858
0.000327445
0.000198762
0.000298828
0.000625644
0.00114565
0.00185525
0.00270416
0.00368793
0.00474593
0.0058731
0.00700734
0.00814328
0.009225
0.0102472
0.0111653
0.0119746
0.0126451
0.013173
0.0135453
0.0137594
0.0138201
0.0137263
0.0134985
0.0131373
0.0126726
0.0121062
0.0116442
0.0113184
)
;

boundaryField
{
    inlet
    {
        type            cyclic;
    }
    outlet
    {
        type            cyclic;
    }
    top
    {
        type            zeroGradient;
    }
    hills
    {
        type            zeroGradient;
    }
    front
    {
        type            empty;
    }
    back
    {
        type            empty;
    }
}


// ************************************************************************* //
