/*--------------------------------*- C++ -*----------------------------------*\
| =========                 |                                                 |
| \\      /  F ield         | OpenFOAM: The Open Source CFD Toolbox           |
|  \\    /   O peration     | Version:  v2106                                 |
|   \\  /    A nd           | Website:  www.openfoam.com                      |
|    \\/     M anipulation  |                                                 |
\*---------------------------------------------------------------------------*/
FoamFile
{
    version     2.0;
    format      ascii;
    arch        "LSB;label=32;scalar=64";
    class       volScalarField;
    location    "0";
    object      expGpCoeffs15;
}
// * * * * * * * * * * * * * * * * * * * * * * * * * * * * * * * * * * * * * //

dimensions      [0 0 0 0 0 0 0];

internalField   nonuniform List<scalar> 
8000
(
0.0668469
0.0687934
0.0714912
0.0743111
0.0760311
0.0768521
0.0769457
0.0764714
0.0756907
0.0746199
0.0732707
0.0716372
0.0696291
0.0672446
0.0645488
0.0615438
0.0585636
0.0556077
0.0531253
0.0511302
0.0499522
0.0496117
0.0500565
0.0512928
0.0528922
0.0548439
0.0568239
0.0588217
0.0607732
0.0626774
0.0645285
0.0663258
0.0680653
0.0697464
0.0713663
0.0729245
0.0744185
0.0758479
0.0772094
0.0785026
0.0797231
0.0808701
0.0819377
0.0829251
0.0838249
0.0846364
0.0853515
0.0859695
0.0864831
0.0868915
0.0871891
0.0873756
0.0874481
0.0874065
0.0872514
0.086983
0.0866052
0.0861187
0.0855301
0.0848402
0.0840574
0.0831827
0.0822251
0.0811856
0.0800728
0.0788877
0.0776379
0.0763243
0.074953
0.073525
0.0720452
0.0705146
0.0689375
0.0673146
0.0657024
0.0641104
0.0628316
0.0618761
0.0616298
0.0620856
0.0633118
0.0652893
0.0678032
0.0708442
0.0741109
0.0776152
0.0810893
0.0845421
0.0878657
0.0910532
0.0940746
0.096922
0.0993756
0.101416
0.102543
0.102541
0.101182
0.0981926
0.0951604
0.0928904
0.0666901
0.0686363
0.071576
0.074397
0.0761035
0.0769269
0.0769757
0.0765021
0.0757095
0.0746389
0.073299
0.0716658
0.0696639
0.0672795
0.0645675
0.0615622
0.0585447
0.0555881
0.0530696
0.0510737
0.0498758
0.0495348
0.050006
0.0512421
0.0528852
0.0548366
0.0568275
0.058825
0.0607774
0.0626814
0.0645332
0.0663302
0.0680703
0.0697511
0.0713715
0.0729295
0.0744239
0.0758531
0.0772152
0.0785082
0.0797293
0.0808761
0.0819445
0.0829317
0.0838324
0.0846438
0.0853597
0.0859777
0.0864919
0.0869002
0.0871983
0.0873847
0.0874573
0.0874157
0.0872604
0.086992
0.0866138
0.0861273
0.0855379
0.0848481
0.0840644
0.0831898
0.0822312
0.0811919
0.0800782
0.0788933
0.0776427
0.0763292
0.0749573
0.0735294
0.0720491
0.0705186
0.0689409
0.0673182
0.0656962
0.0641045
0.0627862
0.0618308
0.061561
0.0620173
0.0632579
0.0652361
0.0677727
0.0708146
0.0741068
0.077612
0.0811012
0.0845547
0.0878791
0.0910673
0.0940926
0.0969405
0.0994268
0.101466
0.10266
0.102654
0.101307
0.0983155
0.0949771
0.0927076
0.0665209
0.0684665
0.0716676
0.0744898
0.0761817
0.0770076
0.077008
0.0765353
0.0757299
0.0746594
0.0733296
0.0716967
0.0697014
0.0673173
0.0645878
0.0615821
0.0585244
0.0555669
0.0530094
0.0510127
0.0497932
0.0494517
0.0499515
0.0511874
0.0528776
0.0548287
0.0568314
0.0588286
0.060782
0.0626856
0.0645382
0.066335
0.0680756
0.0697562
0.0713771
0.0729348
0.0744298
0.0758587
0.0772214
0.0785142
0.079736
0.0808827
0.0819518
0.0829389
0.0838405
0.0846517
0.0853686
0.0859864
0.0865014
0.0869097
0.0872082
0.0873946
0.0874673
0.0874257
0.0872701
0.0870018
0.086623
0.0861366
0.0855463
0.0848566
0.0840719
0.0831974
0.0822379
0.0811987
0.0800841
0.0788993
0.0776479
0.0763346
0.0749619
0.0735342
0.0720532
0.070523
0.0689446
0.0673221
0.0656896
0.0640981
0.0627371
0.0617819
0.0614868
0.0619436
0.0631997
0.0651787
0.0677397
0.0707827
0.0741024
0.0776086
0.0811141
0.0845683
0.0878937
0.0910826
0.094112
0.0969605
0.099482
0.101521
0.102786
0.102777
0.101441
0.0984482
0.0947792
0.0925102
0.0663381
0.0682833
0.0717665
0.0745899
0.0762661
0.0770947
0.0770429
0.0765712
0.0757519
0.0746816
0.0733626
0.07173
0.069742
0.0673581
0.0646096
0.0616036
0.0585024
0.055544
0.0529444
0.0509469
0.0497041
0.0493619
0.0498927
0.0511283
0.0528693
0.0548202
0.0568356
0.0588325
0.0607869
0.0626903
0.0645436
0.0663401
0.0680814
0.0697617
0.0713831
0.0729406
0.0744361
0.0758648
0.0772281
0.0785207
0.0797432
0.0808898
0.0819598
0.0829467
0.0838493
0.0846604
0.0853781
0.0859959
0.0865116
0.0869198
0.0872189
0.0874053
0.0874781
0.0874365
0.0872807
0.0870124
0.0866329
0.0861466
0.0855555
0.0848658
0.0840801
0.0832057
0.0822451
0.081206
0.0800904
0.0789058
0.0776535
0.0763403
0.0749668
0.0735394
0.0720577
0.0705277
0.0689486
0.0673263
0.0656825
0.0640912
0.0626841
0.0617292
0.0614066
0.061864
0.0631369
0.0651167
0.0677041
0.0707482
0.0740977
0.077605
0.081128
0.0845831
0.0879094
0.091099
0.094133
0.0969822
0.0995418
0.101579
0.102923
0.102909
0.101586
0.0985915
0.0945655
0.0922971
0.0661407
0.0680854
0.0718733
0.0747084
0.0763573
0.0771888
0.0770806
0.0766099
0.0757757
0.0747056
0.0733983
0.0717659
0.0697857
0.0674021
0.0646332
0.0616268
0.0584786
0.0555193
0.0528742
0.0508758
0.0496079
0.0492651
0.0498291
0.0510645
0.0528604
0.054811
0.0568401
0.0588367
0.0607922
0.0626953
0.0645495
0.0663457
0.0680876
0.0697677
0.0713896
0.0729469
0.0744429
0.0758714
0.0772353
0.0785277
0.079751
0.0808974
0.0819683
0.0829552
0.0838587
0.0846697
0.0853884
0.0860061
0.0865227
0.0869308
0.0872304
0.0874168
0.0874897
0.0874482
0.087292
0.0870238
0.0866436
0.0861574
0.0855653
0.0848758
0.0840889
0.0832147
0.0822529
0.081214
0.0800972
0.0789129
0.0776595
0.0763466
0.0749722
0.073545
0.0720625
0.0705327
0.0689529
0.0673309
0.0656748
0.0640837
0.0626269
0.0616722
0.0613201
0.061778
0.063069
0.0650497
0.0676656
0.070711
0.0740925
0.077601
0.081143
0.0845989
0.0879263
0.0911168
0.0941556
0.0970055
0.0996062
0.101643
0.10307
0.103052
0.101756
0.0987463
0.0943347
0.0920669
0.0660541
0.0680063
0.0720365
0.0749003
0.0764918
0.0773695
0.077142
0.0767057
0.0758049
0.0747455
0.0734458
0.0718292
0.0698483
0.0674877
0.0646649
0.0616615
0.058453
0.0554926
0.0527984
0.050799
0.049504
0.0491604
0.0497605
0.0509955
0.0529106
0.0548641
0.0569065
0.0589061
0.0608626
0.0627687
0.0646237
0.0664228
0.0681653
0.0698481
0.0714705
0.0730303
0.0745269
0.0759577
0.0773221
0.0786166
0.0798405
0.0809887
0.0820604
0.0830484
0.0839529
0.0847648
0.0854844
0.0861024
0.0866199
0.0870277
0.0873278
0.0875139
0.0875869
0.0875444
0.0873881
0.0871185
0.0867377
0.0862499
0.085657
0.0849653
0.0841774
0.0833012
0.0823381
0.0812968
0.0801791
0.0789918
0.0777376
0.0764218
0.0750466
0.0736163
0.0721331
0.0706001
0.0690196
0.0673944
0.0657263
0.0641321
0.0625651
0.0616106
0.0612266
0.0616851
0.0629958
0.0649774
0.0676241
0.0706708
0.0740982
0.077605
0.081211
0.0846397
0.0879808
0.0911506
0.0942015
0.0970363
0.0997545
0.10174
0.103336
0.10325
0.102022
0.0989674
0.094253
0.0919747
0.0662301
0.0681929
0.0722235
0.0751075
0.0767038
0.0775989
0.0773787
0.0769588
0.0760658
0.0750295
0.0737375
0.0721577
0.0701847
0.0678741
0.0650598
0.06211
0.0588903
0.0559384
0.0532515
0.0512265
0.0499537
0.0495961
0.0502618
0.0515282
0.0535173
0.055505
0.057547
0.059581
0.0615372
0.0634769
0.0653316
0.0671633
0.0689055
0.0706193
0.0722414
0.07383
0.0753262
0.0767829
0.0781471
0.079464
0.0806877
0.0818542
0.0829258
0.0839277
0.084832
0.0856532
0.0863727
0.0869952
0.0875126
0.0879201
0.0882201
0.0884013
0.0884743
0.0884225
0.0882662
0.0879832
0.0876025
0.0870975
0.0865047
0.0857923
0.0850044
0.0841042
0.0831413
0.0820729
0.0809554
0.0797384
0.0784843
0.0771364
0.0757615
0.0742971
0.0728141
0.0712457
0.0696655
0.0680039
0.0663362
0.0647061
0.0630693
0.0620845
0.0616392
0.0621166
0.0634051
0.065431
0.0680679
0.0711448
0.074585
0.0780833
0.081679
0.0850941
0.0884248
0.0915758
0.094616
0.0974251
0.100133
0.102084
0.10367
0.103544
0.10231
0.0992183
0.0945033
0.0922085
0.0664201
0.0683943
0.0724253
0.0753313
0.0769328
0.0778467
0.0776342
0.0772321
0.0763475
0.0753362
0.0740525
0.0725124
0.070548
0.0682914
0.0654863
0.0625942
0.0593841
0.0564803
0.0538023
0.0518111
0.0505446
0.0502155
0.0508838
0.0521837
0.0541724
0.0561971
0.0582387
0.0603098
0.0622656
0.0642417
0.066096
0.067963
0.0697048
0.071452
0.0730738
0.0746934
0.0761894
0.077674
0.079038
0.080379
0.0816025
0.0827889
0.0838602
0.0848773
0.0857814
0.0866126
0.0873319
0.0879592
0.0884765
0.0888837
0.0891837
0.0893595
0.0894325
0.0893707
0.0892144
0.088917
0.0885364
0.0880127
0.08742
0.0866852
0.0858976
0.0849713
0.0840087
0.082911
0.0817937
0.0805445
0.0792907
0.0779081
0.0765334
0.0750323
0.0735496
0.0719429
0.070363
0.0686622
0.0669948
0.0653259
0.0636894
0.0626718
0.0622242
0.0626823
0.0639646
0.0659819
0.0686099
0.071681
0.0751107
0.0785997
0.0821844
0.0855848
0.0889043
0.0920349
0.0950636
0.097845
0.100541
0.102455
0.10403
0.103862
0.10262
0.0994891
0.0947735
0.0924609
0.0666253
0.0686119
0.0726433
0.0755729
0.07718
0.0781142
0.0779102
0.0775273
0.0766517
0.0756673
0.0743927
0.0728954
0.0709403
0.068742
0.0659468
0.0631172
0.0599175
0.0570655
0.054397
0.0524423
0.0511827
0.0508845
0.0515553
0.0528915
0.0548798
0.0569445
0.0589856
0.0610969
0.0630522
0.0650676
0.0669215
0.0688264
0.0705679
0.0723512
0.0739727
0.0756258
0.0771215
0.0786363
0.0799999
0.0813671
0.0825903
0.0837982
0.0848693
0.0859026
0.0868065
0.0876485
0.0883677
0.0890002
0.0895174
0.0899242
0.0902241
0.0903943
0.0904672
0.0903946
0.0902384
0.0899253
0.0895448
0.0890011
0.0884085
0.0876495
0.086862
0.0859077
0.0849452
0.083816
0.082699
0.081415
0.0801615
0.0787414
0.077367
0.0758261
0.0743438
0.0726957
0.0711161
0.069373
0.067706
0.0659952
0.0643591
0.063306
0.0628559
0.0632931
0.0645689
0.0665768
0.0691952
0.0722599
0.0756783
0.0791573
0.0827301
0.0861147
0.089422
0.0925307
0.0955469
0.0982983
0.100982
0.102855
0.104419
0.104204
0.102956
0.0997817
0.0950653
0.0927334
0.066847
0.0688468
0.0728787
0.0758338
0.0774469
0.0784031
0.0782082
0.077846
0.0769803
0.0760249
0.07476
0.0733091
0.071364
0.0692285
0.066444
0.0636819
0.0604933
0.0576973
0.0550392
0.0531239
0.0518717
0.0516068
0.0522805
0.0536559
0.0556437
0.0577515
0.0597921
0.0619467
0.0639015
0.0659594
0.0678129
0.0697589
0.0714999
0.0733223
0.0749434
0.0766327
0.078128
0.0796754
0.0810387
0.0824341
0.083657
0.0848881
0.0859589
0.0870098
0.0879135
0.0887672
0.0894862
0.0901243
0.0906414
0.0910478
0.0913477
0.0915116
0.0915846
0.0915003
0.091344
0.0910141
0.0906337
0.0900683
0.0894759
0.0886907
0.0879034
0.0869188
0.0859566
0.0847932
0.0836765
0.082355
0.0811018
0.0796412
0.0782671
0.0766833
0.0752014
0.0735087
0.0719294
0.0701406
0.068474
0.0667179
0.0650822
0.0639909
0.063538
0.0639527
0.0652213
0.0672191
0.0698272
0.072885
0.0762913
0.0797595
0.0833194
0.0866869
0.0899811
0.0930661
0.0960688
0.0987879
0.101458
0.103288
0.104839
0.104575
0.103318
0.100098
0.0953804
0.0930277
0.0670863
0.0691005
0.0731329
0.0761156
0.0777351
0.0787151
0.07853
0.0781901
0.077335
0.076411
0.0751566
0.0737557
0.0718214
0.0697539
0.066981
0.0642916
0.0611152
0.0583796
0.0557327
0.05386
0.0526157
0.0523868
0.0530636
0.0544812
0.0564686
0.058623
0.0606631
0.0628644
0.0648187
0.0669225
0.0687754
0.0707658
0.0725063
0.0743708
0.0759915
0.0777199
0.0792148
0.0807974
0.0821604
0.0835863
0.0848089
0.0860649
0.0871355
0.0882054
0.0891089
0.0899752
0.090694
0.0913382
0.0918551
0.0922612
0.0925609
0.0927182
0.0927911
0.0926942
0.092538
0.0921899
0.0918095
0.0912208
0.0906285
0.0898151
0.089028
0.0880106
0.0870487
0.0858485
0.084732
0.08337
0.0821171
0.0806128
0.0792391
0.077609
0.0761274
0.0743865
0.0728077
0.0709694
0.0693032
0.0674984
0.065863
0.0647304
0.0642746
0.0646649
0.0659259
0.0679128
0.0705097
0.07356
0.0769532
0.0804097
0.0839557
0.0873048
0.0905847
0.0936442
0.0966324
0.0993166
0.101972
0.103755
0.105293
0.104974
0.103708
0.100439
0.0957207
0.0933455
0.0673447
0.0693744
0.0734074
0.0764198
0.0780464
0.0790519
0.0788774
0.0785617
0.0777181
0.0768279
0.0755849
0.074238
0.0723154
0.0703212
0.0675608
0.0649501
0.0617867
0.0591164
0.0564815
0.0546548
0.0534192
0.0532291
0.0539092
0.0553725
0.0573593
0.059564
0.0616035
0.0638553
0.0658091
0.0679624
0.0698148
0.071853
0.0735931
0.0755031
0.0771233
0.078894
0.0803885
0.0820091
0.0833717
0.0848304
0.0860527
0.0873358
0.0884061
0.0894965
0.0903997
0.0912796
0.0919982
0.092649
0.0931658
0.0935714
0.0938711
0.0940211
0.094094
0.0939834
0.0938273
0.0934595
0.0930793
0.0924652
0.0918731
0.0910292
0.0902423
0.0891897
0.088228
0.086988
0.0858719
0.0844661
0.0832135
0.081662
0.0802887
0.0786086
0.0771274
0.0753344
0.073756
0.0718644
0.0701987
0.0683411
0.0667062
0.065529
0.06507
0.065434
0.0666867
0.0686618
0.0712466
0.074289
0.0776679
0.0811119
0.0846429
0.087972
0.0912366
0.0942685
0.097241
0.0998875
0.102527
0.104259
0.105783
0.105406
0.10413
0.100807
0.0960881
0.0936887
0.0679504
0.0699842
0.0738248
0.0768244
0.078515
0.0795022
0.0794019
0.0790792
0.0782649
0.0773986
0.0762051
0.0748922
0.0730426
0.0710903
0.0683936
0.0658491
0.062706
0.0601309
0.0574724
0.0557452
0.0544759
0.0543603
0.0550724
0.0565708
0.05869
0.0609293
0.0629983
0.0652849
0.0672762
0.0694635
0.0713526
0.0734238
0.0751992
0.0771405
0.0787939
0.0805936
0.0821185
0.0837652
0.0851545
0.086636
0.0878807
0.0891822
0.0902701
0.0913747
0.0922903
0.0931794
0.0939051
0.0945603
0.0950787
0.0954841
0.0957804
0.0959252
0.0959901
0.0958701
0.0957012
0.09532
0.0949228
0.0942914
0.0936784
0.0928136
0.0920022
0.090925
0.0899353
0.0886679
0.0875204
0.0860846
0.0847977
0.0832136
0.0818036
0.080089
0.0785692
0.0767403
0.075122
0.0731936
0.0714954
0.0696014
0.0678382
0.0666264
0.0661386
0.0664415
0.0677389
0.0696449
0.0722854
0.0752754
0.0786857
0.082111
0.0856228
0.0889527
0.0921554
0.0951755
0.0980847
0.100706
0.103289
0.105021
0.106416
0.106052
0.104672
0.101361
0.0968729
0.0944659
0.0689636
0.0709979
0.0742824
0.077288
0.0790788
0.0800831
0.0801552
0.0798573
0.0791411
0.0783011
0.0771866
0.0759
0.0741833
0.0722589
0.0697802
0.0672665
0.0643842
0.0618405
0.059401
0.0576996
0.056578
0.0564777
0.0572207
0.0587213
0.0608415
0.0630801
0.0652392
0.067525
0.0696306
0.0718172
0.0738181
0.0758886
0.0777715
0.0797122
0.0814667
0.0832658
0.0848831
0.0865293
0.088
0.0894809
0.090794
0.092095
0.0932364
0.0943406
0.095294
0.0961827
0.09693
0.097585
0.0981088
0.0985141
0.0988004
0.0989452
0.0989855
0.0988655
0.0986584
0.0982773
0.0978291
0.0971978
0.0965218
0.0956573
0.0947715
0.0936946
0.0926198
0.0913528
0.0901101
0.0886748
0.0872839
0.0857003
0.0841787
0.0824647
0.0808275
0.0789991
0.0772595
0.0753317
0.0735344
0.071641
0.0698648
0.0686509
0.0681404
0.0684288
0.0696466
0.0715275
0.0740893
0.0770463
0.0803693
0.0837582
0.0871944
0.0904873
0.0936328
0.0966152
0.0994392
0.102022
0.104419
0.106117
0.107215
0.106828
0.105288
0.101968
0.0981597
0.095752
0.0700018
0.0720367
0.074945
0.0779559
0.0797502
0.0807715
0.0809686
0.0806975
0.0800872
0.0792757
0.0782464
0.0769882
0.075415
0.0735207
0.0712776
0.0687972
0.0661965
0.0636865
0.0614836
0.0598101
0.058848
0.0587641
0.0595406
0.0610436
0.0631648
0.0654026
0.067659
0.069944
0.0721731
0.0743589
0.0764805
0.0785503
0.0805492
0.0824892
0.0843529
0.0861514
0.0878684
0.0895141
0.0910726
0.092553
0.0939398
0.0952404
0.0964396
0.0975434
0.0985374
0.0994259
0.100196
0.100851
0.101381
0.101786
0.102062
0.102206
0.10222
0.1021
0.101852
0.101471
0.100967
0.100336
0.0995922
0.0987281
0.0977618
0.0966853
0.0955185
0.094252
0.0929066
0.0914717
0.0899685
0.0883855
0.0867434
0.08503
0.083266
0.0814383
0.0795677
0.0776405
0.0757362
0.0738435
0.0720533
0.0708371
0.0703019
0.0705748
0.0717067
0.0735603
0.0760371
0.0789587
0.0821873
0.0855369
0.0888915
0.0921443
0.0952281
0.09817
0.100902
0.103443
0.10564
0.1073
0.108172
0.107762
0.106188
0.102862
0.0994831
0.0970746
0.0702234
0.0722577
0.0759674
0.0789918
0.0808333
0.0818867
0.0820132
0.0817763
0.0811849
0.0804065
0.0795103
0.0782861
0.07691
0.0750526
0.0729938
0.0705518
0.0680805
0.0656054
0.0634812
0.0618339
0.0609354
0.060866
0.061789
0.0632943
0.0656346
0.0678715
0.0702948
0.072579
0.0749457
0.0771307
0.0793861
0.0814551
0.0835823
0.0855216
0.0875058
0.0893036
0.091131
0.0927761
0.0944326
0.0959125
0.0973824
0.0986826
0.0999483
0.101052
0.102094
0.102982
0.103782
0.104436
0.104975
0.105381
0.105646
0.105791
0.105776
0.105656
0.105361
0.10498
0.104414
0.103784
0.102961
0.102098
0.10104
0.0999634
0.0986922
0.0974261
0.0959649
0.0945306
0.0929017
0.0913192
0.0895432
0.0878304
0.0859259
0.0840989
0.0820834
0.080157
0.0780798
0.0761879
0.0741783
0.0729599
0.0722891
0.0725481
0.0736595
0.0754879
0.0779883
0.0808747
0.0841372
0.0874448
0.0907978
0.0940056
0.0970325
0.0999282
0.102591
0.105085
0.10727
0.10888
0.10978
0.109325
0.107605
0.10426
0.0998461
0.0974381
0.0704709
0.0725082
0.0770035
0.0800306
0.0819959
0.0830565
0.0831425
0.0829428
0.0823771
0.0816347
0.0808842
0.0796969
0.0785347
0.0767173
0.074857
0.0724566
0.0701031
0.0676656
0.0655862
0.0639671
0.0631044
0.0630507
0.064169
0.0656767
0.0682995
0.0705355
0.0731423
0.0754256
0.0779411
0.0801253
0.0825254
0.0845936
0.0868594
0.0887979
0.0909123
0.0927094
0.0946563
0.0963007
0.0980631
0.0995424
0.101102
0.102402
0.10374
0.104843
0.105938
0.106825
0.107656
0.108311
0.10886
0.109265
0.10952
0.109665
0.109619
0.109499
0.109154
0.108774
0.10814
0.107509
0.106603
0.105739
0.104582
0.103506
0.102122
0.100856
0.0992695
0.0978357
0.0960709
0.0944891
0.0925681
0.090856
0.0887997
0.0869734
0.0848012
0.0828756
0.0806088
0.0787176
0.0764284
0.0752077
0.0743545
0.0745986
0.0757126
0.0775139
0.0800712
0.0829197
0.0862415
0.0895036
0.0928609
0.09602
0.0989871
0.101833
0.104426
0.106867
0.109033
0.110588
0.111462
0.110999
0.109019
0.105667
0.100252
0.0978401
0.0712698
0.073357
0.0778555
0.0809869
0.0829748
0.0841355
0.0842636
0.0841441
0.0836215
0.0829715
0.0822706
0.0812183
0.0801126
0.078485
0.0766859
0.0745068
0.0722068
0.0699747
0.0679348
0.0664754
0.0656447
0.0657234
0.0668976
0.0685499
0.0712236
0.073621
0.0762411
0.0786837
0.0812097
0.0835484
0.0859588
0.088174
0.0904496
0.092525
0.0946487
0.0965696
0.0985249
0.100278
0.102047
0.103617
0.105184
0.106554
0.107897
0.109051
0.110149
0.111068
0.111901
0.112567
0.113117
0.113515
0.113769
0.11389
0.113842
0.113683
0.113334
0.112901
0.112262
0.111565
0.110652
0.10971
0.108546
0.107379
0.105987
0.104618
0.103023
0.101474
0.0996998
0.0979917
0.0960603
0.0942113
0.092144
0.0901713
0.0879878
0.0859081
0.0836275
0.0815793
0.0792319
0.077883
0.076973
0.0771411
0.0782283
0.0799861
0.0825178
0.0853232
0.0886136
0.0918148
0.0951269
0.0982038
0.101117
0.103857
0.106393
0.108697
0.110797
0.11218
0.112987
0.112317
0.110307
0.106779
0.10136
0.0988741
0.0721325
0.0742736
0.0787755
0.0820196
0.0840318
0.0853006
0.0854664
0.085441
0.0849598
0.084416
0.0837564
0.082861
0.0817977
0.0803916
0.0786376
0.07672
0.0744658
0.0724846
0.0704854
0.0692342
0.0684323
0.0686906
0.0698762
0.0717124
0.074385
0.0769704
0.0795892
0.0822173
0.0847422
0.0872606
0.0896699
0.0920563
0.0943309
0.0965655
0.0986882
0.100753
0.102708
0.104586
0.106355
0.10803
0.109596
0.111049
0.112391
0.113605
0.114702
0.115657
0.11649
0.117169
0.117718
0.118108
0.118362
0.118456
0.118408
0.118203
0.117855
0.11736
0.116721
0.115948
0.115035
0.114002
0.112838
0.111566
0.110174
0.108686
0.107091
0.10541
0.103636
0.101781
0.0998502
0.0978418
0.0957755
0.0936325
0.09145
0.0891908
0.0869114
0.0846803
0.0823339
0.0808222
0.0799008
0.07996
0.081018
0.0827099
0.0851982
0.0879497
0.0911872
0.0943215
0.0975766
0.100563
0.103418
0.106038
0.108516
0.11066
0.112702
0.113879
0.114634
0.11374
0.111697
0.10798
0.102556
0.0999907
0.073064
0.0752634
0.079769
0.0831348
0.0851732
0.0865588
0.0867652
0.0868415
0.0864049
0.085976
0.0853608
0.0846348
0.0836173
0.0824504
0.0807452
0.0791099
0.0769051
0.0751949
0.0732396
0.0722132
0.0714424
0.0718946
0.0730927
0.0751275
0.0777989
0.0805872
0.0832047
0.086033
0.0885566
0.0912693
0.0936773
0.0962486
0.098522
0.100929
0.10305
0.105271
0.107224
0.109239
0.111007
0.112796
0.11436
0.115903
0.117245
0.118522
0.119619
0.120612
0.121445
0.122138
0.122687
0.123069
0.123323
0.123386
0.123338
0.123085
0.122737
0.122175
0.121536
0.12068
0.119768
0.118637
0.117473
0.116087
0.114696
0.113079
0.111485
0.109659
0.107886
0.105872
0.103943
0.101762
0.0996969
0.0973699
0.0951886
0.0927357
0.0904574
0.0880289
0.0856835
0.0839962
0.0830623
0.083004
0.0840304
0.0856513
0.0880927
0.0907858
0.0939662
0.0970283
0.100222
0.10311
0.105903
0.108393
0.110808
0.11278
0.114759
0.115713
0.116412
0.115276
0.113199
0.109277
0.103848
0.101196
0.074596
0.0768116
0.0805495
0.0839757
0.086185
0.0876581
0.0881194
0.0882671
0.0879759
0.0876239
0.0870942
0.0864668
0.0855606
0.0845211
0.0830196
0.0815331
0.0796135
0.0780547
0.0763879
0.075498
0.0749584
0.0755258
0.0768229
0.0789509
0.0816661
0.0845326
0.0872683
0.0901738
0.0928396
0.0956271
0.0981703
0.100813
0.103212
0.105684
0.107918
0.110199
0.11225
0.114316
0.116164
0.117997
0.119623
0.1212
0.122584
0.123886
0.125008
0.126016
0.126858
0.127556
0.1281
0.128478
0.128715
0.128766
0.128691
0.128419
0.128034
0.127447
0.126765
0.125876
0.124913
0.123743
0.122519
0.12109
0.119629
0.117962
0.116289
0.114407
0.112544
0.110469
0.108438
0.106191
0.104012
0.101614
0.099309
0.0967814
0.0943985
0.0918938
0.0895127
0.0877429
0.0867593
0.0866189
0.0875317
0.089079
0.0913907
0.0940149
0.0970456
0.100036
0.103087
0.105894
0.108559
0.110955
0.113201
0.11506
0.116757
0.117579
0.117874
0.116589
0.114267
0.110254
0.105784
0.103108
0.0759522
0.0781682
0.081731
0.0851697
0.087476
0.0889851
0.0896348
0.0898325
0.0896994
0.0893998
0.0889947
0.0884188
0.0876941
0.0867078
0.0855084
0.084078
0.0825797
0.0810764
0.079864
0.0790202
0.0788742
0.0794692
0.0809625
0.0830943
0.0859362
0.088801
0.091765
0.0946688
0.0975788
0.100365
0.10314
0.105781
0.108394
0.110866
0.113293
0.115572
0.117789
0.119855
0.121841
0.123672
0.125404
0.12698
0.12844
0.129741
0.130908
0.131915
0.132773
0.133471
0.134007
0.134385
0.134592
0.134644
0.134521
0.134249
0.133803
0.133216
0.132457
0.131569
0.130516
0.129347
0.12802
0.126591
0.125011
0.123345
0.121535
0.119654
0.117635
0.115562
0.113355
0.11111
0.108737
0.10634
0.103822
0.101296
0.098708
0.0962048
0.0937235
0.0919494
0.0908586
0.0906893
0.0914051
0.0929018
0.0950226
0.0975807
0.100425
0.103343
0.106225
0.108958
0.111452
0.113773
0.115788
0.117573
0.118933
0.119687
0.119625
0.118294
0.115789
0.11176
0.107476
0.1048
0.0762481
0.0784702
0.0833167
0.0867775
0.0892994
0.0908443
0.0914809
0.0917358
0.0916304
0.0913895
0.0911397
0.0906221
0.0901507
0.0892257
0.0883146
0.0869475
0.0857113
0.0842667
0.0832653
0.082467
0.0825096
0.0831307
0.0850184
0.087154
0.090496
0.0933595
0.0966555
0.099558
0.10274
0.105524
0.108558
0.111197
0.11405
0.11652
0.119162
0.12144
0.123843
0.125908
0.128048
0.129878
0.131732
0.133307
0.134853
0.136153
0.137373
0.13838
0.13926
0.139958
0.140488
0.140866
0.141042
0.141094
0.140919
0.140647
0.14013
0.139543
0.138697
0.13781
0.136653
0.135485
0.134038
0.13261
0.130895
0.12923
0.127265
0.125385
0.123192
0.12112
0.118718
0.116474
0.113885
0.111489
0.108736
0.106211
0.103317
0.100815
0.0978527
0.0960746
0.0946472
0.0944507
0.0951246
0.0965722
0.0987217
0.101212
0.10408
0.106918
0.109738
0.112388
0.114719
0.116957
0.118782
0.120482
0.121694
0.12237
0.122146
0.120765
0.117854
0.113794
0.107898
0.105214
0.0774084
0.0797135
0.0845642
0.0882203
0.0907765
0.0925415
0.0932336
0.0936815
0.0936399
0.093561
0.093375
0.0930378
0.092631
0.0919533
0.0911118
0.0900757
0.0889113
0.0878477
0.0869123
0.0864872
0.0865833
0.0875391
0.0894739
0.0919259
0.0952854
0.098461
0.101755
0.104958
0.108137
0.111209
0.11424
0.117146
0.119996
0.122707
0.125347
0.127834
0.130236
0.132476
0.134614
0.136582
0.138435
0.140111
0.141656
0.143023
0.144243
0.145284
0.146164
0.146868
0.147398
0.147759
0.147936
0.147953
0.147778
0.147456
0.146939
0.146289
0.145444
0.144481
0.143325
0.142067
0.140622
0.139088
0.137374
0.135585
0.133622
0.131597
0.129406
0.127164
0.124764
0.122325
0.119738
0.117121
0.114369
0.111599
0.108706
0.105938
0.102946
0.100919
0.0994399
0.099051
0.0996731
0.100965
0.103048
0.105384
0.108173
0.110833
0.113565
0.115997
0.118239
0.120207
0.121943
0.123305
0.124426
0.124702
0.124404
0.122637
0.119682
0.115338
0.109438
0.106646
0.0786613
0.0810561
0.0859038
0.0897782
0.0923715
0.0943743
0.0951263
0.0957825
0.0958084
0.0959062
0.0957875
0.0956463
0.0953075
0.0948987
0.0941278
0.0934541
0.0923605
0.0917216
0.0908492
0.0908505
0.090992
0.0923364
0.0942894
0.0971
0.100457
0.10397
0.107261
0.110789
0.113966
0.117347
0.120375
0.123569
0.126418
0.129388
0.132026
0.134739
0.137139
0.139567
0.141704
0.143822
0.145673
0.147459
0.149003
0.150441
0.15166
0.152739
0.153618
0.15433
0.15486
0.155204
0.15538
0.155359
0.155185
0.154809
0.154292
0.153574
0.152729
0.151684
0.15053
0.149175
0.147731
0.146084
0.144371
0.142448
0.140487
0.138305
0.136115
0.133691
0.131293
0.128643
0.126058
0.123203
0.120453
0.117416
0.114526
0.111471
0.108481
0.106171
0.104672
0.104054
0.104625
0.10573
0.107738
0.109898
0.112596
0.115061
0.117696
0.119894
0.12204
0.123714
0.125354
0.126348
0.127377
0.127219
0.126844
0.124657
0.121656
0.116996
0.1111
0.108194
0.0809994
0.0834052
0.0869128
0.0908301
0.0937112
0.0958134
0.0970628
0.0978162
0.0981749
0.0983677
0.0984304
0.0983875
0.0982111
0.0979156
0.0974193
0.0968816
0.0962199
0.0957353
0.0953872
0.0955429
0.0961865
0.0976616
0.0998603
0.102759
0.106214
0.109789
0.113323
0.11691
0.120368
0.123806
0.127097
0.130344
0.13343
0.136448
0.139294
0.142049
0.144624
0.147087
0.149363
0.151508
0.153463
0.155269
0.156884
0.158335
0.159595
0.160681
0.161577
0.16229
0.162817
0.163158
0.163317
0.163289
0.163088
0.162702
0.16215
0.161419
0.160531
0.159471
0.158265
0.156893
0.155386
0.153718
0.151927
0.14998
0.147921
0.145711
0.1434
0.140942
0.138398
0.135709
0.13295
0.130051
0.127099
0.124013
0.12095
0.117842
0.114829
0.112449
0.110842
0.110123
0.11039
0.11138
0.113049
0.115087
0.117428
0.119768
0.122071
0.124138
0.125966
0.127498
0.128734
0.129573
0.130011
0.129695
0.128605
0.126272
0.122904
0.118187
0.113949
0.111029
0.0813254
0.0837296
0.0889076
0.0928422
0.0960266
0.0981761
0.09952
0.100356
0.100849
0.101124
0.10138
0.101418
0.101484
0.101271
0.101063
0.100609
0.100297
0.0998899
0.0999437
0.10016
0.101219
0.102729
0.105458
0.108362
0.112404
0.115976
0.119962
0.123547
0.127394
0.130828
0.134483
0.137727
0.141143
0.144159
0.147294
0.150046
0.152864
0.155325
0.157796
0.159938
0.16204
0.163844
0.165559
0.167009
0.168329
0.169413
0.170333
0.171046
0.171569
0.171909
0.172043
0.172015
0.171773
0.171387
0.170782
0.170051
0.1691
0.168041
0.166759
0.165388
0.163789
0.162123
0.160221
0.158276
0.156081
0.153873
0.151396
0.14894
0.146194
0.143508
0.140509
0.137613
0.134382
0.131299
0.127866
0.12476
0.121209
0.118823
0.116792
0.116031
0.116105
0.11702
0.118555
0.120492
0.122699
0.124924
0.127007
0.128956
0.13044
0.131856
0.132678
0.133402
0.133445
0.13302
0.131596
0.129207
0.125346
0.12061
0.114334
0.111416
0.0826251
0.085143
0.0903445
0.0945748
0.0978132
0.100336
0.101777
0.102964
0.103552
0.104116
0.104467
0.104755
0.104919
0.104975
0.10487
0.104755
0.104548
0.104565
0.104719
0.105407
0.106552
0.10852
0.111332
0.114663
0.118756
0.122734
0.126743
0.130714
0.13458
0.138379
0.142052
0.145631
0.149062
0.152376
0.155525
0.158534
0.161364
0.164036
0.166516
0.168825
0.170932
0.17286
0.174579
0.176113
0.177435
0.17857
0.179491
0.180228
0.18075
0.181095
0.181227
0.18119
0.180945
0.180539
0.179931
0.179171
0.178217
0.177118
0.175833
0.17441
0.172808
0.171071
0.169165
0.167126
0.164926
0.162595
0.160111
0.157499
0.154744
0.151865
0.148855
0.145726
0.142481
0.139126
0.135674
0.132256
0.128644
0.125932
0.123816
0.122752
0.122746
0.123369
0.124806
0.126436
0.128526
0.130402
0.132354
0.133888
0.135235
0.136155
0.136839
0.136984
0.136883
0.13584
0.134278
0.131334
0.127405
0.122305
0.116001
0.112961
0.0845771
0.0871716
0.091652
0.0961003
0.0995221
0.102359
0.104116
0.105607
0.106455
0.107274
0.10781
0.108321
0.108641
0.108933
0.109008
0.109189
0.109204
0.109595
0.109997
0.111107
0.112488
0.114867
0.117801
0.121494
0.12563
0.129921
0.134039
0.138308
0.142298
0.146379
0.150167
0.154005
0.157541
0.161086
0.164325
0.167533
0.170439
0.173275
0.175817
0.178255
0.180411
0.182434
0.18419
0.185789
0.187136
0.18831
0.189249
0.190004
0.190539
0.190887
0.191027
0.190982
0.190742
0.19032
0.189715
0.188932
0.187978
0.186849
0.18556
0.184096
0.182485
0.180695
0.178771
0.176661
0.174435
0.17201
0.169489
0.166757
0.163953
0.160924
0.157851
0.154542
0.151221
0.147654
0.144139
0.14048
0.13687
0.133883
0.131697
0.130346
0.130139
0.130474
0.131657
0.132996
0.134796
0.136357
0.138014
0.139186
0.140243
0.140735
0.141097
0.140748
0.140259
0.138694
0.136725
0.133322
0.129185
0.123814
0.118401
0.11528
0.085561
0.0881538
0.0934333
0.0979027
0.101744
0.104647
0.106858
0.108442
0.109725
0.110645
0.111541
0.112155
0.112783
0.113179
0.113568
0.113854
0.114268
0.114755
0.115673
0.116858
0.118819
0.121241
0.124734
0.128431
0.133086
0.137373
0.141977
0.146241
0.150684
0.154761
0.158969
0.162803
0.166719
0.17026
0.173831
0.177035
0.180221
0.183054
0.185823
0.188258
0.19059
0.192611
0.194495
0.196093
0.19753
0.198703
0.1997
0.200455
0.201025
0.201373
0.201533
0.201488
0.201257
0.200836
0.200232
0.19945
0.198488
0.19736
0.196051
0.194589
0.19294
0.191152
0.189166
0.187058
0.184736
0.182314
0.179659
0.17693
0.173946
0.170921
0.167619
0.164314
0.160712
0.15715
0.153289
0.149635
0.145615
0.14262
0.140014
0.138604
0.137985
0.138217
0.138988
0.140193
0.141553
0.142966
0.144104
0.145129
0.145546
0.145899
0.145511
0.145031
0.143743
0.142064
0.139382
0.135901
0.131232
0.125837
0.119532
0.116413
0.0865932
0.0893061
0.094837
0.0996493
0.103643
0.107033
0.109395
0.11151
0.112932
0.114321
0.115358
0.116361
0.11713
0.117871
0.118397
0.119035
0.119585
0.120476
0.121531
0.123174
0.125265
0.128154
0.1318
0.135938
0.140723
0.145424
0.150107
0.154762
0.15927
0.163715
0.167984
0.172157
0.176127
0.179971
0.18359
0.187058
0.190284
0.19334
0.196141
0.198759
0.201115
0.203281
0.205184
0.206894
0.208344
0.209604
0.210608
0.211429
0.212003
0.212402
0.212565
0.21256
0.21233
0.21194
0.211336
0.210576
0.209613
0.208495
0.207184
0.205716
0.204063
0.202248
0.200254
0.198092
0.195758
0.19325
0.190577
0.187725
0.184717
0.181529
0.178195
0.174684
0.171044
0.167232
0.163311
0.159358
0.155206
0.151866
0.149105
0.147315
0.146577
0.146385
0.147018
0.147739
0.148936
0.149785
0.150725
0.151094
0.151291
0.150898
0.150283
0.148996
0.147485
0.145014
0.142112
0.138011
0.133151
0.127404
0.120805
0.117584
0.0890624
0.0918319
0.0959371
0.100929
0.105183
0.108879
0.111832
0.114287
0.116267
0.11797
0.119433
0.120709
0.121828
0.122818
0.123698
0.124594
0.125533
0.126716
0.128184
0.130149
0.132642
0.135843
0.139682
0.144086
0.148931
0.153855
0.15873
0.163598
0.16833
0.172975
0.177453
0.181809
0.185971
0.189979
0.193771
0.197382
0.20076
0.203936
0.206869
0.209586
0.212056
0.214301
0.216299
0.218071
0.219602
0.220909
0.221984
0.222842
0.223477
0.223904
0.224121
0.224138
0.223955
0.223582
0.223018
0.222271
0.221338
0.220227
0.218934
0.217464
0.215814
0.213985
0.211977
0.209787
0.207419
0.204865
0.202135
0.199217
0.196129
0.192853
0.189415
0.185792
0.182021
0.178074
0.174054
0.16994
0.165851
0.162301
0.159429
0.157366
0.156189
0.155674
0.155742
0.156104
0.156656
0.157107
0.157397
0.157324
0.156888
0.156008
0.154719
0.152917
0.150659
0.147695
0.144107
0.139619
0.1345
0.128562
0.123703
0.120436
0.0887618
0.0915824
0.0973971
0.10257
0.107311
0.111306
0.114663
0.117486
0.119887
0.121953
0.123833
0.12544
0.126919
0.128206
0.129363
0.13053
0.131709
0.133144
0.134889
0.13709
0.139919
0.143329
0.147655
0.152232
0.157591
0.162674
0.167913
0.172929
0.177967
0.182752
0.187516
0.192003
0.196425
0.200553
0.204575
0.208295
0.211873
0.215146
0.218248
0.221052
0.223661
0.225982
0.228095
0.229935
0.231559
0.232925
0.234076
0.234987
0.235687
0.236161
0.236433
0.236492
0.236358
0.236022
0.235499
0.234781
0.233881
0.23279
0.231518
0.230059
0.228414
0.226584
0.22456
0.222356
0.219947
0.217364
0.214565
0.211604
0.208414
0.205079
0.201505
0.197808
0.193866
0.189828
0.185542
0.181315
0.176736
0.173034
0.169688
0.167396
0.165908
0.165078
0.164821
0.164784
0.164939
0.164924
0.164667
0.164086
0.162955
0.16155
0.159512
0.157193
0.154237
0.150808
0.146635
0.141818
0.136152
0.130061
0.123291
0.119994
0.0903737
0.0932891
0.0982176
0.103707
0.108614
0.113161
0.116883
0.120365
0.123163
0.125871
0.128106
0.13028
0.132087
0.133863
0.135349
0.136954
0.138454
0.140318
0.142348
0.144993
0.148049
0.151893
0.156302
0.161267
0.166622
0.17204
0.177348
0.182679
0.187803
0.192886
0.197732
0.202496
0.206995
0.211378
0.215475
0.219425
0.223073
0.226553
0.229723
0.232709
0.235383
0.237865
0.24004
0.242021
0.243704
0.245196
0.246403
0.247425
0.248177
0.248751
0.24907
0.249217
0.249124
0.248863
0.248374
0.247716
0.246842
0.245794
0.244538
0.243099
0.241459
0.239625
0.237597
0.23536
0.232936
0.230292
0.227467
0.224413
0.221189
0.217727
0.21411
0.210253
0.206258
0.202025
0.197708
0.19324
0.188719
0.184684
0.18126
0.178514
0.176705
0.175296
0.174588
0.17386
0.173488
0.172676
0.17189
0.170423
0.168804
0.166457
0.163949
0.160686
0.157266
0.152985
0.148431
0.142995
0.137184
0.130811
0.125101
0.12175
0.0900178
0.0929647
0.0989935
0.104614
0.110058
0.114855
0.119254
0.123076
0.126612
0.129688
0.132637
0.135176
0.137612
0.139734
0.141735
0.143656
0.145582
0.147721
0.15015
0.15302
0.156481
0.160493
0.165346
0.170423
0.17619
0.181698
0.18733
0.192742
0.198153
0.203314
0.20843
0.213269
0.218023
0.222477
0.22681
0.230831
0.234698
0.238247
0.241618
0.244672
0.247532
0.25008
0.252426
0.254471
0.256312
0.257865
0.259218
0.260298
0.261183
0.26181
0.26225
0.262443
0.262456
0.262233
0.261833
0.261204
0.260397
0.259368
0.258154
0.256724
0.255099
0.253263
0.25122
0.24897
0.246501
0.243834
0.240935
0.237849
0.234519
0.231019
0.227267
0.223363
0.219202
0.214914
0.210368
0.205831
0.200945
0.196794
0.192902
0.18993
0.187591
0.185835
0.184463
0.183289
0.182102
0.180785
0.179034
0.177049
0.174367
0.171523
0.167946
0.164228
0.159828
0.155172
0.14983
0.144153
0.137828
0.131369
0.12455
0.121193
0.09132
0.0943385
0.0991528
0.10505
0.110639
0.115983
0.120785
0.125327
0.129361
0.133204
0.136646
0.139918
0.142842
0.145627
0.148132
0.150638
0.153051
0.155705
0.158543
0.161865
0.165618
0.170011
0.174934
0.180309
0.186027
0.191774
0.197447
0.203077
0.208553
0.213922
0.219102
0.224139
0.228958
0.233605
0.238007
0.242214
0.246156
0.249886
0.253339
0.256569
0.259516
0.262236
0.264672
0.266883
0.268815
0.270527
0.271969
0.273197
0.274165
0.274927
0.27544
0.275752
0.275826
0.2757
0.275346
0.27479
0.274013
0.27303
0.271829
0.270417
0.268789
0.266942
0.264882
0.262595
0.260097
0.257368
0.254431
0.251259
0.247886
0.244279
0.240478
0.236447
0.232232
0.227796
0.223226
0.218503
0.213707
0.209255
0.205257
0.201787
0.198985
0.196517
0.194486
0.192426
0.190484
0.188162
0.185687
0.182644
0.179328
0.175439
0.171291
0.166602
0.161687
0.156218
0.150506
0.14429
0.137865
0.131207
0.125798
0.122425
0.089763
0.0928124
0.09896
0.105024
0.111041
0.116756
0.122116
0.127202
0.131891
0.136366
0.140505
0.144435
0.148026
0.151457
0.154535
0.157636
0.160511
0.163671
0.166888
0.170605
0.174681
0.179343
0.184606
0.190139
0.196149
0.201996
0.207851
0.213564
0.219186
0.224633
0.229953
0.23507
0.240027
0.244759
0.2493
0.253601
0.257684
0.261519
0.265114
0.26846
0.271551
0.274394
0.276976
0.279314
0.281389
0.283227
0.284805
0.286152
0.287248
0.288116
0.288742
0.289141
0.289309
0.28925
0.288967
0.288454
0.287723
0.286757
0.285578
0.284158
0.282526
0.28065
0.278562
0.27623
0.273684
0.270896
0.267894
0.264656
0.261203
0.257524
0.253631
0.249524
0.245207
0.240689
0.235967
0.23114
0.226049
0.221396
0.216983
0.213104
0.209804
0.206695
0.204
0.201129
0.19837
0.195159
0.191754
0.18784
0.183565
0.178879
0.17384
0.168465
0.162797
0.156795
0.150509
0.143978
0.137189
0.130454
0.123699
0.120343
0.0893191
0.0923845
0.0981476
0.104317
0.110636
0.116629
0.122604
0.128111
0.133624
0.138597
0.143654
0.148111
0.152657
0.156613
0.160642
0.164239
0.167991
0.171585
0.175521
0.179583
0.184162
0.189059
0.194544
0.200205
0.206264
0.212183
0.218096
0.223869
0.229547
0.23505
0.240429
0.245603
0.25063
0.255424
0.260055
0.264425
0.268623
0.272535
0.276271
0.279702
0.282957
0.285892
0.288652
0.291085
0.293345
0.295277
0.297036
0.298473
0.299732
0.30068
0.301443
0.301909
0.302179
0.30217
0.30195
0.301468
0.300758
0.299805
0.298608
0.297183
0.295499
0.293603
0.291437
0.289071
0.28643
0.283599
0.280492
0.277205
0.273645
0.269912
0.265914
0.26175
0.257329
0.252751
0.247935
0.243033
0.237865
0.233049
0.228273
0.224049
0.219928
0.216288
0.212453
0.208923
0.204872
0.200952
0.196284
0.191682
0.186282
0.180975
0.174974
0.16907
0.162623
0.156217
0.149403
0.142641
0.135653
0.128869
0.122667
0.119329
0.0881828
0.091245
0.0966802
0.102985
0.109382
0.115814
0.122024
0.128256
0.134117
0.14001
0.145479
0.150966
0.155975
0.161005
0.165534
0.170169
0.174406
0.17891
0.183251
0.18801
0.192867
0.198193
0.203799
0.209649
0.215703
0.221679
0.227587
0.23338
0.23905
0.244568
0.24994
0.255139
0.260167
0.265008
0.269651
0.2741
0.278324
0.28235
0.286127
0.289704
0.293012
0.29612
0.298943
0.301565
0.303891
0.306013
0.307837
0.30945
0.310768
0.311865
0.312674
0.313251
0.313552
0.313608
0.313401
0.312936
0.312222
0.311239
0.310021
0.308526
0.30681
0.304812
0.302605
0.300117
0.29743
0.294466
0.291313
0.287891
0.284286
0.280424
0.276384
0.272099
0.26764
0.262948
0.258097
0.253056
0.247874
0.242743
0.237776
0.232875
0.22835
0.223647
0.219261
0.21443
0.209772
0.2045
0.199266
0.193414
0.187546
0.181169
0.174793
0.168025
0.161288
0.154258
0.147273
0.140181
0.133167
0.126366
0.120549
0.117279
0.085321
0.0883378
0.0944037
0.100691
0.107271
0.113866
0.120478
0.127068
0.133513
0.139924
0.146117
0.152247
0.15807
0.163831
0.169203
0.174602
0.179631
0.184839
0.189836
0.195137
0.200449
0.20608
0.21192
0.217851
0.223959
0.229901
0.235796
0.241525
0.247161
0.252612
0.257953
0.263096
0.268108
0.272913
0.277566
0.282008
0.286272
0.290322
0.294172
0.297803
0.301211
0.304396
0.307339
0.310052
0.312507
0.314723
0.316671
0.318368
0.319792
0.320953
0.321842
0.322455
0.3228
0.322858
0.322658
0.322162
0.321418
0.320374
0.319093
0.317513
0.315708
0.313609
0.311297
0.308699
0.305899
0.302825
0.29956
0.296034
0.292323
0.288367
0.284233
0.279866
0.275325
0.270565
0.265632
0.260518
0.25521
0.249891
0.244565
0.239213
0.234014
0.228604
0.22331
0.217648
0.211995
0.205915
0.19974
0.193199
0.186532
0.179615
0.172606
0.165445
0.158239
0.150959
0.143668
0.13649
0.129371
0.122648
0.116252
0.113055
0.0826428
0.0856064
0.0914833
0.0977022
0.104288
0.110929
0.117796
0.124569
0.131493
0.13821
0.145065
0.151603
0.158247
0.164499
0.170817
0.176751
0.18275
0.188469
0.194308
0.200009
0.205889
0.211739
0.217772
0.223744
0.229768
0.235661
0.241437
0.247097
0.252601
0.257981
0.263197
0.268277
0.273187
0.277947
0.282534
0.286951
0.291194
0.295243
0.299116
0.302769
0.30624
0.309465
0.312498
0.315261
0.317818
0.320086
0.32213
0.323873
0.325372
0.326564
0.327493
0.328118
0.32846
0.328508
0.328259
0.327729
0.326894
0.325796
0.32439
0.32274
0.320785
0.318605
0.316129
0.313447
0.31048
0.307323
0.303897
0.300293
0.296437
0.292411
0.288149
0.283724
0.279077
0.274271
0.269256
0.264095
0.258725
0.253282
0.247607
0.241956
0.236014
0.230139
0.223879
0.217687
0.211045
0.204468
0.197446
0.190506
0.183195
0.175989
0.168517
0.161165
0.153646
0.146272
0.138826
0.131657
0.124576
0.117953
0.111795
0.108664
0.0802988
0.0831781
0.0882702
0.0943689
0.100805
0.107444
0.11429
0.121212
0.128263
0.135272
0.142384
0.149341
0.156375
0.163157
0.169993
0.176523
0.183113
0.18941
0.195792
0.201947
0.208186
0.214277
0.220388
0.22639
0.232301
0.238112
0.243756
0.249306
0.254675
0.259946
0.265033
0.270015
0.274814
0.279497
0.283999
0.288367
0.292555
0.296585
0.300432
0.304095
0.307565
0.310822
0.313871
0.31668
0.31926
0.321576
0.323641
0.325423
0.32693
0.328143
0.32906
0.329681
0.329987
0.330003
0.329693
0.329104
0.328185
0.327003
0.325495
0.323743
0.321673
0.319381
0.316784
0.313984
0.310898
0.307625
0.304085
0.300373
0.296412
0.29229
0.287938
0.283432
0.278713
0.273844
0.268777
0.263557
0.258146
0.252561
0.246704
0.240731
0.234409
0.228044
0.22131
0.214572
0.207486
0.200414
0.193061
0.185739
0.178223
0.170757
0.163179
0.155673
0.148127
0.140695
0.133317
0.126194
0.119266
0.112782
0.107423
0.104383
0.0770292
0.0797551
0.0849049
0.0907429
0.0970581
0.103548
0.110335
0.117251
0.124304
0.131455
0.13863
0.14588
0.153041
0.160263
0.167287
0.174367
0.181178
0.188044
0.194632
0.201243
0.20762
0.213932
0.220072
0.226051
0.231891
0.237554
0.243131
0.24851
0.253807
0.258912
0.263932
0.268765
0.273506
0.278067
0.282523
0.2868
0.290956
0.294929
0.298758
0.302393
0.305855
0.309106
0.312155
0.314971
0.317555
0.319878
0.321945
0.323725
0.325229
0.326422
0.327327
0.327903
0.328188
0.328132
0.327791
0.327105
0.326145
0.324845
0.323289
0.321403
0.319281
0.316845
0.314194
0.311249
0.308109
0.304695
0.301104
0.29726
0.293254
0.289016
0.284626
0.280024
0.275276
0.270338
0.265253
0.25998
0.254581
0.248882
0.242971
0.23672
0.230273
0.223493
0.216608
0.20943
0.202215
0.194778
0.187347
0.17978
0.172247
0.16465
0.157102
0.149554
0.14207
0.134676
0.127393
0.120399
0.113605
0.107348
0.101925
0.0990253
0.0734776
0.0761186
0.081347
0.0870018
0.0930919
0.0994117
0.106061
0.11284
0.119846
0.126902
0.134136
0.141341
0.148681
0.155914
0.163237
0.170385
0.17757
0.184533
0.19148
0.198172
0.204784
0.211115
0.217275
0.223201
0.228903
0.234483
0.239906
0.2452
0.25035
0.255377
0.260261
0.265026
0.26965
0.274151
0.278514
0.282742
0.286829
0.290762
0.294544
0.298146
0.30158
0.304804
0.307836
0.310626
0.313197
0.315495
0.317545
0.319298
0.320775
0.321938
0.322801
0.323344
0.32357
0.323479
0.323061
0.322338
0.321288
0.31995
0.318292
0.316369
0.314139
0.311666
0.308905
0.305925
0.302676
0.299231
0.295537
0.291666
0.287567
0.283308
0.278839
0.274226
0.269419
0.264481
0.259367
0.254105
0.248703
0.243012
0.237014
0.230749
0.22409
0.217284
0.210149
0.20296
0.195531
0.18812
0.180561
0.173061
0.16549
0.157995
0.150477
0.143058
0.135646
0.128405
0.121228
0.114405
0.107784
0.101699
0.0961428
0.0933196
0.0713494
0.0738835
0.0780527
0.0835004
0.0893191
0.0954451
0.101825
0.10845
0.115235
0.122189
0.129247
0.136414
0.143639
0.150907
0.158189
0.165434
0.172641
0.17973
0.186717
0.193508
0.200119
0.20647
0.212571
0.218434
0.224035
0.22951
0.234817
0.240006
0.245046
0.249976
0.254763
0.259442
0.263981
0.268408
0.272695
0.276862
0.280878
0.284762
0.288477
0.292038
0.295408
0.298597
0.301566
0.304324
0.306832
0.309099
0.311086
0.312806
0.314221
0.315347
0.316153
0.316654
0.316827
0.31669
0.316226
0.315453
0.314362
0.312974
0.311281
0.309306
0.307047
0.304525
0.30174
0.298712
0.295445
0.291956
0.288249
0.28434
0.280235
0.275946
0.271482
0.266849
0.262061
0.257119
0.252028
0.246778
0.241382
0.235693
0.229709
0.223417
0.216798
0.209944
0.202855
0.19563
0.188271
0.180861
0.173407
0.165957
0.158524
0.151122
0.143773
0.13648
0.129274
0.122185
0.115273
0.108629
0.102272
0.0963746
0.0918989
0.0891717
0.0673909
0.0697773
0.0745934
0.0797368
0.0853898
0.0912149
0.0974554
0.103794
0.110444
0.117141
0.124089
0.131042
0.138196
0.145311
0.15257
0.159731
0.166959
0.174013
0.181037
0.187796
0.194426
0.200697
0.206736
0.212453
0.217934
0.223245
0.228463
0.233503
0.238469
0.243269
0.247992
0.252555
0.257039
0.261365
0.265605
0.269679
0.273659
0.277454
0.281139
0.284615
0.28796
0.291064
0.29401
0.296684
0.299169
0.301353
0.303316
0.304956
0.306345
0.307396
0.308173
0.308607
0.308749
0.308555
0.308058
0.307241
0.306118
0.304696
0.302973
0.300978
0.29869
0.296158
0.293347
0.290322
0.287032
0.283554
0.279829
0.275943
0.271825
0.26757
0.2631
0.258516
0.253731
0.248857
0.243794
0.238631
0.233319
0.227721
0.221791
0.215566
0.208944
0.202146
0.195064
0.187912
0.180592
0.173295
0.16592
0.158626
0.151311
0.144101
0.136889
0.129814
0.122746
0.115901
0.109104
0.102725
0.0965118
0.0908929
0.0857105
0.0831223
0.0650723
0.067397
0.0713945
0.0764007
0.0817168
0.0873779
0.0932592
0.0994301
0.105731
0.112266
0.118881
0.125687
0.132543
0.139533
0.146545
0.153607
0.160641
0.167616
0.174479
0.181168
0.187637
0.193835
0.199706
0.205354
0.210662
0.215903
0.22095
0.225925
0.230737
0.23548
0.240067
0.244581
0.248942
0.253222
0.257347
0.26138
0.265245
0.269001
0.272571
0.276009
0.279234
0.282302
0.285127
0.287765
0.29013
0.292279
0.294129
0.295735
0.297022
0.298042
0.298732
0.29914
0.299215
0.298999
0.298458
0.297624
0.29648
0.295047
0.293324
0.291323
0.289055
0.286523
0.283749
0.280727
0.27749
0.27402
0.270361
0.266486
0.262447
0.25821
0.253833
0.249273
0.244599
0.239756
0.234815
0.229691
0.22449
0.218941
0.213136
0.206984
0.200516
0.193809
0.18689
0.17985
0.172712
0.165546
0.15838
0.151234
0.144156
0.137109
0.13016
0.123259
0.116485
0.10982
0.103362
0.0971602
0.091278
0.0858037
0.0814648
0.0789366
0.0616577
0.0638386
0.0682266
0.0729287
0.0780926
0.0834286
0.0891555
0.0949831
0.101115
0.1073
0.113746
0.120209
0.126907
0.133579
0.140457
0.147239
0.154169
0.160904
0.167687
0.174163
0.180562
0.186548
0.192319
0.197743
0.202935
0.207965
0.212933
0.217721
0.222471
0.227048
0.231582
0.235945
0.240259
0.244398
0.248481
0.252377
0.256203
0.259824
0.263357
0.266658
0.269848
0.272779
0.275569
0.278073
0.280403
0.282425
0.284241
0.285732
0.286987
0.28791
0.288571
0.288903
0.288955
0.288688
0.288129
0.287271
0.286115
0.284685
0.282957
0.280984
0.278718
0.276237
0.273472
0.270521
0.267297
0.263917
0.260277
0.256508
0.252494
0.248379
0.244032
0.239612
0.234975
0.230291
0.225404
0.22046
0.215359
0.21
0.20429
0.198318
0.191923
0.1854
0.178574
0.171737
0.164718
0.157784
0.150765
0.14388
0.13697
0.130209
0.123437
0.116839
0.110237
0.103889
0.0975817
0.0917004
0.0859753
0.0808141
0.0760511
0.0736745
0.0599184
0.0620285
0.0653867
0.0699326
0.0748109
0.0799572
0.085345
0.090965
0.0967501
0.102719
0.108808
0.115055
0.121393
0.127858
0.134377
0.140968
0.147547
0.154109
0.16056
0.16688
0.172975
0.178822
0.184376
0.189681
0.194715
0.19964
0.204432
0.209127
0.213708
0.218202
0.22258
0.226868
0.231035
0.235103
0.239041
0.242868
0.246548
0.250101
0.253484
0.256718
0.259757
0.26262
0.265261
0.267699
0.269888
0.271847
0.273535
0.27497
0.276117
0.276993
0.277571
0.277867
0.277864
0.277573
0.27699
0.276121
0.274972
0.273544
0.271852
0.269893
0.26769
0.265234
0.262554
0.259639
0.256521
0.253186
0.249669
0.245955
0.24208
0.238027
0.233836
0.229486
0.225021
0.220416
0.215702
0.210846
0.205879
0.200624
0.195097
0.189254
0.183128
0.176756
0.170216
0.163548
0.156825
0.150075
0.143355
0.136669
0.130062
0.123509
0.117055
0.110673
0.104415
0.0982855
0.0923604
0.0866879
0.0812961
0.0763075
0.0726581
0.0703572
0.0564357
0.0584673
0.0624315
0.0667951
0.0714521
0.0763837
0.0815454
0.0869251
0.0924486
0.0981585
0.103967
0.109943
0.115999
0.122186
0.128445
0.134762
0.141118
0.147421
0.153683
0.159768
0.165695
0.171338
0.176677
0.181806
0.186606
0.191373
0.195995
0.200547
0.204989
0.209351
0.213604
0.217767
0.221818
0.225766
0.229594
0.233304
0.236877
0.240314
0.243592
0.246712
0.249647
0.252399
0.254939
0.257271
0.259364
0.261226
0.262825
0.264176
0.265246
0.266053
0.266569
0.266815
0.266767
0.266448
0.26584
0.264963
0.26381
0.262396
0.260721
0.258797
0.256629
0.254227
0.251602
0.248758
0.245711
0.242462
0.239031
0.235417
0.231643
0.227703
0.223625
0.219402
0.215063
0.210597
0.206039
0.201335
0.196595
0.191505
0.186179
0.180525
0.174537
0.168381
0.161994
0.155564
0.149023
0.142529
0.136029
0.129611
0.123253
0.116974
0.110779
0.104673
0.0986634
0.0928077
0.0870978
0.0816833
0.0765268
0.07176
0.0674678
0.0652619
0.054252
0.0561482
0.0598824
0.0639676
0.0685197
0.0731326
0.0781648
0.0831885
0.0885727
0.0938981
0.0995586
0.105131
0.111029
0.116809
0.1229
0.12882
0.135003
0.140928
0.147027
0.152758
0.158549
0.163862
0.169114
0.173932
0.178682
0.18317
0.187741
0.19204
0.19643
0.200558
0.204761
0.208703
0.212706
0.216441
0.220222
0.223721
0.227248
0.230477
0.23371
0.236623
0.239514
0.242066
0.244564
0.246706
0.24876
0.25045
0.252015
0.253215
0.254257
0.254943
0.255438
0.255596
0.255536
0.255164
0.254552
0.253662
0.252512
0.251123
0.249459
0.247595
0.245447
0.243139
0.240539
0.237821
0.234805
0.23171
0.228317
0.224882
0.221149
0.217413
0.213382
0.209384
0.205097
0.200878
0.196372
0.191938
0.187247
0.182448
0.17721
0.171848
0.166004
0.160147
0.153936
0.14782
0.14147
0.135309
0.129002
0.122935
0.116766
0.110853
0.104844
0.0991124
0.0932884
0.0878067
0.0822788
0.0772241
0.0722153
0.0677781
0.0637442
0.0617013
0.0521752
0.0540668
0.0573734
0.0614239
0.0656559
0.070204
0.074865
0.07981
0.0847851
0.0900239
0.0952424
0.100722
0.106153
0.111833
0.117442
0.123256
0.128955
0.134775
0.140403
0.146045
0.151393
0.156648
0.161513
0.166316
0.170728
0.175211
0.179454
0.183749
0.187829
0.191952
0.195861
0.199798
0.203516
0.207246
0.210746
0.214242
0.217492
0.220717
0.223677
0.226587
0.229213
0.231762
0.234007
0.236147
0.23797
0.239657
0.241018
0.242217
0.24309
0.243774
0.244141
0.244299
0.244155
0.243784
0.243136
0.242246
0.241108
0.23972
0.238114
0.236253
0.234207
0.231902
0.229445
0.22673
0.223896
0.220804
0.217628
0.214197
0.210713
0.206981
0.203228
0.199235
0.195252
0.191038
0.186859
0.18243
0.178068
0.173287
0.168408
0.163116
0.157665
0.151918
0.146114
0.140132
0.134202
0.128181
0.122304
0.116376
0.110645
0.104865
0.0993004
0.093698
0.0883213
0.0829613
0.0778765
0.0729232
0.068318
0.0639337
0.0604109
0.0583742
0.0496993
0.0514996
0.0550398
0.0588883
0.0629949
0.0673085
0.071827
0.0765049
0.0813134
0.0862577
0.0912928
0.0964542
0.101691
0.107034
0.112446
0.117913
0.123421
0.128898
0.13435
0.139664
0.144859
0.149816
0.154534
0.159067
0.163346
0.167582
0.17172
0.17578
0.179768
0.183665
0.187486
0.191204
0.194837
0.198353
0.201772
0.205057
0.208227
0.211246
0.214129
0.216841
0.219392
0.221753
0.223928
0.225894
0.227652
0.229185
0.230489
0.231556
0.23238
0.232961
0.23329
0.233373
0.233204
0.23279
0.23213
0.23123
0.230093
0.228727
0.227136
0.225328
0.22331
0.221088
0.218672
0.216068
0.213286
0.210333
0.207218
0.20395
0.200538
0.196992
0.19332
0.189534
0.185639
0.181651
0.177575
0.173391
0.169166
0.164653
0.159921
0.15492
0.149617
0.144189
0.138556
0.132912
0.127173
0.121503
0.115832
0.110258
0.10474
0.0993134
0.09396
0.0887041
0.0835284
0.0785029
0.0735966
0.0689511
0.0645106
0.0603979
0.0566474
0.0547343
0.0478102
0.049495
0.0529586
0.0565678
0.0606117
0.0646461
0.0690853
0.0734446
0.0781654
0.0827579
0.0876986
0.0924803
0.0976149
0.102558
0.10786
0.112916
0.118311
0.123377
0.128723
0.13364
0.13875
0.143336
0.148005
0.152191
0.156447
0.160366
0.164482
0.168243
0.172208
0.175816
0.179615
0.183051
0.186663
0.189903
0.193301
0.196316
0.199466
0.202221
0.205084
0.207541
0.210074
0.212193
0.214351
0.216095
0.217837
0.219172
0.220463
0.221362
0.222176
0.222622
0.222945
0.222931
0.222758
0.222289
0.221627
0.220713
0.219578
0.218239
0.216653
0.214912
0.212901
0.210786
0.20838
0.205919
0.20315
0.200374
0.197275
0.194217
0.190822
0.187515
0.183862
0.180341
0.176468
0.17277
0.168716
0.164845
0.160644
0.156475
0.151799
0.147155
0.141954
0.136901
0.1314
0.126145
0.120552
0.115282
0.109758
0.104591
0.0992141
0.0941955
0.0889769
0.0841242
0.0790782
0.0744427
0.0696562
0.0653722
0.0610252
0.0572333
0.0535717
0.0518151
0.0466353
0.0483172
0.0510137
0.054596
0.0583793
0.0623627
0.0664861
0.0707824
0.0751626
0.0796854
0.0842595
0.0889661
0.0937057
0.0985676
0.103443
0.108412
0.113353
0.118333
0.123215
0.128059
0.13272
0.137258
0.141557
0.14573
0.149675
0.153591
0.157377
0.161134
0.164768
0.168373
0.171846
0.175279
0.178569
0.181806
0.184886
0.187898
0.190738
0.19349
0.196052
0.198507
0.200754
0.202871
0.204765
0.206507
0.208012
0.209345
0.210432
0.21133
0.211978
0.212424
0.212622
0.212609
0.212355
0.211886
0.211188
0.210275
0.20915
0.207812
0.206279
0.204539
0.202625
0.200512
0.198244
0.195785
0.193193
0.19042
0.187535
0.18448
0.181335
0.178032
0.17466
0.171143
0.167579
0.163884
0.160152
0.156285
0.152387
0.148233
0.143924
0.139341
0.134594
0.129638
0.124613
0.119475
0.114358
0.10921
0.104148
0.0990985
0.0941686
0.0892615
0.0844818
0.0797355
0.0751267
0.0705892
0.0662348
0.0620303
0.0580494
0.0542978
0.0515077
0.0497551
0.0442569
0.0459173
0.0490569
0.0525758
0.0561656
0.0600628
0.0639757
0.0681717
0.0723034
0.0767161
0.0810111
0.0855987
0.0900364
0.0947703
0.0993323
0.104167
0.108794
0.11364
0.118218
0.122938
0.12731
0.131748
0.135744
0.139847
0.143492
0.147345
0.150868
0.154563
0.15795
0.161494
0.164726
0.168099
0.171152
0.174331
0.17718
0.180135
0.182749
0.185447
0.187793
0.190195
0.192238
0.194307
0.196012
0.19771
0.199045
0.20034
0.201279
0.202145
0.202671
0.203091
0.203195
0.203164
0.202846
0.202367
0.201636
0.200721
0.199594
0.198262
0.19676
0.195034
0.193183
0.19109
0.188917
0.186486
0.184019
0.18128
0.178548
0.175534
0.172568
0.169312
0.166142
0.162678
0.159338
0.1557
0.152223
0.148418
0.144831
0.140751
0.136754
0.132285
0.127827
0.123018
0.1183
0.113329
0.10854
0.103563
0.0988465
0.0939651
0.089387
0.0846413
0.0802051
0.0756132
0.0713255
0.0669331
0.0628627
0.0587844
0.0550777
0.0514182
0.048234
0.0465123
0.0427105
0.0442765
0.0474045
0.0507248
0.0542776
0.0579448
0.0618062
0.0657389
0.0698119
0.0739328
0.0781646
0.0824343
0.0868041
0.0911968
0.095686
0.100161
0.104714
0.10919
0.113699
0.118053
0.122372
0.126461
0.130432
0.134201
0.137843
0.14138
0.144901
0.148288
0.151673
0.154913
0.158141
0.161214
0.164265
0.167148
0.169995
0.172661
0.175274
0.177692
0.180037
0.182175
0.184216
0.186039
0.187743
0.189218
0.190552
0.191652
0.19259
0.193293
0.193818
0.19411
0.194213
0.194089
0.193772
0.193238
0.192508
0.191577
0.190451
0.189141
0.187641
0.185976
0.184126
0.182132
0.17996
0.177665
0.1752
0.172633
0.169903
0.167093
0.164129
0.161108
0.157941
0.154739
0.151402
0.148051
0.144576
0.141082
0.137498
0.133761
0.129798
0.125695
0.121308
0.116891
0.112268
0.107704
0.10302
0.0984546
0.0938423
0.0893671
0.0848883
0.0805386
0.0761966
0.0719858
0.0677872
0.0637547
0.059763
0.0560105
0.0523591
0.0489875
0.0458194
0.0442354
0.0412814
0.0427595
0.0458749
0.0490125
0.0525295
0.0559834
0.0597968
0.0634859
0.0675042
0.0713553
0.0755282
0.0795038
0.0838103
0.0878876
0.0923089
0.0964517
0.100935
0.10507
0.109514
0.113529
0.117799
0.121565
0.125512
0.128972
0.132611
0.135857
0.139375
0.142478
0.145859
0.148818
0.152044
0.154839
0.157887
0.160496
0.163341
0.16574
0.168351
0.170511
0.172854
0.174747
0.176787
0.178382
0.180085
0.181354
0.182687
0.183606
0.184544
0.185095
0.18562
0.185792
0.185895
0.185686
0.185369
0.184784
0.184055
0.183108
0.181984
0.180695
0.179196
0.177587
0.175739
0.173836
0.171666
0.169497
0.167033
0.164624
0.161896
0.159276
0.156314
0.15351
0.150346
0.147387
0.144053
0.140967
0.137495
0.134289
0.130707
0.127289
0.123355
0.119592
0.11527
0.111218
0.106682
0.102496
0.0979088
0.093723
0.0892081
0.0851083
0.0807222
0.0767386
0.0724844
0.0686261
0.0645106
0.060811
0.0568924
0.0534421
0.0498445
0.0467376
0.0435861
0.0421301
0.0405644
0.0420407
0.0444764
0.0475946
0.0509181
0.0543336
0.0579151
0.0615561
0.065327
0.0691248
0.0730336
0.0769521
0.0809735
0.0849893
0.0890994
0.0931769
0.097324
0.101394
0.105489
0.109448
0.113374
0.117101
0.120752
0.124201
0.127579
0.130822
0.13406
0.13716
0.140256
0.143212
0.146153
0.148945
0.151711
0.154317
0.156885
0.159281
0.161622
0.16378
0.165866
0.167757
0.169557
0.171151
0.172634
0.173902
0.175041
0.17596
0.176733
0.177284
0.177676
0.177848
0.177852
0.177643
0.177262
0.176678
0.17592
0.174974
0.173856
0.172567
0.17111
0.169502
0.16773
0.165829
0.163769
0.161601
0.15928
0.156873
0.15432
0.151702
0.148944
0.146143
0.14321
0.140254
0.137174
0.134091
0.130885
0.127682
0.124357
0.120951
0.117329
0.113616
0.109679
0.105702
0.101573
0.0974752
0.0932933
0.0892
0.0850715
0.0810608
0.0770395
0.0731402
0.0692368
0.0654585
0.0616854
0.0580592
0.054473
0.051081
0.0477636
0.044685
0.0422773
0.0408238
0.0390712
0.0405448
0.0430818
0.0461808
0.0493376
0.0527163
0.0561086
0.0597049
0.0632607
0.0670097
0.0706808
0.0745472
0.0783107
0.0822705
0.0861054
0.0901237
0.0939832
0.0979955
0.101798
0.105707
0.109345
0.113041
0.11641
0.119851
0.122957
0.126198
0.129172
0.13227
0.135105
0.138059
0.140741
0.143531
0.146041
0.148645
0.150962
0.153356
0.155455
0.157612
0.159468
0.161358
0.162942
0.164535
0.165822
0.167089
0.168055
0.168973
0.169598
0.170148
0.170419
0.170591
0.170503
0.170294
0.16985
0.169267
0.168477
0.167532
0.166414
0.165126
0.1637
0.162094
0.160385
0.158485
0.156519
0.154352
0.152156
0.149751
0.147352
0.144736
0.14216
0.139361
0.136634
0.13368
0.130829
0.127748
0.124794
0.121593
0.118545
0.115149
0.11183
0.108159
0.104543
0.100634
0.096845
0.092829
0.0889938
0.0849855
0.0812017
0.0772728
0.0735875
0.0697653
0.066184
0.0624789
0.0590088
0.0554499
0.0521391
0.048802
0.0457336
0.0426825
0.0402475
0.0387973
0.0376297
0.039077
0.0418157
0.0448494
0.0478975
0.0511946
0.0544643
0.0579663
0.0613808
0.0650261
0.0685405
0.0722945
0.075888
0.0797267
0.0833815
0.0872717
0.0909453
0.0948269
0.0984432
0.102227
0.105686
0.109269
0.112463
0.115808
0.118746
0.121896
0.124712
0.127721
0.130402
0.133266
0.135795
0.138496
0.140855
0.143373
0.145542
0.147852
0.149809
0.151885
0.153605
0.15542
0.156878
0.158401
0.159574
0.160779
0.161643
0.162507
0.163045
0.16355
0.16375
0.163887
0.163745
0.163512
0.163031
0.162433
0.161624
0.160676
0.159557
0.158277
0.156868
0.15528
0.153607
0.151736
0.149825
0.147698
0.145575
0.143219
0.140911
0.138354
0.135885
0.133153
0.130548
0.12767
0.124954
0.121955
0.119151
0.116039
0.113165
0.109871
0.106743
0.103201
0.0997875
0.0960304
0.0924611
0.0886086
0.0850025
0.0811592
0.0776062
0.0738372
0.0703782
0.0667086
0.0633439
0.0597834
0.0565153
0.053091
0.0499605
0.0467414
0.0438359
0.0408799
0.0382901
0.0368785
0.0366106
0.0379944
0.0407255
0.0436254
0.0466489
0.0497909
0.053026
0.0563511
0.059726
0.0631762
0.0666481
0.0701901
0.073738
0.0773489
0.0809547
0.0846031
0.0882265
0.0918568
0.0954268
0.0989573
0.102382
0.105719
0.108896
0.112003
0.114939
0.11786
0.120675
0.123456
0.126136
0.128773
0.131301
0.133777
0.136135
0.138432
0.140599
0.142695
0.144651
0.146522
0.148241
0.149863
0.151321
0.152668
0.153839
0.154887
0.15575
0.156477
0.157015
0.157407
0.157607
0.157655
0.157513
0.157216
0.156736
0.156102
0.155294
0.154337
0.153218
0.151956
0.150548
0.149006
0.147334
0.145535
0.143625
0.141597
0.139476
0.137245
0.134938
0.13253
0.130062
0.127503
0.1249
0.122213
0.119498
0.116708
0.113905
0.111019
0.108147
0.105103
0.101997
0.098726
0.0953607
0.0918961
0.0883907
0.0848399
0.0813044
0.0777614
0.0742784
0.0708016
0.0674087
0.0640197
0.0607173
0.0574237
0.0542142
0.0510392
0.04796
0.0449645
0.0420947
0.0393354
0.0367556
0.0354381
0.0356668
0.0369918
0.0397159
0.0424918
0.0454927
0.048491
0.0516941
0.0548553
0.0581936
0.0614631
0.0648956
0.0682414
0.071747
0.0751469
0.0787073
0.0821318
0.0857086
0.0891064
0.0926335
0.0959297
0.0993212
0.102432
0.105593
0.108479
0.111413
0.114123
0.116936
0.119507
0.122185
0.124613
0.127139
0.129407
0.131764
0.133856
0.136022
0.13792
0.139874
0.141556
0.143274
0.144718
0.146175
0.147358
0.148529
0.14943
0.150293
0.150893
0.15143
0.151717
0.151917
0.151883
0.151741
0.151387
0.150907
0.15024
0.149432
0.148466
0.147348
0.146103
0.144696
0.143195
0.141524
0.139793
0.137884
0.135948
0.133827
0.131713
0.129406
0.127137
0.124671
0.122271
0.119669
0.11716
0.114446
0.111849
0.109048
0.10637
0.1035
0.100688
0.0976023
0.0945823
0.0912611
0.0880676
0.0846213
0.0813498
0.0778798
0.0746148
0.0711967
0.0679904
0.0646587
0.0615296
0.058285
0.0552384
0.0520833
0.0491391
0.0461074
0.043319
0.0404821
0.0379051
0.0353346
0.0341042
0.0348217
0.0360956
0.0387821
0.0414509
0.0444223
0.0472941
0.0504597
0.0534764
0.0567727
0.059883
0.0632703
0.0664435
0.0699003
0.0731149
0.0766227
0.0798506
0.083373
0.0865666
0.0900419
0.0931329
0.0964817
0.0993938
0.102529
0.105224
0.108143
0.11067
0.113468
0.115859
0.118521
0.120768
0.123279
0.125368
0.12771
0.129626
0.131778
0.133505
0.135445
0.136963
0.138669
0.139959
0.141404
0.142446
0.143606
0.144381
0.145235
0.145727
0.146256
0.146452
0.146646
0.146541
0.146395
0.145991
0.145508
0.144812
0.144004
0.143031
0.141914
0.140683
0.139279
0.137815
0.136149
0.134475
0.132573
0.130716
0.128604
0.126589
0.124292
0.122142
0.119687
0.117424
0.114835
0.112478
0.109779
0.107348
0.104561
0.102063
0.0992068
0.0965964
0.0935418
0.0907417
0.0874749
0.0845196
0.0811416
0.0781164
0.0747198
0.0717002
0.0683542
0.0653869
0.0621229
0.0592234
0.0560427
0.0532147
0.0501199
0.04738
0.0444025
0.041797
0.0390022
0.0365826
0.0340531
0.0328979
0.0343585
0.0356313
0.0379261
0.0405831
0.0434347
0.0462834
0.0493075
0.0522955
0.0554389
0.0585174
0.0617412
0.0648802
0.0681616
0.0713392
0.0746576
0.0778464
0.0811663
0.0843214
0.0875866
0.0906448
0.0937847
0.0966754
0.0996201
0.10231
0.105055
0.107581
0.110198
0.112587
0.115065
0.117311
0.119639
0.121727
0.123888
0.125803
0.127779
0.129504
0.131275
0.132793
0.134338
0.135627
0.136924
0.137965
0.138992
0.139766
0.140502
0.140994
0.141425
0.141621
0.141736
0.141632
0.141428
0.141024
0.140506
0.13981
0.138988
0.138016
0.136907
0.135678
0.134304
0.132841
0.131227
0.129554
0.127726
0.12587
0.123852
0.121838
0.119656
0.117508
0.115185
0.112923
0.110483
0.108128
0.105592
0.103163
0.100548
0.0980518
0.0953695
0.0927654
0.0899151
0.0871431
0.0841158
0.081205
0.0780783
0.0751063
0.0719597
0.0689951
0.0658887
0.0629738
0.0599366
0.0570863
0.054122
0.0513403
0.0484534
0.0457558
0.042975
0.0404033
0.0377773
0.0353742
0.0332559
0.0321021
0.0338977
0.0351695
0.0371299
0.0397759
0.0425175
0.0453448
0.0482389
0.0512002
0.0542025
0.0572516
0.0603243
0.0634316
0.0665508
0.0696942
0.0728377
0.0759901
0.0791231
0.0822425
0.0853138
0.0883415
0.0912886
0.0941596
0.0969282
0.0996132
0.102196
0.104721
0.10717
0.109558
0.111867
0.114111
0.11627
0.118357
0.12035
0.122265
0.124077
0.125802
0.127416
0.128933
0.130329
0.131618
0.132777
0.133819
0.134721
0.135495
0.136123
0.136614
0.136953
0.13715
0.137192
0.137088
0.136831
0.136427
0.135876
0.135181
0.134346
0.133374
0.132274
0.131045
0.129699
0.128236
0.126671
0.124999
0.123239
0.121384
0.119454
0.11744
0.115365
0.113217
0.111017
0.108756
0.106455
0.104101
0.101716
0.0992876
0.0968331
0.0943375
0.0918172
0.0892189
0.0865578
0.0838119
0.0810058
0.0781361
0.0752414
0.0723187
0.0694031
0.0664893
0.0636045
0.0607383
0.0579109
0.0551063
0.0523422
0.0496035
0.0469087
0.0442502
0.0416507
0.0391103
0.03664
0.0342523
0.0324887
0.0313362
0.0329437
0.0342139
0.0363466
0.0389817
0.0416268
0.0444331
0.0472192
0.0501549
0.0530354
0.0560565
0.0589952
0.0620728
0.0650471
0.0681586
0.0711475
0.0742663
0.0772374
0.0803238
0.0832294
0.0862292
0.0890119
0.091865
0.0944707
0.0971514
0.0995748
0.102099
0.104391
0.106779
0.108932
0.111176
0.113181
0.115267
0.117109
0.119022
0.120687
0.122411
0.123883
0.1254
0.126663
0.127951
0.128987
0.130028
0.130819
0.131593
0.132123
0.132614
0.132871
0.133067
0.133043
0.132939
0.132632
0.132228
0.131644
0.130949
0.130099
0.129127
0.12803
0.126801
0.125477
0.124014
0.122488
0.120817
0.119115
0.11726
0.115406
0.113394
0.111412
0.109264
0.107175
0.104915
0.102737
0.100384
0.0981363
0.0957087
0.0934033
0.0909086
0.0885524
0.0859595
0.0834771
0.0807549
0.0781391
0.0753073
0.0726132
0.0697361
0.0670234
0.064157
0.0614718
0.058651
0.0560164
0.0532544
0.0506738
0.0479755
0.0454524
0.042831
0.0403873
0.0378769
0.0355485
0.0331757
0.0312994
0.0301487
0.0320601
0.0333289
0.0356212
0.0382463
0.0408018
0.0435887
0.0462749
0.0491869
0.0519545
0.0549497
0.0577645
0.0608145
0.0636547
0.0667365
0.0695824
0.07267
0.0754911
0.0785469
0.0812991
0.0842731
0.0869036
0.08974
0.0921949
0.0948716
0.0971472
0.0996703
0.101818
0.104205
0.106215
0.108458
0.11032
0.112406
0.114107
0.11602
0.117547
0.119271
0.120612
0.122128
0.123267
0.124556
0.125477
0.126518
0.127206
0.12798
0.128419
0.12891
0.12909
0.129287
0.1292
0.129096
0.128743
0.128339
0.127724
0.12703
0.126166
0.125194
0.124099
0.122871
0.121566
0.120104
0.118615
0.116944
0.115296
0.113442
0.111658
0.109647
0.107751
0.105604
0.103617
0.101357
0.0992948
0.0969423
0.0948211
0.0923943
0.090227
0.0877331
0.085529
0.082941
0.0806241
0.0779241
0.0754845
0.0726877
0.0701794
0.0673445
0.0648198
0.0619972
0.0594969
0.0567181
0.0542619
0.0515395
0.0491288
0.0464679
0.0441038
0.0415167
0.0392173
0.0367346
0.0345378
0.0321786
0.030198
0.0290491
0.0315829
0.0328405
0.0351826
0.0377891
0.040292
0.0430624
0.0456865
0.0485793
0.051279
0.0542518
0.0569947
0.06002
0.0627829
0.0658382
0.0686011
0.0716595
0.0743951
0.0774181
0.0800874
0.0830249
0.085581
0.0883781
0.0907733
0.0934072
0.0956375
0.0981175
0.100217
0.10256
0.104523
0.106723
0.108537
0.11058
0.112234
0.114105
0.115587
0.11727
0.118568
0.120045
0.121143
0.122395
0.123279
0.124287
0.12494
0.125685
0.126095
0.12656
0.126715
0.12689
0.126784
0.126663
0.126295
0.12588
0.125255
0.124554
0.123686
0.122713
0.121619
0.120394
0.119097
0.117644
0.116167
0.11451
0.11288
0.111046
0.109286
0.107298
0.105432
0.103314
0.10136
0.0991333
0.0971098
0.0947937
0.0927151
0.0903278
0.0882068
0.0857556
0.0835966
0.0810534
0.078804
0.0761465
0.0737974
0.0710417
0.0686387
0.0658419
0.0634291
0.0606415
0.0582522
0.0555063
0.0531555
0.0504649
0.0481541
0.0455235
0.0432553
0.0406952
0.0384845
0.036026
0.0339044
0.0315731
0.0295614
0.028429
0.0313145
0.0325551
0.0348949
0.0374652
0.0399616
0.0426893
0.0453048
0.0481491
0.0508392
0.0537589
0.0564913
0.0594592
0.0622107
0.0652045
0.0679551
0.0709485
0.0736714
0.0766272
0.0792847
0.0821547
0.0847016
0.0874331
0.0898237
0.0923934
0.094623
0.097041
0.09914
0.101422
0.103383
0.105522
0.107335
0.109317
0.110971
0.112782
0.114264
0.115889
0.117186
0.118608
0.119706
0.120906
0.12179
0.12275
0.123404
0.124106
0.124516
0.124945
0.1251
0.125245
0.125139
0.124995
0.124626
0.124195
0.123571
0.122861
0.121993
0.121018
0.119924
0.118706
0.117408
0.115968
0.114492
0.112855
0.111225
0.109419
0.107659
0.105706
0.10384
0.101763
0.0998101
0.0976302
0.0956074
0.0933435
0.0912655
0.0889349
0.0868146
0.0844245
0.0822663
0.0797909
0.0775473
0.0749633
0.0726265
0.0699501
0.0675634
0.0648485
0.0624537
0.0597476
0.0573761
0.0547094
0.0523753
0.0497606
0.0474654
0.0449067
0.0426531
0.0401604
0.0379626
0.0355645
0.0334524
0.0311738
0.029165
0.0280576
0.0310659
0.0322909
0.0346285
0.0371652
0.0396555
0.0423437
0.0449514
0.0477506
0.0504318
0.0533023
0.056025
0.0589399
0.0616808
0.0646177
0.0673568
0.0702901
0.0730012
0.0758949
0.0785413
0.0813489
0.0838872
0.086558
0.0889443
0.0914546
0.0936836
0.0960442
0.0981425
0.100367
0.102328
0.10441
0.106223
0.108148
0.109801
0.111557
0.113038
0.11461
0.115906
0.117277
0.118374
0.119527
0.12041
0.121327
0.12198
0.122644
0.123053
0.123449
0.123604
0.123722
0.123615
0.12345
0.123081
0.122636
0.122011
0.121293
0.120425
0.119449
0.118355
0.117141
0.115844
0.114416
0.11294
0.111323
0.109693
0.107912
0.106153
0.104232
0.102366
0.100327
0.0983747
0.0962384
0.094216
0.0920006
0.0899231
0.0876451
0.0855253
0.0831919
0.0810343
0.0786217
0.0763836
0.0738675
0.0715421
0.0689391
0.0665675
0.0639284
0.0615504
0.0589198
0.0565648
0.0539714
0.0516529
0.0491083
0.0468276
0.0443356
0.0420955
0.0396651
0.0374793
0.0351371
0.0330337
0.030804
0.0287979
0.0277136
0.0308357
0.0320461
0.0343818
0.0368873
0.0393721
0.0420238
0.0446241
0.0473817
0.0500546
0.0528796
0.0555933
0.0584589
0.06119
0.0640743
0.0668028
0.0696804
0.0723805
0.0752166
0.0778529
0.0806026
0.083133
0.0857476
0.0881299
0.0905853
0.0928136
0.095121
0.0972189
0.0993907
0.101351
0.10338
0.105192
0.107065
0.108718
0.110422
0.111903
0.113425
0.114721
0.116045
0.117142
0.11825
0.119133
0.120009
0.120662
0.12129
0.121699
0.122064
0.122219
0.122311
0.122204
0.122019
0.121651
0.121191
0.120567
0.119841
0.118973
0.117995
0.116902
0.115693
0.114396
0.112979
0.111504
0.109904
0.108274
0.106516
0.104758
0.102866
0.101001
0.0989973
0.0970454
0.0949494
0.0929276
0.090757
0.08868
0.0864506
0.0843314
0.0820504
0.0798934
0.077539
0.0753059
0.0728527
0.0705379
0.0680029
0.0656453
0.0630764
0.0607138
0.0581532
0.0558135
0.053288
0.0509839
0.0485042
0.046237
0.0438066
0.0415791
0.0392064
0.0370317
0.0347414
0.0326461
0.0304616
0.0284579
0.0273951
0.0306226
0.0318195
0.0341534
0.0366301
0.0391096
0.0417274
0.044321
0.04704
0.0497053
0.0524881
0.0551935
0.0580135
0.0607356
0.0635711
0.0662897
0.0691158
0.0718058
0.0745885
0.0772154
0.0799115
0.0824345
0.0849971
0.0873758
0.0897802
0.0920079
0.0942662
0.0963635
0.0984863
0.100447
0.102426
0.104238
0.106063
0.107714
0.109372
0.110852
0.112328
0.113623
0.114903
0.116
0.117068
0.11795
0.118789
0.119442
0.120036
0.120445
0.120781
0.120936
0.121004
0.120898
0.120694
0.120326
0.119853
0.119229
0.118496
0.117628
0.116649
0.115556
0.114352
0.113055
0.111648
0.110173
0.108589
0.10696
0.105224
0.103466
0.101602
0.0997372
0.0977659
0.0958144
0.0937557
0.0917343
0.0896053
0.0875288
0.0853444
0.0832257
0.0809933
0.0788368
0.0765363
0.0743079
0.071913
0.069608
0.0671359
0.0647913
0.0622874
0.0599391
0.0574432
0.0551178
0.0526551
0.0503643
0.0479449
0.04569
0.0433168
0.0411009
0.0387817
0.0366172
0.0343748
0.032287
0.0301444
0.0281431
0.0271001
0.0304252
0.0316096
0.0339418
0.0363918
0.0388666
0.041453
0.0440403
0.0467235
0.0493819
0.0521255
0.0548232
0.0576011
0.0603147
0.063105
0.0658146
0.0685929
0.0712735
0.0740069
0.076625
0.0792716
0.0817878
0.0843021
0.0866774
0.0890346
0.0912618
0.0934745
0.0955714
0.0976489
0.0996086
0.101543
0.103354
0.105134
0.106786
0.108398
0.109878
0.111312
0.112607
0.113846
0.114943
0.115972
0.116855
0.117659
0.118312
0.118875
0.119284
0.119593
0.119748
0.119794
0.119688
0.119467
0.119099
0.118614
0.11799
0.11725
0.116383
0.115403
0.11431
0.113109
0.111813
0.110416
0.108941
0.107372
0.105744
0.104028
0.10227
0.100431
0.0985666
0.0966255
0.0946744
0.0926503
0.0906294
0.0885388
0.0864627
0.0843201
0.0822018
0.0800143
0.0778584
0.0756078
0.0733837
0.0710427
0.0687468
0.0663331
0.0640004
0.0615568
0.0592217
0.0567858
0.0544735
0.052069
0.0497905
0.0474268
0.0451835
0.0428632
0.040658
0.0383883
0.0362334
0.0340354
0.0319546
0.0298508
0.0278516
0.026827
0.0302423
0.0314152
0.0337458
0.0361712
0.0386415
0.0411989
0.0437804
0.0464305
0.0490823
0.0517898
0.0544803
0.0572191
0.059925
0.0626735
0.0653745
0.0681086
0.0707806
0.0734682
0.0760783
0.0786789
0.0811888
0.0836584
0.0860306
0.0883441
0.0905709
0.0927413
0.0948378
0.0968733
0.0988327
0.100725
0.102536
0.104274
0.105925
0.107497
0.108977
0.110371
0.111666
0.112867
0.113964
0.114958
0.11584
0.116612
0.117265
0.1178
0.118209
0.118493
0.118648
0.118674
0.118567
0.118331
0.117963
0.117467
0.116843
0.116097
0.11523
0.114248
0.113156
0.111959
0.110663
0.109275
0.1078
0.106245
0.104617
0.102919
0.101162
0.0993464
0.0974826
0.0955694
0.0936187
0.0916266
0.0896061
0.0875511
0.0854755
0.0833714
0.0812536
0.0791078
0.0769523
0.0747479
0.0725278
0.0702368
0.0679493
0.0655895
0.063268
0.0608801
0.0585574
0.0561769
0.0538768
0.0515262
0.0492592
0.0469471
0.0447145
0.0424431
0.0402479
0.0380241
0.0358779
0.0337211
0.0316467
0.0295788
0.0275816
0.026574
0.0303398
0.0315104
0.0337403
0.0361543
0.0386365
0.0411738
0.0437718
0.0463982
0.0490688
0.0517508
0.054462
0.0571737
0.0599018
0.0626213
0.0653453
0.0680492
0.0707429
0.0734015
0.0760298
0.0786056
0.0811281
0.0835805
0.0859596
0.0882658
0.0904961
0.092662
0.0947585
0.0967895
0.0987486
0.100637
0.102447
0.104181
0.105832
0.107399
0.108879
0.110268
0.111563
0.112761
0.113856
0.114847
0.115729
0.116497
0.117149
0.117681
0.11809
0.118372
0.118526
0.11855
0.118443
0.118206
0.117838
0.117341
0.116718
0.115971
0.115104
0.114123
0.113031
0.111835
0.11054
0.109153
0.107679
0.106126
0.104498
0.102803
0.101047
0.0992338
0.0973707
0.0954606
0.0935104
0.0915218
0.0895018
0.0874506
0.0853754
0.0832755
0.0811574
0.0790161
0.0768557
0.0746597
0.0724295
0.0701606
0.0678549
0.0655281
0.0631803
0.0608319
0.0584777
0.0561388
0.0538053
0.0514951
0.0491952
0.0469212
0.0446577
0.0424224
0.0401987
0.0380086
0.0358377
0.0337091
0.031617
0.0295647
0.0276531
0.0266485
0.0304585
0.0316291
0.0337486
0.0361626
0.0386438
0.041182
0.0437771
0.0464048
0.0490726
0.0517559
0.0544646
0.0571773
0.0599033
0.0626236
0.0653454
0.06805
0.0707411
0.0734001
0.0760257
0.0786015
0.0811216
0.0835736
0.0859524
0.0882582
0.0904896
0.0926551
0.0947518
0.0967824
0.0987412
0.100629
0.102439
0.104173
0.105823
0.107391
0.10887
0.110259
0.111553
0.11275
0.113846
0.114836
0.115717
0.116486
0.117137
0.117669
0.118077
0.118359
0.118513
0.118537
0.11843
0.118192
0.117825
0.117328
0.116705
0.115959
0.115093
0.114112
0.113021
0.111825
0.110531
0.109144
0.107671
0.106118
0.104492
0.102797
0.101041
0.0992285
0.0973661
0.0954563
0.0935067
0.0915185
0.0894988
0.087448
0.085373
0.0832735
0.0811552
0.0790142
0.076852
0.0746564
0.0724261
0.0701575
0.0678539
0.0655271
0.0631817
0.0608329
0.0584808
0.0561412
0.0538092
0.0514982
0.0491994
0.0469244
0.0446622
0.0424259
0.0402038
0.0380126
0.0358436
0.0337143
0.0316222
0.0295699
0.0277549
0.0267504
0.0305685
0.031739
0.0337562
0.0361703
0.0386505
0.0411896
0.0437821
0.046411
0.0490762
0.0517605
0.0544669
0.0571807
0.0599046
0.0626258
0.0653454
0.0680508
0.0707395
0.0733988
0.0760219
0.0785976
0.0811156
0.0835673
0.0859457
0.0882511
0.0904835
0.0926487
0.0947455
0.0967758
0.0987344
0.100622
0.102432
0.104165
0.105815
0.107382
0.108861
0.11025
0.111544
0.112741
0.113836
0.114826
0.115706
0.116475
0.117126
0.117657
0.118065
0.118347
0.118501
0.118524
0.118418
0.11818
0.117813
0.117316
0.116694
0.115947
0.115082
0.114101
0.113011
0.111816
0.110523
0.109136
0.107664
0.106111
0.104486
0.102791
0.101036
0.0992237
0.0973619
0.0954524
0.0935033
0.0915153
0.089496
0.0874456
0.0853709
0.0832717
0.0811531
0.0790125
0.0768487
0.0746534
0.0724229
0.0701546
0.067853
0.0655262
0.063183
0.0608339
0.0584837
0.0561435
0.0538128
0.051501
0.0492033
0.0469274
0.0446664
0.0424291
0.0402086
0.0380163
0.0358492
0.0337191
0.0316269
0.0295746
0.0278492
0.0268447
0.0306703
0.0318407
0.0337634
0.0361775
0.0386567
0.0411967
0.0437866
0.0464167
0.0490794
0.0517648
0.0544691
0.0571838
0.0599058
0.0626278
0.0653455
0.0680515
0.0707379
0.0733976
0.0760184
0.0785941
0.08111
0.0835614
0.0859395
0.0882445
0.0904779
0.0926428
0.0947397
0.0967697
0.0987281
0.100615
0.102425
0.104158
0.105808
0.107375
0.108853
0.110242
0.111535
0.112732
0.113826
0.114817
0.115696
0.116465
0.117115
0.117647
0.118054
0.118336
0.118489
0.118513
0.118406
0.118169
0.117801
0.117305
0.116683
0.115937
0.115072
0.114091
0.113002
0.111807
0.110515
0.109128
0.107657
0.106104
0.10448
0.102785
0.101031
0.0992192
0.097358
0.0954487
0.0935001
0.0915124
0.0894935
0.0874433
0.0853689
0.08327
0.0811512
0.0790109
0.0768456
0.0746506
0.0724199
0.0701519
0.0678522
0.0655254
0.0631842
0.0608347
0.0584864
0.0561456
0.0538162
0.0515037
0.0492068
0.0469303
0.0446702
0.042432
0.040213
0.0380198
0.0358543
0.0337235
0.0316314
0.0295791
0.0279365
0.0269321
0.0307646
0.031935
0.0337699
0.0361841
0.0386625
0.0412032
0.0437909
0.046422
0.0490824
0.0517688
0.0544712
0.0571867
0.059907
0.0626297
0.0653455
0.0680521
0.0707365
0.0733965
0.0760152
0.0785908
0.0811049
0.083556
0.0859337
0.0882384
0.0904727
0.0926373
0.0947343
0.096764
0.0987222
0.100609
0.102419
0.104151
0.105801
0.107368
0.108846
0.110234
0.111527
0.112724
0.113818
0.114808
0.115687
0.116455
0.117105
0.117637
0.118044
0.118326
0.118479
0.118503
0.118396
0.118158
0.117791
0.117295
0.116673
0.115927
0.115063
0.114082
0.112994
0.111799
0.110507
0.109121
0.107651
0.106098
0.104475
0.10278
0.101027
0.099215
0.0973543
0.0954454
0.0934971
0.0915098
0.0894911
0.0874413
0.085367
0.0832684
0.0811494
0.0790094
0.0768427
0.074648
0.0724172
0.0701494
0.0678514
0.0655246
0.0631853
0.0608355
0.0584889
0.0561475
0.0538193
0.0515062
0.0492101
0.0469329
0.0446738
0.0424348
0.0402171
0.038023
0.0358591
0.0337277
0.0316355
0.0295831
0.0280174
0.027013
)
;

boundaryField
{
    inlet
    {
        type            cyclic;
    }
    outlet
    {
        type            cyclic;
    }
    top
    {
        type            zeroGradient;
    }
    hills
    {
        type            zeroGradient;
    }
    front
    {
        type            empty;
    }
    back
    {
        type            empty;
    }
}


// ************************************************************************* //
