/*--------------------------------*- C++ -*----------------------------------*\
| =========                 |                                                 |
| \\      /  F ield         | OpenFOAM: The Open Source CFD Toolbox           |
|  \\    /   O peration     | Version:  v2106                                 |
|   \\  /    A nd           | Website:  www.openfoam.com                      |
|    \\/     M anipulation  |                                                 |
\*---------------------------------------------------------------------------*/
FoamFile
{
    version     2.0;
    format      ascii;
    arch        "LSB;label=32;scalar=64";
    class       volScalarField;
    location    "0";
    object      expGpCoeffs32;
}
// * * * * * * * * * * * * * * * * * * * * * * * * * * * * * * * * * * * * * //

dimensions      [0 0 0 0 0 0 0];

internalField   nonuniform List<scalar> 
8000
(
0.0224083
0.0236287
0.0254438
0.027537
0.02913
0.0302432
0.0307268
0.0306789
0.0301776
0.0292535
0.0280406
0.0265484
0.0248857
0.0230634
0.0212202
0.0193562
0.0176477
0.0160887
0.0148154
0.0138313
0.0131983
0.012925
0.0129566
0.0132966
0.0137699
0.0143716
0.0149684
0.0155553
0.0160993
0.0165995
0.0170471
0.0174416
0.0177769
0.0180526
0.0182659
0.0184167
0.0185054
0.0185321
0.0184999
0.0184093
0.0182655
0.018069
0.0178263
0.0175381
0.0172112
0.0168465
0.0164506
0.0160243
0.0155736
0.0150992
0.0146064
0.0140958
0.0135721
0.0130355
0.0124901
0.0119363
0.0113776
0.0108144
0.0102501
0.00968519
0.00912303
0.00856414
0.00801217
0.00746759
0.0069343
0.00641276
0.00590686
0.0054171
0.00494712
0.0044973
0.00407068
0.00366758
0.00329004
0.00293828
0.00261481
0.00232
0.0020607
0.00183571
0.00164379
0.00148579
0.00134018
0.00120722
0.00106147
0.000902303
0.000726682
0.000533747
0.000356219
0.00019683
0.000113508
0.00011145
0.000248672
0.000528147
0.000953904
0.00153714
0.00215143
0.00278337
0.00326689
0.00352834
0.00361852
0.0036075
0.02231
0.0235302
0.0254709
0.0275644
0.0291789
0.0302939
0.0307688
0.0307223
0.0302059
0.0292823
0.0280596
0.0265675
0.0248958
0.0230732
0.0212163
0.0193518
0.0176295
0.0160699
0.0147888
0.0138043
0.0131682
0.0128947
0.0129373
0.0132773
0.0137681
0.0143697
0.0149715
0.0155583
0.0161033
0.0166034
0.0170517
0.0174461
0.0177819
0.0180575
0.018271
0.0184218
0.0185103
0.018537
0.0185044
0.0184139
0.0182695
0.018073
0.0178297
0.0175415
0.017214
0.0168493
0.0164528
0.0160265
0.0155752
0.0151009
0.0146076
0.0140971
0.0135729
0.0130364
0.0124906
0.0119368
0.0113777
0.0108146
0.01025
0.00968514
0.00912259
0.00856377
0.00801139
0.00746688
0.00693316
0.00641168
0.00590538
0.00541568
0.00494532
0.00449556
0.00406865
0.0036656
0.00328787
0.00293616
0.00261234
0.00231756
0.0020575
0.00183254
0.00164152
0.00148354
0.00134034
0.00120738
0.00106332
0.0009041
0.000727412
0.000534414
0.000352572
0.00019323
0.000104236
0.00010243
0.000235132
0.000515128
0.000943197
0.00152703
0.00215896
0.00279086
0.00328993
0.00355108
0.00361763
0.00360661
0.0222039
0.0234238
0.0255002
0.027594
0.0292318
0.0303486
0.0308142
0.0307692
0.0302365
0.0293134
0.0280801
0.026588
0.0249066
0.0230837
0.0212121
0.019347
0.0176099
0.0160496
0.0147601
0.0137752
0.0131357
0.0128619
0.0129166
0.0132565
0.0137661
0.0143677
0.0149748
0.0155616
0.0161076
0.0166076
0.0170567
0.0174511
0.0177873
0.0180629
0.0182765
0.0184273
0.0185156
0.0185423
0.0185093
0.0184188
0.0182738
0.0180773
0.0178333
0.0175452
0.017217
0.0168523
0.0164551
0.0160289
0.015577
0.0151027
0.0146089
0.0140985
0.0135738
0.0130374
0.0124911
0.0119375
0.011378
0.0108149
0.0102499
0.00968509
0.00912211
0.00856337
0.00801054
0.00746611
0.00693193
0.00641052
0.00590377
0.00541414
0.00494338
0.00449369
0.00406646
0.00366347
0.00328554
0.00293388
0.00260967
0.00231493
0.00205404
0.00182912
0.00163906
0.00148112
0.00134051
0.00120755
0.00106532
0.000906039
0.0007282
0.000535134
0.000348635
0.000189342
9.42226e-05
9.26895e-05
0.000220511
0.000501069
0.000931635
0.00151611
0.00216709
0.00279895
0.00331482
0.00357563
0.00361667
0.00360565
0.0220893
0.0233089
0.0255318
0.027626
0.0292888
0.0304077
0.0308632
0.0308198
0.0302695
0.029347
0.0281023
0.0266102
0.0249183
0.0230951
0.0212076
0.0193418
0.0175886
0.0160277
0.0147291
0.0137438
0.0131005
0.0128266
0.0128942
0.013234
0.013764
0.0143654
0.0149785
0.0155651
0.0161122
0.0166121
0.0170621
0.0174564
0.0177931
0.0180687
0.0182824
0.0184332
0.0185214
0.018548
0.0185146
0.0184241
0.0182784
0.018082
0.0178373
0.0175491
0.0172202
0.0168556
0.0164577
0.0160315
0.0155789
0.0151047
0.0146103
0.0141
0.0135747
0.0130384
0.0124917
0.0119381
0.0113782
0.0108152
0.0102497
0.00968504
0.0091216
0.00856294
0.00800963
0.00746527
0.0069306
0.00640927
0.00590203
0.00541248
0.00494129
0.00449166
0.00406409
0.00366116
0.00328302
0.00293141
0.00260678
0.00231209
0.00205031
0.00182543
0.0016364
0.0014785
0.0013407
0.00120774
0.00106748
0.000908134
0.000729051
0.000535912
0.000344383
0.000185144
8.34102e-05
8.21714e-05
0.000204723
0.000485887
0.00091915
0.00150432
0.00217587
0.00280768
0.00334169
0.00360214
0.00361563
0.00360462
0.0219655
0.0231848
0.0255659
0.0276619
0.0293504
0.0304715
0.0309161
0.0308745
0.0303051
0.0293833
0.0281262
0.0266342
0.024931
0.0231074
0.0212027
0.0193362
0.0175657
0.0160041
0.0146956
0.0137099
0.0130626
0.0127884
0.01287
0.0132097
0.0137617
0.014363
0.0149824
0.015569
0.0161172
0.016617
0.0170679
0.0174621
0.0177994
0.0180749
0.0182889
0.0184396
0.0185276
0.0185542
0.0185203
0.0184298
0.0182835
0.0180871
0.0178415
0.0175534
0.0172236
0.0168591
0.0164604
0.0160343
0.015581
0.0151069
0.0146118
0.0141016
0.0135758
0.0130395
0.0124923
0.0119388
0.0113784
0.0108156
0.0102496
0.00968498
0.00912105
0.00856247
0.00800864
0.00746437
0.00692916
0.00640791
0.00590016
0.00541068
0.00493903
0.00448948
0.00406154
0.00365867
0.0032803
0.00292874
0.00260367
0.00230903
0.00204628
0.00182144
0.00163354
0.00147568
0.00134091
0.00120794
0.00106982
0.000910396
0.00072997
0.000536752
0.000339791
0.00018061
7.17345e-05
7.08135e-05
0.000187674
0.000469494
0.000905668
0.00149159
0.00218536
0.00281711
0.00337473
0.00363076
0.00361451
0.0036035
0.0218842
0.0231072
0.0255952
0.0277095
0.0294105
0.0305511
0.0309767
0.0309534
0.0303451
0.0294304
0.028158
0.0266768
0.0249561
0.0231471
0.0212018
0.0193362
0.0175409
0.0159786
0.0146595
0.0136733
0.0130216
0.0127472
0.0128438
0.0131835
0.0137862
0.0143893
0.0150148
0.0156029
0.0161523
0.0166533
0.0171051
0.0175
0.0178378
0.0181136
0.0183276
0.0184781
0.0185659
0.0185918
0.0185574
0.0184657
0.0183186
0.0181208
0.0178744
0.0175844
0.0172538
0.0168873
0.0164877
0.0160594
0.0156055
0.015129
0.0146334
0.0141209
0.0135946
0.0130561
0.0125085
0.0119529
0.011392
0.0108272
0.0102608
0.00969441
0.00913001
0.00856986
0.00801552
0.00746985
0.00693414
0.00641166
0.00590341
0.00541291
0.00494081
0.0044904
0.00406212
0.00365857
0.00327997
0.00292788
0.00260237
0.0023073
0.00204193
0.00181713
0.00163045
0.00147263
0.00134113
0.00120815
0.00107234
0.000912839
0.000730728
0.000537488
0.000334434
0.000175993
6.02708e-05
5.96217e-05
0.00017125
0.000452657
0.000904733
0.00148552
0.00222485
0.00284631
0.0034352
0.00368533
0.00363434
0.00362144
0.021908
0.0231373
0.025625
0.0277608
0.0294633
0.0306418
0.0310705
0.0310937
0.0304897
0.0296181
0.0283505
0.0269014
0.0251859
0.0233941
0.0214542
0.0195914
0.0177893
0.016203
0.0148892
0.013873
0.013233
0.0129459
0.0130717
0.0134269
0.0140628
0.0146854
0.0153108
0.0159159
0.0164652
0.0169791
0.0174307
0.0178337
0.0181714
0.01845
0.018664
0.0188119
0.0188997
0.0189178
0.0188835
0.0187792
0.0186322
0.0184178
0.0181715
0.0178618
0.0175312
0.0171425
0.0167431
0.0162912
0.0158374
0.0153368
0.0148412
0.0143047
0.0137784
0.0132165
0.0126689
0.012091
0.0115302
0.0109445
0.0103782
0.00979256
0.00922827
0.00865073
0.0080965
0.0075354
0.00699979
0.00646389
0.00595574
0.0054538
0.00498179
0.00452185
0.00409365
0.00368234
0.00330381
0.00294555
0.00262011
0.00232008
0.00205284
0.00182372
0.0016362
0.00147408
0.00134302
0.00120427
0.00106882
0.000903968
0.000721507
0.000528531
0.000325615
0.000175835
6.00661e-05
7.62491e-05
0.000187455
0.000490304
0.000941454
0.0015422
0.00228017
0.00291291
0.0035005
0.00374956
0.00369823
0.00368165
0.0219338
0.0231698
0.0256573
0.0278163
0.0295203
0.0307396
0.0311718
0.0312451
0.0306457
0.0298207
0.0285585
0.0271438
0.0254341
0.0236609
0.0217268
0.0198669
0.0180703
0.0164775
0.0151682
0.0141461
0.0135092
0.0132267
0.0133535
0.0137257
0.0143615
0.0150051
0.0156303
0.0162539
0.016803
0.0173308
0.0177824
0.018194
0.0185317
0.0188132
0.0190272
0.0191723
0.0192601
0.0192699
0.0192355
0.0191178
0.0189708
0.0187385
0.0184923
0.0181612
0.0178307
0.0174182
0.0170188
0.0165416
0.0160878
0.0155611
0.0150656
0.0145031
0.0139769
0.0133897
0.0128422
0.0122401
0.0116795
0.0110712
0.010505
0.00989855
0.00933437
0.00873806
0.00818394
0.00760619
0.00707068
0.00652029
0.00601225
0.00549796
0.00502604
0.00455581
0.0041277
0.003708
0.00332956
0.00296464
0.00263926
0.00233388
0.0020667
0.00183241
0.00164489
0.00147654
0.00134547
0.00119961
0.00106421
0.000893851
0.00071155
0.000518859
0.000316092
0.000175665
5.9845e-05
9.4204e-05
0.000204954
0.000530957
0.000981106
0.0016034
0.00233991
0.00298483
0.00357101
0.00381891
0.00376722
0.00374666
0.0219615
0.0232049
0.0256922
0.0278762
0.0295818
0.0308453
0.0312811
0.0314087
0.0308142
0.0300396
0.028783
0.0274057
0.0257021
0.0239489
0.0220211
0.0201644
0.0183737
0.0167739
0.0154695
0.0144411
0.0138074
0.0135298
0.0136579
0.0140483
0.014684
0.0153503
0.0159754
0.0166189
0.0171679
0.0177106
0.0181621
0.0185831
0.0189207
0.0192055
0.0194195
0.0195616
0.0196493
0.0196501
0.0196157
0.0194834
0.0193365
0.0190849
0.0188387
0.0184846
0.0181541
0.0177159
0.0173166
0.0168119
0.0163582
0.0158033
0.015308
0.0147173
0.0141913
0.0135767
0.0130294
0.0124012
0.0118407
0.0112079
0.0106419
0.010013
0.00944895
0.00883237
0.00827836
0.00768263
0.00714724
0.0065812
0.00607326
0.00554564
0.00507383
0.00459248
0.00416446
0.00373572
0.00335736
0.00298525
0.00265995
0.00234879
0.00208166
0.00184179
0.00165427
0.00147919
0.0013481
0.00119457
0.00105924
0.000882925
0.000700798
0.000508414
0.000305809
0.000175482
5.96063e-05
0.000113592
0.000223851
0.000574856
0.00102392
0.00166949
0.00240441
0.00306248
0.00364715
0.0038938
0.00384172
0.00381686
0.0219915
0.0232428
0.0257298
0.0279409
0.0296483
0.0309594
0.0313992
0.0315853
0.0309962
0.0302759
0.0290255
0.0276884
0.0259914
0.0242599
0.0223389
0.0204857
0.0187014
0.017094
0.0157948
0.0147596
0.0141294
0.0138571
0.0139865
0.0143967
0.0150322
0.0157231
0.0163481
0.017013
0.0175618
0.0181208
0.0185721
0.0190033
0.0193408
0.0196291
0.019843
0.0199819
0.0200696
0.0200606
0.0200262
0.0198782
0.0197313
0.0194589
0.0192127
0.0188338
0.0185034
0.0180373
0.0176381
0.0171038
0.0166502
0.0160649
0.0155697
0.0149486
0.0144227
0.0137786
0.0132314
0.0125751
0.0120147
0.0113556
0.0107897
0.0101366
0.00957267
0.0089342
0.00838032
0.00776517
0.00722991
0.00664697
0.00613915
0.00559713
0.00512543
0.00463208
0.00420416
0.00376565
0.00338738
0.00300751
0.00268228
0.00236488
0.00209782
0.00185192
0.0016644
0.00148206
0.00135095
0.00118913
0.00105388
0.000871127
0.000689188
0.000497136
0.000294705
0.000175284
5.93485e-05
0.000134529
0.000244256
0.000622259
0.00107016
0.00174085
0.00247407
0.00314634
0.00372938
0.00397467
0.00392217
0.00389266
0.0220239
0.0232838
0.0257704
0.0280107
0.0297201
0.0310827
0.0315267
0.031776
0.0311927
0.030531
0.0292873
0.0279937
0.0263039
0.0245957
0.022682
0.0208327
0.0190552
0.0174396
0.0161461
0.0151036
0.0144771
0.0142106
0.0143414
0.0147729
0.0154083
0.0161257
0.0167505
0.0174385
0.0179873
0.0185637
0.0190149
0.019457
0.0197944
0.0200865
0.0203004
0.0204358
0.0205235
0.0205039
0.0204696
0.0203046
0.0201577
0.0198628
0.0196167
0.0192108
0.0188805
0.0183844
0.0179853
0.017419
0.0169656
0.0163474
0.0158523
0.0151985
0.0146727
0.0139967
0.0134496
0.0127629
0.0122026
0.0115151
0.0109493
0.01027
0.00970627
0.00904416
0.00849043
0.0078543
0.00731917
0.00671799
0.0062103
0.00565272
0.00518115
0.00467484
0.00424703
0.00379797
0.00341979
0.00303154
0.0027064
0.00238226
0.00211527
0.00186286
0.00167534
0.00148516
0.00135403
0.00118325
0.00104808
0.000858387
0.000676651
0.000484957
0.000282714
0.00017507
5.90702e-05
0.000157137
0.000266291
0.000673448
0.00112009
0.00181791
0.00254929
0.0032369
0.00381816
0.004062
0.00400905
0.00397452
0.0220589
0.023328
0.0258143
0.0280861
0.0297976
0.0312157
0.0316644
0.0319819
0.0314049
0.0308066
0.02957
0.0283234
0.0266413
0.0249584
0.0230526
0.0212073
0.0194373
0.0178128
0.0165254
0.015475
0.0148525
0.0145923
0.0147247
0.0151792
0.0158144
0.0165604
0.017185
0.0178981
0.0184467
0.0190419
0.0194931
0.0199469
0.0202842
0.0205805
0.0207943
0.0209259
0.0210136
0.0209826
0.0209483
0.0207649
0.0206181
0.0202989
0.0200529
0.019618
0.0192878
0.0187592
0.0183603
0.0177593
0.017306
0.0166524
0.0161574
0.0154682
0.0149426
0.0142322
0.0136852
0.0129656
0.0124056
0.0116873
0.0111217
0.0104142
0.00985054
0.0091629
0.00860932
0.00795054
0.00741557
0.00679468
0.00628713
0.00571276
0.00524132
0.00472102
0.00429333
0.00383287
0.0034548
0.00305749
0.00273244
0.00240103
0.00213411
0.00187467
0.00168715
0.0014885
0.00135736
0.00117691
0.00104182
0.00084463
0.000663113
0.000471806
0.000269765
0.000174838
5.87696e-05
0.00018155
0.000290085
0.000728723
0.00117401
0.00190112
0.00263052
0.00333468
0.00391404
0.0041563
0.00410285
0.00406291
0.0222335
0.0235056
0.0258787
0.0281559
0.0299005
0.0313451
0.0318691
0.0322249
0.0317101
0.031158
0.0299836
0.0287674
0.02714
0.0254675
0.0235806
0.0217433
0.0199527
0.0183449
0.0170203
0.0159926
0.0153418
0.0151052
0.0152504
0.0157228
0.0164221
0.0171878
0.0178288
0.0185592
0.0191238
0.0197321
0.0201944
0.0206563
0.0209994
0.0212985
0.0215122
0.0216412
0.0217232
0.0216843
0.0216388
0.0214428
0.02128
0.0209439
0.0206779
0.020223
0.0198697
0.0193186
0.0188944
0.0182696
0.0177898
0.0171117
0.0165898
0.0158761
0.015324
0.0145898
0.0140173
0.0132751
0.0126908
0.0119513
0.0113634
0.0106363
0.0100524
0.0093471
0.00877538
0.00810097
0.00755009
0.00691561
0.00639441
0.00580845
0.00532552
0.00479557
0.0043584
0.0038901
0.00350435
0.00310081
0.00276981
0.00243339
0.00215906
0.00189386
0.00170179
0.00149526
0.0013592
0.00117068
0.00102972
0.000827273
0.00064343
0.000452572
0.000258403
0.000172442
7.39262e-05
0.000214974
0.00034447
0.000806746
0.00127461
0.00202799
0.00276315
0.00348864
0.004055
0.00430487
0.00425169
0.00420941
0.0225725
0.0238446
0.0259493
0.0282273
0.03002
0.0314691
0.0321601
0.0325261
0.0322031
0.0316658
0.0306444
0.0294456
0.0279247
0.0262712
0.0244525
0.0226344
0.0208725
0.0192818
0.0179566
0.0169414
0.0162962
0.0160665
0.0162175
0.016691
0.017406
0.0181715
0.0188624
0.0195925
0.020206
0.0208141
0.0213103
0.0217721
0.0221325
0.0224315
0.0226454
0.0227743
0.022839
0.0228001
0.022721
0.022525
0.022314
0.021978
0.0216514
0.0211966
0.0207734
0.0202225
0.0197218
0.0190972
0.0185372
0.0178593
0.0172561
0.0165426
0.0159103
0.0151763
0.0145264
0.0137844
0.013127
0.0123878
0.011732
0.0110052
0.0103596
0.0096545
0.00902768
0.00835349
0.00775432
0.00712005
0.00655735
0.00597159
0.0054537
0.00492392
0.00445789
0.00398974
0.00358064
0.00317723
0.00282809
0.00249178
0.00220273
0.00193756
0.00172524
0.00151859
0.00135538
0.00116691
0.00100166
0.000799673
0.00061014
0.000419928
0.000251787
0.00016593
0.000125254
0.000265024
0.00047142
0.00093032
0.00146328
0.00221135
0.00295543
0.00367601
0.00422029
0.00446796
0.00446621
0.00442371
0.0229035
0.0241756
0.0260668
0.0283454
0.0301861
0.0316392
0.0324744
0.0328513
0.0327355
0.032214
0.0313579
0.0301779
0.028772
0.027139
0.0253941
0.0235967
0.0218656
0.0202934
0.0189676
0.017966
0.0173268
0.0171046
0.0172619
0.0177365
0.0184685
0.0192337
0.0199785
0.0207083
0.0213745
0.0219824
0.0225153
0.0229769
0.0233562
0.0236551
0.023869
0.0239979
0.0240439
0.0240051
0.0238896
0.0236937
0.0234304
0.0230946
0.0227027
0.022248
0.0217492
0.0211985
0.0206152
0.0199908
0.0193442
0.0186666
0.0179756
0.0172624
0.0165433
0.0158096
0.0150761
0.0143343
0.013598
0.012859
0.01213
0.0114035
0.0106913
0.00998645
0.00930013
0.00862618
0.00797486
0.00734081
0.0067333
0.00614774
0.00559211
0.00506252
0.00456533
0.00409735
0.00366301
0.00325974
0.00289102
0.00255483
0.00224989
0.00198475
0.00175055
0.00154377
0.00135124
0.00116283
0.000971365
0.00076987
0.000574192
0.000384677
0.000244642
0.000158898
0.00018068
0.00031907
0.000608505
0.00106376
0.00166701
0.00240936
0.00317278
0.00388827
0.00445187
0.00469752
0.00469671
0.00465396
0.0226983
0.0239697
0.026269
0.0285501
0.0305777
0.0320432
0.0330498
0.0334459
0.0334732
0.0329742
0.0322525
0.0310963
0.0297675
0.0281587
0.026411
0.024636
0.0228534
0.0212992
0.0199214
0.0189323
0.0182761
0.0180607
0.0182811
0.0187568
0.0196086
0.0203735
0.0212093
0.0219388
0.0226682
0.0232758
0.023853
0.0243145
0.0247168
0.0250156
0.0252301
0.025359
0.0253833
0.0253445
0.0251864
0.0249906
0.0246666
0.0243308
0.0238632
0.0234087
0.022823
0.0222726
0.0215951
0.020971
0.0202264
0.019549
0.0187594
0.0180465
0.0172307
0.0164972
0.0156708
0.0149293
0.0141054
0.0133667
0.0125565
0.0118302
0.0110439
0.0103393
0.00958665
0.00891295
0.00820326
0.00756945
0.00691165
0.00632631
0.00572836
0.00519897
0.00466709
0.00419927
0.00373729
0.00333417
0.00294361
0.00260754
0.002286
0.00202092
0.00176925
0.00156241
0.00134774
0.00115937
0.000942209
0.000741175
0.000525268
0.000336748
0.000199583
0.000114904
0.000177416
0.000316069
0.000680935
0.00113463
0.00183684
0.00257454
0.00346646
0.00417429
0.00480176
0.00504275
0.00492689
0.00488391
0.0224813
0.0237538
0.0264565
0.0287487
0.0309935
0.0324594
0.0336729
0.0340902
0.0342846
0.0338102
0.0332279
0.0320976
0.0308474
0.0292648
0.0275091
0.0257584
0.0239063
0.0223716
0.0209228
0.019947
0.019263
0.0190548
0.0193614
0.0198383
0.0208393
0.0216039
0.0225397
0.0232689
0.0240669
0.0246743
0.0252996
0.0257609
0.0261883
0.0264869
0.0267021
0.0268309
0.0268317
0.0267929
0.0265887
0.026393
0.026003
0.0256674
0.0251177
0.0246634
0.0239837
0.0234334
0.022654
0.0220301
0.0211797
0.0205025
0.0196063
0.0188936
0.0179732
0.01724
0.0163131
0.0155719
0.0146532
0.0139148
0.0130167
0.0122908
0.0114244
0.0107201
0.00989564
0.00922221
0.00844936
0.00781581
0.00710361
0.00651851
0.00587478
0.0053456
0.0047762
0.00430858
0.0038167
0.00341375
0.00299956
0.00266363
0.00232223
0.00205721
0.00178744
0.00158054
0.00134416
0.00115584
0.00091129
0.000710751
0.000471436
0.000284
0.000148623
6.51428e-05
0.000169144
0.000308162
0.000752347
0.00120445
0.00201977
0.00275255
0.00377933
0.00448374
0.00516131
0.00540209
0.00517676
0.00513289
0.0225415
0.0238358
0.026538
0.0289163
0.031166
0.0328008
0.034049
0.0346671
0.0349096
0.0346359
0.0340899
0.033129
0.0319108
0.0304455
0.0287141
0.0270214
0.0251809
0.023658
0.022216
0.0212397
0.0205653
0.0203831
0.0207201
0.0212647
0.0223026
0.0231497
0.0240929
0.02489
0.0256929
0.026347
0.0269758
0.0274601
0.0278893
0.0281862
0.0284013
0.0285034
0.0285023
0.028413
0.0282053
0.0279377
0.0275427
0.0271172
0.0265614
0.0260032
0.0253164
0.0246527
0.0238657
0.0231229
0.0222645
0.021467
0.0205629
0.0197319
0.0188037
0.0179569
0.0170226
0.0161748
0.0152491
0.0144126
0.0135081
0.0126938
0.0118215
0.0110392
0.0102095
0.00946865
0.00869121
0.00800075
0.00728461
0.00665271
0.00600569
0.00543915
0.00486706
0.00437057
0.00387658
0.00345213
0.00303627
0.00268414
0.00234314
0.0020636
0.00179151
0.00156614
0.00132619
0.00111917
0.000870741
0.000664745
0.000423235
0.000259095
0.00012566
0.000100427
0.000208259
0.000432217
0.000882212
0.00142788
0.002254
0.00306726
0.00409434
0.00484177
0.00551176
0.00573724
0.00551014
0.00544459
0.0226064
0.0239243
0.026626
0.0290973
0.0313523
0.0331695
0.0344313
0.0352894
0.0355524
0.0355195
0.0349986
0.0342382
0.0330481
0.0317195
0.0300177
0.0283915
0.0265791
0.025072
0.023653
0.0226837
0.0220245
0.0218834
0.0222263
0.0228566
0.0238941
0.0248372
0.0257799
0.0266559
0.0274585
0.0281668
0.0287953
0.0293066
0.0297355
0.0300303
0.0302454
0.0303163
0.0303153
0.0301672
0.0299596
0.0296082
0.0292135
0.0286833
0.0281277
0.0274487
0.0267622
0.0259664
0.0251798
0.0242986
0.0234406
0.0225031
0.0215994
0.0206306
0.0197029
0.0187239
0.01779
0.0168182
0.0158929
0.0149424
0.0140383
0.0131211
0.0122492
0.0113761
0.0105468
0.00972743
0.00895036
0.00819366
0.00747785
0.00679149
0.00614477
0.00553474
0.00496292
0.00443282
0.00393906
0.00348959
0.00307393
0.00270294
0.0023621
0.00206384
0.00179187
0.00154299
0.00130334
0.00107329
0.000825555
0.000612979
0.000372387
0.000236238
0.000103218
0.000148018
0.000254731
0.000581575
0.0010279
0.00168796
0.00250715
0.0034169
0.00443452
0.00522838
0.00589018
0.00609915
0.00587013
0.00578118
0.0226765
0.0240199
0.026721
0.0292928
0.0315534
0.0335676
0.0348442
0.0359613
0.0362466
0.0364737
0.0359798
0.035436
0.0342763
0.0330952
0.0314253
0.029871
0.0280889
0.026599
0.0252047
0.024243
0.0236001
0.0235034
0.0238527
0.0245756
0.0256127
0.0266594
0.0276017
0.0285629
0.029365
0.030132
0.0307602
0.0313004
0.0317292
0.0320217
0.0322367
0.032274
0.032273
0.0320613
0.0318538
0.0314121
0.0310176
0.0303745
0.0298192
0.0290096
0.0283235
0.027385
0.0265987
0.0255682
0.0247107
0.0236219
0.0227187
0.0216012
0.0206739
0.0195522
0.0186188
0.0175129
0.0165882
0.0155144
0.0146108
0.0135825
0.0127111
0.0117399
0.010911
0.0100069
0.00923021
0.00840196
0.00768653
0.00694134
0.00629496
0.00563796
0.00506643
0.00450004
0.00400653
0.00353005
0.0031146
0.00272323
0.00238257
0.0020641
0.00179227
0.001518
0.00127866
0.00102375
0.000776761
0.000557081
0.000317479
0.000211555
7.89831e-05
0.000199408
0.000304913
0.000742857
0.00118522
0.00196881
0.00278051
0.00379445
0.00480185
0.00564585
0.00629882
0.00648996
0.00625887
0.00614465
0.0230388
0.0243886
0.0267423
0.02934
0.0316454
0.0337419
0.0351948
0.0364275
0.0369363
0.0372854
0.0370009
0.0365636
0.0355931
0.034492
0.0329895
0.0314866
0.0298273
0.0283691
0.0270456
0.0261113
0.0255167
0.0254565
0.0258299
0.0265962
0.0276563
0.0287431
0.0297286
0.0307227
0.0315644
0.0323539
0.0330006
0.033552
0.0339775
0.034269
0.0344587
0.0344828
0.0344353
0.0341989
0.0339255
0.0334486
0.0329712
0.0322842
0.0316324
0.0307721
0.0299795
0.0289857
0.0280867
0.0269982
0.0260256
0.0248783
0.023861
0.0226859
0.0216487
0.0204717
0.0194349
0.0182771
0.0172575
0.016136
0.0151473
0.0140761
0.0131301
0.012121
0.0112285
0.0102917
0.00946222
0.00860635
0.00784841
0.00708054
0.00640108
0.00572598
0.00512973
0.00454938
0.00403826
0.0035514
0.00312387
0.00272469
0.00237661
0.0020489
0.00176358
0.00147804
0.00122366
0.000958674
0.000712611
0.000490795
0.000286014
0.000192811
0.000130319
0.000280718
0.00047462
0.000955462
0.00148418
0.00231385
0.00318228
0.00423052
0.00521912
0.00606727
0.006668
0.00684494
0.00671727
0.006595
0.0232334
0.0245827
0.026793
0.0293909
0.0318169
0.0339198
0.0356203
0.0368691
0.0377145
0.0380884
0.0381466
0.0377404
0.0370649
0.0359999
0.034728
0.0332638
0.0317679
0.0303456
0.0291273
0.0282206
0.0277136
0.0276691
0.0280952
0.0288638
0.0299785
0.0310647
0.0321415
0.033135
0.0340475
0.0348366
0.0355176
0.0360687
0.03649
0.0367814
0.0369283
0.0369524
0.0368248
0.0365886
0.0362009
0.0357244
0.0351033
0.0344167
0.0335976
0.0327379
0.0317609
0.0307676
0.0296742
0.0285863
0.0274155
0.0262688
0.0250556
0.0238812
0.0226555
0.0214792
0.0202655
0.0191084
0.0179264
0.0168056
0.0156714
0.0146008
0.0135275
0.012519
0.0115178
0.0105815
0.00966172
0.00880636
0.00797569
0.00720827
0.00647232
0.00579763
0.00515932
0.00457932
0.00403852
0.00355195
0.00310467
0.00270573
0.00234313
0.00201565
0.00170641
0.00142141
0.00114077
0.00087688
0.000629253
0.000408894
0.000254147
0.000161609
0.000207425
0.000356116
0.00070126
0.00117677
0.00186501
0.00268488
0.0036721
0.00470668
0.00574979
0.00658498
0.00720509
0.00737614
0.00720042
0.00707768
0.0227299
0.0240799
0.0268611
0.0294696
0.0321682
0.034285
0.0363341
0.0376032
0.0388011
0.039209
0.0396043
0.0392375
0.0388308
0.0378085
0.0366749
0.035254
0.0337718
0.0323868
0.0311386
0.0302589
0.0297582
0.0297285
0.0303366
0.0311076
0.0324884
0.0335741
0.0348048
0.0357978
0.0367983
0.0375869
0.0383135
0.0388642
0.0392856
0.0395767
0.0396775
0.0397014
0.0394833
0.039247
0.0387283
0.0382517
0.0374653
0.0367788
0.0357675
0.0349079
0.0337201
0.032727
0.0314123
0.0303247
0.02893
0.0277837
0.0263506
0.0251765
0.0237405
0.0225645
0.0211543
0.0199976
0.0186359
0.0175155
0.0162206
0.0151505
0.0139365
0.0129284
0.0118071
0.0108712
0.00985159
0.00899665
0.00808572
0.00731869
0.00652075
0.00584642
0.00516263
0.00458295
0.00401103
0.00352475
0.00305878
0.00266009
0.0022875
0.00196031
0.00163575
0.00135139
0.00104496
0.000782341
0.0005158
0.000297419
0.000161348
7.08023e-05
0.000201099
0.000349465
0.000837925
0.00131047
0.00217647
0.00298864
0.00417896
0.00519835
0.0064442
0.00726989
0.00793262
0.00809408
0.00766336
0.00753715
0.0226712
0.0240333
0.0268127
0.0295088
0.0322103
0.0345521
0.0366139
0.0382274
0.0394577
0.0402555
0.0406873
0.0407053
0.0403404
0.0396524
0.0385659
0.0373951
0.0359563
0.0347339
0.0335208
0.0327499
0.0322766
0.0323527
0.0329894
0.0338866
0.0352846
0.0364857
0.0377155
0.0387847
0.0397845
0.0406046
0.0413306
0.0418663
0.0422875
0.0425171
0.0426178
0.0425356
0.0423176
0.0419342
0.0414159
0.0407567
0.0399708
0.0390727
0.0380621
0.0369701
0.0357831
0.0345449
0.0332311
0.0318939
0.0305002
0.0291074
0.0276753
0.0262647
0.0248297
0.0234328
0.0220235
0.0206655
0.0193048
0.0180059
0.0167118
0.0154875
0.0142745
0.0131372
0.0120167
0.0109763
0.00995744
0.00902143
0.00811114
0.00728451
0.00648712
0.00577216
0.00508885
0.00448464
0.00391312
0.00341531
0.00294966
0.00254798
0.00217816
0.00184875
0.00152477
0.00123729
0.000930552
0.000682914
0.000416872
0.000259723
0.000125956
0.000156958
0.000288582
0.000606732
0.00109171
0.0017494
0.00260792
0.00358642
0.00476554
0.00590143
0.00712807
0.0079842
0.00863172
0.00873459
0.00830055
0.00812534
0.0226078
0.023983
0.0267592
0.0295511
0.0322557
0.0348404
0.0369161
0.0389015
0.0401564
0.0413844
0.0418497
0.0422904
0.0419666
0.0416435
0.0406039
0.0397071
0.038316
0.0372757
0.0361037
0.0354615
0.0350165
0.0352192
0.035867
0.036907
0.038304
0.0396297
0.0408586
0.0420101
0.0430091
0.0438632
0.0445887
0.0451082
0.045529
0.0456923
0.0457929
0.0455961
0.0453783
0.044836
0.0443181
0.0434616
0.0426763
0.0415499
0.04054
0.0391969
0.0380109
0.0365079
0.0351952
0.0335884
0.0321957
0.0305368
0.0291059
0.0274399
0.0260059
0.0243703
0.0229621
0.0213868
0.0200272
0.0185353
0.0172423
0.0158515
0.0146394
0.0133627
0.012243
0.0110898
0.0100717
0.00904819
0.00813858
0.0072476
0.00645082
0.00569198
0.00500919
0.00437848
0.00380739
0.00329713
0.00283183
0.00242692
0.00205739
0.00172535
0.00140211
0.00111152
0.000806189
0.000575683
0.000311263
0.000221907
8.8765e-05
0.000253542
0.00038305
0.000887154
0.00136576
0.00222766
0.00307447
0.00423729
0.00539896
0.00666065
0.00786653
0.00875555
0.00938662
0.00942402
0.0089886
0.00876049
0.0230724
0.0244476
0.0266339
0.0294322
0.032153
0.0347859
0.0370818
0.0391529
0.0407693
0.0421055
0.0429755
0.0435297
0.0436265
0.0434119
0.0428023
0.0420024
0.0410012
0.0400438
0.039168
0.0385952
0.0383556
0.0386141
0.0393141
0.0403904
0.0417582
0.0431068
0.0443596
0.0455261
0.046537
0.047397
0.048091
0.0486071
0.0489545
0.0491049
0.0490926
0.048874
0.0485073
0.047935
0.0472368
0.046343
0.0453514
0.044182
0.042946
0.0415557
0.0401306
0.0385779
0.0370204
0.035363
0.0337272
0.0320184
0.0303526
0.0286388
0.0269846
0.0253043
0.0236953
0.0220793
0.020542
0.0190142
0.0175691
0.0161473
0.0148096
0.0135071
0.0122882
0.0111142
0.0100219
0.0089822
0.0080211
0.00711838
0.00628991
0.00552317
0.00482516
0.00418979
0.00361648
0.00310417
0.0026444
0.00223914
0.00187748
0.00154516
0.00123264
0.000942914
0.000674243
0.000449324
0.00027662
0.000201993
0.000225984
0.000415712
0.000739816
0.00127517
0.00194573
0.00283818
0.00383867
0.00502343
0.00624902
0.00751583
0.00863371
0.00950405
0.010019
0.01004
0.00983003
0.00959398
0.0223116
0.0236848
0.0264312
0.0292281
0.0322161
0.0348504
0.0375388
0.0396306
0.0417315
0.0431007
0.044518
0.0451157
0.0457364
0.0455748
0.0453726
0.0446307
0.0438933
0.04299
0.042281
0.0417496
0.0416486
0.0419306
0.0428634
0.0439432
0.0455743
0.0469218
0.0483019
0.0494674
0.0505149
0.0513742
0.0520413
0.0525569
0.0528139
0.0529642
0.0528007
0.0525822
0.0520084
0.0514366
0.0504825
0.0495895
0.0483024
0.047134
0.0455735
0.0441844
0.0424171
0.0408658
0.03896
0.0373041
0.0353248
0.0336175
0.031623
0.0299106
0.0279504
0.0262716
0.0243856
0.0227711
0.0209904
0.019464
0.0178115
0.016391
0.0148829
0.0135815
0.0122285
0.0110554
0.0098634
0.00882466
0.0077953
0.00689337
0.00602438
0.00525832
0.00454323
0.00390842
0.00333682
0.00282497
0.00238267
0.00197777
0.00164546
0.00131373
0.00102128
0.000733285
0.000489361
0.000266922
0.000166591
9.40326e-05
0.000271096
0.000460178
0.00101721
0.00154676
0.00248748
0.00336747
0.00462773
0.00579232
0.00725257
0.00849124
0.0098251
0.0106709
0.0112133
0.0112208
0.0105238
0.0102872
0.0220377
0.0233983
0.0261512
0.028991
0.0319814
0.034823
0.0375476
0.0400071
0.0421691
0.0440242
0.045508
0.0466513
0.0473462
0.0477308
0.0476087
0.0473548
0.0466892
0.0461727
0.0455211
0.04527
0.0452133
0.0456916
0.0466689
0.0478822
0.0495373
0.0509515
0.0523385
0.0535057
0.0545546
0.0553543
0.0560194
0.0564169
0.0566686
0.0566463
0.0564744
0.0560344
0.0554493
0.0546137
0.0536459
0.0524547
0.0511519
0.0496598
0.0480821
0.0463537
0.0445684
0.0426723
0.0407483
0.0387525
0.0367554
0.0347228
0.0327113
0.030697
0.0287211
0.0267708
0.0248709
0.0230208
0.0212279
0.0195048
0.0178421
0.0162654
0.0147489
0.0133309
0.0119715
0.0107191
0.00952252
0.0084381
0.00740582
0.00648726
0.00561678
0.00485795
0.00414258
0.00353338
0.00296244
0.00248916
0.00204834
0.00168962
0.00136053
0.00107886
0.000789514
0.000570071
0.000329329
0.000225638
0.000131265
0.000249725
0.0004372
0.000878561
0.0014461
0.00224759
0.00319151
0.00431569
0.00557234
0.0069169
0.0083678
0.00969487
0.0110031
0.0118256
0.0123412
0.0122179
0.011512
0.0111896
0.0220284
0.0233774
0.0258399
0.0287056
0.0316748
0.0346703
0.0374587
0.0402126
0.042518
0.0447676
0.04644
0.0480268
0.048951
0.0497814
0.0499288
0.0500785
0.0496875
0.0495012
0.0490779
0.049078
0.0491744
0.0498325
0.0508406
0.0521671
0.0537716
0.0552372
0.0565947
0.0577629
0.0587751
0.0595284
0.0601377
0.0604434
0.0606226
0.0604664
0.0602079
0.0595961
0.0589129
0.0578728
0.056798
0.0553757
0.0539593
0.0522166
0.0505216
0.0485303
0.0466268
0.0444636
0.0424235
0.0401644
0.0380562
0.0357717
0.0336573
0.0314093
0.0293413
0.027181
0.0252019
0.0231695
0.0213119
0.0194369
0.0177247
0.0160271
0.0144763
0.0129682
0.0115885
0.010275
0.00907094
0.00795138
0.00692254
0.00599135
0.00513301
0.00438
0.00368317
0.00309403
0.00254582
0.00210261
0.0016857
0.00136292
0.00105688
0.00081756
0.00056201
0.00040139
0.000219613
0.000213541
0.000206775
0.000477679
0.000770439
0.00141026
0.00207654
0.00308983
0.00410687
0.00541946
0.00671246
0.00819287
0.00962451
0.0110102
0.0122206
0.0130067
0.0134254
0.0132049
0.0126538
0.012271
0.0214337
0.0227807
0.0253259
0.0281846
0.0312724
0.0342635
0.0373664
0.0401271
0.0429342
0.045204
0.0475242
0.049145
0.0507913
0.05167
0.0525302
0.0527398
0.0529769
0.0528528
0.0529244
0.0529759
0.0534213
0.0541095
0.0553241
0.0566549
0.0583453
0.0598092
0.0611466
0.0623135
0.0632204
0.063973
0.0644042
0.0647096
0.0646453
0.0644892
0.06393
0.0633189
0.0622869
0.0612479
0.0597858
0.0583651
0.0565337
0.0547929
0.0526663
0.0506772
0.0483376
0.0461768
0.0437086
0.041452
0.0389359
0.036654
0.0341632
0.0319177
0.0295146
0.0273567
0.025091
0.0230609
0.0209701
0.0190972
0.017207
0.0155114
0.0138369
0.0123305
0.0108783
0.00956622
0.00833547
0.00721715
0.00620072
0.00527056
0.00445618
0.00370401
0.00307482
0.00248633
0.00202161
0.00157889
0.00125447
0.000932055
0.000723907
0.000485281
0.000342376
0.000183499
0.000171472
0.000166111
0.000420056
0.000687416
0.00132627
0.00195498
0.00300092
0.00399397
0.005356
0.0066391
0.00819311
0.00963498
0.0112231
0.0125637
0.0138313
0.0145759
0.0149043
0.0146656
0.013708
0.0133244
0.0208217
0.0221236
0.0247554
0.0275778
0.030677
0.0337787
0.0369426
0.0399927
0.0429
0.0456228
0.0480681
0.0502677
0.0520581
0.05359
0.0546006
0.0554668
0.0558364
0.0562886
0.0564629
0.056945
0.0574654
0.0584037
0.0596897
0.0610987
0.0628237
0.0642371
0.0655786
0.0666139
0.0675061
0.0680635
0.0684689
0.0685241
0.0684239
0.067972
0.067368
0.0664247
0.0653403
0.0639422
0.0624217
0.060624
0.0587299
0.0566036
0.0544119
0.0520388
0.0496335
0.0471005
0.044568
0.0419611
0.0393842
0.0367841
0.0342375
0.0317145
0.0292622
0.0268746
0.0245673
0.0223596
0.0202354
0.0182389
0.0163235
0.0145571
0.0128657
0.0113377
0.00987621
0.00858604
0.00735273
0.00629263
0.00527945
0.00443572
0.00362926
0.00298341
0.00236562
0.00189523
0.00144424
0.00112387
0.000814901
0.000615007
0.00042085
0.000313562
0.000187757
0.000206291
0.000217127
0.000465433
0.0007533
0.00134457
0.00202901
0.00300747
0.0040987
0.00540615
0.00679796
0.00831281
0.00987904
0.0114447
0.0130309
0.0143743
0.015614
0.0162466
0.0165094
0.0160612
0.0150223
0.0145207
0.0208285
0.0221052
0.0241598
0.02696
0.0299802
0.0331346
0.0363119
0.0395208
0.0425911
0.0455709
0.0482972
0.0508295
0.0530132
0.0549262
0.0564462
0.0577033
0.0586436
0.0594495
0.0601372
0.060894
0.0617562
0.0628585
0.0641687
0.0656265
0.0671662
0.0685509
0.06974
0.0707023
0.0714258
0.0718755
0.07208
0.0719977
0.0716728
0.0710585
0.0702139
0.0690887
0.0677549
0.0661602
0.0643875
0.0623837
0.0602398
0.057903
0.0554689
0.0528863
0.0502512
0.0475151
0.0447707
0.041973
0.0392075
0.036434
0.0337273
0.0310535
0.028474
0.0259617
0.0235634
0.0212596
0.019082
0.0170188
0.0150871
0.013283
0.0116098
0.0100709
0.00865794
0.00738065
0.00622081
0.00519338
0.00427236
0.00347669
0.0027746
0.00218761
0.00168013
0.00127495
0.000934466
0.000681557
0.000477965
0.000345553
0.000254621
0.000226022
0.000249413
0.000372807
0.000599257
0.000989995
0.00153788
0.00230378
0.00324415
0.00440521
0.00570023
0.00716523
0.00868633
0.0103085
0.0119107
0.0135196
0.0150103
0.0163269
0.0173201
0.0178599
0.0179498
0.0173908
0.0166967
0.016136
0.0195213
0.0207613
0.023199
0.0259333
0.0289798
0.03212
0.0354802
0.038749
0.0421317
0.0452558
0.0484273
0.0511869
0.0539176
0.0561298
0.0582277
0.0598257
0.0612876
0.0624214
0.0635171
0.0645251
0.0656589
0.0668865
0.0683745
0.0698255
0.0714037
0.0726995
0.0737805
0.0746166
0.0751507
0.0754503
0.075417
0.0751668
0.0745651
0.0737717
0.0726205
0.0713105
0.0696492
0.0678691
0.0657566
0.0635715
0.0610838
0.058574
0.055801
0.0530579
0.0500978
0.0472179
0.0441718
0.0412513
0.0382165
0.035345
0.0324098
0.0296656
0.0269048
0.0243519
0.0218236
0.0195096
0.0172547
0.0152105
0.0132528
0.0114944
0.00984244
0.00837205
0.00702165
0.00583088
0.0047673
0.00383914
0.0030398
0.00235078
0.00178734
0.00130922
0.000949214
0.000650489
0.000458793
0.000305882
0.000246079
0.000206719
0.000243362
0.000309162
0.000477495
0.000725408
0.00115965
0.00171129
0.00254074
0.00348169
0.00475526
0.00607051
0.00768559
0.00925345
0.0110141
0.0126724
0.0144189
0.0159944
0.0175639
0.0187821
0.0198069
0.0202075
0.0201113
0.0193958
0.0179765
0.0173459
0.0190404
0.0202103
0.022334
0.0249629
0.0279194
0.031045
0.034346
0.0377509
0.0411437
0.0445698
0.0478171
0.0510375
0.0539187
0.0567247
0.0590608
0.0613238
0.0630866
0.0648532
0.0662374
0.06773
0.0690515
0.0705175
0.072001
0.0734339
0.0748683
0.0759816
0.0769356
0.0775109
0.0779101
0.0778984
0.0777201
0.0771214
0.0763703
0.075204
0.0739044
0.072209
0.0704049
0.0682376
0.0659915
0.063427
0.0608179
0.0579456
0.0550661
0.051986
0.0489368
0.0457545
0.0426387
0.0394591
0.0363761
0.0332969
0.0303364
0.0274426
0.0246803
0.0220398
0.019534
0.0171955
0.0149859
0.0129783
0.0110865
0.0094203
0.0078515
0.00652117
0.0052671
0.0042542
0.0032956
0.00257213
0.00188177
0.00141306
0.000958113
0.00070524
0.000449195
0.000370926
0.000275237
0.000329594
0.00035721
0.000510877
0.00062911
0.000908609
0.00118849
0.00171451
0.00228921
0.00319279
0.00416547
0.00549291
0.00687535
0.0085461
0.010213
0.0120422
0.0137951
0.0155865
0.0172617
0.018834
0.0202531
0.0213381
0.0221378
0.0223027
0.0220413
0.0210674
0.0199186
0.0191571
0.0177701
0.0189003
0.0210888
0.0236306
0.0264846
0.0295436
0.0328657
0.0362428
0.039801
0.0432551
0.0468366
0.050151
0.0535384
0.0565082
0.0594866
0.0619705
0.064416
0.0664183
0.0683919
0.0700706
0.0717629
0.0733057
0.0748611
0.0762477
0.0774909
0.0784864
0.0791382
0.0795711
0.0796054
0.0794397
0.0788577
0.0780998
0.076922
0.0755972
0.0738627
0.072015
0.0697806
0.0674719
0.0648115
0.0621205
0.0591236
0.0561432
0.0529119
0.0497455
0.0463902
0.0431461
0.0397795
0.036565
0.0332951
0.0302096
0.0271334
0.0242626
0.0214601
0.0188716
0.0164019
0.0141424
0.012042
0.0101372
0.00842063
0.00687669
0.00553865
0.00434463
0.00336396
0.00249566
0.00183903
0.00126263
0.00088855
0.000563949
0.000426112
0.000309499
0.000359382
0.000405451
0.000594243
0.000757766
0.00103791
0.00128662
0.00161616
0.00198693
0.00253078
0.00317099
0.00411855
0.0051547
0.00656696
0.00801395
0.00983077
0.0115752
0.0135789
0.0154166
0.017347
0.0190781
0.0207715
0.0222215
0.0235335
0.0244488
0.0250473
0.0250308
0.0244423
0.0233047
0.0214707
0.020644
0.0171326
0.0181723
0.0199627
0.0223387
0.0250523
0.0279851
0.0311647
0.0345127
0.0379837
0.0415401
0.0450991
0.0486681
0.0521151
0.0554962
0.0586377
0.0616503
0.0643486
0.066895
0.069132
0.0712272
0.0730769
0.074774
0.0762773
0.0775359
0.0785749
0.0792759
0.0797259
0.0798009
0.079626
0.0790719
0.0782796
0.0771186
0.0757378
0.0740103
0.0720877
0.0698517
0.067451
0.0647804
0.0619813
0.0589651
0.0558618
0.0526022
0.0493003
0.0459088
0.0425211
0.0391135
0.0357542
0.032444
0.0292216
0.0261128
0.0231234
0.0203039
0.0176254
0.0151616
0.0128495
0.0107838
0.00886954
0.00721948
0.00571121
0.00447164
0.00335687
0.0025035
0.00175317
0.00124722
0.000820108
0.000613039
0.000460202
0.000497987
0.00056644
0.000792956
0.00102854
0.00138807
0.00173756
0.00217658
0.00259698
0.00308583
0.00355458
0.00417967
0.00489422
0.0058538
0.00697948
0.00839025
0.00995312
0.0117633
0.0136541
0.0156734
0.0176594
0.0196278
0.0214583
0.0231595
0.0246682
0.0259397
0.0269687
0.0275875
0.0278354
0.027463
0.0266461
0.0251888
0.023784
0.0228097
0.0155449
0.0165025
0.0184089
0.0206051
0.0231646
0.0259234
0.0290111
0.0322153
0.0356602
0.0391323
0.0427672
0.0463372
0.0499903
0.0534786
0.0569565
0.0601787
0.0632844
0.0660872
0.0686928
0.0709862
0.0730485
0.0747755
0.0762419
0.077335
0.0781209
0.0785471
0.0786807
0.078454
0.0779345
0.0770763
0.0759275
0.0744723
0.0727372
0.0707376
0.068476
0.0660008
0.063288
0.0604209
0.0573469
0.0541852
0.0508529
0.0475055
0.0440286
0.0406121
0.0371106
0.0337441
0.0303383
0.0271365
0.0239391
0.0210053
0.0181143
0.0155326
0.0130246
0.0108553
0.00878093
0.00705739
0.00543945
0.00416798
0.00300299
0.00216541
0.00142686
0.000985105
0.000628799
0.000530201
0.000499854
0.000682886
0.000915469
0.00131464
0.00174484
0.0022944
0.00285791
0.00349468
0.0041303
0.00479541
0.00544658
0.00611491
0.00673607
0.00752722
0.0084363
0.00959858
0.011019
0.0126481
0.014532
0.0165079
0.0186713
0.0207439
0.0228713
0.0247539
0.0265544
0.0280386
0.0293747
0.030325
0.031098
0.0313325
0.0312852
0.0305366
0.0293419
0.0275772
0.0253236
0.0242275
0.0143787
0.0152756
0.0168409
0.0189102
0.0211992
0.0238134
0.0266191
0.0296955
0.0328882
0.0362735
0.0397223
0.043269
0.0468466
0.050392
0.0539412
0.0572964
0.0606044
0.063573
0.0664066
0.0688224
0.0709706
0.0726971
0.0739717
0.0749292
0.0753097
0.0755269
0.0752153
0.0747596
0.0737982
0.0727096
0.0711423
0.0694646
0.0673521
0.065147
0.0625661
0.0599108
0.0569524
0.0539379
0.0507052
0.0474351
0.0440417
0.0406297
0.0371971
0.0337636
0.0304156
0.0270823
0.0239395
0.0208221
0.0179936
0.0151944
0.0127703
0.0103708
0.00841579
0.00647152
0.00502025
0.00355767
0.00261416
0.001631
0.00117056
0.000638842
0.000612763
0.000483864
0.000825893
0.00103674
0.00166986
0.00214909
0.00299191
0.00366529
0.0046371
0.00543168
0.00645612
0.00730306
0.00831043
0.00914684
0.0100806
0.0108849
0.0117255
0.0126485
0.013811
0.0151148
0.0168203
0.018584
0.0206974
0.0227561
0.0249948
0.0270605
0.0290577
0.0308275
0.032297
0.0335695
0.0344106
0.0350721
0.035237
0.0351421
0.0344637
0.0334047
0.0317097
0.0297299
0.027339
0.0261578
0.0130393
0.0137947
0.015226
0.0169915
0.0191164
0.0213935
0.0240135
0.0267438
0.0297539
0.0328187
0.0360978
0.0393908
0.0428257
0.0462283
0.04968
0.0530213
0.0562808
0.0593157
0.0621219
0.0645606
0.0666518
0.0682135
0.0693541
0.0699243
0.0700983
0.0698251
0.0693319
0.0683886
0.067255
0.0657165
0.0639985
0.0619284
0.0596939
0.0571732
0.054506
0.0516297
0.0486266
0.0455014
0.0422705
0.0390123
0.0356708
0.0324019
0.0290731
0.0259178
0.0227254
0.0198046
0.0168669
0.0142903
0.0117125
0.00957118
0.00743741
0.00579704
0.00416435
0.00306013
0.00195445
0.00138911
0.000804763
0.000749882
0.000652003
0.00105225
0.00138201
0.00216162
0.00284297
0.00391316
0.00486015
0.00612646
0.00724989
0.00861842
0.00983112
0.0112133
0.012434
0.0137497
0.0149055
0.0160849
0.0171235
0.018155
0.0190476
0.0201476
0.0213545
0.022856
0.024579
0.0265108
0.0285756
0.0306619
0.0327549
0.0346273
0.0363801
0.03772
0.038871
0.0395194
0.0399914
0.0399068
0.0396727
0.0388023
0.0377409
0.0360042
0.0340366
0.0315775
0.0292738
0.02791
0.0113418
0.0119955
0.013329
0.0148589
0.016722
0.0187201
0.0210492
0.0234607
0.0261514
0.0288731
0.0318319
0.0347768
0.0379292
0.0410051
0.0442516
0.0473132
0.0504534
0.0532575
0.0559814
0.0582031
0.0601569
0.0614617
0.0623054
0.0625641
0.0623356
0.0617446
0.0608762
0.0596574
0.058193
0.056439
0.0544418
0.0522283
0.0497808
0.0471997
0.0443992
0.0415555
0.0385109
0.0355186
0.0323478
0.0293275
0.0261546
0.0232296
0.0201808
0.0174727
0.0146708
0.0122932
0.00985146
0.00790311
0.00591699
0.00447459
0.00301459
0.00212663
0.00123265
0.000915103
0.000593169
0.000828534
0.00105105
0.00179033
0.00249965
0.00366722
0.00478186
0.00628277
0.00770518
0.00943289
0.0110577
0.0129021
0.0146233
0.0164776
0.0181946
0.0199601
0.0215817
0.0231716
0.0246187
0.0259604
0.0271673
0.0282558
0.0291803
0.0302607
0.0314925
0.0329194
0.0346885
0.0364484
0.0384652
0.0402243
0.0420989
0.0434724
0.0448013
0.0455034
0.0460552
0.0459869
0.0457609
0.0449456
0.0439986
0.0424568
0.0407521
0.0384964
0.0360244
0.0332479
0.030305
0.0288393
0.00979378
0.0103733
0.0114447
0.0128007
0.0143293
0.0161036
0.0180312
0.0201769
0.022407
0.0248311
0.027284
0.0299117
0.0325375
0.0352926
0.0380262
0.0407804
0.0434512
0.0459717
0.0482692
0.0502275
0.0517626
0.0528129
0.0532082
0.0532276
0.0525588
0.0517572
0.0505271
0.0491438
0.0474143
0.0455522
0.043402
0.0411444
0.0386698
0.0361157
0.033426
0.0306853
0.0278985
0.0250888
0.0223279
0.019571
0.0169601
0.0143775
0.0120374
0.00974589
0.00778803
0.0058936
0.00441403
0.00300509
0.00207742
0.00121814
0.000887393
0.000612263
0.000890472
0.00120053
0.00206487
0.00292737
0.00432139
0.00567222
0.00751018
0.00925915
0.011433
0.0134714
0.0158589
0.0180676
0.0205413
0.0227992
0.0252341
0.0274251
0.0297053
0.0317239
0.0337475
0.0355028
0.0371851
0.0386032
0.0398787
0.0409586
0.0417924
0.0427893
0.0438364
0.0450854
0.0465505
0.0480149
0.0495259
0.0508561
0.0519866
0.0528153
0.053201
0.053287
0.052789
0.0520849
0.0507946
0.0493719
0.0474286
0.0453614
0.0428331
0.0401989
0.0371973
0.0342238
0.0310847
0.0295624
0.00845052
0.00893815
0.00974705
0.0108967
0.0121787
0.0136835
0.0152913
0.0171111
0.0189656
0.021015
0.0230412
0.025257
0.0274087
0.0297303
0.0319482
0.0342661
0.036399
0.0384979
0.0402718
0.0418343
0.0429036
0.0435929
0.0436609
0.0433729
0.0425095
0.0414704
0.040107
0.038564
0.0367954
0.034861
0.0327826
0.0305487
0.0282622
0.0258345
0.0234516
0.0209448
0.0185833
0.0161166
0.0138955
0.011589
0.00962476
0.0075946
0.00599598
0.00434973
0.00321257
0.00204321
0.00144483
0.000824707
0.000817987
0.000792985
0.00140141
0.00198628
0.00320048
0.00437621
0.0061529
0.00786677
0.0101304
0.012299
0.0149462
0.0174612
0.0203675
0.0231029
0.0261312
0.0289524
0.0319617
0.0347338
0.0375876
0.0401833
0.0427567
0.0450621
0.0472479
0.0491674
0.0508797
0.052339
0.0535286
0.054531
0.0551974
0.0559975
0.0566988
0.0576131
0.058473
0.0594423
0.0601424
0.0608146
0.06099
0.0610336
0.0604217
0.0596624
0.0582125
0.0566731
0.0545254
0.0523378
0.0496703
0.0469702
0.0439159
0.0408497
0.0375862
0.0344073
0.0315544
0.0299797
0.0071165
0.00748963
0.00824702
0.00913741
0.0102735
0.0114518
0.0128824
0.0143053
0.0159507
0.0175378
0.0193246
0.0210178
0.0229019
0.0246511
0.0265812
0.028297
0.0301393
0.0316397
0.0331425
0.0341547
0.0349952
0.0352352
0.0351218
0.0345203
0.0335429
0.0323378
0.0309256
0.0293549
0.0275931
0.0257722
0.0237553
0.0217817
0.0196131
0.0175943
0.0153861
0.0134345
0.0113032
0.00953183
0.00759354
0.00611145
0.0044778
0.00338594
0.00215937
0.00154582
0.000814429
0.000749512
0.000581683
0.00111291
0.00155192
0.00269935
0.00375885
0.00551158
0.0071724
0.00948669
0.0116962
0.014496
0.0171696
0.0203497
0.0233756
0.0268071
0.030053
0.0335911
0.0369123
0.0404049
0.0436539
0.0469508
0.0499857
0.0529475
0.0556393
0.0581444
0.0603838
0.0623344
0.0640355
0.0653611
0.0664716
0.0671775
0.0676929
0.0680045
0.0684479
0.0686408
0.0691349
0.0691332
0.0693576
0.0688666
0.068496
0.0672896
0.0661195
0.0641408
0.0621749
0.059537
0.056942
0.0538347
0.0508037
0.0474124
0.044103
0.0406249
0.037232
0.0339161
0.0309644
0.0293837
0.0059325
0.00626083
0.00687694
0.00765405
0.00855534
0.00958447
0.0107232
0.0119618
0.0132558
0.0146282
0.0160084
0.0174578
0.0188852
0.020363
0.0217964
0.0232211
0.0245484
0.0257594
0.0267671
0.027527
0.027946
0.028013
0.0276055
0.0269337
0.02582
0.024625
0.0232051
0.0217075
0.0200641
0.0183764
0.0166028
0.0148215
0.0130213
0.0112511
0.00953304
0.00788198
0.00635538
0.00493026
0.00370067
0.00260311
0.00176809
0.00109032
0.000735275
0.000555814
0.000749546
0.00112873
0.00191893
0.00289425
0.00430317
0.00588512
0.00790578
0.0100746
0.0126684
0.0153725
0.0184684
0.0216247
0.0251214
0.0286183
0.0323881
0.0360911
0.0399867
0.0437458
0.0476086
0.051267
0.0549368
0.0583409
0.0616652
0.0646728
0.0675157
0.0700046
0.0722538
0.0741277
0.0757001
0.0768925
0.0777372
0.0782527
0.0783594
0.0783948
0.0782194
0.0779881
0.0776251
0.0770672
0.0762394
0.0751312
0.0736149
0.0718098
0.0695211
0.0670214
0.0640609
0.0610057
0.05759
0.054176
0.0505213
0.0469386
0.0432253
0.0396741
0.0361189
0.0328287
0.0297111
0.0281606
0.00506481
0.00533686
0.00577497
0.00642202
0.00716465
0.00801736
0.00893925
0.0099594
0.0110029
0.0121201
0.0132217
0.0143825
0.0155001
0.0166587
0.0177441
0.0188273
0.0197782
0.0206477
0.021294
0.0217522
0.0218965
0.0217522
0.0212657
0.0205022
0.0194768
0.0182941
0.0170159
0.0156132
0.0141869
0.0126728
0.0111975
0.00966752
0.00824091
0.00679604
0.00551857
0.00426101
0.00323171
0.00226041
0.00157279
0.00097959
0.000717861
0.000583645
0.000818957
0.00120977
0.00199638
0.00295943
0.00433083
0.00589051
0.00785567
0.0100099
0.0125501
0.0152676
0.0183342
0.0215527
0.0250668
0.028694
0.0325478
0.0364638
0.0405246
0.0445874
0.0487042
0.0527567
0.056768
0.0606475
0.0643911
0.0679387
0.0712615
0.0743318
0.0770988
0.0795685
0.0816709
0.0834455
0.0848063
0.0858246
0.0864133
0.0866792
0.0865097
0.0861746
0.085521
0.0847531
0.0836562
0.0824157
0.0807547
0.0788966
0.0765779
0.0740433
0.0710826
0.0679433
0.064477
0.0609076
0.0571407
0.0533479
0.0494833
0.0456618
0.0418864
0.0382409
0.0347475
0.0314835
0.0289771
0.027465
0.00413873
0.00435066
0.00478541
0.00529003
0.00592604
0.00659629
0.00739497
0.00819331
0.00908625
0.00994997
0.0108763
0.0117562
0.0126782
0.0135325
0.0144122
0.0151787
0.0159293
0.0164961
0.0169649
0.0171796
0.0171885
0.0169147
0.016329
0.0155753
0.0145193
0.0134668
0.012238
0.0110563
0.00973688
0.00852484
0.0072043
0.00605078
0.00482442
0.00382138
0.00278588
0.00202431
0.00127351
0.000839604
0.000460713
0.00043239
0.000502483
0.000946121
0.00152872
0.00249577
0.00363737
0.00516101
0.00688747
0.00897913
0.0112923
0.0139385
0.016813
0.0199728
0.0233541
0.0269577
0.0307615
0.0347106
0.038824
0.0429946
0.0472799
0.0515269
0.0558283
0.0599927
0.064144
0.0680619
0.0718968
0.0754097
0.0787718
0.0817358
0.0844884
0.0867842
0.0888189
0.0903582
0.0916007
0.0923315
0.0927455
0.0926695
0.0922603
0.0914772
0.0904891
0.0890963
0.0875802
0.0855739
0.0834205
0.0807736
0.0779477
0.0747113
0.0712896
0.0676013
0.0637628
0.0598127
0.0557749
0.0517595
0.0477204
0.0438216
0.039958
0.0363662
0.0328798
0.0297691
0.0268707
0.0254519
0.00349604
0.00368427
0.00398142
0.00442749
0.00491463
0.00549862
0.00610136
0.00679157
0.00746004
0.00819875
0.00888079
0.00962152
0.0102811
0.0109835
0.0115824
0.0121888
0.0126544
0.0130666
0.0132867
0.0133758
0.013234
0.0128918
0.0123292
0.0115775
0.0106959
0.00969599
0.0087091
0.00761615
0.00660966
0.00551854
0.00457748
0.00357434
0.00278317
0.00195628
0.00139897
0.00083479
0.000591245
0.000370817
0.000513619
0.000709283
0.00130069
0.001973
0.00306201
0.00425661
0.00587603
0.00762047
0.00978377
0.0120843
0.0147827
0.0176214
0.0208212
0.0241533
0.0277938
0.0315466
0.0355399
0.0396129
0.043845
0.0481126
0.0524467
0.0567626
0.0610455
0.0652502
0.0693194
0.0732489
0.0769431
0.0804388
0.0836075
0.0865266
0.0890403
0.0912649
0.0930234
0.0944678
0.0954066
0.0960226
0.0961192
0.0959077
0.0951711
0.0942018
0.0927289
0.0910773
0.0888953
0.0865785
0.0837176
0.080757
0.0773072
0.0737979
0.0699151
0.0660213
0.061901
0.0578194
0.0536554
0.0495761
0.0455397
0.041636
0.0378898
0.0343423
0.03105
0.0280083
0.0256323
0.0242521
0.00287328
0.00301693
0.003307
0.00364766
0.00407017
0.00451872
0.00504421
0.00557083
0.00614671
0.00670238
0.00727963
0.00782424
0.00836977
0.0088687
0.0093501
0.00975604
0.0101103
0.0103469
0.0104745
0.0104479
0.0102471
0.00988804
0.00930397
0.00864687
0.0077938
0.00697894
0.00606187
0.00521574
0.00430892
0.00351423
0.00269628
0.00202954
0.00138162
0.000920026
0.000522092
0.000340101
0.000267526
0.000433779
0.000754315
0.00132883
0.00209984
0.00313134
0.00439705
0.00592019
0.00770898
0.00974159
0.012063
0.0146032
0.0174451
0.0204686
0.0237946
0.0272527
0.0310001
0.0348183
0.0388977
0.0429762
0.0472726
0.0514883
0.0558643
0.0600756
0.0643775
0.0684308
0.0724962
0.0762345
0.0799019
0.0831746
0.086294
0.0889664
0.0914094
0.0933722
0.0950407
0.0962173
0.0970497
0.0974009
0.0973761
0.0969008
0.0960373
0.0947611
0.0931017
0.0910423
0.0886165
0.08583
0.0827047
0.079308
0.0756162
0.0717793
0.0677114
0.0636298
0.0593954
0.0552576
0.051044
0.0470168
0.0429823
0.0392164
0.0355106
0.0321636
0.0289519
0.0261473
0.0235739
0.0223145
0.00245562
0.00257801
0.00277258
0.0030617
0.00339548
0.00377059
0.00417439
0.00461024
0.00504981
0.00550292
0.00593773
0.00637163
0.00677091
0.00715366
0.00748493
0.00777476
0.00798585
0.00811916
0.00813997
0.00804309
0.00781183
0.00743748
0.00694393
0.00633276
0.0056591
0.00493394
0.00422202
0.00349538
0.00282343
0.00217209
0.00161339
0.00110918
0.000734827
0.00044954
0.000328974
0.000331229
0.000529294
0.000881716
0.00145599
0.00221262
0.0032109
0.00441472
0.00587253
0.00755289
0.00949095
0.011661
0.0140825
0.0167364
0.0196246
0.0227351
0.0260509
0.0295674
0.0332476
0.0370947
0.0410522
0.0451304
0.0492548
0.0534426
0.0576037
0.0617617
0.0658152
0.0697928
0.0735872
0.0772309
0.0806165
0.0837795
0.0866182
0.0891699
0.0913445
0.0931799
0.0946023
0.095649
0.0962663
0.0964896
0.0962843
0.0956823
0.0946651
0.0932377
0.0913846
0.0891366
0.0864857
0.0834912
0.0801707
0.0765877
0.0727844
0.0688149
0.0647401
0.0605939
0.0564476
0.0523107
0.0482574
0.0442839
0.0404615
0.0367878
0.0333315
0.0301006
0.0271253
0.0244377
0.022494
0.0212931
0.00201125
0.00211599
0.00229713
0.00254226
0.00280337
0.00311997
0.0034398
0.00380486
0.00414633
0.00452161
0.0048493
0.0052025
0.00549123
0.00579394
0.00601959
0.00623554
0.00635721
0.00643337
0.00639417
0.00627193
0.00602466
0.00567091
0.00520895
0.00466597
0.00408159
0.0034574
0.00288141
0.00227374
0.00176711
0.00124588
0.000872029
0.000503224
0.00032626
0.000175526
0.000257391
0.000387217
0.000785128
0.00125227
0.0020164
0.00286948
0.00404073
0.00531792
0.00692565
0.00865223
0.0107119
0.0128978
0.0154086
0.0180458
0.020988
0.0240482
0.0273811
0.0308138
0.0344742
0.0382061
0.042108
0.0460426
0.0500784
0.0540989
0.0581423
0.0621155
0.0660265
0.069809
0.0734416
0.0768875
0.0800976
0.0830681
0.0857234
0.0880953
0.0900846
0.0917596
0.0930004
0.093912
0.0943571
0.0944749
0.0941155
0.0934371
0.0922994
0.0908114
0.0887883
0.0864769
0.0835895
0.0805444
0.0769908
0.0733986
0.0694202
0.0654991
0.0613403
0.0572982
0.0531607
0.0491701
0.0451972
0.0413973
0.0377025
0.0342164
0.0309138
0.0278693
0.0250834
0.0225666
0.0203886
0.0192636
0.00169628
0.00177013
0.00193716
0.00211107
0.00235197
0.00257454
0.00286671
0.00311941
0.00342928
0.0036824
0.00397677
0.00420492
0.00445917
0.00464037
0.00483058
0.00493837
0.0050268
0.00502525
0.00496184
0.00481577
0.00456104
0.00425942
0.00381339
0.00339869
0.00284698
0.00240573
0.00186297
0.00147099
0.00099929
0.000714147
0.000375457
0.000252546
0.000109037
0.000202912
0.000314629
0.000676702
0.00109908
0.00177549
0.00255707
0.00358665
0.00476691
0.00617912
0.00778623
0.00959897
0.0116475
0.0138649
0.0163533
0.0189632
0.0218715
0.0248438
0.0281315
0.0314161
0.0350207
0.0385473
0.0423839
0.0460619
0.0500249
0.0537459
0.0577111
0.061353
0.0651836
0.0686156
0.0721685
0.0752588
0.0783934
0.0810171
0.0836044
0.085652
0.0875834
0.0889688
0.0901644
0.0908313
0.0912455
0.0911715
0.0907946
0.0899765
0.0888431
0.0872355
0.0852306
0.0827859
0.0799433
0.0767752
0.0732932
0.0696373
0.0657536
0.06186
0.0578113
0.0538932
0.0498724
0.0460851
0.0422293
0.0386856
0.035105
0.0319029
0.028708
0.0259517
0.0232536
0.0210065
0.0189614
0.0179689
0.00144726
0.00152074
0.00162959
0.0017993
0.00196803
0.00218104
0.00238088
0.00262043
0.00282779
0.00306539
0.0032557
0.00346653
0.00362146
0.00378363
0.00388544
0.0039732
0.00399606
0.00397571
0.0038895
0.00372906
0.00351624
0.00320705
0.00288147
0.00246601
0.00209158
0.00165084
0.00131086
0.000919333
0.000663905
0.000379092
0.000259069
0.0001363
0.00020195
0.000295717
0.000595358
0.000957012
0.00153502
0.00221065
0.00310555
0.00413395
0.00537651
0.00678709
0.00839827
0.0102089
0.0121978
0.0144125
0.0167739
0.0193808
0.0220932
0.0250621
0.0280863
0.0313671
0.0346446
0.038167
0.0416203
0.045294
0.0488277
0.0525445
0.0560485
0.0596862
0.06304
0.0664681
0.069547
0.0726338
0.0753162
0.0779368
0.080112
0.0821573
0.0837334
0.0851172
0.086028
0.0866941
0.0869039
0.08683
0.0863334
0.0855162
0.0843282
0.0827285
0.0807147
0.0783058
0.0754946
0.0723853
0.0689982
0.0654153
0.0617106
0.0578945
0.0541081
0.0502653
0.0465715
0.0428547
0.0393649
0.0358863
0.0326851
0.0295405
0.0267157
0.0240042
0.0216387
0.0194135
0.0177308
0.0167408
0.00122316
0.00128215
0.00138549
0.00152113
0.00166381
0.00183351
0.00200187
0.00219049
0.00236185
0.00254568
0.00269816
0.00285682
0.00297427
0.00309
0.00315762
0.00320988
0.0032064
0.00316944
0.00307024
0.00292176
0.00271443
0.0024527
0.0021525
0.00181669
0.00148619
0.00114491
0.0008581
0.000572817
0.000375045
0.000195551
0.000133752
0.000108417
0.000229583
0.000405994
0.000755199
0.00117817
0.00179673
0.00250644
0.00343013
0.00446027
0.00571751
0.00709334
0.00870319
0.0104395
0.0124097
0.0145087
0.0168332
0.0192824
0.0219396
0.0247098
0.0276609
0.0307048
0.0338926
0.0371444
0.0404935
0.0438693
0.0472872
0.0506875
0.0540676
0.0573804
0.0606065
0.0637129
0.0666648
0.0694454
0.0720061
0.0743485
0.076412
0.0782182
0.0796966
0.0808902
0.0817207
0.0822528
0.0824025
0.0822552
0.0817238
0.0808949
0.0797104
0.0781553
0.0761532
0.0738331
0.0710365
0.0680652
0.0647187
0.0613264
0.0576947
0.0541161
0.0504348
0.0468622
0.0432973
0.039866
0.0365167
0.0333232
0.0302635
0.0273904
0.0246985
0.0222316
0.0199898
0.0179766
0.0162337
0.0153386
0.00104448
0.00108513
0.00118547
0.00127911
0.00141444
0.0015296
0.00168798
0.00181284
0.00197259
0.00208961
0.0022298
0.002324
0.00242867
0.00248746
0.00254184
0.00255177
0.00253574
0.00248143
0.00237271
0.00224378
0.00203225
0.00183524
0.00153784
0.00130656
0.000983805
0.000770669
0.000490631
0.000342268
0.000150916
0.000107191
5.09713e-05
0.000151297
0.000276673
0.000559746
0.000911288
0.00141351
0.00203208
0.00278603
0.003707
0.00473978
0.00599124
0.00732281
0.00892359
0.0105648
0.0125224
0.014473
0.0167815
0.0190283
0.0216661
0.0241811
0.0271096
0.029849
0.0330114
0.0359153
0.0392367
0.0422297
0.0456183
0.0486117
0.051962
0.054857
0.0580536
0.0607464
0.0636702
0.0660572
0.0685925
0.0705769
0.0726187
0.0741172
0.0755787
0.0765273
0.0773463
0.0777056
0.0778497
0.0776076
0.077076
0.0762317
0.0750579
0.073557
0.0715855
0.0693681
0.0666313
0.0638175
0.0605524
0.0573779
0.0538386
0.0505351
0.046947
0.0436935
0.0402162
0.0371281
0.0338591
0.0310121
0.0280252
0.0254836
0.0228548
0.0206874
0.0184941
0.0167365
0.0150347
0.0142599
0.000925748
0.000966219
0.00102799
0.00111948
0.00121793
0.00132818
0.00143878
0.00155686
0.00166592
0.001775
0.00186713
0.00195258
0.00201575
0.00206513
0.00208821
0.00208849
0.00205838
0.00199535
0.00190048
0.00176523
0.00160475
0.00140466
0.00119763
0.00096611
0.000754307
0.000541367
0.000374661
0.000226435
0.000143749
0.000100064
0.000139738
0.000239971
0.000439875
0.000722687
0.00111925
0.00162101
0.00224772
0.00300097
0.0038868
0.00491863
0.00608647
0.00741681
0.0088816
0.0105213
0.0122881
0.014237
0.0162992
0.0185439
0.0208811
0.0233938
0.0259708
0.0287077
0.0314734
0.0343746
0.0372626
0.0402528
0.0431826
0.0461732
0.0490529
0.0519453
0.0546757
0.057366
0.0598455
0.0622302
0.0643609
0.0663435
0.0680375
0.0695347
0.0707203
0.0716681
0.0722952
0.0726541
0.0726978
0.072456
0.0719117
0.0710682
0.0699462
0.0684534
0.0666421
0.064463
0.0620054
0.0592526
0.0563394
0.0532375
0.0500955
0.0468652
0.0436932
0.0405073
0.0374463
0.0344188
0.031554
0.0287607
0.0261541
0.0236582
0.0213728
0.0192393
0.0173216
0.01558
0.0143264
0.0135531
0.000789049
0.000827494
0.000881337
0.000967044
0.00103753
0.00113959
0.00121832
0.0013265
0.00140085
0.00149938
0.00155757
0.00163279
0.00166633
0.00170648
0.00170832
0.00170123
0.001663
0.00159589
0.00151077
0.0013764
0.00124693
0.00105342
0.000897581
0.000677381
0.000532432
0.000332573
0.000237903
0.000102065
8.81997e-05
5.48789e-05
0.000153579
0.000260896
0.000504051
0.000789453
0.00120783
0.00170657
0.00232857
0.00307222
0.00392254
0.0049374
0.0060356
0.007341
0.00869977
0.0103062
0.0119296
0.0138368
0.0157181
0.017913
0.0200334
0.0224887
0.0248158
0.0274886
0.0299756
0.0328073
0.0353939
0.0383108
0.040924
0.0438394
0.0463965
0.0492143
0.0516263
0.054245
0.0564215
0.0587405
0.060595
0.0625201
0.0639755
0.065426
0.06642
0.067334
0.0678239
0.0681633
0.0681295
0.0678831
0.0673307
0.066498
0.0654532
0.0639914
0.0623008
0.0601876
0.0578729
0.0552158
0.0524952
0.0495079
0.0466063
0.0434976
0.0406033
0.037537
0.034772
0.0318572
0.0292864
0.0265967
0.0242664
0.0218626
0.0198239
0.0177668
0.0160732
0.0143883
0.0130668
0.0123138
0.000696326
0.000725218
0.000778427
0.000842781
0.000910642
0.000986496
0.00106109
0.00113984
0.00120916
0.00127858
0.00133125
0.00138101
0.00140865
0.00143022
0.00142593
0.00141086
0.00136684
0.00130692
0.00121719
0.00110936
0.000977137
0.000830608
0.000673947
0.000515775
0.000370933
0.000238699
0.000144104
7.25004e-05
5.86461e-05
7.93608e-05
0.000177983
0.000322712
0.000565674
0.00086566
0.0012837
0.0017685
0.00239
0.0030862
0.00393585
0.0048657
0.00596304
0.00714292
0.00850061
0.0099393
0.0115613
0.0132582
0.015138
0.017081
0.0191997
0.0213642
0.0236894
0.0260371
0.0285222
0.0310009
0.0335854
0.0361296
0.0387407
0.041274
0.0438291
0.046267
0.0486771
0.0509314
0.0531063
0.0550898
0.0569429
0.058575
0.0600293
0.0612414
0.0622346
0.0629751
0.0634647
0.0637026
0.0636689
0.0633971
0.0628452
0.0620656
0.0610218
0.0596949
0.0580238
0.0561168
0.0538456
0.0514613
0.0487986
0.0461325
0.0432937
0.040534
0.0377
0.0349907
0.0322803
0.0297139
0.0271918
0.0248287
0.0225414
0.0204318
0.0184281
0.0166234
0.0149526
0.0134768
0.0121614
0.0115037
0.000610594
0.000630634
0.000683693
0.000728109
0.000793631
0.00084472
0.000915851
0.000966982
0.00103193
0.00107411
0.001122
0.00114786
0.00117046
0.00117439
0.00116475
0.00114196
0.00109257
0.00103931
0.000945326
0.000862062
0.000727295
0.000624269
0.000466848
0.000366119
0.000221375
0.000151765
5.72392e-05
4.51217e-05
3.12775e-05
0.000102033
0.000200583
0.000379957
0.000622741
0.000936232
0.00135397
0.00182584
0.00244689
0.00309914
0.00394817
0.00479931
0.00589584
0.00695949
0.00831619
0.00959951
0.0112204
0.0127223
0.0146007
0.0163104
0.0184276
0.0203229
0.0226464
0.024693
0.0271763
0.029328
0.0319106
0.0341097
0.0367189
0.0388983
0.0414515
0.0435377
0.045946
0.0478629
0.0500361
0.0517091
0.0535608
0.0549216
0.0563748
0.0573662
0.0583587
0.0589385
0.0594277
0.0595718
0.0595381
0.0592428
0.0586913
0.057961
0.0569182
0.0557161
0.0540631
0.0523471
0.0501161
0.0479844
0.0453754
0.0430067
0.0402261
0.0377891
0.0350115
0.0326323
0.0299728
0.0277288
0.0252521
0.0231915
0.0209439
0.0191071
0.0171356
0.0155654
0.0139171
0.0126338
0.0113243
0.0107549
0.000558496
0.000578462
0.000613244
0.000656698
0.000706847
0.000755488
0.000808012
0.000855628
0.000902467
0.000940579
0.000973279
0.000994804
0.00100697
0.00100641
0.000992915
0.000965662
0.000921856
0.000864665
0.000788676
0.000702989
0.000600244
0.000496478
0.000383232
0.000282868
0.000186103
0.0001167
6.5642e-05
5.3685e-05
7.47737e-05
0.000145609
0.000265563
0.000444905
0.000690516
0.00100383
0.00140108
0.0018726
0.0024456
0.00309729
0.00386711
0.00471747
0.00570084
0.00676348
0.00797121
0.00925327
0.0106886
0.012189
0.0138459
0.0155538
0.0174153
0.0193086
0.0213456
0.0233901
0.0255613
0.0277106
0.0299624
0.032159
0.034427
0.036604
0.0388157
0.0408996
0.0429775
0.0448922
0.0467582
0.0484292
0.050009
0.0513683
0.0525965
0.0535867
0.0544113
0.0549903
0.0553762
0.05552
0.0554524
0.0551573
0.0546374
0.0539076
0.0529502
0.0517551
0.0502801
0.0485942
0.0466422
0.0445574
0.0422812
0.039967
0.03754
0.0351578
0.0327277
0.0303989
0.0280672
0.0258682
0.0236946
0.0216738
0.0197006
0.0178973
0.0161661
0.0146198
0.0131601
0.0118871
0.010902
0.0103335
0.000499009
0.000518893
0.000546005
0.000588542
0.000625481
0.000672076
0.000709673
0.000754599
0.000786365
0.000821454
0.000841109
0.000859434
0.000862547
0.000858684
0.000842024
0.00081155
0.000772561
0.000712632
0.000651357
0.000563831
0.000486271
0.000381695
0.000301934
0.000201524
0.000141179
7.18201e-05
5.41741e-05
4.22247e-05
8.86534e-05
0.000159444
0.0002921
0.000471328
0.000712579
0.00102569
0.00139739
0.00186862
0.00239124
0.00304252
0.00373415
0.00458397
0.00545917
0.00652113
0.00758946
0.00887071
0.0101352
0.0116347
0.0130901
0.014797
0.0164285
0.0183206
0.0201027
0.0221459
0.0240415
0.0261896
0.0281512
0.0303465
0.0323171
0.0344927
0.0364081
0.0384907
0.0402828
0.0421963
0.0437969
0.0454669
0.0468118
0.0481702
0.0492035
0.0501931
0.050871
0.0514496
0.0517435
0.0518872
0.0517863
0.0514913
0.0510003
0.050271
0.0494075
0.0482178
0.0469024
0.0452426
0.0435073
0.0414639
0.0394503
0.0371852
0.0350469
0.032714
0.0305803
0.0282967
0.0262543
0.0240955
0.0221927
0.0202076
0.0184785
0.0167056
0.0151851
0.0136617
0.0123789
0.0111165
0.0101912
0.00962381
0.000447043
0.000465453
0.000489926
0.000528976
0.000557377
0.000599721
0.000627738
0.000667996
0.000689925
0.000720599
0.000731478
0.000746278
0.000742825
0.000736848
0.000717014
0.000686319
0.000648876
0.000591161
0.000537263
0.00045475
0.000390659
0.000293612
0.000232127
0.000140586
0.000100523
3.964e-05
4.0352e-05
3.47868e-05
9.47514e-05
0.000168498
0.000307173
0.000484617
0.000721803
0.00102713
0.00138229
0.00183856
0.00233006
0.00295824
0.00360249
0.00442025
0.00523058
0.00625101
0.00723636
0.00846636
0.0096297
0.0110683
0.0124051
0.014042
0.0155387
0.0173526
0.0189855
0.0209436
0.0226787
0.0247363
0.0265294
0.0286312
0.0304294
0.0325111
0.0342549
0.036246
0.0378728
0.0397002
0.0411475
0.04274
0.0439492
0.0452419
0.0461625
0.0471008
0.0476937
0.0482378
0.048478
0.0486056
0.0484845
0.0481925
0.0477185
0.0470119
0.0462078
0.0450642
0.0438481
0.0422653
0.0406619
0.0387211
0.0368704
0.0347223
0.0327657
0.0305534
0.0286081
0.0264411
0.0245831
0.0225329
0.0208029
0.0189159
0.0173428
0.0156556
0.0142696
0.0128171
0.0116483
0.0104414
0.00950312
0.00895845
0.000409465
0.000424232
0.000448452
0.000479668
0.000507023
0.00054038
0.000566786
0.000597661
0.000617688
0.000640017
0.000648872
0.000657712
0.000652174
0.000643852
0.000621948
0.000593745
0.000554451
0.000505217
0.000449952
0.00038243
0.000317599
0.000241123
0.000179449
0.000111065
7.1023e-05
3.18415e-05
3.2553e-05
4.33723e-05
0.000103305
0.00018471
0.000323311
0.000496343
0.000733401
0.00101902
0.00137399
0.00179232
0.00228356
0.002853
0.0034969
0.00423315
0.00504305
0.00595781
0.00694263
0.00804223
0.00920495
0.0104887
0.0118248
0.0132836
0.0147795
0.0163943
0.0180263
0.0197676
0.0215018
0.0233294
0.0251215
0.0269856
0.0287828
0.0306254
0.0323683
0.0341262
0.0357522
0.0373603
0.0388068
0.0402021
0.0414106
0.0425359
0.043456
0.0442638
0.0448563
0.0453126
0.0455527
0.045639
0.045518
0.0452332
0.0447595
0.0441102
0.0433067
0.0422757
0.0410721
0.0396529
0.0380772
0.0363447
0.0345307
0.0326176
0.0307005
0.0287325
0.0268247
0.0248978
0.0230732
0.0212492
0.0195489
0.017868
0.0163207
0.0148147
0.0134496
0.0121491
0.0109937
0.00991057
0.00897579
0.00848711
0.000374665
0.00038606
0.000410044
0.000434005
0.000460392
0.000485427
0.00051034
0.000532527
0.000550791
0.000565393
0.000572373
0.000575694
0.000568226
0.000557731
0.00053391
0.000508014
0.000467008
0.000425627
0.000369096
0.000315457
0.00024994
0.000192515
0.000130666
8.3728e-05
4.37042e-05
2.46195e-05
2.53307e-05
5.1323e-05
0.000111225
0.000199723
0.000338254
0.000507202
0.000744141
0.00101152
0.00136631
0.0017495
0.00224049
0.00275555
0.00339913
0.00405988
0.00486937
0.00568629
0.00667061
0.00764946
0.0088116
0.00995198
0.0112874
0.0125812
0.0140764
0.0155068
0.0171381
0.0186787
0.0204119
0.0220266
0.0238178
0.0254616
0.0272579
0.0288791
0.0306211
0.0321632
0.0337883
0.0351935
0.0366392
0.0378518
0.0390598
0.04003
0.0409496
0.0416366
0.0422288
0.0426037
0.0428436
0.0428917
0.0427708
0.0424926
0.0420192
0.0414231
0.0406201
0.0396935
0.0385014
0.0372337
0.0356837
0.034144
0.032364
0.0306685
0.0287879
0.0270463
0.0251732
0.0234685
0.0216749
0.0200605
0.0183876
0.0168975
0.0153742
0.014036
0.0126902
0.0115305
0.0103874
0.009419
0.00848746
0.00805062
0.000343301
0.000351788
0.000375302
0.00039285
0.000418225
0.000435597
0.00045928
0.000473365
0.000490333
0.000497605
0.00050341
0.000501234
0.000492779
0.000479605
0.000454994
0.0004303
0.000388802
0.000353555
0.000296993
0.000254928
0.000189902
0.000148766
8.78643e-05
5.94386e-05
2.04957e-05
1.87018e-05
2.01127e-05
5.91581e-05
0.000119304
0.000213901
0.000352038
0.000517465
0.000753189
0.00100486
0.00135744
0.00171039
0.00219802
0.00266627
0.0033052
0.00390099
0.00470444
0.00543715
0.00641398
0.00728891
0.00844208
0.00945904
0.010784
0.011936
0.0134194
0.0146912
0.0163095
0.0176774
0.0193968
0.0208282
0.022605
0.0240593
0.0258409
0.0272715
0.0289992
0.0303555
0.0319669
0.0331974
0.0346306
0.0356861
0.0368832
0.03772
0.038631
0.039214
0.0398001
0.040105
0.0403417
0.040357
0.0402358
0.0399634
0.0394926
0.0389422
0.0381435
0.0373075
0.0361324
0.034998
0.0334801
0.0321107
0.0303714
0.0288684
0.027031
0.0254896
0.0236575
0.0221495
0.0203927
0.0189636
0.0173233
0.0160023
0.0145077
0.0133182
0.0119964
0.010961
0.00983618
0.00896674
0.00805005
0.00765787
0.000323799
0.00033226
0.000349834
0.000367033
0.000387771
0.000404373
0.00042302
0.000436107
0.000448724
0.000454906
0.000457866
0.000454583
0.000445425
0.000431162
0.000408542
0.000382853
0.000346627
0.000310603
0.000262955
0.000220434
0.000167531
0.00012624
7.90866e-05
5.06614e-05
2.43573e-05
2.25641e-05
3.31131e-05
7.21418e-05
0.000135805
0.000230362
0.000364126
0.000529482
0.000750679
0.00100224
0.00132798
0.00168078
0.00212731
0.00259536
0.00317726
0.00377279
0.004502
0.00523439
0.00611895
0.0069935
0.00803617
0.0090527
0.0102494
0.0114009
0.0127395
0.0140108
0.0154699
0.0168372
0.0183861
0.0198168
0.0214156
0.0228693
0.0244701
0.0259001
0.0274496
0.0288053
0.0302472
0.0314771
0.0327556
0.0338106
0.034874
0.0357104
0.0365143
0.037097
0.0376074
0.0379121
0.0381081
0.0381233
0.0379982
0.037726
0.0372869
0.0367367
0.0360014
0.0351687
0.0341047
0.0329859
0.0316274
0.0302825
0.0287288
0.0272544
0.0256113
0.0240981
0.0224555
0.0209731
0.0193935
0.0179868
0.0165084
0.0152069
0.0138567
0.0126835
0.0114859
0.0104625
0.00943595
0.00857194
0.00781265
0.00742092
0.000305527
0.000313963
0.000326245
0.000343123
0.000359592
0.000375483
0.000389506
0.00040167
0.000410287
0.000415463
0.000415809
0.000411503
0.000401704
0.000386437
0.000365653
0.000339045
0.000307669
0.000270929
0.000231472
0.000188529
0.000146755
0.000105319
7.07624e-05
4.23374e-05
2.75569e-05
2.57645e-05
4.46159e-05
8.36291e-05
0.000150382
0.000244901
0.000374443
0.000539733
0.000747303
0.000998767
0.00129949
0.00165215
0.00206046
0.00252833
0.00305729
0.00365258
0.00431294
0.00504504
0.00584412
0.00671832
0.00765869
0.00867481
0.00975288
0.0109039
0.0121086
0.0133794
0.0146915
0.0160582
0.0174496
0.0188797
0.0203141
0.0217672
0.0232011
0.0246305
0.0260156
0.0273708
0.0286562
0.0298856
0.0310214
0.032076
0.0330159
0.033852
0.034557
0.0351394
0.0355799
0.0358845
0.0360427
0.0360579
0.0359292
0.035657
0.0352472
0.0346973
0.0340204
0.0331907
0.0322294
0.031125
0.0299134
0.0285911
0.0272084
0.0257604
0.0242964
0.0228094
0.0213417
0.0198829
0.018467
0.0170811
0.0157523
0.014469
0.0132521
0.0120941
0.011011
0.00999874
0.0090628
0.00820384
0.007583
0.00719169
0.000285092
0.000293501
0.000304363
0.000320942
0.000333887
0.000349129
0.000359636
0.000370978
0.000376512
0.000380803
0.000379122
0.000373923
0.000363701
0.000347559
0.000328401
0.000300993
0.000273591
0.000236223
0.000203103
0.00015978
0.000126206
8.46258e-05
5.89338e-05
3.05035e-05
2.35059e-05
2.17141e-05
4.52742e-05
8.42729e-05
0.000150744
0.000245228
0.000367632
0.000532861
0.000724598
0.000975968
0.00125043
0.00160296
0.00197307
0.00244076
0.00291833
0.0035134
0.00410833
0.00484016
0.00555938
0.00643326
0.00727948
0.00829523
0.00926555
0.0104161
0.0115008
0.0127711
0.0139527
0.015319
0.016572
0.0180016
0.0192927
0.0207453
0.0220348
0.0234637
0.0247071
0.0260618
0.0272129
0.0284418
0.0294551
0.0305093
0.0313431
0.0321789
0.0327985
0.0333807
0.0337601
0.0340646
0.0341889
0.0342041
0.0340701
0.033798
0.0334132
0.0328635
0.0322442
0.0314171
0.0305457
0.0294542
0.0283601
0.0270584
0.0258147
0.0243909
0.0230763
0.0216136
0.0202959
0.0188593
0.0175872
0.0162211
0.015025
0.0137592
0.0126605
0.0115176
0.0105358
0.0095348
0.00868437
0.00783055
0.00720779
0.00681705
0.000266169
0.000274553
0.000284098
0.000300401
0.000310082
0.000324724
0.000331974
0.000342556
0.000345233
0.000348705
0.000345147
0.000339121
0.000328508
0.000311556
0.000293903
0.000265755
0.000242033
0.000204083
0.000176833
0.000133158
0.000107176
6.54629e-05
4.79798e-05
1.95446e-05
1.97544e-05
1.79633e-05
4.58837e-05
8.48692e-05
0.00015108
0.000245532
0.000361324
0.000526497
0.000703571
0.000954855
0.001205
0.00155741
0.00189213
0.00235967
0.00278964
0.00338451
0.00391885
0.00465043
0.0052957
0.00616928
0.00692831
0.00794371
0.00881424
0.00996441
0.0109379
0.0122078
0.0132686
0.0146344
0.0157593
0.0171884
0.0183469
0.019799
0.0209547
0.0223831
0.0234954
0.0248496
0.0258762
0.0271048
0.0280046
0.0290584
0.029794
0.0306295
0.03117
0.0317521
0.0320749
0.0323793
0.0324721
0.0324873
0.0323484
0.0320765
0.0317148
0.0311653
0.0305993
0.0297747
0.0289865
0.0279069
0.0269218
0.0256391
0.0245241
0.0231227
0.0219463
0.0205061
0.0193274
0.0179115
0.0167725
0.0154247
0.0143514
0.0131018
0.0121127
0.0109836
0.0100958
0.00910518
0.00833393
0.00748486
0.00686031
0.00647012
0.000254811
0.000262736
0.000271797
0.000287292
0.000295247
0.000309189
0.000314501
0.000324466
0.000325284
0.000328361
0.000323287
0.000317263
0.000305635
0.000289217
0.00027121
0.000244202
0.000220981
0.000184809
0.00015902
0.000117703
9.40156e-05
5.50234e-05
4.02441e-05
1.44856e-05
1.7128e-05
1.74773e-05
4.68429e-05
8.6878e-05
0.000152989
0.000246879
0.000360448
0.000522926
0.000695085
0.000941035
0.00118304
0.00152701
0.00184989
0.00230547
0.00271953
0.00329862
0.0038127
0.00452446
0.005145
0.00599466
0.00672452
0.00771196
0.00854911
0.00966752
0.0106039
0.0118386
0.012859
0.0141868
0.0152688
0.016658
0.0177722
0.0191833
0.0202943
0.0216819
0.0227503
0.024065
0.02505
0.0262418
0.0271037
0.0281248
0.0288276
0.0296357
0.0301497
0.0307109
0.0310149
0.0313059
0.0313882
0.0313981
0.0312576
0.0309886
0.0306348
0.0300969
0.0295455
0.0287409
0.0279869
0.0269327
0.0260011
0.0247484
0.0236996
0.0223302
0.0212256
0.0198175
0.0187098
0.0173251
0.0162524
0.0149341
0.0139213
0.0126985
0.011764
0.0106579
0.00981722
0.00884585
0.00811225
0.00728127
0.00665714
0.00627619
0.00024743
0.00025468
0.00026369
0.00027778
0.000285526
0.000297964
0.000302967
0.00031149
0.000311956
0.000313919
0.000308481
0.000301914
0.000289922
0.000273739
0.000255385
0.000229567
0.000206053
0.000172127
0.000146138
0.000108058
8.42744e-05
4.91681e-05
3.43684e-05
1.24947e-05
1.51362e-05
1.85791e-05
4.79361e-05
8.94949e-05
0.000155587
0.00024868
0.000362216
0.000520825
0.000692933
0.000931213
0.00117315
0.00150497
0.00182776
0.00226615
0.00268008
0.00323647
0.00375039
0.00443364
0.005054
0.00586922
0.00659887
0.00754605
0.00838296
0.00945563
0.0103917
0.0115758
0.0125959
0.0138691
0.0149508
0.0162826
0.0173964
0.0187486
0.0198593
0.021188
0.0222561
0.023514
0.0244987
0.0256375
0.0264992
0.0274731
0.0281757
0.0289444
0.0294583
0.0299895
0.0302934
0.030565
0.0306473
0.0306495
0.030509
0.0302443
0.0298906
0.0293693
0.0288182
0.028044
0.0272932
0.0262821
0.0253572
0.0241586
0.0231186
0.0218097
0.0207146
0.0193688
0.0182701
0.016946
0.0158813
0.0146197
0.0136139
0.0124423
0.0115139
0.0104525
0.00961685
0.00868291
0.00795266
0.00715196
0.00652875
0.00616141
0.000240595
0.00024722
0.000256183
0.000268971
0.000276524
0.000287568
0.000292286
0.000299473
0.000299613
0.000300545
0.00029477
0.000287699
0.00027537
0.000259406
0.00024073
0.000216014
0.000192228
0.000160383
0.000134209
9.91266e-05
7.52535e-05
4.37457e-05
2.89272e-05
1.06509e-05
1.32916e-05
1.95995e-05
4.89485e-05
9.19184e-05
0.000157992
0.000250348
0.000363853
0.000518879
0.000690941
0.000922118
0.00116399
0.00148457
0.00180727
0.00222973
0.00264355
0.00317891
0.0036927
0.00434954
0.00496973
0.00575306
0.0064825
0.00739241
0.00822909
0.00925942
0.0101952
0.0113325
0.0123523
0.013575
0.0146564
0.0159349
0.0170484
0.0183461
0.0194564
0.0207307
0.0217985
0.0230037
0.0239882
0.025078
0.0259393
0.0268696
0.027572
0.0283042
0.028818
0.0293213
0.0296251
0.0298789
0.0299612
0.0299562
0.0298158
0.0295551
0.0292014
0.0286956
0.0281447
0.0273987
0.0266507
0.0256795
0.0247609
0.0236124
0.0225806
0.0213277
0.0202414
0.0189532
0.0178629
0.0165949
0.0155376
0.0143284
0.0133291
0.012205
0.0112822
0.0102624
0.0094313
0.00853203
0.00780487
0.0070322
0.00640986
0.00605512
0.000234266
0.000240312
0.000249231
0.000260813
0.000268188
0.000277941
0.000282395
0.000288344
0.000288182
0.00028816
0.000282072
0.000274536
0.000261895
0.000246133
0.000227158
0.000203463
0.000179425
0.000149507
0.000123161
9.08553e-05
6.68996e-05
3.87242e-05
2.38883e-05
8.94346e-06
1.15834e-05
2.05444e-05
4.9886e-05
9.41627e-05
0.00016022
0.000251893
0.000365369
0.000517077
0.000689096
0.000913695
0.0011555
0.00146567
0.00178829
0.00219601
0.00260972
0.00312561
0.00363927
0.00427166
0.00489169
0.00564548
0.00637475
0.00725013
0.0080866
0.00907771
0.0100133
0.0111071
0.0121267
0.0133026
0.0143837
0.0156129
0.0167262
0.0179732
0.0190833
0.0203072
0.0213747
0.0225312
0.0235154
0.0245598
0.0254209
0.0263108
0.027013
0.0277114
0.028225
0.0287026
0.0290063
0.0292435
0.0293257
0.0293142
0.0291738
0.0289168
0.0285632
0.0280717
0.0275209
0.0268011
0.0260558
0.0251216
0.0242087
0.0231066
0.0220824
0.0208813
0.0198031
0.0185684
0.0174859
0.0162698
0.0152194
0.0140588
0.0130654
0.0119852
0.0110676
0.0100863
0.00925946
0.0083923
0.007668
0.0069213
0.00629975
0.00595669
0.000228404
0.000233914
0.000242793
0.000253258
0.000260468
0.000269026
0.000273235
0.000278038
0.000277597
0.00027669
0.000270314
0.000262345
0.000249415
0.000233841
0.00021459
0.00019184
0.000167569
0.000139435
0.00011293
8.31956e-05
5.91634e-05
3.4074e-05
1.9222e-05
7.36227e-06
1.00015e-05
2.14195e-05
5.07543e-05
9.6241e-05
0.000162283
0.000253323
0.000366773
0.000515409
0.000687387
0.000905895
0.00114765
0.00144817
0.00177071
0.00216478
0.0025784
0.00307625
0.00358979
0.00419953
0.00481942
0.00554586
0.00627495
0.00711837
0.00795464
0.00890944
0.00984479
0.0108985
0.0119178
0.0130503
0.0141312
0.0153148
0.0164277
0.017628
0.0187378
0.019915
0.0209823
0.0220936
0.0230776
0.0240799
0.0249408
0.0257933
0.0264953
0.0271624
0.0276759
0.0281296
0.0284332
0.0286551
0.0287373
0.0287196
0.0285793
0.0283257
0.0279722
0.027494
0.0269433
0.0262476
0.0255048
0.0246048
0.0236973
0.0226382
0.021621
0.0204679
0.0193973
0.018212
0.0171367
0.0159687
0.0149247
0.013809
0.0128213
0.0117817
0.010869
0.00992319
0.00910033
0.0082629
0.00754125
0.0068186
0.00619779
0.00586554
0.000222976
0.00022799
0.00023683
0.000246262
0.000253318
0.00026077
0.000264752
0.000268495
0.000267795
0.000266069
0.000259424
0.000251056
0.000237859
0.000222457
0.000202952
0.000181076
0.00015659
0.000130108
0.000103456
7.61022e-05
5.19991e-05
2.97677e-05
1.49007e-05
5.89798e-06
8.53658e-06
2.22298e-05
5.15583e-05
9.81657e-05
0.000164193
0.000254648
0.000368074
0.000513863
0.000685805
0.000898672
0.00114037
0.00143196
0.00175444
0.00213585
0.00254938
0.00303054
0.00354397
0.00413274
0.00475249
0.00545361
0.00618254
0.00699635
0.00783244
0.00875361
0.00968876
0.0107052
0.0117243
0.0128167
0.0138973
0.0150386
0.0161514
0.0173083
0.0184178
0.0195518
0.0206189
0.0216884
0.0226721
0.0236354
0.0244962
0.025314
0.0260159
0.0266539
0.0271673
0.0275989
0.0279025
0.0281102
0.0281924
0.028169
0.0280287
0.0277783
0.0274248
0.0269589
0.0264084
0.0257351
0.0249946
0.0241263
0.0232237
0.0222044
0.0211937
0.0200851
0.0190215
0.017882
0.0168133
0.0156899
0.0146518
0.0135777
0.0125951
0.0115933
0.010685
0.00977217
0.00895296
0.00814306
0.00742388
0.00672349
0.00610337
0.00578113
0.00021795
0.000222503
0.000231309
0.000239783
0.000246698
0.000253124
0.000256897
0.000259657
0.000258717
0.000256232
0.00024934
0.000240602
0.000227157
0.000211916
0.000192174
0.000171108
0.000146422
0.00012147
9.46825e-05
6.95333e-05
4.53646e-05
2.57797e-05
1.08989e-05
4.54196e-06
7.17995e-06
2.29803e-05
5.23029e-05
9.99481e-05
0.000165962
0.000255875
0.000369278
0.000512432
0.000684339
0.000891983
0.00113363
0.00141696
0.00173937
0.00210907
0.00252252
0.00298821
0.00350153
0.00407088
0.00469051
0.00536817
0.00609696
0.00688335
0.00771928
0.0086093
0.00954426
0.0105263
0.0115452
0.0126003
0.0136807
0.0147829
0.0158955
0.0170122
0.0181215
0.0192154
0.0202823
0.0213131
0.0222967
0.0232239
0.0240845
0.0248702
0.0255719
0.0261831
0.0266964
0.0271075
0.0274111
0.0276056
0.0276877
0.0276592
0.0275189
0.0272713
0.026918
0.0264634
0.0259131
0.0252605
0.0245221
0.0236832
0.0227852
0.0218027
0.020798
0.0197306
0.0186734
0.0175764
0.0165138
0.0154317
0.014399
0.0133635
0.0123857
0.0114187
0.0105146
0.00963231
0.00881649
0.00803209
0.00731518
0.00663541
0.00601592
0.00570295
0.00021791
0.000222399
0.000230837
0.000238977
0.000246187
0.000252002
0.00025624
0.000258276
0.00025789
0.000254669
0.000248388
0.000238945
0.000226151
0.00021027
0.000191189
0.000169609
0.000145555
0.000120294
9.40786e-05
6.88701e-05
4.52073e-05
2.57769e-05
1.1357e-05
5.25505e-06
8.35293e-06
2.43595e-05
5.41769e-05
0.000101917
0.000168465
0.000258309
0.000372273
0.000515143
0.000687626
0.000894717
0.00113694
0.0014194
0.00174236
0.00211084
0.00252478
0.00298887
0.00350258
0.00406991
0.00468977
0.00536499
0.00609379
0.00687733
0.00771298
0.00859977
0.00953413
0.0105125
0.0115305
0.0125818
0.0136609
0.0147591
0.01587
0.0169826
0.0180902
0.0191799
0.0202449
0.0212717
0.0222535
0.023177
0.024036
0.0248183
0.0255187
0.0261272
0.0266395
0.0270485
0.0273515
0.0275447
0.0276268
0.0275977
0.0274579
0.0272107
0.026858
0.0264046
0.0258528
0.0252043
0.0244618
0.0236351
0.0227289
0.021765
0.020748
0.0197026
0.0186308
0.0175564
0.0164785
0.0154176
0.0143704
0.013354
0.0123631
0.0114131
0.0104974
0.00962996
0.00880443
0.00803165
0.0073081
0.00663451
0.00603773
0.00572609
0.000218365
0.000222854
0.000230756
0.000238894
0.000246043
0.000251856
0.000256009
0.00025804
0.000257591
0.000254361
0.000248053
0.000238599
0.000225823
0.000209929
0.000190922
0.000169331
0.000145427
0.00012016
9.41897e-05
6.89826e-05
4.56641e-05
2.62397e-05
1.22428e-05
6.14308e-06
9.70889e-06
2.57127e-05
5.60439e-05
0.000103776
0.000170879
0.000260707
0.000375255
0.000518101
0.000691184
0.00089824
0.00114107
0.00142347
0.00174701
0.00211543
0.00252989
0.0029939
0.00350802
0.00407526
0.00469537
0.00537048
0.0060993
0.0068827
0.00771809
0.00860472
0.00953848
0.0105167
0.0115337
0.0125848
0.0136626
0.0147606
0.0158699
0.0169824
0.0180881
0.0191777
0.0202408
0.0212674
0.0222473
0.0231707
0.024028
0.0248102
0.0255092
0.0261175
0.0266289
0.0270378
0.0273403
0.0275334
0.0276155
0.0275864
0.027447
0.0271999
0.0268478
0.0263945
0.025843
0.0251946
0.0244536
0.023627
0.0227237
0.0217599
0.020746
0.0197005
0.0186314
0.0175568
0.0164811
0.0154199
0.0143743
0.0133575
0.012368
0.0114175
0.010503
0.00963505
0.00881039
0.00803722
0.0073135
0.00663986
0.00606932
0.0057577
0.000218787
0.000223276
0.00023068
0.000238818
0.000245909
0.000251721
0.000255795
0.000257821
0.000257315
0.000254075
0.000247743
0.000238278
0.000225519
0.000209614
0.000190676
0.000169074
0.000145308
0.000120036
9.42925e-05
6.90868e-05
4.60871e-05
2.66682e-05
1.30631e-05
6.96546e-06
1.09646e-05
2.69659e-05
5.77728e-05
0.000105497
0.000173114
0.000262928
0.000378018
0.00052084
0.00069448
0.000901503
0.00114489
0.00142725
0.00175132
0.00211968
0.00253463
0.00299856
0.00351307
0.00408021
0.00470055
0.00537555
0.0061044
0.00688768
0.00772281
0.0086093
0.0095425
0.0105206
0.0115367
0.0125876
0.0136642
0.014762
0.0158699
0.0169821
0.0180862
0.0191756
0.020237
0.0212634
0.0222416
0.0231648
0.0240206
0.0248027
0.0255004
0.0261086
0.026619
0.0270279
0.0273299
0.027523
0.0276051
0.027576
0.027437
0.0271899
0.0268385
0.0263852
0.025834
0.0251857
0.0244459
0.0236195
0.0227189
0.0217551
0.0207441
0.0196985
0.018632
0.0175571
0.0164835
0.0154219
0.014378
0.0133607
0.0123726
0.0114216
0.0105082
0.00963977
0.0088159
0.00804239
0.00731849
0.00664481
0.00609858
0.00578696
0.000219177
0.000223666
0.00023061
0.000238746
0.000245786
0.000251596
0.000255597
0.000257618
0.000257058
0.000253811
0.000247457
0.000237982
0.000225238
0.000209322
0.000190447
0.000168836
0.000145198
0.00011992
9.43878e-05
6.91833e-05
4.64789e-05
2.7065e-05
1.38227e-05
7.72703e-06
1.21275e-05
2.81264e-05
5.93739e-05
0.000107091
0.000175184
0.000264985
0.000380575
0.000523377
0.000697532
0.000904524
0.00114842
0.00143074
0.00175531
0.00212362
0.00253901
0.00300287
0.00351774
0.0040848
0.00470536
0.00538026
0.00610912
0.00689228
0.00772719
0.00861355
0.00954623
0.0105242
0.0115395
0.0125902
0.0136657
0.0147633
0.0158698
0.0169819
0.0180844
0.0191737
0.0202334
0.0212597
0.0222363
0.0231594
0.0240137
0.0247957
0.0254922
0.0261004
0.0266099
0.0270188
0.0273203
0.0275134
0.0275954
0.0275663
0.0274277
0.0271806
0.0268298
0.0263766
0.0258257
0.0251775
0.0244389
0.0236126
0.0227145
0.0217507
0.0207424
0.0196966
0.0186326
0.0175574
0.0164857
0.0154238
0.0143814
0.0133637
0.0123768
0.0114254
0.010513
0.00964413
0.00882101
0.00804716
0.00732312
0.00664939
0.00612567
0.00581407
0.000219539
0.000224027
0.000230545
0.000238681
0.000245671
0.00025148
0.000255414
0.000257431
0.000256821
0.000253567
0.000247191
0.000237707
0.000224978
0.000209052
0.000190236
0.000168615
0.000145097
0.000119814
9.4476e-05
6.92727e-05
4.68416e-05
2.74325e-05
1.45262e-05
8.4323e-06
1.32044e-05
2.92011e-05
6.08566e-05
0.000108568
0.000177101
0.000266889
0.000382944
0.000525726
0.000700358
0.000907322
0.0011517
0.00143398
0.00175901
0.00212727
0.00254307
0.00300687
0.00352206
0.00408904
0.0047098
0.00538461
0.00611349
0.00689655
0.00773124
0.00861748
0.00954968
0.0105275
0.011542
0.0125926
0.0136671
0.0147645
0.0158698
0.0169817
0.0180828
0.0191719
0.0202301
0.0212563
0.0222314
0.0231544
0.0240073
0.0247892
0.0254847
0.0260927
0.0266015
0.0270103
0.0273114
0.0275044
0.0275864
0.0275573
0.0274191
0.027172
0.0268217
0.0263686
0.0258179
0.0251698
0.0244323
0.0236062
0.0227104
0.0217467
0.0207408
0.0196949
0.0186331
0.0175577
0.0164878
0.0154255
0.0143845
0.0133665
0.0123807
0.0114289
0.0105175
0.00964817
0.00882574
0.00805159
0.00732741
0.00665363
0.00615076
0.00583917
)
;

boundaryField
{
    inlet
    {
        type            cyclic;
    }
    outlet
    {
        type            cyclic;
    }
    top
    {
        type            zeroGradient;
    }
    hills
    {
        type            zeroGradient;
    }
    front
    {
        type            empty;
    }
    back
    {
        type            empty;
    }
}


// ************************************************************************* //
