/*--------------------------------*- C++ -*----------------------------------*\
| =========                 |                                                 |
| \\      /  F ield         | OpenFOAM: The Open Source CFD Toolbox           |
|  \\    /   O peration     | Version:  v2106                                 |
|   \\  /    A nd           | Website:  www.openfoam.com                      |
|    \\/     M anipulation  |                                                 |
\*---------------------------------------------------------------------------*/
FoamFile
{
    version     2.0;
    format      ascii;
    arch        "LSB;label=32;scalar=64";
    class       volScalarField;
    location    "0";
    object      expGpCoeffs42;
}
// * * * * * * * * * * * * * * * * * * * * * * * * * * * * * * * * * * * * * //

dimensions      [0 0 0 0 0 0 0];

internalField   nonuniform List<scalar> 
8000
(
2.52334e-06
5.95694e-06
2.69082e-05
7.44817e-05
0.000221915
0.000480723
0.000954833
0.00163958
0.00252935
0.00361752
0.00475231
0.00591769
0.0069228
0.00775251
0.00829294
0.00854965
0.00856221
0.00833977
0.00803468
0.00765144
0.00732936
0.00707296
0.00690254
0.00682038
0.00674101
0.00665833
0.00650791
0.00628819
0.00599659
0.00563436
0.00521945
0.00475383
0.00426163
0.00374521
0.00323094
0.00272117
0.00223995
0.00178922
0.00138647
0.00103292
0.000736442
0.00049733
0.000312706
0.000181915
9.23427e-05
4.2588e-05
1.33e-05
2.65716e-06
-1.10871e-05
-2.97584e-05
-7.28045e-05
-0.000141653
-0.00024942
-0.000396844
-0.000588176
-0.000823322
-0.00109709
-0.00140857
-0.00174445
-0.00210324
-0.00246634
-0.00283193
-0.0031798
-0.00350818
-0.00379893
-0.00405063
-0.00425031
-0.0043971
-0.00448508
-0.00451404
-0.00448557
-0.0044001
-0.00426575
-0.00408348
-0.00387134
-0.0036315
-0.00340275
-0.00318744
-0.00301175
-0.00287649
-0.00274933
-0.00262986
-0.00245987
-0.00223803
-0.00194999
-0.00159387
-0.00122492
-0.000846582
-0.00053236
-0.000287441
-0.000126317
-4.69229e-05
1.2689e-05
6.0675e-05
0.000143507
0.000269038
0.000399363
0.000511711
0.000578016
0.000606269
2.24684e-06
5.67971e-06
2.36406e-05
7.1169e-05
0.000208153
0.000466634
0.00093387
0.00161821
0.00251654
0.00360475
0.00475689
0.0059228
0.00694318
0.00777366
0.00831728
0.00857462
0.00857599
0.00835378
0.00803399
0.00765073
0.00732001
0.00706357
0.00689788
0.00681574
0.0067457
0.00666303
0.00651426
0.00629456
0.0060017
0.00563951
0.00522263
0.00475707
0.00426249
0.00374614
0.00322948
0.00271978
0.00223658
0.00178591
0.00138195
0.00102844
0.000731698
0.000492616
0.000308689
0.000177914
8.98114e-05
4.00631e-05
1.26723e-05
2.03078e-06
-9.81354e-06
-2.84825e-05
-7.00359e-05
-0.000138875
-0.000245864
-0.000393269
-0.00058468
-0.000819796
-0.00109446
-0.0014059
-0.0017433
-0.00210205
-0.00246699
-0.00283253
-0.0031822
-0.00351054
-0.00380275
-0.00405441
-0.00425498
-0.00440175
-0.00448992
-0.00451889
-0.00448995
-0.0044045
-0.00426917
-0.00408692
-0.00387255
-0.00363274
-0.00339953
-0.00318425
-0.00300844
-0.00287322
-0.00275128
-0.00263179
-0.0024661
-0.00224411
-0.00195442
-0.00159812
-0.00122192
-0.000843549
-0.00052413
-0.000279356
-0.000120834
-4.15757e-05
9.86639e-06
5.79646e-05
0.000140117
0.000265778
0.000403924
0.000516209
0.000580297
0.000608544
1.94827e-06
5.38035e-06
2.01121e-05
6.75918e-05
0.000193292
0.00045142
0.000911233
0.00159514
0.0025027
0.00359095
0.00476185
0.00592831
0.00696518
0.0077965
0.00834356
0.00860159
0.00859087
0.00836891
0.00803324
0.00764998
0.00730992
0.00705343
0.00689286
0.00681072
0.00675076
0.0066681
0.00652111
0.00630145
0.00600721
0.00564508
0.00522606
0.00476056
0.00426342
0.00374713
0.00322791
0.00271827
0.00223295
0.00178234
0.00137706
0.0010236
0.000726575
0.000487526
0.00030435
0.000173594
8.70781e-05
3.73366e-05
1.19944e-05
1.35439e-06
-8.43834e-06
-2.71047e-05
-6.70462e-05
-0.000135876
-0.000242024
-0.000389408
-0.000580905
-0.000815988
-0.00109162
-0.00140302
-0.00174207
-0.00210076
-0.00246768
-0.00283317
-0.0031848
-0.00351309
-0.00380687
-0.0040585
-0.00426002
-0.00440677
-0.00449516
-0.00452412
-0.00449468
-0.00440924
-0.00427285
-0.00409063
-0.00387385
-0.00363407
-0.00339605
-0.0031808
-0.00300487
-0.00286969
-0.00275339
-0.00263387
-0.00247283
-0.00225068
-0.0019592
-0.0016027
-0.00121868
-0.000840274
-0.000515243
-0.000270625
-0.000114914
-3.58017e-05
6.81838e-06
5.50378e-05
0.000136456
0.000262257
0.000408849
0.000521066
0.00058276
0.000611001
1.62587e-06
5.05708e-06
1.63018e-05
6.3729e-05
0.000177245
0.000434991
0.000886789
0.00157022
0.00248776
0.00357605
0.0047672
0.00593427
0.00698895
0.00782116
0.00837194
0.00863071
0.00860693
0.00838525
0.00803243
0.00764916
0.00729903
0.00704249
0.00688744
0.0068053
0.00675623
0.00667358
0.00652852
0.00630889
0.00601317
0.00565109
0.00522977
0.00476434
0.00426442
0.00374821
0.00322621
0.00271665
0.00222902
0.00177848
0.00137178
0.00101838
0.000721042
0.000482029
0.000299666
0.000168929
8.41265e-05
3.43924e-05
1.12624e-05
6.23996e-07
-6.95334e-06
-2.56169e-05
-6.38178e-05
-0.000132638
-0.000237877
-0.000385239
-0.000576828
-0.000811877
-0.00108856
-0.00139991
-0.00174073
-0.00209937
-0.00246843
-0.00283387
-0.0031876
-0.00351584
-0.00381133
-0.00406292
-0.00426547
-0.00441219
-0.00450081
-0.00452977
-0.00449979
-0.00441436
-0.00427683
-0.00409463
-0.00387526
-0.00363551
-0.00339229
-0.00317708
-0.00300102
-0.00286587
-0.00275568
-0.00263612
-0.00248009
-0.00225777
-0.00196436
-0.00160764
-0.00121518
-0.000836737
-0.000505646
-0.000261197
-0.000108521
-2.95667e-05
3.52701e-06
5.18773e-05
0.000132503
0.000258455
0.000414168
0.000526311
0.00058542
0.000613654
1.27772e-06
4.708e-06
1.21874e-05
5.98056e-05
0.000159917
0.00041725
0.000860393
0.00154331
0.00247163
0.00355997
0.00477298
0.0059407
0.0070146
0.00784779
0.00840259
0.00866215
0.00862428
0.00840289
0.00803156
0.00764827
0.00728726
0.00703067
0.00688158
0.00679945
0.00676213
0.00667949
0.00653651
0.00631691
0.00601961
0.00565759
0.00523377
0.00476841
0.0042655
0.00374937
0.00322437
0.00271489
0.00222479
0.00177432
0.00136609
0.00101274
0.000715068
0.000476094
0.000294607
0.000163892
8.09392e-05
3.12132e-05
1.0472e-05
-1.64714e-07
-5.34978e-06
-2.40103e-05
-6.03316e-05
-0.00012914
-0.000233399
-0.000380738
-0.000572426
-0.000807437
-0.00108525
-0.00139655
-0.00173929
-0.00209787
-0.00246924
-0.00283462
-0.00319063
-0.00351881
-0.00381614
-0.00406769
-0.00427134
-0.00441805
-0.00450691
-0.00453586
-0.00450531
-0.00441989
-0.00428112
-0.00409896
-0.00387678
-0.00363707
-0.00338824
-0.00317306
-0.00299685
-0.00286176
-0.00275814
-0.00263855
-0.00248793
-0.00226543
-0.00196994
-0.00161298
-0.0012114
-0.000832918
-0.000495283
-0.000251017
-0.000101618
-2.28338e-05
-2.71475e-08
4.84645e-05
0.000128234
0.00025435
0.000421328
0.000531975
0.000588293
0.000616519
9.32708e-07
4.33759e-06
1.11255e-05
5.70982e-05
0.000147096
0.000402402
0.000833652
0.00151347
0.00245396
0.00354085
0.00477713
0.00594304
0.00703818
0.00787105
0.00843476
0.00869588
0.00864301
0.00842194
0.00803062
0.00764732
0.00727455
0.0070179
0.00687525
0.00679313
0.00677894
0.00669603
0.00655506
0.00633468
0.00603584
0.00567262
0.0052464
0.00477956
0.00427375
0.00375601
0.00322811
0.00271706
0.00222456
0.00177272
0.00136301
0.00100859
0.000710603
0.000470921
0.000290284
0.000159189
7.80265e-05
2.81637e-05
9.73238e-06
-9.33274e-07
-3.80532e-06
-2.25323e-05
-5.70352e-05
-0.000126078
-0.000229386
-0.000377202
-0.000568984
-0.000804731
-0.00108364
-0.00139589
-0.00174047
-0.00210011
-0.00247371
-0.00284015
-0.00319834
-0.00352744
-0.00382654
-0.00407873
-0.00428346
-0.00443049
-0.0045196
-0.00454854
-0.00451742
-0.00443168
-0.00429172
-0.00410898
-0.0038841
-0.00364362
-0.00338386
-0.00316873
-0.00299236
-0.00285731
-0.0027608
-0.00264118
-0.0024964
-0.0022737
-0.00197563
-0.00161837
-0.00120602
-0.000828367
-0.000484086
-0.000240294
-9.437e-05
-1.5646e-05
-2.17359e-06
4.62518e-05
0.00013318
0.000257761
0.000437811
0.000548308
0.000596705
0.000624444
6.26073e-07
3.95082e-06
1.07356e-05
5.41746e-05
0.000144127
0.00038824
0.000819281
0.00147905
0.00241901
0.00349035
0.00472579
0.00589656
0.00699095
0.00785373
0.00841725
0.0087228
0.0086702
0.00848552
0.00809358
0.00772617
0.0073558
0.00710352
0.00697282
0.00689458
0.00689366
0.00680775
0.00666681
0.00643801
0.00613922
0.00576306
0.00533692
0.00485396
0.00434825
0.00381295
0.00328515
0.00275699
0.00226458
0.00179777
0.00138814
0.00102211
0.000724179
0.000476758
0.000296155
0.000160926
7.9779e-05
2.8415e-05
9.98722e-06
-9.94293e-07
-3.8658e-06
-2.33157e-05
-5.78121e-05
-0.000129366
-0.000232654
-0.000385639
-0.000577386
-0.000821143
-0.0011
-0.00142259
-0.0017671
-0.00213832
-0.00251185
-0.00288973
-0.00324785
-0.00358681
-0.00388585
-0.00414517
-0.00434986
-0.00450056
-0.00458965
-0.00461855
-0.00458744
-0.00449825
-0.00435831
-0.00416935
-0.00394451
-0.00369569
-0.00342976
-0.00320476
-0.00302428
-0.00287939
-0.00278296
-0.00264926
-0.00250495
-0.00226629
-0.0019676
-0.00160243
-0.00119031
-0.000816031
-0.000471921
-0.000235956
-9.00812e-05
-1.32097e-05
1.92934e-07
5.59875e-05
0.000142661
0.000275911
0.00045561
0.000568233
0.000616517
0.000643304
2.94957e-07
3.53317e-06
1.03146e-05
5.10176e-05
0.00014092
0.000372947
0.000803762
0.00144189
0.00238126
0.00343582
0.00467036
0.00584637
0.00693995
0.00783504
0.00839833
0.00875187
0.00869989
0.00855965
0.00816893
0.00783055
0.00746132
0.00722297
0.00709279
0.00701846
0.00701754
0.0069284
0.00678749
0.00654959
0.00625086
0.00586073
0.00543467
0.0049343
0.00442869
0.00387444
0.00334675
0.00280011
0.0023078
0.00182482
0.00141528
0.00103671
0.000738838
0.000483061
0.000302495
0.000162802
8.16714e-05
2.86865e-05
1.02624e-05
-1.06018e-06
-3.93111e-06
-2.41616e-05
-5.8651e-05
-0.000132916
-0.000236183
-0.00039475
-0.000586457
-0.000838865
-0.00111766
-0.00145141
-0.00179586
-0.00217958
-0.00255304
-0.00294326
-0.00330131
-0.00365092
-0.00394991
-0.00421693
-0.00442158
-0.00457622
-0.00466529
-0.00469416
-0.00466305
-0.00457012
-0.00443022
-0.00423455
-0.00400975
-0.00375191
-0.00348604
-0.00324937
-0.00306874
-0.00290826
-0.00281154
-0.00265858
-0.00251411
-0.00225753
-0.00195894
-0.00158522
-0.00117335
-0.000802711
-0.000458785
-0.000231271
-8.54499e-05
-1.0579e-05
2.74841e-06
6.65006e-05
0.000152899
0.00029551
0.00047483
0.000589749
0.000637911
0.00066367
-6.25968e-08
3.08217e-06
9.85999e-06
4.76085e-05
0.000137457
0.000356434
0.000787004
0.00140176
0.00234051
0.00337694
0.0046105
0.00579217
0.00688487
0.00781485
0.0083779
0.00878326
0.00873195
0.00863971
0.00825029
0.00794326
0.00757528
0.00735197
0.00722235
0.00715222
0.00715131
0.00705869
0.0069178
0.00667007
0.00637141
0.00596619
0.00554023
0.00502106
0.00451556
0.00394083
0.00341326
0.00284667
0.00235447
0.00185404
0.00144458
0.00105248
0.000754668
0.000489868
0.000309341
0.000164828
8.37149e-05
2.89796e-05
1.05596e-05
-1.13134e-06
-4.00163e-06
-2.50751e-05
-5.95569e-05
-0.00013675
-0.000239995
-0.000404588
-0.000596254
-0.000858002
-0.00113674
-0.00148254
-0.00182691
-0.00222414
-0.00259752
-0.00300106
-0.00335904
-0.00372015
-0.00401907
-0.00429441
-0.00449901
-0.00465792
-0.00474697
-0.0047758
-0.0047447
-0.00464774
-0.00450787
-0.00430494
-0.00408019
-0.00381263
-0.00354681
-0.00329754
-0.00311675
-0.00293944
-0.0028424
-0.00266865
-0.00252399
-0.00224807
-0.00194958
-0.00156664
-0.00115503
-0.000788327
-0.000444599
-0.000226213
-8.0449e-05
-7.73817e-06
5.50792e-06
7.7853e-05
0.000163954
0.000316673
0.000495585
0.000612983
0.000661012
0.000685661
-4.48698e-07
2.59517e-06
9.36906e-06
4.39273e-05
0.000133718
0.000338602
0.000768909
0.00135843
0.0022965
0.00331336
0.00454586
0.00573365
0.0068254
0.00779305
0.00835584
0.00881715
0.00876657
0.00872615
0.00833814
0.00806498
0.00769832
0.00749126
0.00736225
0.00729666
0.00729576
0.00719937
0.00705852
0.00680018
0.00650158
0.00608007
0.00565421
0.00511474
0.00460936
0.00401253
0.00348508
0.00289694
0.00240486
0.00188558
0.00147622
0.0010695
0.000771761
0.000497218
0.000316733
0.000167015
8.59216e-05
2.92961e-05
1.08804e-05
-1.20817e-06
-4.07778e-06
-2.60615e-05
-6.05351e-05
-0.000140889
-0.00024411
-0.000415212
-0.000606832
-0.000878667
-0.00115734
-0.00151615
-0.00186044
-0.00227225
-0.00264554
-0.00306348
-0.00342137
-0.00379491
-0.00409376
-0.00437808
-0.00458263
-0.00474615
-0.00483518
-0.00486396
-0.00483287
-0.00473156
-0.00459172
-0.00438096
-0.00415626
-0.00387819
-0.00361244
-0.00334956
-0.00316859
-0.00297311
-0.00287572
-0.00267952
-0.00253466
-0.00223785
-0.00193947
-0.00154658
-0.00113524
-0.000772794
-0.000429282
-0.00022075
-7.50487e-05
-4.67055e-06
8.48775e-06
9.01119e-05
0.000175892
0.000339526
0.000517996
0.000638072
0.000685958
0.000709409
-8.65625e-07
2.06928e-06
8.83893e-06
3.99521e-05
0.00012968
0.000319346
0.000749369
0.00131164
0.00224898
0.0032447
0.00447606
0.00567045
0.00676118
0.0077695
0.00833202
0.00885376
0.00880396
0.0088195
0.00843301
0.0081964
0.0078312
0.00764167
0.00751332
0.00745264
0.00745174
0.00735128
0.00721047
0.00694067
0.00664215
0.00620304
0.00577729
0.00521591
0.00471066
0.00408996
0.00356264
0.00295124
0.00245928
0.00191965
0.00151039
0.00108788
0.000790219
0.000505154
0.000324716
0.000169377
8.83045e-05
2.96379e-05
1.12269e-05
-1.29114e-06
-4.16002e-06
-2.71266e-05
-6.15915e-05
-0.00014536
-0.000248554
-0.000426684
-0.000618255
-0.000900982
-0.00117958
-0.00155245
-0.00189665
-0.00232421
-0.0026974
-0.00313089
-0.00348868
-0.00387564
-0.00417441
-0.00446843
-0.00467293
-0.00484142
-0.00493042
-0.00495916
-0.00492808
-0.00482207
-0.00468226
-0.00446304
-0.0042384
-0.00394899
-0.0036833
-0.00340573
-0.00322457
-0.00300947
-0.00291171
-0.00269126
-0.00254619
-0.00222682
-0.00192856
-0.00152491
-0.00111388
-0.000756022
-0.000412741
-0.000214852
-6.92172e-05
-1.358e-06
1.17055e-05
0.00010335
0.000188783
0.000364204
0.000542197
0.000665164
0.000712896
0.000735053
-1.31584e-06
1.5014e-06
8.26648e-06
3.56596e-05
0.00012532
0.000298553
0.000728268
0.00126111
0.00219766
0.00317056
0.00440069
0.0056022
0.00669183
0.00774408
0.0083063
0.00889328
0.00884432
0.0089203
0.00853546
0.00833833
0.00797468
0.0078041
0.00767645
0.00762107
0.00762018
0.00751533
0.00737456
0.00709238
0.00679394
0.00633583
0.0059102
0.00532515
0.00482004
0.00417356
0.00364639
0.00300986
0.00251804
0.00195643
0.00154729
0.00110773
0.000810151
0.000513725
0.000333336
0.000171928
9.08776e-05
3.0007e-05
1.16011e-05
-1.38073e-06
-4.24882e-06
-2.82768e-05
-6.27321e-05
-0.000150187
-0.000253353
-0.000439071
-0.00063059
-0.000925078
-0.0012036
-0.00159165
-0.00193575
-0.00238031
-0.0027534
-0.00320368
-0.00356137
-0.00396282
-0.00426151
-0.00456599
-0.00477043
-0.0049443
-0.00503328
-0.00506196
-0.00503088
-0.0049198
-0.00478003
-0.00455168
-0.00432711
-0.00402544
-0.00375982
-0.00346638
-0.00328502
-0.00304873
-0.00295056
-0.00270394
-0.00255863
-0.00221491
-0.00191678
-0.00150151
-0.00109082
-0.00073791
-0.00039488
-0.000208482
-6.29202e-05
2.21902e-06
1.51802e-05
0.000117644
0.000202704
0.000390852
0.000568331
0.000694419
0.000741985
0.000762744
-1.78635e-06
9.65001e-07
1.04629e-05
3.63198e-05
0.000127397
0.00028978
0.000702782
0.00121583
0.0021255
0.00308183
0.00428979
0.00549781
0.00658958
0.00767519
0.00827434
0.00890961
0.00890582
0.00903292
0.00867473
0.00851951
0.0081639
0.00801697
0.0078972
0.00784574
0.00786138
0.0077535
0.0076049
0.00731417
0.00700473
0.00653349
0.00609311
0.00549171
0.00496958
0.0043053
0.00376056
0.00310668
0.0025984
0.00202162
0.00159849
0.00114716
0.000838887
0.000534609
0.000346946
0.000181348
9.58947e-05
3.35017e-05
1.24906e-05
-8.11334e-07
-5.84859e-06
-3.06105e-05
-6.8136e-05
-0.000158136
-0.000266285
-0.000457246
-0.000656134
-0.000958748
-0.00124687
-0.0016454
-0.0020006
-0.00245691
-0.00284145
-0.0033033
-0.00367151
-0.00408296
-0.00439001
-0.00470173
-0.00491152
-0.00508908
-0.00517993
-0.00520858
-0.00517591
-0.00506132
-0.00491691
-0.00468226
-0.00445132
-0.00414119
-0.00385914
-0.00355274
-0.00336093
-0.00310384
-0.00299492
-0.0027246
-0.00256461
-0.00220194
-0.00189291
-0.00146925
-0.00106154
-0.000711769
-0.000379421
-0.000201426
-5.88649e-05
4.16153e-06
2.69561e-05
0.000137543
0.000236137
0.000435246
0.000612662
0.000742439
0.00078539
0.000805536
-2.27723e-06
4.72703e-07
1.29943e-05
3.88836e-05
0.000132607
0.000295254
0.000671878
0.00118445
0.00201167
0.00296543
0.00411168
0.00531575
0.006429
0.00751128
0.00822997
0.00886459
0.00903547
0.00916509
0.00896001
0.00880861
0.00854248
0.00839832
0.00829471
0.00824376
0.00823678
0.00812893
0.00795665
0.00766601
0.00732319
0.0068521
0.00636696
0.00576575
0.00519198
0.00452791
0.00392983
0.00327616
0.00271794
0.00214134
0.00167579
0.0012246
0.000883885
0.000579706
0.000369979
0.000204434
0.000105649
4.3276e-05
1.4392e-05
1.09428e-06
-1.04912e-05
-3.52452e-05
-8.20524e-05
-0.000172024
-0.000295269
-0.000486168
-0.00070741
-0.00100993
-0.00132719
-0.00172558
-0.00211447
-0.00257063
-0.00298994
-0.00345165
-0.00385177
-0.00426308
-0.00459555
-0.00490717
-0.00513321
-0.00531071
-0.00540727
-0.00543591
-0.00539843
-0.00528388
-0.00512537
-0.00489079
-0.00464053
-0.0043305
-0.00402699
-0.00372048
-0.0034859
-0.00322797
-0.00305083
-0.00277978
-0.00255008
-0.00218757
-0.00184062
-0.00141791
-0.0010205
-0.00067151
-0.000371375
-0.000193454
-6.10113e-05
2.14125e-06
5.48215e-05
0.000164625
0.000292341
0.000490006
0.000666166
0.000795224
0.000845838
0.000865911
-2.88296e-06
-1.34439e-07
1.24125e-05
3.83596e-05
0.000130175
0.000293282
0.000638506
0.00115057
0.00188875
0.00283973
0.00391935
0.00511915
0.0062556
0.00733428
0.00818207
0.00881598
0.00917547
0.00930782
0.00926807
0.00912079
0.00895129
0.00881012
0.00872395
0.00867357
0.00864215
0.00853434
0.00833648
0.00804594
0.00766707
0.00719614
0.00666267
0.00606167
0.00543212
0.00476829
0.00411262
0.00345917
0.00284702
0.00227062
0.00175926
0.00130823
0.000932477
0.000628403
0.000394851
0.000229363
0.000116182
5.38308e-05
1.64451e-05
3.15205e-06
-1.55045e-05
-4.02498e-05
-9.708e-05
-0.00018702
-0.000326568
-0.0005174
-0.000762779
-0.00106519
-0.00141391
-0.00181217
-0.00223743
-0.00269344
-0.00315029
-0.00361184
-0.00404641
-0.00445759
-0.00481751
-0.00512902
-0.0053726
-0.00555005
-0.00565276
-0.00568139
-0.00563872
-0.0055242
-0.00535048
-0.00511598
-0.00484484
-0.00453493
-0.00420825
-0.00390161
-0.00362084
-0.00336201
-0.0031112
-0.00283935
-0.0025344
-0.00217205
-0.00178417
-0.00136247
-0.000976187
-0.000628037
-0.000362687
-0.000184845
-6.33291e-05
-4.03348e-08
8.49117e-05
0.000193869
0.000351783
0.000547861
0.000738147
0.000866529
0.000911666
0.000931661
-4.7542e-06
-2.00877e-06
5.74924e-06
3.16048e-05
8.1359e-05
0.000243189
0.000492962
0.00100102
0.00166391
0.0026089
0.00368905
0.00488358
0.00613671
0.00721327
0.00824829
0.00888436
0.00941582
0.00955304
0.00962437
0.00948193
0.00936789
0.00922973
0.00917776
0.00912797
0.00911756
0.00900979
0.00879212
0.00850169
0.00807496
0.00760421
0.00700472
0.00640395
0.0056976
0.00503402
0.00429961
0.00364642
0.00296242
0.00238624
0.00181714
0.00136628
0.000951152
0.000647193
0.000393158
0.000227732
0.000109687
4.73595e-05
1.44462e-05
1.15809e-06
-1.15465e-05
-3.62826e-05
-9.33337e-05
-0.00018324
-0.000334941
-0.000525702
-0.000797826
-0.00110012
-0.00148929
-0.0018874
-0.0023627
-0.00281853
-0.00332876
-0.00379013
-0.00427436
-0.00468537
-0.00508478
-0.00539617
-0.00566441
-0.00584179
-0.00595212
-0.00598073
-0.00592893
-0.00581446
-0.00561737
-0.00538295
-0.0050761
-0.0047663
-0.0043935
-0.00408675
-0.00375806
-0.00349833
-0.00318969
-0.00291677
-0.00253981
-0.00217716
-0.00172331
-0.0013027
-0.000892395
-0.000546061
-0.000310835
-0.000134257
-5.62149e-05
6.9194e-06
8.61795e-05
0.000195177
0.000408386
0.000603031
0.000842584
0.000969571
0.000991678
0.00101158
-6.88625e-06
-4.15445e-06
-1.54858e-06
2.35402e-05
2.97889e-05
0.000191631
0.000335003
0.000838502
0.00141268
0.00235108
0.00343863
0.00462745
0.00601258
0.00708696
0.00833167
0.00897016
0.00968974
0.00983226
0.010014
0.00987681
0.00981193
0.00967703
0.00966599
0.00961684
0.00963296
0.00952523
0.00928658
0.00899627
0.00851738
0.00804682
0.00737529
0.00677477
0.0059846
0.00532129
0.00450098
0.00384805
0.00308575
0.0025098
0.0018779
0.00142722
0.000969502
0.000665666
0.000389795
0.000224436
0.000101714
3.94113e-05
1.20611e-05
-1.22163e-06
-6.7689e-06
-3.14949e-05
-8.82149e-05
-0.000178084
-0.000342617
-0.0005333
-0.00083434
-0.00113652
-0.0015697
-0.00196765
-0.00249757
-0.00295322
-0.00352177
-0.00398295
-0.00452145
-0.0049323
-0.00537486
-0.00568613
-0.00598131
-0.00615861
-0.00627721
-0.00630581
-0.00624397
-0.00612955
-0.00590684
-0.00567252
-0.0053264
-0.00501672
-0.00459158
-0.00428471
-0.00390425
-0.00364356
-0.00327715
-0.00300308
-0.00254918
-0.00218621
-0.00165759
-0.00123816
-0.000799696
-0.000455369
-0.000251647
-7.64908e-05
-4.76676e-05
1.52872e-05
8.72619e-05
0.000196368
0.000470679
0.000663677
0.000950161
0.00107766
0.00107829
0.0010979
-1.62576e-05
-1.23924e-05
-9.83207e-06
1.32363e-05
1.92512e-05
0.000149501
0.000282899
0.000714294
0.00127037
0.00212548
0.00320864
0.00436588
0.00575865
0.00689774
0.00816517
0.00895384
0.00970256
0.010019
0.0102207
0.0102179
0.0101635
0.0100999
0.0100947
0.0100653
0.0100756
0.00995521
0.00971503
0.00939176
0.00890901
0.00839066
0.0077138
0.00705549
0.00625913
0.00553414
0.00470749
0.00399542
0.00322734
0.00260048
0.00196396
0.00147451
0.00101367
0.000684653
0.000407198
0.00022896
0.000105924
3.93468e-05
1.24396e-05
-1.75094e-06
-6.74002e-06
-3.45596e-05
-9.12308e-05
-0.000190962
-0.000356423
-0.000566296
-0.000869461
-0.00120017
-0.00163659
-0.00206997
-0.00260392
-0.00309765
-0.00367051
-0.00416739
-0.00470988
-0.00514936
-0.00559509
-0.00592445
-0.00622159
-0.00640475
-0.00652394
-0.00654634
-0.00648374
-0.0063528
-0.0061282
-0.00586987
-0.00552083
-0.00518101
-0.00475681
-0.00441196
-0.00402406
-0.00370895
-0.00333214
-0.002995
-0.00252901
-0.0021215
-0.00158355
-0.0011611
-0.000721744
-0.00040673
-0.000207211
-5.58595e-05
-3.25213e-05
4.30159e-05
0.000116196
0.000266756
0.000544202
0.000771313
0.00105556
0.00118187
0.00118192
0.00119288
-2.63772e-05
-2.1288e-05
-1.87769e-05
2.10987e-06
7.87212e-06
0.000104008
0.000236119
0.000580474
0.00113308
0.00188733
0.00296499
0.00408475
0.00547162
0.00668951
0.00795306
0.00892304
0.00967158
0.0101983
0.0104029
0.0105653
0.0105145
0.010541
0.0105376
0.0105338
0.0105441
0.0104089
0.0101688
0.00980722
0.0093247
0.00875071
0.00807418
0.00734859
0.00655261
0.00575583
0.00492957
0.00414866
0.00338095
0.00269482
0.0020586
0.00152403
0.0010634
0.000705077
0.000427752
0.000234522
0.000111544
3.99903e-05
1.30959e-05
-2.15157e-06
-7.13829e-06
-3.85594e-05
-9.52037e-05
-0.000206411
-0.000371794
-0.000604003
-0.000907024
-0.00127094
-0.00170716
-0.00218178
-0.00271548
-0.00325353
-0.00382612
-0.00436455
-0.0049068
-0.00537959
-0.00582511
-0.00617553
-0.00647253
-0.00666249
-0.00678163
-0.00679681
-0.00673423
-0.00658409
-0.00635959
-0.0060733
-0.00572443
-0.00534952
-0.00492551
-0.00453181
-0.00414361
-0.00375908
-0.00338186
-0.00296693
-0.0025013
-0.00203983
-0.00150323
-0.00107696
-0.000639193
-0.000359462
-0.000160943
-3.84288e-05
-1.55537e-05
7.53344e-05
0.000147606
0.000348298
0.000623594
0.000887544
0.00116938
0.0012944
0.00129382
0.00129545
-3.73048e-05
-3.08939e-05
-2.84359e-05
-9.90497e-06
-4.41546e-06
5.48831e-05
0.000185605
0.000435969
0.000984839
0.00163017
0.00270188
0.00378117
0.00516168
0.00646465
0.00772402
0.00888978
0.00963813
0.010392
0.0105997
0.0109405
0.0108935
0.0110173
0.0110158
0.0110396
0.0110499
0.0108988
0.0106589
0.0102559
0.00977358
0.00913951
0.00846332
0.00766509
0.00686952
0.00599521
0.00516937
0.00431414
0.00354681
0.00279669
0.00216079
0.00157749
0.0011171
0.000727131
0.000449948
0.000240529
0.000117614
4.06852e-05
1.38046e-05
-2.58419e-06
-7.56835e-06
-4.28786e-05
-9.94939e-05
-0.000223095
-0.000388393
-0.000644721
-0.000947587
-0.00134737
-0.00178336
-0.00230251
-0.00283594
-0.00342186
-0.00399415
-0.00457746
-0.00511943
-0.00562821
-0.0060735
-0.00644665
-0.0067435
-0.00694082
-0.00705989
-0.00706727
-0.00700473
-0.00683383
-0.00660945
-0.00629298
-0.00594429
-0.00553148
-0.00510768
-0.00466122
-0.00427269
-0.00381322
-0.00343555
-0.00293661
-0.00247139
-0.00195164
-0.00141649
-0.000986104
-0.000550052
-0.000308419
-0.000110981
-1.96064e-05
2.76865e-06
0.000110233
0.000181523
0.00043635
0.000709325
0.00101305
0.00129229
0.00141592
0.00141466
0.0014062
-5.44854e-05
-4.7643e-05
-4.17445e-05
-2.34651e-05
-2.33257e-06
4.34064e-05
0.000172505
0.000383658
0.000867136
0.0014652
0.0024298
0.00348859
0.00478377
0.00611712
0.00738769
0.00863027
0.00950846
0.0103555
0.0107423
0.0111609
0.0112527
0.011422
0.0114645
0.0115016
0.0114868
0.0113295
0.0110683
0.0106492
0.0101423
0.00948503
0.00877999
0.0079537
0.0071275
0.00622324
0.00536742
0.00448348
0.0036889
0.00291406
0.00225507
0.00165297
0.00117422
0.000772032
0.000480877
0.000265214
0.00013152
5.25211e-05
1.63313e-05
-4.97045e-07
-1.51538e-05
-5.19698e-05
-0.000120082
-0.000248474
-0.000427774
-0.000693422
-0.00101248
-0.00142612
-0.00187926
-0.0024156
-0.00296522
-0.0035696
-0.00415511
-0.00475574
-0.00530625
-0.00582889
-0.00627713
-0.006659
-0.00695318
-0.0071533
-0.00726488
-0.0072692
-0.00719571
-0.00701678
-0.00677955
-0.00645142
-0.00608994
-0.00566249
-0.00523039
-0.00475957
-0.00433376
-0.00384008
-0.00340619
-0.00287158
-0.00237444
-0.0018317
-0.0013164
-0.000885478
-0.000496854
-0.000271449
-9.35546e-05
-1.51977e-05
3.88232e-05
0.000152539
0.000278567
0.000553699
0.000840425
0.00115493
0.0014079
0.00152798
0.00154674
0.00153502
-7.70641e-05
-7.02503e-05
-5.79619e-05
-3.9889e-05
-2.91091e-06
4.29456e-05
0.00014834
0.000359227
0.000723363
0.00131798
0.00210278
0.00315409
0.00433756
0.00566131
0.0069891
0.0082239
0.00933126
0.0101756
0.0108601
0.0112805
0.0116047
0.0117765
0.0119047
0.0119423
0.0119165
0.0117594
0.0114628
0.011044
0.01049
0.0098331
0.00907099
0.00824519
0.00735738
0.00645367
0.00553742
0.00465401
0.00380537
0.003031
0.00232815
0.0017264
0.00121577
0.00081383
0.000502192
0.000286659
0.000141047
6.20954e-05
1.81455e-05
1.32718e-06
-2.18582e-05
-5.86522e-05
-0.000140272
-0.000268586
-0.000468783
-0.000734272
-0.00108161
-0.001495
-0.00198137
-0.0025174
-0.00310104
-0.00370506
-0.00432052
-0.00492079
-0.00549284
-0.00601517
-0.00647373
-0.00685538
-0.00714782
-0.00734782
-0.00744675
-0.00745108
-0.00735662
-0.00717779
-0.00691461
-0.00658667
-0.006198
-0.0057708
-0.00530441
-0.00483377
-0.00433594
-0.00384247
-0.00330958
-0.00277623
-0.00221943
-0.00167927
-0.00118675
-0.000758347
-0.00044561
-0.000221195
-9.20117e-05
-1.35893e-05
7.61687e-05
0.000189009
0.000401432
0.000673105
0.00101385
0.00132407
0.00158152
0.00169971
0.00168729
0.00167542
-0.000106353
-9.95166e-05
-8.20277e-05
-6.25445e-05
-1.6673e-05
2.85257e-05
3.99311e-05
0.000248795
0.000417965
0.00100438
0.00161562
0.00265528
0.00381568
0.00512829
0.0066437
0.00787199
0.00929161
0.0101358
0.0111037
0.0115274
0.0120297
0.0122045
0.0124232
0.0124614
0.0124577
0.0123006
0.0119683
0.0115497
0.0109284
0.0102718
0.00942321
0.00859789
0.00761402
0.00671084
0.00570009
0.00481721
0.00388634
0.00311244
0.00234805
0.00174668
0.00119959
0.000797907
0.000474293
0.000258902
0.000120227
4.1331e-05
1.39004e-05
-2.90658e-06
-1.09032e-05
-4.76802e-05
-0.000125318
-0.000253568
-0.000467451
-0.000732793
-0.00111305
-0.00152619
-0.00206116
-0.00259686
-0.00323723
-0.00384088
-0.00451166
-0.00511153
-0.00572832
-0.00625028
-0.00673613
-0.0071175
-0.0074165
-0.00761632
-0.00770161
-0.00770588
-0.0075813
-0.00740254
-0.00709844
-0.00677068
-0.00633568
-0.00590873
-0.00538951
-0.00491907
-0.0043474
-0.00385408
-0.00322033
-0.00268816
-0.00203832
-0.0015012
-0.000986472
-0.000562095
-0.000321849
-9.98879e-05
-6.78655e-05
1.00299e-05
7.35056e-05
0.000186642
0.000484592
0.000752695
0.00122499
0.00153258
0.00181588
0.00192866
0.00183347
0.00182007
-0.000157866
-0.000148999
-0.000131791
-9.66789e-05
-5.15203e-05
3.02414e-06
1.36376e-05
0.000160676
0.00032307
0.000757101
0.00135933
0.00221913
0.00336886
0.0045865
0.00609402
0.00739178
0.00881512
0.00986858
0.0108459
0.0115057
0.0120163
0.0123438
0.0125605
0.0126421
0.0126191
0.0124486
0.0121166
0.0116711
0.0110501
0.0103639
0.0095159
0.00866116
0.00767797
0.00674834
0.0057383
0.00483419
0.00390397
0.00311546
0.00235161
0.0017425
0.0011958
0.000792225
0.000468837
0.000255208
0.00011663
4.02196e-05
1.28082e-05
-3.74417e-06
-1.17352e-05
-5.26446e-05
-0.000130228
-0.000267657
-0.000481391
-0.000759788
-0.00113978
-0.00156704
-0.00210164
-0.00264875
-0.00328867
-0.00389736
-0.00456767
-0.00516361
-0.00577997
-0.00628833
-0.00677384
-0.00713328
-0.00743207
-0.00760472
-0.00768994
-0.00766585
-0.00754135
-0.0073371
-0.00703321
-0.00668606
-0.00625137
-0.00580882
-0.00529921
-0.00480155
-0.00422965
-0.00368881
-0.00305124
-0.0024878
-0.00183643
-0.00132702
-0.000815317
-0.000465872
-0.000229593
-6.4218e-05
-3.3911e-05
6.25022e-05
0.000124625
0.000321003
0.000617864
0.000964813
0.0014315
0.0017496
0.00202831
0.00210086
0.00200475
0.00196656
-0.000213491
-0.000202431
-0.000185772
-0.000133539
-8.91499e-05
-2.45136e-05
-1.47553e-05
6.55224e-05
0.000225271
0.000490699
0.0010865
0.00174816
0.00288754
0.00400145
0.00549705
0.00687164
0.00828544
0.00956849
0.0105412
0.0114607
0.0119706
0.0124679
0.0126849
0.0128164
0.0127934
0.0126085
0.0122767
0.011802
0.0111816
0.0104634
0.00961599
0.00872948
0.00774703
0.00678884
0.00577956
0.00485252
0.00392301
0.00311873
0.00235544
0.00173799
0.0011917
0.00078609
0.000462945
0.00025122
0.000112746
3.90195e-05
1.16287e-05
-4.64864e-06
-1.26337e-05
-5.80053e-05
-0.00013553
-0.000282871
-0.000496444
-0.000788938
-0.00116864
-0.00161115
-0.00214534
-0.00270478
-0.00334422
-0.00395834
-0.00462815
-0.00521985
-0.00583575
-0.00632942
-0.00681456
-0.00715032
-0.00744888
-0.00759218
-0.00767735
-0.00762262
-0.00749822
-0.00726643
-0.00696277
-0.00659469
-0.00616032
-0.00570092
-0.0051917
-0.0046628
-0.00409188
-0.00349859
-0.00286322
-0.00226611
-0.00161808
-0.00113958
-0.000631211
-0.000364194
-0.00012997
-2.66423e-05
2.75449e-06
0.000119557
0.000180195
0.000468814
0.000761777
0.00119387
0.00165451
0.00198394
0.00225771
0.00228576
0.0021897
0.00212475
-0.000292752
-0.000281405
-0.000258411
-0.000205457
-0.000141864
-7.60547e-05
-1.57367e-05
5.08548e-05
0.000200453
0.000430144
0.000883099
0.00149992
0.00239767
0.00348186
0.00476019
0.00613858
0.00750693
0.0088253
0.0099439
0.0109103
0.0116168
0.0121483
0.0124573
0.0126008
0.0125636
0.012376
0.0120426
0.0115626
0.0109578
0.0102339
0.00941972
0.00852771
0.00759142
0.00662839
0.00567149
0.00474068
0.00386217
0.0030554
0.00233459
0.00171595
0.0011983
0.00079257
0.000481765
0.000270547
0.000128976
5.58131e-05
1.39334e-05
-2.2803e-06
-2.97196e-05
-7.59178e-05
-0.000170314
-0.000319456
-0.00054012
-0.000835122
-0.0012067
-0.00165183
-0.00216006
-0.0027215
-0.00331782
-0.00393257
-0.00454601
-0.00513651
-0.00568915
-0.00617968
-0.00660242
-0.00693339
-0.00717806
-0.00731564
-0.0073617
-0.00730114
-0.00715636
-0.00691944
-0.00661522
-0.00624336
-0.00582353
-0.00536121
-0.0048753
-0.00433944
-0.00377233
-0.00317039
-0.00255852
-0.00195864
-0.0013994
-0.00093067
-0.000543956
-0.000295004
-0.000114492
-2.40368e-05
6.82783e-05
0.000187993
0.000372623
0.000676246
0.00103962
0.00148267
0.00188556
0.00220951
0.0024038
0.0024252
0.00237903
0.00231009
-0.000392714
-0.000381488
-0.000370671
-0.000318539
-0.000183093
-0.000119575
-2.91966e-05
3.71614e-05
5.92537e-05
0.000285195
0.000458725
0.00106523
0.00166093
0.00272857
0.00387027
0.00523038
0.00671298
0.00801756
0.00940408
0.0103634
0.0113173
0.0118463
0.0122593
0.0124024
0.0123629
0.0121755
0.0118233
0.0113437
0.0107304
0.0100072
0.00919434
0.00830312
0.00737825
0.00641607
0.00547997
0.00454998
0.00370002
0.00289396
0.00220702
0.00158892
0.00110737
0.000701999
0.000426058
0.000215026
0.000103644
3.0545e-05
1.1454e-05
-4.74547e-06
-1.80029e-05
-6.41604e-05
-0.000152024
-0.000301034
-0.000519502
-0.000814244
-0.00118276
-0.0016275
-0.00212591
-0.00268685
-0.00326154
-0.00387574
-0.00445309
-0.00504307
-0.00554592
-0.00603601
-0.0063995
-0.00673019
-0.00691314
-0.0070506
-0.00704066
-0.00698015
-0.00679271
-0.006556
-0.00622796
-0.00585643
-0.0054369
-0.00497498
-0.00450634
-0.00397142
-0.00339613
-0.00279728
-0.00217028
-0.00157556
-0.00107297
-0.000609997
-0.000366725
-0.000121418
-8.17717e-05
8.04568e-06
8.12601e-05
0.000200904
0.000509695
0.000810108
0.00134769
0.00178223
0.00227951
0.00259734
0.00272044
0.00273694
0.00251408
0.00244505
-0.000521813
-0.000517217
-0.000507539
-0.00044316
-0.000309085
-0.000193171
-0.000101813
-8.01411e-06
3.22917e-06
0.000144677
0.000294636
0.000679427
0.0012467
0.00203142
0.00314873
0.00430293
0.00578076
0.00705039
0.00844927
0.00950591
0.0104743
0.011104
0.0115154
0.0116907
0.0116301
0.0114524
0.0110992
0.0106542
0.0100407
0.00938352
0.00857103
0.00777068
0.00684681
0.00599053
0.00505599
0.00423537
0.00338741
0.00268277
0.00199814
0.0014641
0.000985012
0.00064051
0.000366963
0.000192345
8.30972e-05
2.54058e-05
8.02224e-06
-6.30314e-06
-1.83635e-05
-6.61337e-05
-0.00015327
-0.000296735
-0.000514768
-0.000787666
-0.00115575
-0.00155658
-0.00205422
-0.00254801
-0.0031213
-0.00364886
-0.00422402
-0.0047159
-0.00521582
-0.00560725
-0.0059673
-0.00621049
-0.00638988
-0.00646141
-0.00644828
-0.0063508
-0.00616097
-0.00591947
-0.00559016
-0.00524483
-0.0048255
-0.00441356
-0.00395269
-0.00347566
-0.00290318
-0.0023736
-0.00174801
-0.00126207
-0.00076763
-0.000439806
-0.000211487
-5.13892e-05
-2.37222e-05
9.59537e-05
0.000165364
0.000408554
0.000720668
0.00114018
0.00168319
0.00213697
0.00262656
0.00286083
0.00297573
0.00289408
0.00267023
0.00256398
-0.00067166
-0.000671761
-0.000656607
-0.000585202
-0.000458242
-0.00030462
-0.000193297
-7.78567e-05
-3.32887e-05
4.00834e-05
0.000185577
0.000392333
0.000882505
0.00143958
0.00241102
0.00339689
0.00472453
0.00595803
0.00727301
0.0083971
0.00934898
0.0100534
0.0104711
0.0106741
0.0106131
0.010443
0.0101142
0.00969611
0.0091245
0.00851871
0.0077659
0.00703628
0.00618335
0.00540948
0.00454903
0.00381351
0.00303447
0.00240873
0.0017807
0.00131204
0.000872553
0.00057538
0.000323179
0.000176865
7.30926e-05
2.73712e-05
5.12927e-06
-7.73787e-06
-2.75079e-05
-7.65172e-05
-0.000166434
-0.000305552
-0.000515055
-0.000770924
-0.00111555
-0.0014822
-0.00194129
-0.00238283
-0.00290572
-0.00336589
-0.0038846
-0.00430024
-0.00474478
-0.00505955
-0.00537235
-0.00554756
-0.00569348
-0.00571384
-0.00568447
-0.00555832
-0.00537031
-0.00512516
-0.00481415
-0.00448926
-0.00409895
-0.0037259
-0.00330182
-0.00287367
-0.00235027
-0.00188256
-0.00132927
-0.000935079
-0.000514224
-0.000295696
-9.82908e-05
-6.38996e-06
5.64087e-05
0.000199251
0.000335298
0.000675761
0.00102798
0.00154056
0.00205816
0.00252399
0.00293592
0.00310271
0.0031652
0.00301612
0.00283218
0.00269946
-0.000853432
-0.000853736
-0.000885902
-0.000817419
-0.000647911
-0.00049927
-0.000274772
-0.00016158
-4.49053e-05
2.8358e-05
6.90305e-05
0.000273168
0.000434781
0.000981947
0.00150656
0.00247365
0.00343964
0.00465017
0.0058216
0.00692638
0.00789498
0.00858833
0.00903128
0.00923222
0.00917972
0.00900976
0.00873598
0.00831837
0.00786619
0.00726107
0.00667904
0.00595023
0.00530193
0.00452892
0.00388541
0.00315071
0.00257858
0.00195354
0.0015029
0.00103475
0.000729782
0.000432939
0.000267453
0.000121302
6.07676e-05
1.5097e-05
5.22429e-06
-7.62855e-06
-2.7626e-05
-7.6581e-05
-0.000159189
-0.000298152
-0.000475025
-0.00073061
-0.00100557
-0.0013718
-0.00172095
-0.002162
-0.00254054
-0.00300021
-0.00335392
-0.0037691
-0.00404684
-0.00436127
-0.00452573
-0.00470075
-0.00473476
-0.00475509
-0.00466284
-0.00453683
-0.00434047
-0.00409559
-0.00382874
-0.00350421
-0.00320328
-0.00283065
-0.00252821
-0.00210153
-0.00172851
-0.00126568
-0.000915086
-0.000526415
-0.000339092
-0.000123646
-7.58402e-05
1.57311e-05
0.000121506
0.000263097
0.000604818
0.000939092
0.00150149
0.00200189
0.00257578
0.0030271
0.00331283
0.00347013
0.00334801
0.00319682
0.00288214
0.00274951
-0.00105061
-0.00107152
-0.00111077
-0.00106684
-0.000897273
-0.000717547
-0.000476376
-0.000282316
-0.000160199
-3.60351e-05
-2.43095e-05
9.9301e-05
0.000197717
0.000491941
0.000936057
0.00154337
0.0024485
0.00333232
0.00448293
0.00539171
0.00636314
0.0069772
0.00741159
0.00759598
0.00752807
0.0073992
0.00713093
0.00681732
0.00638101
0.00593534
0.005376
0.00484621
0.00422525
0.00366996
0.00305579
0.00253478
0.00199123
0.00155489
0.00112964
0.000809611
0.000525079
0.000328292
0.000177502
8.53105e-05
3.40078e-05
7.09902e-06
2.25761e-06
-9.6084e-06
-2.67588e-05
-7.23784e-05
-0.000151947
-0.000266832
-0.000438211
-0.000636312
-0.000901633
-0.00117272
-0.00150734
-0.00182049
-0.00217999
-0.00249181
-0.00282342
-0.00308868
-0.00334356
-0.00352519
-0.00366868
-0.00374485
-0.00376234
-0.00372931
-0.00362696
-0.00349765
-0.00329869
-0.00309804
-0.00283614
-0.00259489
-0.00230667
-0.00204658
-0.00176276
-0.00147358
-0.00112495
-0.000829526
-0.000509785
-0.000287242
-0.000140764
-7.9907e-06
6.34243e-06
0.000160014
0.000261544
0.000570505
0.000934118
0.00141748
0.00200838
0.00252521
0.0031069
0.00342384
0.00367746
0.00365201
0.00348817
0.00321955
0.00288813
0.00272691
-0.00127878
-0.00131016
-0.00132945
-0.00129928
-0.00117185
-0.000980218
-0.000758004
-0.000522149
-0.000333601
-0.000182876
-7.95705e-05
-1.87866e-06
0.00011111
0.000262397
0.000555488
0.000956869
0.00154505
0.00223526
0.00303013
0.00381303
0.00453197
0.00508857
0.00545221
0.00562568
0.00560504
0.00549885
0.00530945
0.00505321
0.00473408
0.00437635
0.00397146
0.0035514
0.00310559
0.00267033
0.00223279
0.00182958
0.0014453
0.00111297
0.000814467
0.000576068
0.000377158
0.000235494
0.000128852
6.63818e-05
2.57526e-05
9.17397e-06
-3.9138e-06
-1.52298e-05
-4.17846e-05
-8.55428e-05
-0.000158852
-0.000260427
-0.000397907
-0.000564281
-0.000763611
-0.000982229
-0.00122262
-0.00146526
-0.00171332
-0.00194367
-0.00216195
-0.00234463
-0.00250051
-0.00260903
-0.00268156
-0.00270335
-0.00268664
-0.0026243
-0.00252708
-0.00239603
-0.00223815
-0.00206194
-0.00186903
-0.00167372
-0.00146844
-0.00127039
-0.00107215
-0.000865712
-0.000647394
-0.00045344
-0.000271135
-0.000145229
-3.44605e-05
5.13149e-05
0.000174306
0.000360895
0.000634894
0.00103297
0.00149823
0.00205821
0.00260025
0.00311886
0.00351902
0.00375539
0.00382702
0.00369945
0.00347463
0.00315146
0.00289998
0.00272454
-0.00147686
-0.00152196
-0.00163858
-0.00164329
-0.00154352
-0.00137797
-0.00108392
-0.000839759
-0.000535614
-0.000342114
-0.000174491
-5.82275e-05
-2.63322e-05
0.000107541
0.000143914
0.000442174
0.000684984
0.00120994
0.00171504
0.00233704
0.00288966
0.00334675
0.00362038
0.0037667
0.00372716
0.0036431
0.00351713
0.00331343
0.00311917
0.00283621
0.00259543
0.00226461
0.00200573
0.00166461
0.00141787
0.00110376
0.000895629
0.000638776
0.000486625
0.00030433
0.000212831
0.000106115
6.63815e-05
2.01789e-05
1.21748e-05
-6.59035e-07
-2.81134e-06
-1.4519e-05
-3.56363e-05
-7.52843e-05
-0.00013247
-0.000218593
-0.000316712
-0.000452846
-0.000583431
-0.000757716
-0.000901541
-0.00109033
-0.00122279
-0.00139705
-0.00149473
-0.00162732
-0.00167374
-0.00174554
-0.00173473
-0.0017382
-0.00167516
-0.0016147
-0.00151322
-0.00140275
-0.00128138
-0.00114025
-0.00101773
-0.000866164
-0.000757679
-0.00060753
-0.00052408
-0.000367243
-0.000287948
-0.000139414
-0.000107012
1.09847e-05
2.6928e-05
0.000168796
0.000340927
0.000622423
0.00108374
0.00154923
0.00221268
0.00275853
0.00337359
0.00379299
0.00408614
0.00418875
0.00402545
0.0037999
0.00336844
0.00301126
0.0026434
0.00246765
-0.00168243
-0.00175352
-0.00184508
-0.00190929
-0.0018516
-0.00173224
-0.00149425
-0.0012236
-0.000935505
-0.000647666
-0.000444542
-0.000245901
-0.00015397
-5.34849e-05
1.28744e-05
0.000104678
0.000291269
0.000485601
0.000852377
0.00114875
0.00155705
0.00180822
0.00202489
0.0021126
0.00209755
0.00205931
0.0019651
0.00187014
0.00172011
0.00159189
0.00140654
0.00126041
0.00106182
0.000915534
0.000726986
0.000597328
0.000438947
0.000338337
0.000222979
0.000156839
8.74081e-05
5.30501e-05
2.20384e-05
9.5264e-06
1.10506e-06
-3.9768e-06
-9.67828e-06
-2.2215e-05
-4.37114e-05
-7.48878e-05
-0.000124295
-0.000178475
-0.000258262
-0.000331839
-0.000434315
-0.00051686
-0.000626503
-0.00070382
-0.000801652
-0.000859761
-0.000928455
-0.000957282
-0.000985457
-0.00098117
-0.000965775
-0.000931227
-0.000877531
-0.000820866
-0.000740361
-0.000672434
-0.000579493
-0.000510965
-0.000419334
-0.000358322
-0.000277918
-0.000226964
-0.000160199
-0.000114515
-5.08347e-05
1.42744e-08
5.36325e-05
0.000157168
0.000257058
0.00051814
0.000793298
0.00127739
0.0017809
0.00239832
0.00300526
0.00353866
0.00402287
0.00425358
0.00440451
0.00424207
0.00400487
0.00358509
0.00315548
0.00273775
0.00241999
0.00224339
-0.00179951
-0.00187975
-0.00206891
-0.00216713
-0.00222213
-0.00215362
-0.00198427
-0.00175643
-0.00142378
-0.00114309
-0.000796441
-0.000567033
-0.000325252
-0.00018077
-8.76875e-05
2.19382e-05
3.12391e-05
0.000191065
0.000240166
0.000465739
0.000580558
0.00077223
0.000846224
0.000915045
0.000904874
0.000876029
0.000852091
0.000779931
0.000744313
0.000647049
0.000604826
0.000494254
0.000451677
0.000341341
0.000304458
0.000207062
0.000180231
0.000105019
8.97283e-05
4.04998e-05
3.49012e-05
9.24428e-06
8.65153e-06
-1.27838e-06
-2.99218e-06
-8.23674e-06
-1.66928e-05
-2.83588e-05
-4.67763e-05
-7.287e-05
-0.000100848
-0.000144011
-0.000177433
-0.000234257
-0.000266413
-0.000328523
-0.00035211
-0.000408655
-0.000418025
-0.000458735
-0.000451645
-0.000469544
-0.000447826
-0.00044074
-0.000409697
-0.000380312
-0.00034702
-0.000301583
-0.000272743
-0.00021895
-0.00019895
-0.000143864
-0.000133667
-8.21937e-05
-7.93668e-05
-3.1773e-05
-3.41629e-05
1.8797e-05
2.84872e-05
0.000111196
0.000193796
0.000364627
0.000649991
0.000989868
0.00156137
0.00208183
0.00281331
0.00338678
0.00399442
0.0044126
0.00465409
0.00474639
0.0045284
0.00426325
0.00371235
0.00325518
0.00270095
0.00229491
0.00198095
0.00181664
-0.00188857
-0.00198987
-0.00213616
-0.00230541
-0.0024031
-0.002448
-0.00237328
-0.00223299
-0.00199407
-0.00171259
-0.00140528
-0.00108617
-0.000811602
-0.000551216
-0.000371422
-0.000215321
-0.000125297
-4.68634e-05
1.48031e-05
7.19088e-05
0.000139816
0.00018788
0.000231753
0.000251152
0.000253232
0.000247974
0.000234637
0.000219749
0.000198235
0.000178774
0.00015328
0.00013205
0.000106265
8.62597e-05
6.36895e-05
4.73632e-05
3.04544e-05
1.90682e-05
8.54544e-06
1.81748e-06
-3.52e-06
-7.31192e-06
-1.0216e-05
-1.36622e-05
-1.75467e-05
-2.32133e-05
-3.09988e-05
-4.04981e-05
-5.3565e-05
-6.6912e-05
-8.4525e-05
-0.000100026
-0.000119452
-0.000134189
-0.000151507
-0.000162269
-0.000173593
-0.000177923
-0.000180627
-0.000177595
-0.000171095
-0.000161485
-0.000147288
-0.000133129
-0.00011413
-9.77055e-05
-7.69944e-05
-5.97399e-05
-3.9364e-05
-2.10681e-05
-1.21603e-06
2.0122e-05
4.12008e-05
6.87599e-05
9.49381e-05
0.000134177
0.000173311
0.000246703
0.000336228
0.00050508
0.00071683
0.00106357
0.00147111
0.00202067
0.00260886
0.00324476
0.00384765
0.0043431
0.0047328
0.00489153
0.00491869
0.00468125
0.0043388
0.00381684
0.00327117
0.002714
0.00221726
0.00183051
0.00157029
0.00143386
-0.00178907
-0.00189451
-0.00211673
-0.00232361
-0.00253572
-0.00267562
-0.00274357
-0.00273226
-0.0025891
-0.00241605
-0.00210939
-0.00183296
-0.00145981
-0.00116245
-0.000835347
-0.000589627
-0.00039567
-0.000232052
-0.000165984
-6.9243e-05
-5.97531e-05
-7.9533e-06
-8.57145e-06
9.90516e-06
6.98788e-06
7.81147e-06
7.80584e-06
3.47552e-06
3.47387e-06
-2.93052e-06
-2.94403e-06
-1.02031e-05
-1.03231e-05
-1.71111e-05
-1.75635e-05
-2.2785e-05
-2.39353e-05
-2.70179e-05
-2.92982e-05
-3.03414e-05
-3.40857e-05
-3.38037e-05
-3.9034e-05
-3.84937e-05
-4.47382e-05
-4.49816e-05
-5.1231e-05
-5.28989e-05
-5.77734e-05
-6.08735e-05
-6.29972e-05
-6.68921e-05
-6.53808e-05
-6.89856e-05
-6.38774e-05
-6.59621e-05
-5.8388e-05
-5.78284e-05
-4.97781e-05
-4.55997e-05
-3.92452e-05
-3.04246e-05
-2.7146e-05
-1.2212e-05
-1.16055e-05
1.17104e-05
1.24739e-05
4.73244e-05
5.34535e-05
0.000103478
0.00012169
0.000190106
0.000227035
0.000315398
0.000375653
0.000487502
0.000573273
0.000737037
0.000922363
0.00120933
0.0016012
0.00205389
0.00268026
0.00323725
0.00395739
0.0044467
0.00497694
0.00520586
0.00532537
0.00519758
0.00487303
0.00443187
0.00379574
0.00320667
0.00252027
0.00200468
0.00152884
0.00121834
0.00102
0.000918106
-0.00161766
-0.00172581
-0.00191942
-0.00215079
-0.00242614
-0.00263537
-0.00287069
-0.00295743
-0.00304551
-0.00295805
-0.0028637
-0.00262573
-0.00236918
-0.00205146
-0.00169915
-0.00139333
-0.00105103
-0.000828996
-0.00058325
-0.000459459
-0.000327076
-0.000273265
-0.000223812
-0.00020614
-0.000194808
-0.000189366
-0.00018271
-0.000179019
-0.000172892
-0.000169376
-0.000163546
-0.00016019
-0.000154516
-0.000151261
-0.000145471
-0.000142255
-0.000135996
-0.00013277
-0.000125671
-0.000122396
-0.000114158
-0.000110781
-0.000101273
-9.77053e-05
-8.70722e-05
-8.31965e-05
-7.19345e-05
-6.76535e-05
-5.66136e-05
-5.19293e-05
-4.21991e-05
-3.72772e-05
-2.99042e-05
-2.50522e-05
-2.05984e-05
-1.60925e-05
-1.4064e-05
-9.79066e-06
-8.04404e-06
-3.0003e-06
2.70898e-06
1.09271e-05
2.70474e-05
4.25604e-05
7.73054e-05
0.000105841
0.000168096
0.000216289
0.00031391
0.000388001
0.000525762
0.000629891
0.000807513
0.000942
0.00115385
0.00132078
0.00156212
0.00179842
0.00215923
0.00253522
0.00305967
0.0035854
0.0041566
0.00470983
0.00510425
0.00547655
0.00550224
0.00552885
0.00516287
0.00482333
0.00419607
0.00360964
0.00291768
0.00228717
0.00173112
0.00125417
0.000939625
0.000683122
0.00058741
0.000510447
-0.00132279
-0.00141365
-0.00159001
-0.00181897
-0.00209774
-0.00239161
-0.00267029
-0.00294268
-0.0031143
-0.00327205
-0.00327748
-0.00327417
-0.0031108
-0.00294752
-0.00265755
-0.00238351
-0.00205569
-0.00175839
-0.00148843
-0.00125
-0.00108221
-0.000939169
-0.000865632
-0.000798673
-0.000776764
-0.000737689
-0.000715643
-0.000676875
-0.000654422
-0.000612798
-0.00058951
-0.000546308
-0.000522616
-0.000478859
-0.000454999
-0.000411525
-0.000387608
-0.000345183
-0.0003213
-0.000280738
-0.000257078
-0.000219341
-0.000196304
-0.000162523
-0.000140786
-0.00011218
-9.26851e-05
-7.03431e-05
-5.41487e-05
-3.86797e-05
-2.66701e-05
-1.77496e-05
-1.01969e-05
-6.07093e-06
-2.09609e-06
8.63616e-07
3.83346e-06
1.14052e-05
1.8051e-05
3.81336e-05
5.53607e-05
9.75079e-05
0.000134088
0.000208512
0.00027414
0.000390182
0.000493932
0.000658134
0.000806458
0.00102054
0.00121519
0.00147437
0.0017107
0.00200283
0.0022707
0.00258397
0.00287041
0.00322235
0.00360259
0.00401056
0.00449105
0.00487149
0.00531084
0.00549396
0.00569074
0.00555101
0.00538412
0.00493418
0.00444744
0.00381981
0.00316496
0.00253267
0.00189534
0.00140588
0.000946073
0.000664843
0.000429841
0.000314553
0.000237074
0.000209201
-0.000918541
-0.000986016
-0.00112955
-0.00131339
-0.00158326
-0.00185779
-0.00220574
-0.00251657
-0.00284192
-0.00310935
-0.00332736
-0.00349137
-0.00355256
-0.00358181
-0.00346893
-0.00336714
-0.00311804
-0.00293108
-0.0026419
-0.00244131
-0.00220948
-0.00205389
-0.00192875
-0.00182505
-0.00176587
-0.00167786
-0.0016115
-0.00151693
-0.00144311
-0.00134192
-0.00126346
-0.00115977
-0.00107913
-0.000976606
-0.000895955
-0.000797817
-0.000719181
-0.000628243
-0.000553652
-0.000472389
-0.000403994
-0.000334527
-0.000274584
-0.000218557
-0.000169234
-0.00012755
-9.05396e-05
-6.30006e-05
-3.89645e-05
-2.38599e-05
-1.18069e-05
-5.55234e-06
-2.25594e-06
8.28598e-07
1.22899e-06
8.90758e-06
1.49885e-05
3.67955e-05
5.9501e-05
0.000106068
0.000157851
0.000239856
0.000333276
0.000460027
0.000605881
0.000783654
0.0009888
0.00121912
0.00148434
0.00176255
0.00208088
0.00239534
0.00275139
0.00308368
0.00345428
0.0037835
0.00414297
0.00445405
0.00482765
0.00508125
0.00540179
0.00550236
0.00559463
0.0054474
0.00519003
0.00479221
0.0042328
0.00368475
0.00299908
0.00243942
0.00180422
0.00134694
0.000884924
0.000589163
0.00034488
0.000201827
0.000117742
6.94837e-05
5.55122e-05
4.48294e-05
-0.000546271
-0.00059635
-0.000672292
-0.000816386
-0.000998001
-0.00123452
-0.00152117
-0.00182002
-0.00216428
-0.00246325
-0.00280218
-0.00304361
-0.00332342
-0.00346485
-0.00363754
-0.00365877
-0.00369278
-0.00360881
-0.00352144
-0.00338141
-0.00323597
-0.00309476
-0.00295373
-0.00283043
-0.00269662
-0.00257491
-0.00242054
-0.00228803
-0.00211957
-0.00197958
-0.00180511
-0.0016637
-0.00149067
-0.00135324
-0.00118826
-0.00105944
-0.000908163
-0.000791792
-0.000658896
-0.000558081
-0.000447134
-0.00036416
-0.000277433
-0.000213603
-0.000151742
-0.000107091
-6.87274e-05
-4.16812e-05
-2.30768e-05
-1.01418e-05
-4.99629e-06
-5.72745e-07
-1.12122e-07
3.46943e-06
1.00644e-05
2.22246e-05
4.70328e-05
7.83167e-05
0.000133571
0.000194714
0.000291455
0.000392175
0.000538745
0.00068634
0.000886886
0.00108476
0.00133791
0.00158423
0.00188221
0.00216902
0.00249744
0.00281047
0.00314909
0.00346848
0.00379297
0.00409459
0.00437699
0.0046276
0.00479007
0.0049217
0.0048542
0.00478591
0.00443948
0.00413971
0.00358565
0.00311643
0.00252359
0.00200933
0.00152577
0.00108104
0.000768238
0.000456399
0.000307995
0.000136168
9.66297e-05
2.66925e-05
2.29859e-05
3.29281e-06
4.1293e-06
6.59951e-07
-0.000278446
-0.000306438
-0.000342599
-0.000432314
-0.000539701
-0.00070706
-0.000890356
-0.00113336
-0.00138058
-0.00166633
-0.00194675
-0.00223402
-0.00251557
-0.00276302
-0.00300936
-0.0031777
-0.0033466
-0.00341116
-0.00347503
-0.0034421
-0.00340513
-0.00330554
-0.00319238
-0.00305466
-0.00289594
-0.00273426
-0.00255434
-0.00237754
-0.00218902
-0.0020062
-0.00181837
-0.00163794
-0.00145894
-0.00128817
-0.00112467
-0.00096951
-0.000826539
-0.000691542
-0.000572487
-0.000460742
-0.000367294
-0.000280361
-0.000212465
-0.000150239
-0.000106018
-6.65583e-05
-4.22803e-05
-2.16828e-05
-1.18114e-05
-4.19997e-06
-1.62834e-06
6.50093e-07
4.16443e-06
1.01027e-05
2.33078e-05
4.25663e-05
7.39414e-05
0.000115987
0.000172897
0.000246021
0.00033388
0.000444175
0.000565679
0.000716057
0.000870574
0.00105994
0.00124313
0.00146585
0.0016696
0.0019154
0.00212824
0.00238273
0.0025907
0.00283651
0.00302334
0.00323687
0.00338084
0.00350899
0.00351787
0.00348075
0.0032917
0.00305091
0.00270385
0.00231146
0.00191556
0.0014862
0.00115474
0.000796759
0.000582273
0.000345607
0.000236981
0.000114498
7.12269e-05
2.26873e-05
7.90784e-07
-1.72179e-05
-3.57943e-05
-4.25133e-05
-4.51918e-05
-4.60701e-05
-0.000111033
-0.000119456
-0.000143636
-0.000175722
-0.000244987
-0.000317421
-0.000450043
-0.000574335
-0.000768706
-0.000941398
-0.00117862
-0.00138679
-0.00164381
-0.0018681
-0.00211588
-0.00232618
-0.00252198
-0.00267784
-0.00278087
-0.00284763
-0.00284313
-0.0028086
-0.00270669
-0.00259141
-0.00242724
-0.00227397
-0.0020947
-0.00193325
-0.00174845
-0.00159046
-0.00140975
-0.0012621
-0.00109316
-0.000961099
-0.000809906
-0.000696999
-0.000567775
-0.000475936
-0.000371124
-0.000300745
-0.000221043
-0.0001711
-0.000115492
-8.36644e-05
-4.94535e-05
-3.22507e-05
-1.51456e-05
-8.09912e-06
-2.39996e-06
-3.3887e-07
7.21416e-07
3.29683e-06
7.05347e-06
1.55228e-05
2.92546e-05
4.84013e-05
7.86478e-05
0.000112212
0.000164107
0.000214416
0.000291107
0.000358806
0.000461001
0.000544908
0.000670604
0.000767694
0.000912103
0.00101765
0.00117339
0.00128126
0.00143889
0.00154206
0.00169085
0.00178209
0.00191032
0.0019776
0.00207145
0.00207663
0.00204743
0.00194289
0.00174315
0.00154263
0.00123431
0.0010117
0.000704611
0.00053003
0.000310443
0.000207924
9.34105e-05
4.31019e-05
2.34698e-06
-3.16981e-05
-4.51116e-05
-8.88521e-05
-0.000110658
-0.000156118
-0.000182799
-0.000197349
-0.000195914
-0.000191176
-3.61469e-05
-4.13138e-05
-4.4374e-05
-6.42376e-05
-8.19998e-05
-0.000128771
-0.00017308
-0.000255856
-0.000336335
-0.000455138
-0.000572463
-0.000720818
-0.000871896
-0.00103793
-0.00121394
-0.00137623
-0.00154985
-0.00167615
-0.00180229
-0.0018606
-0.00189883
-0.00187306
-0.00180685
-0.00171252
-0.00158225
-0.0014578
-0.00132437
-0.00119618
-0.00106889
-0.000946406
-0.000830838
-0.000718926
-0.000618885
-0.000520965
-0.000438553
-0.000356636
-0.000292417
-0.000227244
-0.000180466
-0.000131655
-0.000100492
-6.66916e-05
-4.84764e-05
-2.74919e-05
-1.89476e-05
-7.88767e-06
-5.37978e-06
-8.21385e-07
-6.38618e-07
1.15385e-06
2.49296e-06
5.30015e-06
1.07437e-05
1.80929e-05
2.97985e-05
4.46695e-05
6.38342e-05
8.84039e-05
0.000115204
0.000150653
0.000184296
0.00023069
0.000269546
0.000325791
0.000367593
0.000431468
0.000473543
0.000541821
0.000581339
0.000650008
0.000684253
0.000748846
0.000775477
0.000831498
0.000848791
0.000888329
0.000894129
0.000891577
0.000840721
0.000767102
0.000656452
0.000524048
0.000412921
0.000270079
0.000206522
9.19313e-05
7.62867e-05
-2.91227e-06
-5.26772e-06
-6.64343e-05
-9.13136e-05
-0.000155644
-0.000222488
-0.000295247
-0.000389793
-0.000444281
-0.000504723
-0.000503699
-0.000474176
-0.000457171
-8.91172e-06
-9.99134e-06
-1.20233e-05
-1.72901e-05
-2.54141e-05
-4.07381e-05
-6.00896e-05
-9.26661e-05
-0.000128905
-0.00018353
-0.000239466
-0.000317425
-0.000393655
-0.000492435
-0.000585397
-0.000694498
-0.000789903
-0.000886198
-0.000958408
-0.00101184
-0.00103481
-0.00102431
-0.000988134
-0.000922887
-0.000848422
-0.000761744
-0.000686111
-0.000601523
-0.000531955
-0.000456026
-0.000395932
-0.000330891
-0.000281356
-0.000228212
-0.000189329
-0.000148069
-0.00011917
-8.89831e-05
-6.88592e-05
-4.83512e-05
-3.54445e-05
-2.28256e-05
-1.53898e-05
-8.63654e-06
-4.8716e-06
-1.87449e-06
-4.78687e-08
1.24482e-06
2.68865e-06
4.12964e-06
6.47239e-06
9.58638e-06
1.37633e-05
1.96467e-05
2.62093e-05
3.54743e-05
4.45933e-05
5.73635e-05
6.88665e-05
8.48186e-05
9.82525e-05
0.00011669
0.000131391
0.000151334
0.000166498
0.000186781
0.00020153
0.000220899
0.000234346
0.000251562
0.00026288
0.000276826
0.000285311
0.000295097
0.000299502
0.000302621
0.000300664
0.000286626
0.000265249
0.000225306
0.000187345
0.000133538
9.21273e-05
4.35524e-05
2.35627e-06
-3.97422e-05
-9.17502e-05
-0.000142415
-0.000218666
-0.000293416
-0.000398723
-0.000500935
-0.000625046
-0.00073547
-0.000841405
-0.000909862
-0.000943397
-0.00092642
-0.00087063
-0.000838264
1.20059e-06
1.22306e-06
1.45471e-06
2.44069e-08
-2.56868e-07
-5.97295e-06
-7.9719e-06
-2.0209e-05
-2.80887e-05
-4.90344e-05
-6.6723e-05
-9.81923e-05
-0.000128776
-0.000171164
-0.000216392
-0.000265952
-0.000320432
-0.000366312
-0.00041275
-0.000439084
-0.000455244
-0.000449932
-0.000423402
-0.000391279
-0.000341926
-0.000301076
-0.000258077
-0.000220071
-0.000185362
-0.00015276
-0.000126539
-9.97007e-05
-8.13084e-05
-6.01128e-05
-4.83307e-05
-3.2331e-05
-2.56602e-05
-1.42123e-05
-1.10984e-05
-3.45173e-06
-2.45007e-06
2.19166e-06
2.30307e-06
4.74274e-06
4.89333e-06
5.9102e-06
6.69933e-06
7.02191e-06
8.71334e-06
8.99027e-06
1.15407e-05
1.23094e-05
1.54334e-05
1.70877e-05
2.03522e-05
2.31131e-05
2.60468e-05
2.99383e-05
3.2134e-05
3.69702e-05
3.81589e-05
4.35491e-05
4.36349e-05
4.90105e-05
4.80658e-05
5.27388e-05
5.09663e-05
5.42164e-05
5.18985e-05
5.30741e-05
5.05174e-05
4.91539e-05
4.66389e-05
4.25578e-05
4.03036e-05
3.26691e-05
3.20633e-05
1.52338e-05
1.30166e-05
-2.1849e-05
-2.28199e-05
-8.04699e-05
-8.31568e-05
-0.000166123
-0.000189949
-0.000300824
-0.000367381
-0.000503624
-0.000617655
-0.000769636
-0.000920259
-0.00107009
-0.00123358
-0.00134836
-0.00147518
-0.00150386
-0.00152308
-0.00143629
-0.00131936
-0.00124872
8.82063e-06
9.26838e-06
1.04123e-05
1.04463e-05
8.99126e-06
7.23709e-06
3.95091e-06
5.78433e-08
-4.19805e-06
-1.14045e-05
-1.72814e-05
-2.95869e-05
-3.8321e-05
-5.70832e-05
-6.95131e-05
-9.39244e-05
-0.00010883
-0.000133363
-0.000146121
-0.000160874
-0.00016525
-0.000161914
-0.000155181
-0.000136532
-0.000123651
-0.000101011
-8.96362e-05
-7.01346e-05
-6.07777e-05
-4.53848e-05
-3.78819e-05
-2.62163e-05
-2.01384e-05
-1.16302e-05
-6.6471e-06
-6.78258e-07
3.40287e-06
7.40998e-06
1.06562e-05
1.31962e-05
1.5591e-05
1.70657e-05
1.85635e-05
1.92906e-05
1.98709e-05
2.01017e-05
1.98144e-05
1.9752e-05
1.87455e-05
1.85608e-05
1.70864e-05
1.69245e-05
1.53091e-05
1.52851e-05
1.38694e-05
1.40489e-05
1.30977e-05
1.34653e-05
1.30686e-05
1.3493e-05
1.34851e-05
1.36967e-05
1.36231e-05
1.32176e-05
1.23693e-05
1.08498e-05
8.37043e-06
5.22637e-06
2.77035e-07
-4.90792e-06
-1.29535e-05
-2.03856e-05
-3.17535e-05
-4.13289e-05
-5.58775e-05
-6.77678e-05
-8.64674e-05
-0.000104338
-0.000137399
-0.000169848
-0.00023362
-0.000291204
-0.000399819
-0.000492747
-0.000651499
-0.000783704
-0.000979363
-0.00114147
-0.00134647
-0.00151865
-0.00170547
-0.00186187
-0.00200256
-0.00210695
-0.00216051
-0.00216446
-0.0020917
-0.0019765
-0.00180057
-0.0017152
2.58706e-05
2.86348e-05
3.08592e-05
3.44594e-05
3.23765e-05
3.17418e-05
2.81281e-05
2.4519e-05
2.21649e-05
1.70432e-05
1.63237e-05
9.71988e-06
9.81505e-06
1.17006e-06
1.04466e-06
-9.37028e-06
-1.05275e-05
-2.03156e-05
-2.21047e-05
-2.69797e-05
-2.76568e-05
-2.3786e-05
-2.2286e-05
-1.04446e-05
-8.54218e-06
6.30044e-06
6.53777e-06
2.07525e-05
2.08171e-05
3.33248e-05
3.39051e-05
4.41274e-05
4.55985e-05
5.29964e-05
5.53854e-05
5.95517e-05
6.25866e-05
6.33389e-05
6.65487e-05
6.39986e-05
6.68337e-05
6.14156e-05
6.33661e-05
5.58171e-05
5.65129e-05
4.78089e-05
4.70961e-05
3.83346e-05
3.63173e-05
2.85591e-05
2.55952e-05
1.96685e-05
1.63099e-05
1.25978e-05
9.47169e-06
7.72123e-06
5.36705e-06
4.56532e-06
3.26022e-06
1.62971e-06
1.2481e-06
-3.60349e-06
-3.65032e-06
-1.44203e-05
-1.51364e-05
-3.43859e-05
-3.70308e-05
-6.66791e-05
-7.25207e-05
-0.000113355
-0.00012338
-0.000174679
-0.000189313
-0.000248662
-0.000267563
-0.000332713
-0.000354323
-0.00043193
-0.000472747
-0.000583221
-0.000665749
-0.000822225
-0.000963019
-0.00116153
-0.00136257
-0.00158241
-0.00181822
-0.00202801
-0.00225808
-0.0024286
-0.00262018
-0.00272826
-0.00285444
-0.00287536
-0.00289903
-0.00280408
-0.00268805
-0.00247735
-0.00223274
-0.00210381
5.57434e-05
5.95942e-05
6.5888e-05
7.10188e-05
7.32579e-05
7.33611e-05
7.13214e-05
6.83121e-05
6.45424e-05
6.09759e-05
5.71726e-05
5.38114e-05
5.01105e-05
4.68236e-05
4.31331e-05
3.99377e-05
3.67857e-05
3.44232e-05
3.3039e-05
3.30173e-05
3.50705e-05
3.91497e-05
4.59357e-05
5.44411e-05
6.54616e-05
7.65375e-05
8.90117e-05
0.00010067
0.000113163
0.000124272
0.000135554
0.000145074
0.000153944
0.000160802
0.000166167
0.000169462
0.000170549
0.000169733
0.000166241
0.00016124
0.000153426
0.000144691
0.000133367
0.000121836
0.000108281
9.52784e-05
8.10768e-05
6.81305e-05
5.49357e-05
4.35346e-05
3.27744e-05
2.40747e-05
1.66248e-05
1.11387e-05
7.00917e-06
4.33016e-06
2.43603e-06
1.07155e-06
-8.40516e-07
-3.45977e-06
-8.66721e-06
-1.59547e-05
-2.83745e-05
-4.41301e-05
-6.77238e-05
-9.55017e-05
-0.000133549
-0.000175946
-0.000230305
-0.000288286
-0.000358773
-0.000431169
-0.000515178
-0.000598463
-0.000691995
-0.000782757
-0.000883261
-0.000990207
-0.00112153
-0.00126739
-0.00144908
-0.00164736
-0.00187823
-0.00211884
-0.00237586
-0.00262767
-0.00287087
-0.00309265
-0.00328207
-0.00344012
-0.00355151
-0.00362455
-0.00364349
-0.00361396
-0.00352331
-0.00337401
-0.00316992
-0.0029139
-0.00268413
-0.00253478
8.98268e-05
9.6665e-05
0.000111094
0.000122626
0.00012797
0.000134122
0.000131805
0.000134098
0.000128624
0.000129745
0.000123637
0.000124646
0.000118133
0.000118939
0.000112213
0.000112878
0.000107487
0.000109326
0.000107395
0.000112996
0.000116564
0.000128895
0.000141132
0.000160666
0.000181852
0.000204416
0.000227564
0.000248551
0.000271747
0.000288557
0.000309166
0.000319865
0.000335295
0.000338402
0.00034655
0.000341313
0.000340922
0.000327496
0.000318372
0.00029786
0.000280925
0.000255279
0.00023247
0.000204269
0.000178292
0.000150418
0.000124385
9.96152e-05
7.6578e-05
5.71199e-05
3.95223e-05
2.65437e-05
1.56573e-05
8.86556e-06
4.28863e-06
1.65398e-06
9.94663e-07
-1.292e-06
-2.43109e-06
-9.69103e-06
-1.73445e-05
-3.58097e-05
-5.68859e-05
-9.28043e-05
-0.000134006
-0.000192571
-0.000259153
-0.000343417
-0.000437981
-0.000547938
-0.000669492
-0.000801512
-0.000944962
-0.00109171
-0.00124795
-0.00140159
-0.00155989
-0.00172503
-0.00192145
-0.00211908
-0.00238185
-0.00261833
-0.00293012
-0.00318508
-0.0035021
-0.00373832
-0.0040015
-0.00417899
-0.0043428
-0.00443468
-0.0044836
-0.00447816
-0.00441251
-0.00430363
-0.00412192
-0.00390495
-0.00361145
-0.00330622
-0.00293739
-0.00276919
0.000131753
0.000143833
0.000159585
0.00018089
0.00018996
0.0002048
0.000207204
0.000216864
0.000216349
0.000223988
0.000223004
0.000229858
0.000228559
0.00023457
0.000232873
0.00023874
0.000238012
0.000246567
0.000249087
0.000264822
0.000273041
0.000300747
0.000318079
0.000357954
0.000384468
0.00042796
0.000454689
0.000492672
0.00051777
0.000544972
0.000565442
0.000578301
0.000591492
0.000587777
0.00059174
0.000570973
0.000564809
0.000528425
0.000512459
0.0004637
0.000439476
0.000383031
0.000353137
0.000294572
0.000262313
0.00020735
0.000176302
0.000129991
0.000103455
6.93159e-05
4.97153e-05
2.89366e-05
1.7223e-05
8.04774e-06
3.21122e-06
6.54134e-07
-5.37769e-07
-4.50489e-06
-7.42522e-06
-2.31369e-05
-3.48011e-05
-7.36235e-05
-0.000101779
-0.000174423
-0.000226327
-0.000340973
-0.000422037
-0.000582572
-0.000695076
-0.000899728
-0.00104187
-0.00128253
-0.00144797
-0.00171034
-0.00188877
-0.00215701
-0.00233502
-0.00261008
-0.00282004
-0.00311992
-0.00338368
-0.00370204
-0.00400017
-0.00429881
-0.00458851
-0.00481763
-0.00504463
-0.00516364
-0.00528786
-0.00528051
-0.00528966
-0.00516103
-0.0050578
-0.00482133
-0.00460839
-0.00428041
-0.00396707
-0.00358078
-0.00322707
-0.00302562
0.000178884
0.000191005
0.000219649
0.000241762
0.000266894
0.000283779
0.000303427
0.000315883
0.00033301
0.000343828
0.00036055
0.000370835
0.000386772
0.000396468
0.000410874
0.000420564
0.000435344
0.000447508
0.000467676
0.000486339
0.000518232
0.000547752
0.000596679
0.000636878
0.000696836
0.000740277
0.000793293
0.000831232
0.000870572
0.000897743
0.000918318
0.000931163
0.000929741
0.00092603
0.00090161
0.000880867
0.000834944
0.000798603
0.000735084
0.000686382
0.000611168
0.000554788
0.000475085
0.000416587
0.000340004
0.000285104
0.000218623
0.000172365
0.000121253
8.71528e-05
5.39272e-05
3.31724e-05
1.67747e-05
7.61013e-06
2.93925e-06
3.85119e-07
-1.62686e-06
-5.5894e-06
-1.7248e-05
-3.29415e-05
-6.83886e-05
-0.000107166
-0.00018042
-0.00025298
-0.000375664
-0.000490178
-0.000669269
-0.000829618
-0.00106558
-0.00126999
-0.00155563
-0.00179601
-0.00211633
-0.0023784
-0.0027123
-0.00298023
-0.00330414
-0.0035776
-0.00390921
-0.00420072
-0.00454271
-0.00484575
-0.00516286
-0.00544099
-0.00568458
-0.00589115
-0.00601653
-0.00611376
-0.00609953
-0.00607251
-0.00592617
-0.0057804
-0.0055241
-0.00527386
-0.00493026
-0.00459339
-0.00419
-0.00380082
-0.00341249
-0.00321106
0.000219577
0.000236311
0.000272011
0.000304758
0.00033551
0.000365258
0.000391037
0.000418617
0.000442618
0.000470571
0.000494718
0.000523928
0.000547379
0.000577281
0.000598791
0.000629258
0.000650785
0.000683877
0.000711184
0.000750932
0.000791286
0.00084183
0.00090191
0.000961449
0.00103334
0.00109074
0.00115224
0.00119597
0.00123997
0.00126364
0.00128459
0.0012845
0.00127893
0.00125359
0.00122074
0.00117126
0.00111333
0.00104343
0.000965419
0.000881072
0.000790214
0.000698991
0.000603931
0.000514095
0.000423803
0.000343244
0.000265806
0.000200898
0.000142257
9.67543e-05
5.95431e-05
3.36476e-05
1.62702e-05
6.03392e-06
2.19229e-06
-5.79484e-07
-1.72492e-06
-8.93532e-06
-2.1851e-05
-4.78872e-05
-8.89912e-05
-0.000148885
-0.000234256
-0.000341426
-0.000484193
-0.000648085
-0.000855875
-0.00107986
-0.00135272
-0.00163261
-0.00196181
-0.00228529
-0.0026532
-0.00300038
-0.0033817
-0.00372974
-0.00409585
-0.0044337
-0.004798
-0.00512709
-0.00548918
-0.00579427
-0.00611201
-0.00635606
-0.00657845
-0.00672188
-0.00680675
-0.006823
-0.00675565
-0.00664095
-0.00643612
-0.00620597
-0.00589238
-0.0055705
-0.00517764
-0.00478976
-0.00434957
-0.00393078
-0.00348521
-0.00327398
0.00026052
0.000283063
0.0003191
0.000364485
0.000397588
0.000442798
0.000472027
0.00051785
0.000546068
0.000594748
0.000623789
0.000675724
0.000704784
0.000758691
0.000786391
0.000841548
0.000869386
0.000927789
0.000960822
0.00102681
0.00107157
0.00114899
0.00121161
0.0012963
0.00136926
0.00144468
0.00150624
0.00155744
0.00160086
0.00162003
0.00163975
0.00162298
0.0016156
0.00156235
0.00152726
0.0014407
0.00138026
0.00126705
0.00118643
0.00105607
0.000962701
0.0008265
0.000729189
0.000598897
0.000506747
0.00039306
0.00031423
0.000225241
0.000165677
0.000105448
6.77097e-05
3.51735e-05
1.75241e-05
5.90161e-06
1.84927e-06
-1.20429e-06
-2.72145e-06
-1.41237e-05
-2.77921e-05
-6.71786e-05
-0.000109603
-0.000196754
-0.000284138
-0.00043599
-0.000581503
-0.000809147
-0.00102037
-0.00132652
-0.00160335
-0.00198069
-0.00231417
-0.00274497
-0.0031172
-0.00357429
-0.00395973
-0.00441122
-0.00478137
-0.00520421
-0.00556734
-0.0059487
-0.00630188
-0.00661422
-0.00691722
-0.0071216
-0.00732641
-0.00739114
-0.00745898
-0.00737198
-0.00729003
-0.00706284
-0.00684572
-0.00650689
-0.00618313
-0.00576794
-0.00536803
-0.00491279
-0.00446907
-0.00401205
-0.00357524
-0.00335166
0.000306757
0.000329333
0.000368078
0.00041412
0.00046214
0.000509107
0.00055876
0.00060717
0.000660082
0.000711937
0.000769483
0.000825112
0.000886376
0.000944567
0.00100784
0.0010678
0.00113327
0.00119653
0.00126687
0.00133696
0.00141556
0.00149551
0.0015827
0.0016678
0.00175374
0.00182908
0.00189346
0.00194461
0.00197879
0.00199794
0.00199613
0.00197938
0.00193952
0.00188632
0.00181007
0.00172359
0.00161631
0.00150321
0.00137357
0.00124333
0.00110233
0.000966251
0.000825983
0.000695811
0.000567991
0.000454409
0.000348761
0.000259854
0.000182578
0.000122405
7.48849e-05
4.23786e-05
2.03394e-05
8.72762e-06
2.04182e-06
-1.00892e-06
-7.69167e-06
-1.90834e-05
-4.48262e-05
-8.41764e-05
-0.000149438
-0.00023651
-0.000360254
-0.000511965
-0.000708572
-0.000936006
-0.00121243
-0.0015183
-0.00187196
-0.00224896
-0.0026667
-0.00309711
-0.00355557
-0.00401224
-0.00448061
-0.00493168
-0.00537605
-0.00579771
-0.00620353
-0.00657988
-0.00692377
-0.00722789
-0.00747485
-0.00766943
-0.00778643
-0.00784166
-0.00780965
-0.00771459
-0.00753594
-0.00730239
-0.00700009
-0.00665645
-0.00626453
-0.00584607
-0.00540069
-0.00494386
-0.00448167
-0.00402455
-0.00366439
-0.0034409
0.000331096
0.000354414
0.000410291
0.000458572
0.000518573
0.000569002
0.000633757
0.000686839
0.000758767
0.000816352
0.000896717
0.000959067
0.0010464
0.00111227
0.00120373
0.00127208
0.00136645
0.00143815
0.0015368
0.0016143
0.00171914
0.00180428
0.00191492
0.00200223
0.00210443
0.00218003
0.00225017
0.00229998
0.00232906
0.00234536
0.00232798
0.00230703
0.00224194
0.0021835
0.00207407
0.00198165
0.00183571
0.00171637
0.00154554
0.0014092
0.00122764
0.001086
0.000908839
0.000773956
0.000615458
0.000498236
0.000369862
0.00027846
0.000187072
0.000125468
7.18745e-05
3.87722e-05
1.68542e-05
5.12825e-06
1.79231e-06
-1.321e-06
-5.20803e-06
-1.70616e-05
-4.47094e-05
-8.533e-05
-0.000161161
-0.000250622
-0.000396813
-0.0005522
-0.00078508
-0.00101747
-0.00134431
-0.00165624
-0.00207294
-0.00245677
-0.0029469
-0.00338445
-0.00391984
-0.00438346
-0.00492658
-0.0053837
-0.00589213
-0.0063169
-0.00676177
-0.00713449
-0.00748287
-0.00777655
-0.00799029
-0.00817023
-0.00822359
-0.00826332
-0.00815016
-0.0080411
-0.00777693
-0.00753179
-0.00714913
-0.00679697
-0.00633673
-0.00591363
-0.00541786
-0.00496049
-0.00446943
-0.00401474
-0.00356414
-0.00334204
0.000357424
0.000384394
0.000440411
0.00049736
0.000558237
0.000620569
0.000686894
0.000755567
0.000829559
0.000906276
0.000989083
0.00107388
0.00116407
0.00125524
0.00135001
0.00144549
0.0015434
0.00164224
0.00174418
0.00184618
0.00195342
0.00205722
0.00216884
0.00226679
0.00236893
0.00244613
0.00251622
0.00255917
0.00258822
0.0025897
0.00257233
0.00252945
0.00246441
0.00237835
0.00226901
0.00214518
0.00199936
0.00184701
0.00167631
0.00150761
0.00132619
0.00115494
0.000977922
0.00081793
0.000659557
0.000522886
0.000394613
0.000289837
0.000198522
0.000129216
7.56647e-05
3.93253e-05
1.74247e-05
5.05903e-06
1.72572e-06
-1.72594e-06
-5.60989e-06
-1.99201e-05
-4.7546e-05
-9.49549e-05
-0.000170726
-0.000273004
-0.000419079
-0.000594246
-0.000826942
-0.0010861
-0.00141268
-0.00175743
-0.00217381
-0.00259474
-0.00308447
-0.00356097
-0.00409594
-0.00459755
-0.00514023
-0.00563065
-0.00613866
-0.00658396
-0.0070274
-0.00739789
-0.00774349
-0.00800846
-0.00821875
-0.00834982
-0.00839981
-0.0083814
-0.00826554
-0.00809955
-0.00783363
-0.00753967
-0.00715615
-0.00676694
-0.00630656
-0.00586044
-0.00536515
-0.00490026
-0.00441005
-0.00396145
-0.00351142
-0.0032953
0.00038184
0.000412172
0.000468226
0.00053317
0.000594882
0.000668324
0.000736036
0.000819213
0.000895065
0.000989552
0.00107455
0.0011802
0.00127295
0.00138763
0.00148539
0.00160608
0.00170727
0.00183125
0.00193622
0.00206091
0.00217039
0.00229145
0.00240399
0.0025118
0.00261387
0.00269256
0.00276259
0.0027992
0.00282823
0.00281598
0.00279862
0.00273542
0.00267043
0.0025588
0.00244953
0.00229663
0.00215091
0.00196799
0.00179742
0.00159875
0.00141746
0.00121879
0.0010419
0.000858653
0.000700396
0.000545713
0.000417533
0.000300374
0.000209126
0.000132687
7.91745e-05
3.98375e-05
1.7953e-05
4.99492e-06
1.66406e-06
-2.10094e-06
-5.98205e-06
-2.25673e-05
-5.0173e-05
-0.000103868
-0.000179583
-0.000293731
-0.000439699
-0.000633184
-0.000865709
-0.00114965
-0.00147599
-0.00185114
-0.00226721
-0.0027225
-0.00321188
-0.00372444
-0.00425902
-0.00479581
-0.0053381
-0.00585934
-0.00636697
-0.00683128
-0.00727338
-0.00764182
-0.00798484
-0.00822322
-0.00843032
-0.00851613
-0.008563
-0.00848969
-0.00837239
-0.00815211
-0.00788614
-0.00754568
-0.00716266
-0.00673806
-0.00627863
-0.00580985
-0.00531633
-0.00484287
-0.00435451
-0.00391045
-0.00346278
-0.00325222
0.000411508
0.000441854
0.000491637
0.00055689
0.000625076
0.000699474
0.000776732
0.000861405
0.000949213
0.00104557
0.00114469
0.00125251
0.0013616
0.00147881
0.00159507
0.00171861
0.0018393
0.0019662
0.00208901
0.00221614
0.00233804
0.0024606
0.00257572
0.00268382
0.00277966
0.00285831
0.0029183
0.00295486
0.00297026
0.00295798
0.00292417
0.00286096
0.00277788
0.00266626
0.00253846
0.00238559
0.00222201
0.00203914
0.00185231
0.00165369
0.00145844
0.00125984
0.00107167
0.000888488
0.000721661
0.000567036
0.000432669
0.000315557
0.000219874
0.000143469
8.64532e-05
4.71351e-05
2.18237e-05
8.87286e-06
1.48615e-06
-2.2771e-06
-1.12343e-05
-2.78142e-05
-6.14864e-05
-0.000115161
-0.000197462
-0.000311563
-0.000463792
-0.000657193
-0.000894596
-0.00117841
-0.00150717
-0.00188214
-0.00229731
-0.00275238
-0.0032371
-0.0037494
-0.00427571
-0.00481223
-0.00534352
-0.00586449
-0.00636018
-0.00682408
-0.0072454
-0.00761296
-0.00792368
-0.00816087
-0.00833129
-0.00841571
-0.00843007
-0.00835637
-0.00821648
-0.00799672
-0.00772109
-0.00738166
-0.00700126
-0.0065781
-0.00613116
-0.00566423
-0.0051908
-0.00471942
-0.00425586
-0.00381318
-0.00346459
-0.00325417
0.000421964
0.000452304
0.000510535
0.000576039
0.000650025
0.000725155
0.000810785
0.000896562
0.000995464
0.0010932
0.00120606
0.00131553
0.00144089
0.00156005
0.00169471
0.00182049
0.00196051
0.00208969
0.00223052
0.00235955
0.00249509
0.00261878
0.00274043
0.00284869
0.00294361
0.0030222
0.00307542
0.00311195
0.00311588
0.00310362
0.00305448
0.00299131
0.00289006
0.00277851
0.00263086
0.00247808
0.00229426
0.0021115
0.00190526
0.00170677
0.00149408
0.0012956
0.00109284
0.00090977
0.000731777
0.00057725
0.000435345
0.000318307
0.000218511
0.000142153
8.38877e-05
4.45944e-05
2.00607e-05
7.11807e-06
1.56454e-06
-2.19634e-06
-9.22232e-06
-2.57917e-05
-5.82333e-05
-0.000111874
-0.000194175
-0.000308204
-0.000461865
-0.000655144
-0.000895281
-0.00117891
-0.00151131
-0.00188604
-0.00230515
-0.00275994
-0.00324828
-0.00376026
-0.00428931
-0.00482549
-0.00535826
-0.0058789
-0.00637333
-0.00683692
-0.00724876
-0.00761613
-0.00790477
-0.00814221
-0.00828138
-0.00836674
-0.0083477
-0.00827563
-0.00810704
-0.00788946
-0.00759375
-0.00725691
-0.00686613
-0.00644581
-0.00599781
-0.00553376
-0.00506784
-0.00459902
-0.00415105
-0.00370982
-0.003348
-0.00313784
0.000427849
0.000458436
0.000524408
0.000590598
0.000668309
0.000744606
0.000835649
0.000923137
0.00102929
0.00112919
0.0012511
0.00136307
0.00149927
0.00162121
0.00176824
0.00189695
0.00205004
0.00218194
0.00233503
0.00246592
0.00261094
0.0027349
0.00286151
0.00296823
0.00306288
0.00313883
0.00318855
0.00322196
0.00321934
0.00320379
0.00314559
0.00307924
0.00296696
0.00285257
0.00269266
0.00253754
0.00234102
0.00215651
0.00193795
0.00173833
0.00151444
0.0013154
0.0011032
0.000920035
0.000734813
0.000580488
0.000433782
0.000317074
0.000214866
0.000138813
8.02306e-05
4.11205e-05
1.78645e-05
4.97807e-06
1.65919e-06
-2.0644e-06
-6.58298e-06
-2.29101e-05
-5.32088e-05
-0.000106085
-0.000187114
-0.000299489
-0.000453066
-0.000643449
-0.000884787
-0.00116401
-0.00149877
-0.00186747
-0.00228981
-0.00273701
-0.00322902
-0.0037322
-0.00426491
-0.0047916
-0.00532753
-0.00583865
-0.00633565
-0.00679028
-0.00719875
-0.00755785
-0.00783409
-0.00806479
-0.00818471
-0.00826629
-0.00822543
-0.0081535
-0.00796516
-0.00775168
-0.0074413
-0.00711181
-0.0067121
-0.00630158
-0.00585016
-0.0053976
-0.00493365
-0.00447698
-0.00403662
-0.003607
-0.00321706
-0.00301201
0.000435637
0.000466854
0.000532848
0.000600702
0.000678673
0.000757628
0.000849155
0.000940423
0.00104721
0.00115186
0.00127449
0.00139205
0.00152907
0.00165727
0.00180524
0.00194044
0.00209449
0.00223217
0.00238607
0.0025206
0.00266615
0.00279013
0.0029169
0.00301971
0.00311431
0.00318357
0.00323325
0.00325867
0.00325606
0.00323207
0.0031739
0.00309933
0.00298711
0.0028653
0.00270548
0.00254419
0.00234777
0.00215861
0.00194016
0.00173747
0.0015137
0.00131305
0.00110096
0.000917368
0.000732246
0.000578293
0.000431666
0.000315694
0.000213541
0.000138198
7.96472e-05
4.097e-05
1.77265e-05
4.97192e-06
1.65483e-06
-1.97659e-06
-6.49272e-06
-2.22135e-05
-5.24958e-05
-0.000103459
-0.000184444
-0.00029268
-0.000446175
-0.000629306
-0.000870513
-0.0011387
-0.00147327
-0.00182684
-0.00224895
-0.00267713
-0.00316887
-0.00364993
-0.00418235
-0.0046852
-0.00522084
-0.005708
-0.00620473
-0.00663584
-0.00704477
-0.00738011
-0.00765821
-0.00786656
-0.00798969
-0.00805369
-0.00801696
-0.00793538
-0.00775159
-0.0075379
-0.00723212
-0.0069114
-0.00651618
-0.00612157
-0.00567434
-0.00524263
-0.00478225
-0.00434934
-0.00391139
-0.00350659
-0.0031174
-0.00292492
0.00044285
0.000474649
0.000540663
0.000610058
0.000688271
0.000769686
0.000861662
0.00095643
0.0010638
0.00117285
0.00129615
0.00141888
0.00155667
0.00169066
0.0018395
0.00198071
0.00213565
0.00227868
0.00243334
0.00257125
0.00271728
0.00284127
0.0029682
0.00306738
0.00316193
0.00322499
0.00327466
0.00329267
0.00329006
0.00325825
0.00320011
0.00311793
0.00300577
0.00287709
0.00271735
0.00255035
0.00235403
0.00216055
0.00194221
0.00173667
0.00151301
0.00131087
0.00109888
0.000914898
0.000729869
0.000576259
0.000429706
0.000314416
0.000212313
0.000137628
7.91069e-05
4.08305e-05
1.75987e-05
4.96622e-06
1.6508e-06
-1.89527e-06
-6.40914e-06
-2.15685e-05
-5.18356e-05
-0.000101027
-0.000181972
-0.000286375
-0.000439793
-0.000616209
-0.000857295
-0.00111525
-0.00144966
-0.00178921
-0.0022111
-0.00262167
-0.00311316
-0.00357374
-0.00410589
-0.00458666
-0.00512203
-0.00558701
-0.00608349
-0.00649281
-0.00690217
-0.00721552
-0.00749533
-0.00768298
-0.00780908
-0.0078568
-0.00782391
-0.00773338
-0.00755381
-0.00733994
-0.00703841
-0.00672582
-0.00633475
-0.00595486
-0.00551152
-0.00509913
-0.00464205
-0.00423113
-0.00379542
-0.00341361
-0.00302511
-0.00284426
0.000449816
0.000482107
0.00054742
0.000618245
0.00069649
0.000780302
0.000872338
0.000970513
0.00107791
0.00119125
0.00131446
0.00144229
0.00157986
0.00171964
0.00186819
0.0020155
0.00217011
0.00231867
0.0024729
0.00261447
0.00275995
0.00288441
0.00301049
0.00310666
0.00320003
0.00325776
0.00330681
0.00331846
0.00331542
0.0032769
0.00321856
0.00312984
0.00301774
0.00288316
0.00272375
0.00255184
0.00235606
0.00215888
0.00194126
0.00173327
0.00151041
0.00130699
0.00109581
0.000911488
0.000727175
0.000573866
0.000427868
0.000313168
0.000211412
0.000137295
7.88976e-05
4.09672e-05
1.76678e-05
5.1408e-06
1.64381e-06
-1.8287e-06
-6.51875e-06
-2.11945e-05
-5.14834e-05
-9.91489e-05
-0.000179801
-0.000280904
-0.000433567
-0.0006042
-0.00084396
-0.00109311
-0.00142557
-0.00175304
-0.00217239
-0.00256778
-0.00305623
-0.00349917
-0.00402797
-0.00448972
-0.00502167
-0.00546754
-0.00596166
-0.00635191
-0.00676009
-0.00705347
-0.00733434
-0.0075024
-0.00763222
-0.00766354
-0.00763669
-0.00753575
-0.00736373
-0.00714711
-0.00685378
-0.00654604
-0.00616308
-0.00579419
-0.00535843
-0.00496131
-0.00451093
-0.00411794
-0.00368743
-0.00332471
-0.00294265
-0.00277182
0.000459432
0.000491721
0.000549773
0.000620625
0.000698449
0.000782377
0.000873985
0.000972319
0.001079
0.00119248
0.00131445
0.00144239
0.00157807
0.00171792
0.00186386
0.00201118
0.0021622
0.00231067
0.00245992
0.00260131
0.00274002
0.0028643
0.00298188
0.00307797
0.0031625
0.00322019
0.0032616
0.00327324
0.00326468
0.00322617
0.00316505
0.00307636
0.00296455
0.00283002
0.00267395
0.00250211
0.00231238
0.00211529
0.00190574
0.00169784
0.00148419
0.00128085
0.00107895
0.000894709
0.000718703
0.000565461
0.000425893
0.000311242
0.00021343
0.000139345
8.22329e-05
4.43189e-05
2.00054e-05
7.48375e-06
1.59794e-06
-1.87308e-06
-8.88845e-06
-2.35579e-05
-5.43018e-05
-0.000101947
-0.000179237
-0.000280296
-0.000423978
-0.000594537
-0.000818338
-0.00106738
-0.00137626
-0.00170359
-0.00209202
-0.00248724
-0.0029387
-0.00338145
-0.00386944
-0.00433099
-0.00482123
-0.00526691
-0.00572125
-0.00611165
-0.00648593
-0.00678128
-0.00703835
-0.00721033
-0.0073286
-0.00736533
-0.00733978
-0.0072449
-0.0070859
-0.00687529
-0.00660446
-0.00630235
-0.00594858
-0.00558482
-0.00518171
-0.00478896
-0.00437149
-0.0039817
-0.00358098
-0.00321972
-0.00290037
-0.00272966
0.000467531
0.000499817
0.000551747
0.000622622
0.000700068
0.0007841
0.000875319
0.000973794
0.00107982
0.00119343
0.00131426
0.00144231
0.00157627
0.0017162
0.00185977
0.0020071
0.00215488
0.00230328
0.002448
0.00258923
0.00272178
0.00284588
0.00295572
0.00305174
0.00312821
0.00318589
0.00322028
0.00323191
0.00321826
0.00317977
0.00311604
0.00302739
0.00291576
0.00278129
0.00262819
0.00245642
0.00227214
0.00207512
0.00187289
0.00166507
0.00145976
0.00125651
0.00106305
0.00087888
0.000710454
0.000557273
0.000423603
0.000308998
0.000214851
0.000140796
8.49601e-05
4.70611e-05
2.19637e-05
9.44705e-06
1.55943e-06
-1.91021e-06
-1.08364e-05
-2.55e-05
-5.64206e-05
-0.000104047
-0.00017801
-0.000279029
-0.000414245
-0.000584737
-0.000793704
-0.00104265
-0.00132975
-0.00165695
-0.00201691
-0.00241198
-0.00282947
-0.00327204
-0.00372259
-0.00418396
-0.00463599
-0.00508149
-0.00549935
-0.00588989
-0.00623313
-0.00653028
-0.00676559
-0.00694117
-0.00704888
-0.00709058
-0.00706622
-0.00697692
-0.00682979
-0.00662472
-0.00637442
-0.00607751
-0.00575041
-0.00539138
-0.00501815
-0.00462944
-0.00424207
-0.00385524
-0.00348176
-0.00312186
-0.00285694
-0.00268635
0.000461663
0.00049393
0.000550911
0.000621769
0.000698454
0.0007825
0.000873091
0.000971601
0.00107704
0.00119069
0.00131086
0.00143893
0.0015721
0.00171203
0.0018546
0.0020019
0.00214828
0.00229661
0.00243915
0.00258026
0.00270945
0.00283342
0.00293852
0.00303448
0.00310541
0.00316306
0.0031922
0.00320383
0.00318592
0.00314743
0.00308085
0.00299223
0.00287941
0.00274499
0.00259246
0.00242075
0.00223868
0.00204174
0.00184308
0.00163534
0.00143456
0.00123138
0.0010429
0.000858799
0.000695287
0.000542162
0.000412906
0.000298344
0.000207826
0.000133798
8.07474e-05
4.28625e-05
1.99309e-05
7.4189e-06
1.5977e-06
-1.87066e-06
-8.04626e-06
-2.27044e-05
-4.92294e-05
-9.68378e-05
-0.000163754
-0.000264736
-0.000389359
-0.000559788
-0.000754003
-0.00100286
-0.00127085
-0.00159793
-0.00193476
-0.00232968
-0.00272091
-0.00316332
-0.00358591
-0.00404711
-0.00447144
-0.00491677
-0.00530954
-0.00570019
-0.00602266
-0.00632131
-0.00654116
-0.00671971
-0.00681892
-0.00686471
-0.00683961
-0.00675493
-0.00661468
-0.00641425
-0.00617734
-0.00588487
-0.0055758
-0.00522093
-0.00486838
-0.00448336
-0.0041175
-0.00373353
-0.00338157
-0.00302303
-0.00274592
-0.00257553
0.000456228
0.000488478
0.000550136
0.000620979
0.000696959
0.00078102
0.000871027
0.000969569
0.00107446
0.00118814
0.00130772
0.0014358
0.00156824
0.00170817
0.00184981
0.00199709
0.00214216
0.00229043
0.00243095
0.00257196
0.00269803
0.00282189
0.00292259
0.0030185
0.00308429
0.00314192
0.00316619
0.00317782
0.00315596
0.00311749
0.00304826
0.00295967
0.00284575
0.00271137
0.00255936
0.00238771
0.0022077
0.00201082
0.00181548
0.00160781
0.00141123
0.00120812
0.00102424
0.000840203
0.000681242
0.000528169
0.000403001
0.000288477
0.00020132
0.000127317
7.68462e-05
3.89742e-05
1.80484e-05
5.54071e-06
1.63314e-06
-1.83403e-06
-5.46243e-06
-2.01156e-05
-4.257e-05
-9.01621e-05
-0.000150552
-0.000251499
-0.000366314
-0.000536684
-0.000717238
-0.000966005
-0.00121631
-0.00154328
-0.00185868
-0.00225347
-0.00262037
-0.00306263
-0.00345933
-0.00392037
-0.00431905
-0.00476423
-0.00513377
-0.00552453
-0.00582776
-0.0061278
-0.00633333
-0.00651462
-0.00660596
-0.00665554
-0.00662975
-0.00654935
-0.00641548
-0.00621934
-0.00599482
-0.00570646
-0.0054141
-0.00506308
-0.00472968
-0.00434808
-0.00400213
-0.00362082
-0.00328879
-0.00293152
-0.00264311
-0.0024729
0.000454772
0.000486953
0.000550126
0.000620836
0.00069654
0.000780509
0.00087028
0.000968739
0.00107341
0.00118696
0.00130629
0.00143415
0.0015663
0.00170591
0.00184717
0.00199398
0.00213853
0.0022861
0.00242585
0.00256582
0.00269074
0.00281317
0.00291233
0.00300652
0.00307061
0.00312652
0.00314917
0.00315937
0.0031362
0.00309675
0.00302665
0.00293764
0.00282337
0.00268916
0.00253736
0.00236646
0.00218716
0.00199152
0.00179732
0.00159123
0.00139608
0.00119472
0.00101241
0.000830094
0.000672679
0.000521118
0.000397335
0.000283977
0.000197955
0.000124702
7.51003e-05
3.75852e-05
1.7331e-05
4.91389e-06
1.64383e-06
-1.76992e-06
-4.55007e-06
-1.88756e-05
-3.9971e-05
-8.66045e-05
-0.000144811
-0.000243816
-0.000355344
-0.0005225
-0.000698471
-0.000942578
-0.00118694
-0.00150779
-0.00181601
-0.00220339
-0.00256213
-0.00299607
-0.00338407
-0.00383642
-0.00422648
-0.00466326
-0.00502463
-0.00540794
-0.00570536
-0.00599907
-0.00620198
-0.00637859
-0.00647079
-0.00651765
-0.00649605
-0.00641505
-0.00628806
-0.00609342
-0.00587763
-0.00559253
-0.00531014
-0.00496351
-0.00464083
-0.00426406
-0.00392873
-0.00355234
-0.00322989
-0.002878
-0.00258619
-0.00241884
0.000455244
0.000487317
0.000550477
0.000620964
0.00069669
0.000780422
0.000870254
0.000968452
0.0010732
0.00118641
0.00130581
0.00143323
0.00156543
0.00170444
0.00184574
0.00199175
0.00213631
0.00228278
0.00242249
0.00256092
0.00268577
0.00280613
0.00290523
0.00299693
0.003061
0.00311444
0.00313708
0.00314521
0.00312205
0.00308118
0.0030111
0.00292145
0.00280722
0.00267324
0.00252148
0.00235163
0.00217239
0.00197849
0.00178435
0.00158051
0.00138542
0.00118654
0.00100429
0.000824426
0.000667058
0.000517657
0.00039391
0.000282218
0.000196221
0.000124041
7.44532e-05
3.74478e-05
1.71995e-05
4.91132e-06
1.64222e-06
-1.69487e-06
-4.47421e-06
-1.83285e-05
-3.94177e-05
-8.46734e-05
-0.000142862
-0.000239078
-0.000350573
-0.000513111
-0.000689031
-0.000926441
-0.00117073
-0.00148279
-0.00179092
-0.00216767
-0.0025263
-0.00294829
-0.00333617
-0.00377603
-0.00416597
-0.00459068
-0.00495195
-0.00532463
-0.00562231
-0.00590754
-0.00611135
-0.00628249
-0.00637618
-0.00642114
-0.00640137
-0.00632215
-0.00619708
-0.00600751
-0.00579355
-0.00551604
-0.00523533
-0.00489789
-0.0045767
-0.00420979
-0.00387569
-0.00350894
-0.00318735
-0.00284431
-0.00255278
-0.00238964
0.000455681
0.000487653
0.000550802
0.000621082
0.000696829
0.000780342
0.000870229
0.000968186
0.001073
0.00118591
0.00130537
0.00143237
0.00156463
0.00170307
0.00184442
0.00198969
0.00213426
0.0022797
0.00241939
0.00255639
0.00268118
0.00279961
0.00289866
0.00298805
0.0030521
0.00310324
0.00312588
0.0031321
0.00310894
0.00306675
0.00299669
0.00290647
0.00279227
0.0026585
0.00250678
0.0023379
0.0021587
0.00196643
0.00177235
0.00157058
0.00137554
0.00117897
0.000996768
0.000819178
0.000661852
0.000514451
0.000390738
0.000280589
0.000194616
0.000123428
7.3854e-05
3.73205e-05
1.70778e-05
4.90895e-06
1.64073e-06
-1.62537e-06
-4.40395e-06
-1.78219e-05
-3.89054e-05
-8.2885e-05
-0.000141058
-0.000234691
-0.000346155
-0.000504417
-0.000680288
-0.000911497
-0.00115572
-0.00145964
-0.00176768
-0.00213458
-0.00249311
-0.00290404
-0.00329182
-0.0037201
-0.00410994
-0.00452347
-0.00488465
-0.00524748
-0.0055454
-0.00582277
-0.00602743
-0.00619351
-0.00628856
-0.00633177
-0.00631369
-0.00623612
-0.00611283
-0.00592795
-0.00571568
-0.00544521
-0.00516606
-0.00483713
-0.00451732
-0.00415953
-0.00382658
-0.00346875
-0.00314796
-0.00281311
-0.00252183
-0.00236261
0.000456085
0.000487965
0.000551102
0.000621192
0.000696957
0.000780267
0.000870207
0.00096794
0.00107282
0.00118544
0.00130496
0.00143157
0.00156388
0.00170181
0.00184319
0.00198777
0.00213236
0.00227685
0.00241651
0.00255219
0.00267692
0.00279357
0.00289257
0.00297982
0.00304386
0.00309288
0.00311551
0.00311996
0.0030968
0.0030534
0.00298336
0.00289259
0.00277842
0.00264484
0.00249316
0.00232518
0.00214603
0.00195526
0.00176122
0.00156139
0.0013664
0.00117196
0.000989804
0.000814317
0.000657031
0.000511483
0.000387801
0.000279081
0.000193129
0.000122861
7.32991e-05
3.72026e-05
1.6965e-05
4.90674e-06
1.63935e-06
-1.56101e-06
-4.33889e-06
-1.73527e-05
-3.84309e-05
-8.12289e-05
-0.000139387
-0.000230627
-0.000342064
-0.000496365
-0.000672192
-0.000897659
-0.00114182
-0.0014382
-0.00174616
-0.00210394
-0.00246239
-0.00286306
-0.00325074
-0.00366831
-0.00405805
-0.00446123
-0.00482232
-0.00517603
-0.00547418
-0.00574427
-0.00594971
-0.0061111
-0.00620742
-0.006249
-0.0062325
-0.00615645
-0.00603481
-0.00585427
-0.00564357
-0.00537961
-0.0051019
-0.00478086
-0.00446233
-0.00411299
-0.0037811
-0.00343153
-0.00311147
-0.00278422
-0.00249317
-0.00233757
0.00045646
0.000488254
0.000551381
0.000621294
0.000697076
0.000780198
0.000870186
0.000967712
0.00107265
0.00118501
0.00130458
0.00143084
0.00156319
0.00170064
0.00184206
0.001986
0.00213059
0.00227421
0.00241385
0.0025483
0.00267298
0.00278798
0.00288693
0.0029722
0.00303622
0.00308328
0.00310591
0.00310871
0.00308556
0.00304103
0.002971
0.00287974
0.00276559
0.00263219
0.00248055
0.00231341
0.0021343
0.00194492
0.00175092
0.00155288
0.00135793
0.00116547
0.000983354
0.000809816
0.000652567
0.000508734
0.000385081
0.000277684
0.000191752
0.000122335
7.27852e-05
3.70935e-05
1.68606e-05
4.90471e-06
1.63808e-06
-1.50141e-06
-4.27864e-06
-1.69182e-05
-3.79915e-05
-7.96952e-05
-0.00013784
-0.000226865
-0.000338275
-0.000488908
-0.000664695
-0.000884843
-0.00112895
-0.00141835
-0.00172624
-0.00207557
-0.00243393
-0.00282511
-0.0032127
-0.00362035
-0.00401
-0.00440359
-0.0047646
-0.00510987
-0.00540823
-0.00567158
-0.00587774
-0.00603478
-0.00613228
-0.00617236
-0.00615731
-0.00608267
-0.00596255
-0.00578604
-0.0055768
-0.00531887
-0.00504249
-0.00472875
-0.0044114
-0.00406988
-0.00373898
-0.00339707
-0.00307769
-0.00275747
-0.00246664
-0.00231438
0.000456806
0.000488521
0.000551638
0.000621388
0.000697187
0.000780133
0.000870166
0.000967501
0.00107249
0.00118461
0.00130422
0.00143016
0.00156255
0.00169956
0.00184101
0.00198436
0.00212896
0.00227177
0.00241138
0.0025447
0.00266933
0.0027828
0.00288171
0.00296515
0.00302915
0.00307439
0.00309701
0.0030983
0.00307516
0.00302958
0.00295956
0.00286783
0.00275371
0.00262048
0.00246887
0.0023025
0.00212343
0.00193534
0.00174139
0.00154499
0.00135009
0.00115946
0.000977381
0.000805648
0.000648433
0.000506188
0.000382562
0.00027639
0.000190477
0.000121849
7.23093e-05
3.69924e-05
1.67639e-05
4.90282e-06
1.6369e-06
-1.44621e-06
-4.22284e-06
-1.65158e-05
-3.75846e-05
-7.82749e-05
-0.000136407
-0.00022338
-0.000334767
-0.000482003
-0.000657751
-0.000872975
-0.00111703
-0.00139996
-0.00170778
-0.00204929
-0.00240757
-0.00278997
-0.00317748
-0.00357594
-0.0039655
-0.00435021
-0.00471115
-0.0050486
-0.00534715
-0.00560426
-0.00581108
-0.00596411
-0.00606269
-0.00610138
-0.00608767
-0.00601435
-0.00589564
-0.00572285
-0.00551496
-0.00526262
-0.00498748
-0.00468049
-0.00436424
-0.00402997
-0.00369998
-0.00336515
-0.0030464
-0.00273269
-0.00244206
-0.00229291
0.000457128
0.000488769
0.000551877
0.000621475
0.000697289
0.000780074
0.000870148
0.000967305
0.00107235
0.00118424
0.0013039
0.00142952
0.00156195
0.00169856
0.00184003
0.00198284
0.00212745
0.0022695
0.00240909
0.00254137
0.00266595
0.00277801
0.00287688
0.00295862
0.00302261
0.00306616
0.00308877
0.00308865
0.00306552
0.00301897
0.00294897
0.00285681
0.00274271
0.00260964
0.00245806
0.0022924
0.00211337
0.00192646
0.00173255
0.00153769
0.00134282
0.00115389
0.00097185
0.000801788
0.000644604
0.00050383
0.000380229
0.000275192
0.000189296
0.000121398
7.18686e-05
3.68988e-05
1.66743e-05
4.90107e-06
1.6358e-06
-1.3951e-06
-4.17117e-06
-1.61432e-05
-3.72078e-05
-7.69596e-05
-0.00013508
-0.000220153
-0.000331517
-0.000475608
-0.000651321
-0.000861984
-0.00110599
-0.00138293
-0.0016907
-0.00202496
-0.00238317
-0.00275742
-0.00314485
-0.00353481
-0.00392429
-0.00430078
-0.00466165
-0.00499186
-0.00529059
-0.00554192
-0.00574936
-0.00589867
-0.00599825
-0.00603564
-0.00602319
-0.00595107
-0.00583367
-0.00566434
-0.00545769
-0.00521052
-0.00493653
-0.0046358
-0.00432056
-0.00399301
-0.00366386
-0.00333559
-0.00301743
-0.00270974
-0.0024193
-0.00227302
0.000460264
0.000491884
0.000552559
0.000622123
0.000698066
0.000780815
0.000870973
0.000968093
0.00107316
0.001185
0.00130461
0.00143017
0.00156246
0.00169899
0.00184021
0.00198292
0.00212717
0.00226909
0.00240823
0.00254031
0.00266442
0.00277625
0.00287471
0.00295624
0.00301994
0.00306331
0.00308572
0.00308546
0.00306226
0.00301563
0.00294575
0.00285357
0.00273978
0.00260674
0.00245563
0.00229007
0.00211163
0.00192487
0.00173162
0.00153693
0.00134272
0.00115398
0.000972504
0.000802636
0.000645857
0.000505252
0.000381835
0.000276928
0.000190954
0.000123139
7.32566e-05
3.83271e-05
1.74947e-05
5.73212e-06
1.65939e-06
-1.36583e-06
-5.06236e-06
-1.70006e-05
-3.89878e-05
-7.86401e-05
-0.000137562
-0.000222433
-0.000334357
-0.000478113
-0.000654045
-0.000864221
-0.00110804
-0.00138434
-0.0016915
-0.00202499
-0.00238221
-0.0027556
-0.00314175
-0.0035308
-0.00391883
-0.00429444
-0.00465351
-0.00498312
-0.0052798
-0.00553163
-0.00573682
-0.00588787
-0.00598498
-0.0060252
-0.00601018
-0.0059416
-0.00582174
-0.00565624
-0.0054474
-0.00520411
-0.00492826
-0.00463134
-0.00431451
-0.00399055
-0.00366004
-0.00333476
-0.00301567
-0.00270968
-0.0024313
-0.00228545
0.000463471
0.000495089
0.000553225
0.000622796
0.000698826
0.00078162
0.000871785
0.000968972
0.00107396
0.00118588
0.00130533
0.00143096
0.00156299
0.00169958
0.00184045
0.0019832
0.002127
0.00226893
0.00240754
0.00253961
0.00266316
0.00277496
0.00287295
0.00295447
0.00301784
0.00306121
0.0030834
0.00308313
0.00305988
0.00301325
0.00294351
0.00285134
0.00273786
0.00260485
0.00245422
0.00228869
0.00211086
0.00192413
0.00173155
0.0015369
0.00134335
0.00115465
0.000973751
0.000803913
0.00064755
0.000506969
0.00038374
0.000278851
0.000192795
0.000124992
7.47415e-05
3.98179e-05
1.83548e-05
6.59418e-06
1.68397e-06
-1.34073e-06
-5.99192e-06
-1.79281e-05
-4.08726e-05
-8.05181e-05
-0.000140273
-0.000225129
-0.000337637
-0.000481367
-0.00065753
-0.00086767
-0.0011113
-0.00138755
-0.00169409
-0.00202752
-0.00238373
-0.00275705
-0.00314189
-0.00353087
-0.00391739
-0.00429294
-0.00465033
-0.00497989
-0.00527504
-0.00552688
-0.00573118
-0.00588231
-0.00597917
-0.0060195
-0.00600484
-0.00593635
-0.00581731
-0.00565186
-0.0054442
-0.0052009
-0.00492648
-0.00462949
-0.00431419
-0.00399008
-0.00366094
-0.00333554
-0.00301724
-0.00271124
-0.00244609
-0.00230024
0.00046644
0.000498058
0.000553842
0.00062342
0.00069953
0.000782365
0.000872537
0.000969785
0.00107471
0.00118669
0.00130599
0.00143168
0.00156349
0.00170013
0.00184067
0.00198347
0.00212684
0.00226879
0.0024069
0.00253897
0.00266199
0.00277377
0.00287132
0.00295282
0.0030159
0.00305926
0.00308124
0.00308098
0.00305767
0.00301105
0.00294143
0.00284927
0.00273609
0.0026031
0.00245292
0.00228741
0.00211014
0.00192345
0.00173149
0.00153687
0.00134394
0.00115527
0.000974906
0.000805095
0.000649118
0.00050856
0.000385505
0.000280633
0.000194499
0.000126707
7.61166e-05
4.11986e-05
1.91512e-05
7.3925e-06
1.70673e-06
-1.31749e-06
-6.85274e-06
-1.87871e-05
-4.2618e-05
-8.22572e-05
-0.000142783
-0.000227625
-0.000340674
-0.000484381
-0.000660758
-0.000870864
-0.00111432
-0.00139053
-0.00169649
-0.00202987
-0.00238513
-0.00275839
-0.00314202
-0.00353093
-0.00391606
-0.00429155
-0.00464738
-0.0049769
-0.00527064
-0.00552248
-0.00572596
-0.00587716
-0.0059738
-0.00601423
-0.0059999
-0.00593149
-0.00581322
-0.00564781
-0.00544123
-0.00519792
-0.00492484
-0.00462777
-0.00431388
-0.00398965
-0.00366177
-0.00333626
-0.0030187
-0.00271268
-0.00245978
-0.00231394
0.00046919
0.000500806
0.000554413
0.000623997
0.000700181
0.000783055
0.000873233
0.000970538
0.0010754
0.00118744
0.00130661
0.00143235
0.00156395
0.00170064
0.00184088
0.00198371
0.00212669
0.00226866
0.0024063
0.00253836
0.0026609
0.00277267
0.00286981
0.0029513
0.0030141
0.00305745
0.00307925
0.00307899
0.00305563
0.00300901
0.0029395
0.00284736
0.00273445
0.00260147
0.00245171
0.00228623
0.00210948
0.00192281
0.00173143
0.00153685
0.00134448
0.00115584
0.000975976
0.00080619
0.000650569
0.000510032
0.000387139
0.000282282
0.000196078
0.000128295
7.739e-05
4.24771e-05
1.98888e-05
8.13179e-06
1.72781e-06
-1.29597e-06
-7.64992e-06
-1.95825e-05
-4.42344e-05
-8.38677e-05
-0.000145108
-0.000229937
-0.000343486
-0.000487173
-0.000663747
-0.000873823
-0.00111712
-0.00139329
-0.00169871
-0.00203204
-0.00238643
-0.00275964
-0.00314214
-0.003531
-0.00391483
-0.00429027
-0.00464466
-0.00497413
-0.00526656
-0.00551841
-0.00572113
-0.00587239
-0.00596882
-0.00600935
-0.00599532
-0.00592699
-0.00580943
-0.00564405
-0.00543849
-0.00519517
-0.00492332
-0.00462618
-0.0043136
-0.00398926
-0.00366254
-0.00333693
-0.00302005
-0.00271402
-0.00247246
-0.00232662
0.000471737
0.000503352
0.000554942
0.000624531
0.000700785
0.000783694
0.000873878
0.000971236
0.00107604
0.00118813
0.00130718
0.00143298
0.00156438
0.00170111
0.00184107
0.00198394
0.00212655
0.00226854
0.00240575
0.00253781
0.0026599
0.00277165
0.00286842
0.00294989
0.00301243
0.00305578
0.00307741
0.00307715
0.00305374
0.00300713
0.00293771
0.00284558
0.00273293
0.00259997
0.00245059
0.00228514
0.00210887
0.00192223
0.00173138
0.00153682
0.00134499
0.00115637
0.000976967
0.000807204
0.000651914
0.000511396
0.000388652
0.00028381
0.000197539
0.000129766
7.85692e-05
4.36611e-05
2.05718e-05
8.81642e-06
1.74733e-06
-1.27604e-06
-8.38816e-06
-2.03191e-05
-4.57313e-05
-8.53592e-05
-0.00014726
-0.000232078
-0.000346091
-0.000489758
-0.000666515
-0.000876562
-0.00111971
-0.00139584
-0.00170076
-0.00203405
-0.00238763
-0.00276079
-0.00314225
-0.00353105
-0.00391369
-0.00428908
-0.00464213
-0.00497156
-0.00526278
-0.00551463
-0.00571666
-0.00586798
-0.00596422
-0.00600483
-0.00599108
-0.00592282
-0.00580591
-0.00564057
-0.00543595
-0.00519262
-0.00492191
-0.00462471
-0.00431334
-0.00398889
-0.00366325
-0.00333754
-0.0030213
-0.00271526
-0.0024842
-0.00233837
)
;

boundaryField
{
    inlet
    {
        type            cyclic;
    }
    outlet
    {
        type            cyclic;
    }
    top
    {
        type            zeroGradient;
    }
    hills
    {
        type            zeroGradient;
    }
    front
    {
        type            empty;
    }
    back
    {
        type            empty;
    }
}


// ************************************************************************* //
