/*--------------------------------*- C++ -*----------------------------------*\
| =========                 |                                                 |
| \\      /  F ield         | OpenFOAM: The Open Source CFD Toolbox           |
|  \\    /   O peration     | Version:  v2106                                 |
|   \\  /    A nd           | Website:  www.openfoam.com                      |
|    \\/     M anipulation  |                                                 |
\*---------------------------------------------------------------------------*/
FoamFile
{
    version     2.0;
    format      ascii;
    arch        "LSB;label=32;scalar=64";
    class       volScalarField;
    location    "0";
    object      expGpCoeffs24;
}
// * * * * * * * * * * * * * * * * * * * * * * * * * * * * * * * * * * * * * //

dimensions      [0 0 0 0 0 0 0];

internalField   nonuniform List<scalar> 
8000
(
0.0170877
0.0181996
0.0200739
0.0225613
0.0251208
0.0276442
0.0297288
0.031423
0.0324752
0.0329294
0.0327886
0.0320572
0.0308518
0.0291867
0.0272753
0.0251289
0.0230377
0.021
0.0192509
0.0177956
0.016734
0.0160779
0.0157405
0.0157278
0.0158051
0.0159623
0.0160367
0.0160231
0.0158888
0.0156339
0.0152605
0.0147692
0.0141706
0.0134663
0.0126748
0.0117984
0.0108623
0.0098693
0.00884973
0.00780658
0.00677288
0.00575176
0.00477632
0.00384951
0.00300178
0.00223576
0.00157661
0.00102632
0.000602517
0.00030643
0.000146535
0.000123186
0.000235005
0.000481427
0.000851496
0.00134382
0.00193906
0.00263512
0.00340622
0.00424979
0.00513604
0.00606206
0.00699656
0.00793667
0.00885204
0.00973998
0.0105733
0.0113497
0.012047
0.0126632
0.0131826
0.0136039
0.0139184
0.0141253
0.0142466
0.0142861
0.0143828
0.0145462
0.0149886
0.0157038
0.0167785
0.0182016
0.019886
0.0218268
0.023804
0.0258195
0.0275989
0.029131
0.030215
0.0308378
0.0308967
0.0303884
0.0293225
0.0276577
0.0256307
0.0231925
0.0207099
0.0182786
0.0164333
0.0153304
0.0169982
0.0181098
0.020052
0.022539
0.0251363
0.0276609
0.0297748
0.0314712
0.0325251
0.0329811
0.0328328
0.0321024
0.0308838
0.0292189
0.0272846
0.0251378
0.0230225
0.0209842
0.0192212
0.0177655
0.0167001
0.0160438
0.0157226
0.0157099
0.0158093
0.0159664
0.0160464
0.0160327
0.0158986
0.0156438
0.0152697
0.0147784
0.0141785
0.0134743
0.0126807
0.0118044
0.0108657
0.00987281
0.00885026
0.00780725
0.00677044
0.00574945
0.00477102
0.00384433
0.00299399
0.00222808
0.00156691
0.00101669
0.000591657
0.000295608
0.000135373
0.000112027
0.000224419
0.000470809
0.000842293
0.00133455
0.00193191
0.00262788
0.00340158
0.00424504
0.00513415
0.00606005
0.00699743
0.00793743
0.00885549
0.00974332
0.010579
0.0113553
0.0120543
0.0126705
0.0131911
0.0136123
0.0139272
0.0141342
0.0142512
0.0142907
0.0143682
0.0145316
0.0149588
0.0156741
0.0167515
0.0181751
0.0198722
0.0218135
0.0238136
0.0258294
0.0276305
0.0291623
0.0302587
0.0308805
0.0309454
0.0304354
0.0293668
0.0276999
0.0256467
0.0232074
0.0206908
0.0182598
0.0163442
0.0152416
0.0169015
0.0180129
0.0200284
0.022515
0.0251531
0.0276789
0.0298243
0.0315232
0.0325791
0.0330369
0.0328806
0.0321513
0.0309182
0.0292537
0.0272946
0.0251475
0.023006
0.0209671
0.0191891
0.0177329
0.0166635
0.016007
0.0157033
0.0156906
0.0158137
0.0159709
0.0160568
0.0160431
0.0159092
0.0156544
0.0152797
0.0147885
0.014187
0.0134829
0.0126871
0.0118109
0.0108693
0.0098766
0.00885083
0.00780797
0.00676781
0.00574696
0.00476531
0.00383875
0.00298559
0.00221977
0.00155644
0.00100629
0.000579929
0.000283921
0.00012332
9.99774e-05
0.000212987
0.000459344
0.000832356
0.00132454
0.00192418
0.00262005
0.00339656
0.00423991
0.00513211
0.00605788
0.00699838
0.00793824
0.00885922
0.00974692
0.0105851
0.0113613
0.0120623
0.0126784
0.0132002
0.0136214
0.0139368
0.0141438
0.0142562
0.0142957
0.0143524
0.0145158
0.0149266
0.015642
0.0167225
0.0181464
0.0198573
0.0217992
0.023824
0.02584
0.0276647
0.0291961
0.0303059
0.0309267
0.0309979
0.0304862
0.0294147
0.0277455
0.0256641
0.0232236
0.0206701
0.0182394
0.0162481
0.0151457
0.0167971
0.0179082
0.0200029
0.0224891
0.0251712
0.0276984
0.0298778
0.0315794
0.0326373
0.0330972
0.0329322
0.0322041
0.0309554
0.0292913
0.0273054
0.025158
0.0229882
0.0209486
0.0191544
0.0176978
0.016624
0.0159673
0.0156825
0.0156698
0.0158186
0.0159757
0.016068
0.0160544
0.0159207
0.0156659
0.0152904
0.0147993
0.0141962
0.0134922
0.012694
0.0118179
0.0108733
0.00988069
0.00885145
0.00780874
0.00676496
0.00574426
0.00475914
0.00383271
0.00297651
0.00221081
0.00154512
0.000995062
0.000567266
0.000271301
0.000110305
8.69657e-05
0.000200643
0.000446963
0.000821624
0.00131374
0.00191583
0.0026116
0.00339115
0.00423437
0.0051299
0.00605553
0.0069994
0.00793912
0.00886324
0.00975081
0.0105917
0.0113678
0.0120708
0.0126868
0.01321
0.0136312
0.0139472
0.0141541
0.0142616
0.0143012
0.0143353
0.0144987
0.0148918
0.0156074
0.0166911
0.0181154
0.0198412
0.0217837
0.0238351
0.0258515
0.0277016
0.0292326
0.0303569
0.0309765
0.0310547
0.030541
0.0294664
0.0277947
0.0256828
0.023241
0.0206478
0.0182175
0.0161442
0.0150422
0.0166843
0.0177952
0.0199754
0.0224552
0.0251908
0.0277194
0.0299356
0.0316401
0.0327002
0.0331623
0.0329879
0.0322611
0.0309956
0.0293319
0.027317
0.0251693
0.022969
0.0209287
0.019117
0.0176599
0.0165814
0.0159244
0.0156601
0.0156473
0.0158238
0.0159809
0.0160801
0.0160665
0.015933
0.0156782
0.015302
0.014811
0.0142062
0.0135022
0.0127014
0.0118254
0.0108775
0.00988511
0.00885212
0.00780958
0.00676189
0.00574136
0.00475247
0.0038262
0.0029667
0.00220113
0.00153291
0.000982936
0.000553591
0.000257674
9.62503e-05
7.29151e-05
0.000187313
0.000433593
0.000810036
0.00130207
0.00190682
0.00260248
0.0033853
0.00422838
0.00512752
0.006053
0.0070005
0.00794007
0.00886758
0.00975501
0.0105988
0.0113748
0.0120801
0.012696
0.0132207
0.0136417
0.0139584
0.0141653
0.0142675
0.014307
0.0143169
0.0144803
0.0148542
0.01557
0.0166572
0.0180819
0.0198239
0.021767
0.0238472
0.0258639
0.0277415
0.029272
0.030412
0.0310303
0.031116
0.0306002
0.0295223
0.0278479
0.025703
0.0232598
0.0206192
0.0181938
0.0160321
0.0149303
0.0165789
0.0176886
0.0199055
0.0223818
0.0251766
0.0276976
0.0299862
0.0316936
0.0327674
0.0332342
0.0330497
0.0323328
0.0310467
0.0293987
0.0273338
0.0251877
0.0229482
0.0209071
0.0190766
0.017619
0.0165353
0.0158781
0.0156358
0.015623
0.0158587
0.016016
0.0161219
0.0161078
0.0159745
0.0157184
0.0153414
0.0148483
0.0142418
0.0135351
0.0127318
0.0118526
0.0109015
0.00990558
0.00886898
0.00782287
0.00677141
0.00574749
0.00475497
0.00382565
0.00296298
0.00219492
0.00152426
0.000972506
0.000541675
0.000244782
8.2948e-05
5.95108e-05
0.000174601
0.000421628
0.000799789
0.00129335
0.00190066
0.00259852
0.0033845
0.00423028
0.00513288
0.00606141
0.0070124
0.00795511
0.0088859
0.00977634
0.010623
0.0114017
0.0121092
0.0127274
0.0132535
0.0136762
0.0139935
0.0142014
0.0142985
0.0143384
0.014297
0.0144604
0.0148136
0.0155296
0.0166205
0.0180458
0.0198051
0.0217489
0.0238659
0.025881
0.0278056
0.0293217
0.0304807
0.0310899
0.0311839
0.0306635
0.0295731
0.0278953
0.0256885
0.0232506
0.0205605
0.0181377
0.0159317
0.0148308
0.0164999
0.017605
0.0198211
0.0223025
0.0250961
0.0276547
0.0299433
0.0317179
0.0327932
0.0333405
0.033159
0.0325186
0.031237
0.0296478
0.0275882
0.0254748
0.0232279
0.0211741
0.0193491
0.0178583
0.0167885
0.0161107
0.0159028
0.0158951
0.0161673
0.0163266
0.0164326
0.0164128
0.0162795
0.0160091
0.0156322
0.0151167
0.0145103
0.0137744
0.0129712
0.0120574
0.0111066
0.0100729
0.0090365
0.00795184
0.00690057
0.00583971
0.00484738
0.00388505
0.00302254
0.00222749
0.00155696
0.000985888
0.000555137
0.00024775
8.59465e-05
6.13669e-05
0.000176436
0.000431567
0.000809657
0.00131985
0.00192704
0.00264876
0.00343459
0.00430973
0.00521215
0.00617347
0.00712428
0.00810096
0.00903157
0.0099549
0.0108014
0.0116098
0.0123172
0.0129601
0.0134861
0.0139272
0.0142444
0.0144633
0.0145603
0.0146043
0.0145316
0.0146952
0.015018
0.0157559
0.0168342
0.0182921
0.0200462
0.022004
0.0241278
0.0261152
0.0280348
0.029499
0.0306539
0.0311948
0.0312858
0.0306937
0.0296016
0.0278641
0.0256571
0.0231863
0.0204971
0.0180704
0.0158651
0.0147686
0.0164146
0.0175147
0.0197299
0.0222169
0.0250093
0.0276084
0.0298969
0.0317441
0.0328211
0.0334553
0.0332771
0.0327193
0.0314424
0.0299168
0.027863
0.0257848
0.023544
0.0214993
0.0196796
0.0181849
0.0171188
0.0164386
0.0162321
0.0162284
0.0165006
0.0166621
0.016768
0.0167421
0.0166089
0.0163231
0.0159463
0.0154066
0.0148004
0.0140328
0.0132297
0.0122787
0.011328
0.0102536
0.00921739
0.00809111
0.00704005
0.00593929
0.00494717
0.00394919
0.00308686
0.00226266
0.00159227
0.00100034
0.000569675
0.000250955
8.91845e-05
6.33712e-05
0.000178417
0.000442299
0.000820313
0.00134846
0.00195553
0.00270302
0.00348869
0.00439552
0.00529776
0.00629448
0.00724509
0.00825845
0.00918887
0.0101477
0.010994
0.0118345
0.0125417
0.0132114
0.0137373
0.0141981
0.0145153
0.0147461
0.0148431
0.0148915
0.0148188
0.0149846
0.0153062
0.0160508
0.0171259
0.0185908
0.0203402
0.0222923
0.0244106
0.0263681
0.0282823
0.0296905
0.0308408
0.031308
0.0313959
0.0307262
0.0296323
0.0278305
0.0256233
0.023117
0.0204286
0.0179977
0.0157931
0.0147014
0.0163225
0.0174172
0.0196315
0.0221245
0.0249155
0.0275584
0.0298468
0.0317725
0.0328512
0.0335792
0.0334046
0.032936
0.0316643
0.0302072
0.0281597
0.0261196
0.0238854
0.0218505
0.0200365
0.0185376
0.0174753
0.0167928
0.0165877
0.0165883
0.0168604
0.0170243
0.0171302
0.0170978
0.0169646
0.0166621
0.0162854
0.0157197
0.0151135
0.0143118
0.0135089
0.0125176
0.0115671
0.0104487
0.00941272
0.00824149
0.00719067
0.00604683
0.00505492
0.00401846
0.00315632
0.00230064
0.00163039
0.00101594
0.000585373
0.000254416
9.2681e-05
6.55355e-05
0.000180556
0.000453889
0.00083182
0.00137935
0.00198629
0.0027616
0.0035471
0.00448816
0.00539021
0.00642514
0.00737555
0.00842851
0.00935873
0.0103559
0.011202
0.0120772
0.0127843
0.0134827
0.0140085
0.0144907
0.0148078
0.0150514
0.0151484
0.0152016
0.0151289
0.0152971
0.0156173
0.0163692
0.0174408
0.0189134
0.0206576
0.0226037
0.024716
0.0266411
0.0285496
0.0298972
0.0310428
0.0314303
0.0315147
0.0307614
0.0296656
0.0277943
0.0255867
0.023042
0.0203547
0.0179191
0.0157154
0.0146289
0.016223
0.0173119
0.0195252
0.0220247
0.0248142
0.0275044
0.0297927
0.0318031
0.0328837
0.033713
0.0335423
0.0331701
0.0319039
0.0305208
0.0284801
0.0264811
0.024254
0.0222298
0.020422
0.0189185
0.0178604
0.0171751
0.0169717
0.0169769
0.017249
0.0174154
0.0175213
0.0174818
0.0173486
0.0170282
0.0166516
0.0160577
0.0154517
0.014613
0.0138104
0.0127755
0.0118252
0.0106594
0.00962365
0.00840388
0.00735331
0.00616295
0.00517128
0.00409325
0.00323132
0.00234165
0.00167156
0.00103279
0.000602324
0.000258153
9.64566e-05
6.78727e-05
0.000182866
0.000466404
0.000844245
0.00141271
0.0020195
0.00282486
0.00361018
0.0045882
0.00549003
0.00656624
0.00751643
0.00861215
0.00954215
0.0105808
0.0114267
0.0123393
0.0130462
0.0137757
0.0143014
0.0148067
0.0151237
0.0153812
0.0154782
0.0155365
0.0154638
0.0156346
0.0159533
0.016713
0.0177809
0.0192617
0.0210004
0.0229399
0.0250457
0.026936
0.0288382
0.0301205
0.0312608
0.0315624
0.031643
0.0307993
0.0297015
0.0277551
0.0255472
0.0229611
0.0202749
0.0178343
0.0156315
0.0145506
0.0161155
0.0171982
0.0194104
0.0219169
0.0247048
0.0274461
0.0297343
0.0318362
0.0329188
0.0338575
0.0336909
0.0334228
0.0321626
0.0308595
0.0288261
0.0268714
0.024652
0.0226393
0.0208381
0.0193298
0.0182762
0.0175881
0.0173864
0.0173966
0.0176686
0.0178378
0.0179436
0.0178965
0.0177634
0.0174236
0.017047
0.0164227
0.0158169
0.0149384
0.0141359
0.0130541
0.012104
0.0108869
0.00985142
0.00857924
0.00752893
0.00628834
0.00529692
0.00417402
0.0033123
0.00238593
0.00171601
0.00105099
0.000620629
0.000262189
0.000100534
7.03964e-05
0.00018536
0.000479918
0.000857663
0.00144873
0.00205537
0.00289318
0.00367829
0.00469623
0.00559783
0.00671861
0.00766855
0.00881045
0.00974022
0.0108236
0.0116692
0.0126222
0.013329
0.0140921
0.0146177
0.0151479
0.0154648
0.0157372
0.0158342
0.0158981
0.0158254
0.015999
0.0163162
0.0170843
0.0181482
0.0196379
0.0213705
0.023303
0.0254018
0.0272544
0.0291499
0.0303616
0.0314963
0.031705
0.0317816
0.0308403
0.0297402
0.0277128
0.0255046
0.0228737
0.0201887
0.0177428
0.0155408
0.014466
0.0159995
0.0170754
0.0192865
0.0218005
0.0245867
0.0273832
0.0296712
0.0318719
0.0329567
0.0340135
0.0338514
0.0336957
0.032442
0.0312252
0.0291997
0.027293
0.0250818
0.0230815
0.0212876
0.0197739
0.0187251
0.0180339
0.0178342
0.0178498
0.0181217
0.0182939
0.0183997
0.0183443
0.0182112
0.0178505
0.017474
0.0168169
0.0162112
0.0152897
0.0144875
0.0133549
0.0124051
0.0111325
0.0100974
0.0087686
0.00771858
0.00642374
0.0054326
0.00426123
0.00339975
0.00243375
0.00176402
0.00107063
0.000640395
0.000266547
0.000104936
7.31216e-05
0.000188053
0.000494511
0.000872152
0.00148763
0.0020941
0.00296694
0.00375184
0.00481288
0.00571423
0.00688314
0.00783282
0.00902459
0.00995409
0.0110857
0.0119312
0.0129278
0.0136343
0.0144338
0.0149592
0.0155163
0.0158331
0.0161217
0.0162187
0.0162886
0.0162159
0.0163924
0.0167079
0.0174852
0.0185447
0.0200441
0.0217702
0.023695
0.0257863
0.0275982
0.0294864
0.0306219
0.0317505
0.031859
0.0319312
0.0308845
0.029782
0.0276671
0.0254585
0.0227794
0.0200956
0.0176439
0.015443
0.0143747
0.015912
0.0169834
0.0190835
0.0216115
0.0243862
0.0272323
0.0295716
0.031846
0.0330147
0.0341594
0.0340915
0.0340155
0.0328608
0.0316994
0.0297375
0.0278713
0.0256645
0.023701
0.021874
0.0203905
0.0193073
0.0186349
0.0184406
0.0184593
0.0187834
0.0189576
0.0190568
0.0189957
0.0188512
0.0184759
0.0180793
0.0173995
0.0167658
0.0158145
0.0149779
0.0138103
0.0128219
0.0115111
0.0104353
0.00906747
0.00797744
0.0066451
0.00561698
0.00441214
0.00351898
0.00252559
0.00183141
0.00111843
0.000672396
0.000287911
0.000120013
8.70336e-05
0.000205418
0.000520093
0.000910504
0.00154285
0.00217041
0.00306744
0.00388019
0.00497102
0.00590506
0.00710719
0.00809214
0.00931836
0.0102833
0.0114484
0.0123272
0.013354
0.0140897
0.0149143
0.015463
0.0160387
0.0163717
0.0166715
0.0167805
0.0168546
0.0167426
0.0169228
0.0172374
0.0180037
0.0190966
0.020573
0.0223308
0.024225
0.0263139
0.0280909
0.0299225
0.0310093
0.0320489
0.0320862
0.0320744
0.0309494
0.029773
0.0275931
0.0253396
0.0226181
0.019947
0.0174848
0.01539
0.0143262
0.0158589
0.0169299
0.0188605
0.0213853
0.0241379
0.0269788
0.0294246
0.0316966
0.0331143
0.0342632
0.0344828
0.0344176
0.033528
0.0323829
0.0306349
0.0287886
0.0267123
0.0247682
0.0229835
0.0215149
0.0204308
0.0197666
0.0195338
0.0195539
0.0198318
0.020006
0.0200852
0.0200241
0.0198451
0.01947
0.0190122
0.0183326
0.017614
0.0166631
0.0157225
0.0145552
0.0134497
0.0121393
0.0109405
0.00957312
0.0083617
0.0070298
0.00588947
0.00468502
0.00369574
0.00270268
0.0019343
0.00122156
0.000727608
0.000343246
0.000156288
0.000123319
0.000252179
0.000566753
0.000995929
0.00162807
0.00231961
0.00321636
0.00411364
0.00520411
0.0062373
0.00743904
0.00853095
0.00975677
0.0108294
0.0119941
0.0129742
0.0140006
0.014825
0.0156494
0.0162688
0.0168443
0.0172262
0.0175259
0.0176713
0.0177454
0.0176929
0.0178718
0.0182391
0.018998
0.0201064
0.0215694
0.0232982
0.0251749
0.0271505
0.0289095
0.0305502
0.031622
0.0324248
0.032452
0.0321854
0.0310559
0.0296608
0.0274822
0.0251357
0.0224181
0.0197697
0.0173101
0.0153925
0.014329
0.0157721
0.0168427
0.0185567
0.0210786
0.0238723
0.0267075
0.0292659
0.0315352
0.0332218
0.0343753
0.0349053
0.0348518
0.0342484
0.0331209
0.031604
0.0297791
0.0278438
0.0259207
0.0241816
0.022729
0.0216439
0.0209887
0.0207144
0.0207359
0.0209639
0.0211381
0.0211957
0.0211346
0.0209185
0.0205435
0.0200197
0.0193403
0.01853
0.0175794
0.0165264
0.0153596
0.0141277
0.0128177
0.0114861
0.0101191
0.00877665
0.00744521
0.00618371
0.00497968
0.00388662
0.0028939
0.00204542
0.00133292
0.000787227
0.000403
0.000195458
0.000162501
0.000302674
0.000617139
0.00108817
0.00172009
0.00248073
0.00337717
0.00436572
0.00545582
0.00659606
0.00779739
0.0090048
0.0102302
0.011419
0.0125833
0.0136729
0.0146989
0.015619
0.0164431
0.0171388
0.0177142
0.0181489
0.0184485
0.0186333
0.0187074
0.018719
0.0188966
0.0193208
0.0200717
0.0211968
0.0226454
0.0243429
0.0262006
0.028054
0.0297935
0.031228
0.0322836
0.0328307
0.0328469
0.0323052
0.0311709
0.0295397
0.0273625
0.0249186
0.0222053
0.0195239
0.0170665
0.0153659
0.0143027
0.0152044
0.016274
0.0181144
0.02063
0.0236003
0.02643
0.0293144
0.0315878
0.0335954
0.0347622
0.0356181
0.0355846
0.0352404
0.0341375
0.0327469
0.0309475
0.0290214
0.02712
0.0253393
0.0239019
0.0227831
0.0221361
0.0218971
0.0219201
0.0222232
0.0223973
0.0224665
0.0224054
0.0221496
0.0217748
0.0211748
0.0204957
0.0195762
0.0186259
0.0174368
0.0162704
0.0148835
0.0135741
0.0120784
0.0107119
0.00920658
0.00787564
0.00646297
0.00525938
0.00403656
0.00304421
0.00209568
0.00138345
0.000773651
0.000389567
0.00015759
0.000124646
0.000280967
0.000595314
0.00112117
0.00175286
0.00260244
0.00349854
0.00460341
0.0056931
0.00696854
0.00816942
0.00952146
0.0107464
0.0120795
0.0132433
0.0144672
0.0154929
0.0165291
0.0173528
0.0181395
0.0187146
0.0192103
0.0195097
0.0197106
0.0197847
0.0197528
0.019929
0.0203395
0.0210831
0.0222524
0.0236874
0.0254342
0.0272722
0.0291281
0.0308442
0.0321736
0.0332064
0.0335234
0.0335207
0.032685
0.0315377
0.0296182
0.0274362
0.0247033
0.0219938
0.019156
0.0167037
0.014866
0.0138038
0.014595
0.015664
0.0176478
0.0201628
0.0233027
0.0261268
0.0293684
0.0316467
0.0340224
0.0352039
0.0364074
0.0363958
0.0363251
0.035249
0.0339908
0.032219
0.030286
0.0284079
0.0265611
0.0251401
0.0239734
0.0233351
0.0231571
0.0231817
0.023585
0.023759
0.0238426
0.0237816
0.023483
0.0231083
0.0224258
0.0217469
0.020709
0.0197591
0.0184222
0.0172562
0.0157011
0.0143921
0.0127181
0.0113522
0.00966987
0.00833946
0.00676244
0.00555935
0.00419545
0.00320351
0.0021462
0.00143426
0.0007548
0.000370873
0.000112391
7.94593e-05
0.00025343
0.000567649
0.00115322
0.00178465
0.00273106
0.0036268
0.00485822
0.00594747
0.00736996
0.00857035
0.0100796
0.0113041
0.0127939
0.0139572
0.0153272
0.0163524
0.0175147
0.0183381
0.0192234
0.0197983
0.0203599
0.0206592
0.0208761
0.0209502
0.0208553
0.02103
0.0214049
0.0221406
0.0233674
0.0247876
0.0266069
0.0284237
0.0302977
0.0319885
0.033208
0.0342158
0.0342905
0.034267
0.0331176
0.0319559
0.0297049
0.0275172
0.0244669
0.0217619
0.0187722
0.0163212
0.0143305
0.0132688
0.0141709
0.0152071
0.0171876
0.0196936
0.0228244
0.0257798
0.029043
0.0315727
0.034005
0.0355137
0.0367646
0.0370987
0.0370739
0.0363035
0.0350885
0.0335326
0.0316237
0.0298553
0.028018
0.0266319
0.0254721
0.0248482
0.0246955
0.024741
0.0251715
0.025348
0.0254327
0.0253364
0.0250347
0.0245846
0.0238959
0.0231047
0.0220579
0.0209646
0.0196167
0.0182844
0.0167168
0.0152285
0.0135413
0.0119939
0.0102985
0.00879574
0.00720659
0.00585088
0.00447657
0.00336101
0.00229568
0.00149643
0.000811837
0.000381748
0.000121309
8.54819e-05
0.000260751
0.000614593
0.00120457
0.00191472
0.00286828
0.00387602
0.00511677
0.00634353
0.00777688
0.00913111
0.010652
0.0120366
0.013538
0.0148576
0.0162383
0.0174064
0.0185779
0.019522
0.0204146
0.0210812
0.0216477
0.0220048
0.0222229
0.0223209
0.0222053
0.0223834
0.0227394
0.0234808
0.0247041
0.0261085
0.0279214
0.0296521
0.0315056
0.033011
0.0341918
0.034929
0.0349618
0.0346282
0.033435
0.0319787
0.0296756
0.0272619
0.0241909
0.0213682
0.0183859
0.015945
0.0139571
0.0129265
0.013713
0.0147138
0.0166908
0.0191869
0.0223079
0.0254052
0.028661
0.031492
0.0339255
0.0358311
0.0370928
0.0378424
0.0378374
0.0374313
0.0362429
0.0349439
0.0330639
0.0314294
0.0296174
0.0282807
0.0271383
0.0265386
0.0263928
0.026464
0.0268945
0.0270739
0.0271586
0.0270212
0.0267196
0.0261817
0.0254934
0.0245714
0.0235251
0.0222648
0.0209176
0.0193916
0.0178247
0.0161276
0.0144412
0.0126827
0.010988
0.00928472
0.00769632
0.00616297
0.00478932
0.00352987
0.00246505
0.00156418
0.000879906
0.000396096
0.00013578
9.65742e-05
0.00027176
0.000671719
0.00126142
0.00206319
0.0030163
0.00415441
0.00539458
0.00678139
0.00821406
0.00974734
0.0112675
0.0128385
0.0143392
0.0158407
0.0172208
0.018555
0.019726
0.0208105
0.0217027
0.0224759
0.0230421
0.0234666
0.0236845
0.0238106
0.0236949
0.0238783
0.0242281
0.0249724
0.02618
0.0275604
0.0293502
0.0309762
0.0328032
0.0340882
0.0352443
0.0356589
0.0356729
0.0349666
0.0337622
0.0319489
0.0296433
0.0269587
0.0238929
0.0209431
0.0179687
0.0155388
0.0135539
0.0125569
0.0132185
0.0141811
0.0161543
0.0186398
0.0217501
0.0250006
0.0282485
0.0314049
0.0338397
0.0361738
0.0374473
0.0386455
0.0386618
0.0386493
0.0374895
0.0364679
0.0346191
0.0331291
0.0313446
0.0300611
0.0289375
0.0283639
0.0282256
0.0283247
0.0287549
0.0289376
0.0290222
0.0288405
0.028539
0.0279064
0.0272184
0.0261552
0.0251095
0.0236688
0.0223223
0.0205872
0.0190211
0.0170986
0.015413
0.0134264
0.0117327
0.00981273
0.00822515
0.00649998
0.00512703
0.00371222
0.00264794
0.00163733
0.000953409
0.000411589
0.000151407
0.000108552
0.000283648
0.000733407
0.0013228
0.00222352
0.00317614
0.00445503
0.00569456
0.00725421
0.00868615
0.0104128
0.0119322
0.0137044
0.0152043
0.0169023
0.0182817
0.0197953
0.0209657
0.0222019
0.0230936
0.023982
0.0245479
0.0250451
0.0252629
0.0254191
0.0253035
0.0254926
0.0258356
0.026583
0.0277738
0.0291281
0.0308931
0.0324061
0.0342045
0.0352515
0.0363809
0.0364471
0.0364408
0.0353319
0.0341156
0.0319167
0.0296083
0.0266313
0.0235711
0.0204841
0.0175182
0.0151002
0.0131185
0.0121578
0.012868
0.0138168
0.0156377
0.0181088
0.021129
0.0244205
0.0276941
0.030976
0.033615
0.0361269
0.037692
0.0390817
0.0394351
0.0395968
0.0387895
0.0379009
0.0363478
0.0349421
0.03334
0.0321039
0.0310645
0.0305187
0.0303728
0.0304859
0.0308665
0.0310503
0.0310941
0.0308952
0.030535
0.0298656
0.0290867
0.0279688
0.0268044
0.0252939
0.0238075
0.0219913
0.0202721
0.0182622
0.0164191
0.0143442
0.0124979
0.0104941
0.00876794
0.00696853
0.00547894
0.004004
0.00285157
0.00179851
0.00105954
0.000495278
0.000215642
0.000171373
0.000362935
0.000831967
0.00147196
0.00241097
0.00344463
0.00477799
0.00612364
0.00775018
0.00930666
0.0111081
0.0127628
0.014613
0.0162507
0.0180248
0.0195363
0.0211194
0.0224084
0.0237032
0.0246932
0.0256262
0.0262642
0.0267896
0.0270644
0.0272324
0.0271812
0.0273718
0.0277421
0.0284773
0.0296108
0.0309327
0.0325475
0.033992
0.0355329
0.0364646
0.0372803
0.0371912
0.0368826
0.0356011
0.0341235
0.0317637
0.0292714
0.0261804
0.0230928
0.0199676
0.017082
0.0146763
0.0128608
0.0119131
0.0123431
0.0132909
0.0148738
0.017336
0.0203779
0.0236529
0.0270895
0.0303579
0.033373
0.0358823
0.0379795
0.0393794
0.0403145
0.040499
0.040238
0.0393821
0.0382675
0.0368977
0.035575
0.0343685
0.0334698
0.0329414
0.0327949
0.0329109
0.0332381
0.0334218
0.0334138
0.0332151
0.0327551
0.0320862
0.0311494
0.0300322
0.0286598
0.0271502
0.0254168
0.0236018
0.021611
0.0196023
0.0174791
0.0154055
0.0132872
0.0112847
0.00931101
0.00751268
0.00581463
0.00434057
0.0030306
0.00197816
0.00114102
0.000577099
0.00026328
0.000219037
0.000440985
0.000909736
0.00164139
0.00257984
0.0037596
0.00509217
0.00662854
0.00825411
0.0100337
0.0118341
0.0137304
0.0155795
0.0174627
0.0192357
0.0209816
0.0225637
0.0240622
0.0253562
0.0265183
0.0274507
0.028214
0.0287391
0.0290978
0.0292656
0.0292981
0.0294859
0.0298942
0.0306139
0.0316555
0.0329505
0.0343411
0.0357528
0.0369181
0.0378191
0.0381531
0.0380421
0.0372121
0.0359197
0.0339631
0.0316037
0.0287716
0.0256908
0.0224515
0.0193395
0.0164325
0.0140341
0.0124508
0.0115041
0.0112757
0.0122182
0.0138565
0.0162999
0.0194287
0.0226915
0.0265637
0.0298175
0.0334032
0.0359183
0.0386464
0.0400668
0.0416259
0.0418414
0.0420671
0.0412526
0.0403969
0.0390667
0.0378302
0.0366539
0.0357834
0.035272
0.0352732
0.0353923
0.035889
0.0360725
0.0360626
0.0358638
0.0352949
0.0346261
0.0335074
0.0323904
0.0307718
0.0292626
0.0272326
0.0254182
0.0230978
0.0210898
0.0186241
0.0165512
0.0140985
0.0120967
0.00981738
0.00801972
0.00606356
0.00459006
0.00308502
0.00203299
0.00107498
0.000511286
0.000156895
0.000112697
0.000375126
0.00084372
0.0016925
0.00263061
0.00399505
0.00532714
0.0071028
0.00872778
0.0107854
0.0125852
0.0147804
0.0166289
0.0188133
0.0205857
0.0226167
0.0241984
0.0259486
0.0272423
0.0286082
0.0295404
0.030448
0.030973
0.0313826
0.0315505
0.0314778
0.0316628
0.0319758
0.0326801
0.0337288
0.0349965
0.0363411
0.0377163
0.0386775
0.0395398
0.0394543
0.0393133
0.0379232
0.0366098
0.0340754
0.031708
0.0283523
0.0252823
0.0216438
0.0185414
0.0155477
0.013167
0.0115036
0.0105618
0.0104853
0.0113461
0.0129786
0.0153064
0.0184152
0.0217231
0.0255724
0.0291078
0.0326925
0.035689
0.0384265
0.040463
0.0420444
0.042924
0.0431917
0.0429772
0.0421699
0.0412869
0.0400886
0.0391839
0.0383406
0.0379681
0.0379917
0.0381666
0.0386678
0.03883
0.0388201
0.0385248
0.0379563
0.0371206
0.0360026
0.034656
0.0330385
0.0312491
0.0292205
0.0270908
0.024772
0.022432
0.0199679
0.0175656
0.0151147
0.0128055
0.0105278
0.00846267
0.00650787
0.00482205
0.00331805
0.00212035
0.00116301
0.000527486
0.000173342
0.000133756
0.000396002
0.000943651
0.00179184
0.00287724
0.00424073
0.00577847
0.00755289
0.00942904
0.0114852
0.0135666
0.0157603
0.0179042
0.0200871
0.0221516
0.0241812
0.0260347
0.0277837
0.0293133
0.0306782
0.0317969
0.0327039
0.0333557
0.0337651
0.0339929
0.0339159
0.0340894
0.0343841
0.0350017
0.0360275
0.0370861
0.0383971
0.0393973
0.0403144
0.0406512
0.040526
0.0397874
0.038375
0.0364976
0.0339519
0.0311384
0.0277808
0.0244433
0.0208234
0.0176698
0.0146931
0.0124165
0.0107583
0.00989371
0.00963189
0.0104043
0.0120338
0.0142337
0.0173207
0.0206773
0.0245019
0.0283414
0.0319104
0.0354394
0.0381754
0.0408909
0.0424864
0.0440931
0.0443897
0.0448349
0.0440662
0.043678
0.0425183
0.0419206
0.041106
0.0408942
0.0409296
0.0411675
0.0416686
0.0418076
0.0417977
0.0413982
0.0408302
0.0398142
0.0386972
0.0371025
0.0354863
0.0333941
0.0313671
0.0288969
0.0265798
0.0238812
0.0214191
0.0186611
0.016212
0.0135709
0.0112949
0.00894099
0.00698766
0.00507256
0.00356969
0.00221468
0.00125806
0.00054498
0.000191103
0.000156496
0.000418545
0.00105156
0.00189911
0.00314356
0.00450602
0.00626583
0.00803892
0.0101863
0.0122409
0.0146263
0.0168184
0.0192813
0.0214626
0.0238425
0.0258706
0.0280176
0.0297653
0.0315496
0.0329135
0.0342336
0.0351399
0.0359286
0.0363377
0.0366302
0.0365532
0.036714
0.0369979
0.0375145
0.0385142
0.0393365
0.0406118
0.0411972
0.0420778
0.041837
0.0416833
0.0402905
0.0388628
0.0363639
0.0338169
0.0305098
0.0271637
0.0235373
0.0199375
0.0167285
0.0137702
0.0116087
0.00995343
0.00917231
0.0090174
0.00977503
0.0111993
0.0133741
0.0162286
0.0195637
0.0232278
0.0271039
0.0308303
0.0344523
0.0375972
0.0404464
0.0426314
0.0443941
0.0454201
0.046022
0.0460078
0.0457555
0.0452047
0.0447081
0.0442634
0.0441116
0.0441927
0.0444485
0.0448083
0.0449428
0.044822
0.0444028
0.0436954
0.0426455
0.0413372
0.0396961
0.0378465
0.0356976
0.0334075
0.0308737
0.0282782
0.0255126
0.022772
0.0199476
0.0172352
0.0145323
0.0120225
0.00961479
0.00746946
0.00551165
0.00386809
0.00248381
0.00144416
0.000716688
0.000340498
0.000306861
0.000607096
0.00125606
0.002199
0.00347314
0.00498224
0.00678348
0.00874608
0.010944
0.0132208
0.0156629
0.0180978
0.0206203
0.023052
0.0254909
0.0277636
0.0299655
0.0319385
0.0337705
0.0353278
0.0366856
0.0377424
0.0385568
0.039092
0.0393967
0.0394736
0.0396284
0.0399079
0.040381
0.0410864
0.0418261
0.0425822
0.0430504
0.0432629
0.0428824
0.042067
0.0405317
0.0385624
0.035939
0.0330123
0.0296163
0.0261121
0.0224477
0.0189729
0.0157795
0.0130256
0.0108854
0.00945831
0.00869116
0.00765974
0.00841525
0.0096088
0.0117622
0.0145213
0.0178258
0.0217628
0.0256023
0.0298392
0.0334409
0.0373221
0.0401701
0.0432536
0.0450355
0.0469676
0.0476063
0.0483363
0.0481284
0.0480834
0.0476254
0.0474762
0.0473477
0.0476463
0.0479063
0.0483982
0.0485326
0.0483459
0.0479271
0.0470285
0.0459796
0.0443905
0.0427508
0.0405449
0.038398
0.0356958
0.0331642
0.0301243
0.0273612
0.0241695
0.0213477
0.0182042
0.0155036
0.0126075
0.0102019
0.0077373
0.00578121
0.00390294
0.00251988
0.00134221
0.000615377
0.000203753
0.000170146
0.000537196
0.00118559
0.00229143
0.00356444
0.00532126
0.00712091
0.00940066
0.0115967
0.0142413
0.0166813
0.019514
0.0220342
0.0248713
0.027308
0.0299709
0.0321709
0.034497
0.0363274
0.0381804
0.039537
0.0408155
0.0416292
0.0422748
0.0425793
0.0425849
0.0427357
0.0428679
0.0433195
0.0438117
0.0445154
0.0448648
0.0452906
0.0448667
0.0444492
0.0428235
0.0412665
0.0384648
0.0358382
0.0322132
0.0288319
0.0248342
0.0211999
0.0174461
0.0142796
0.0115885
0.00946852
0.00823187
0.00746671
0.00659678
0.00722038
0.00841152
0.0102925
0.0130153
0.0161427
0.0200444
0.0239483
0.0281894
0.0321506
0.0360599
0.0395369
0.0426734
0.0452835
0.0472985
0.0488406
0.0496595
0.050265
0.0502912
0.0504239
0.0503236
0.0505132
0.0508437
0.0511892
0.0516754
0.0517443
0.0515548
0.0509821
0.0500735
0.0488011
0.0471973
0.0452757
0.0430513
0.0405787
0.0378551
0.0349715
0.0319086
0.0287863
0.0255714
0.0224028
0.019237
0.0162209
0.013305
0.0106318
0.00815078
0.00598895
0.00409867
0.00258174
0.00139708
0.000614117
0.000200809
0.000190356
0.000560996
0.00130916
0.00242354
0.00386651
0.00563624
0.00766636
0.00996257
0.0124372
0.0151009
0.0178531
0.0207064
0.0235562
0.0264144
0.0291811
0.0318643
0.0343772
0.0367217
0.038831
0.0406994
0.0422856
0.0435757
0.0445567
0.0452075
0.0455987
0.0456094
0.0457139
0.0458206
0.046024
0.0464758
0.0466835
0.0469709
0.0466824
0.0461777
0.0449393
0.0432349
0.040903
0.0380481
0.0348159
0.0311597
0.0274144
0.023407
0.0196777
0.0159515
0.0129208
0.0102615
0.0083885
0.007154
0.00651531
0.00559979
0.00612767
0.00726809
0.00895551
0.0115019
0.0144754
0.0181749
0.0221161
0.0262777
0.0305165
0.0344786
0.0384508
0.0417644
0.0450317
0.0473503
0.0496145
0.05082
0.0520837
0.0524779
0.0530998
0.0532523
0.0537127
0.0540987
0.0545179
0.0549203
0.0549384
0.0546888
0.0539967
0.0530232
0.0515778
0.0498978
0.0477581
0.0454501
0.0427255
0.039915
0.0367592
0.0336102
0.0302103
0.0269141
0.0234775
0.020239
0.0169789
0.0140018
0.0111218
0.00859351
0.00627267
0.00435071
0.00273035
0.00153061
0.000704335
0.000292876
0.000300373
0.000689509
0.00151486
0.00266352
0.00423794
0.00605634
0.0082647
0.010622
0.0133121
0.016047
0.0190406
0.0219722
0.0250771
0.0280174
0.0310394
0.0338049
0.0365599
0.0389829
0.0413081
0.0432474
0.0450112
0.0463607
0.0474714
0.0481764
0.0486347
0.0487199
0.048784
0.0488467
0.0488377
0.049069
0.0488645
0.0488205
0.0479529
0.0470884
0.0451926
0.0431961
0.0402481
0.0372156
0.0335054
0.0297851
0.0257568
0.0218042
0.0180115
0.014456
0.0115456
0.00904479
0.00734614
0.00617526
0.00562833
0.00436334
0.00488929
0.00562521
0.00729178
0.00945909
0.0123835
0.0158685
0.0197496
0.0240014
0.0281856
0.0326136
0.0365462
0.0406855
0.0439337
0.0473428
0.0496117
0.0519845
0.053272
0.054676
0.0553274
0.0561537
0.0566348
0.0572872
0.0577099
0.0580943
0.0581124
0.0577053
0.057014
0.0558054
0.0543617
0.0523856
0.0502482
0.0475984
0.0448768
0.0416965
0.0385442
0.0350166
0.0316204
0.0279564
0.0245236
0.0209468
0.0176904
0.0144214
0.0115447
0.00878531
0.00646705
0.00438571
0.00276715
0.00148662
0.000661262
0.000250436
0.000257925
0.000727924
0.00155236
0.0028572
0.00442988
0.00647159
0.00867749
0.0113143
0.0140014
0.0170588
0.020049
0.023331
0.0264324
0.0297343
0.0327529
0.0358738
0.0386258
0.0413801
0.0437027
0.0459317
0.0476936
0.0492753
0.0503848
0.0512468
0.0517046
0.0518178
0.0518778
0.0517287
0.0516989
0.0513626
0.0511276
0.0501961
0.0493016
0.0473717
0.0454656
0.0424358
0.0394993
0.0356524
0.0319734
0.0277628
0.0237806
0.0196821
0.0159423
0.0125272
0.00966173
0.0074845
0.00580541
0.00502017
0.0044751
0.00323039
0.00360514
0.00433262
0.0056121
0.00765545
0.0101528
0.0135501
0.0171391
0.0213739
0.0255545
0.0300271
0.034295
0.0385414
0.0424522
0.0460293
0.0491993
0.0517602
0.0540006
0.0555627
0.0569917
0.0579244
0.0588372
0.0595434
0.0600502
0.0604169
0.0603308
0.0599059
0.0590505
0.057807
0.0561719
0.0541502
0.0518041
0.0491004
0.0461632
0.0429236
0.0395588
0.0359699
0.0323738
0.0286496
0.0250377
0.0214051
0.0179976
0.0146802
0.0116861
0.00888813
0.00649042
0.00438234
0.00272498
0.00143081
0.000608556
0.000197735
0.000250025
0.000733443
0.0016427
0.0029735
0.00466802
0.00674675
0.00910724
0.0117902
0.0146591
0.0177694
0.020962
0.0243012
0.0276178
0.0309784
0.0342165
0.0373947
0.0403608
0.043168
0.0456897
0.0479643
0.0499002
0.0515179
0.0527669
0.0536482
0.0541847
0.0543114
0.0542846
0.0540891
0.053669
0.0532418
0.0522971
0.0512244
0.0494349
0.0473294
0.044546
0.041351
0.0377382
0.0337781
0.0297205
0.0254538
0.02141
0.0173131
0.0137898
0.010444
0.00794611
0.00587839
0.00456283
0.00378518
0.00338952
0.00233467
0.00263164
0.00325941
0.00434637
0.00609413
0.00833185
0.0112195
0.014615
0.018442
0.0225863
0.0268789
0.0313021
0.0356215
0.0398763
0.0437981
0.0474533
0.0506019
0.0533664
0.0555979
0.0574645
0.0589073
0.0600689
0.060914
0.0614726
0.0617058
0.0615625
0.0610296
0.0600846
0.058752
0.0570127
0.054921
0.0524616
0.0497103
0.0466565
0.0433927
0.0399133
0.0363224
0.0326187
0.0289116
0.0252036
0.0216026
0.0181143
0.014838
0.0117812
0.00902858
0.00658872
0.0045256
0.00284797
0.00159504
0.000775018
0.000399783
0.000476649
0.000989598
0.00194491
0.00330005
0.00506049
0.00716023
0.00960419
0.0123072
0.0152742
0.018406
0.0217078
0.0250721
0.0285049
0.031896
0.0352526
0.0384677
0.0415498
0.0444006
0.04703
0.0493544
0.0513847
0.0530565
0.0543816
0.055327
0.0559063
0.0561216
0.0560411
0.055692
0.0550436
0.0541184
0.05277
0.0510387
0.0487527
0.0460459
0.042786
0.0392101
0.035241
0.0311592
0.0269176
0.0227697
0.0187218
0.0149626
0.0115884
0.00869952
0.0064273
0.00463808
0.00350238
0.00283875
0.00251991
0.00128443
0.00151606
0.00183923
0.00271063
0.00393702
0.00585955
0.00833736
0.0113935
0.014987
0.0188701
0.023178
0.0274799
0.0321216
0.0364278
0.0409742
0.0448514
0.0487875
0.0518811
0.0548489
0.0570314
0.0589849
0.0603281
0.0613611
0.0619388
0.0621059
0.0619126
0.0612654
0.0602743
0.0588102
0.0570453
0.0548179
0.0523552
0.0494711
0.0464358
0.0430482
0.0396069
0.0359059
0.0322559
0.0284559
0.024812
0.0211378
0.0177181
0.0143897
0.0114005
0.00861795
0.00623947
0.00416911
0.00254289
0.00130542
0.000524361
0.000186952
0.000289363
0.000861633
0.00182945
0.00326403
0.00502548
0.00722282
0.00965874
0.012475
0.0154279
0.0186857
0.0219705
0.0254699
0.0288861
0.0324175
0.0357607
0.0391164
0.0421907
0.0451771
0.0478063
0.0502554
0.0522937
0.0540731
0.0554146
0.0564362
0.0570283
0.0572573
0.0571257
0.0565773
0.0557285
0.0543257
0.052645
0.0502106
0.0475673
0.0440766
0.040551
0.0363124
0.0322387
0.0277657
0.0235902
0.0193454
0.0155072
0.011896
0.00882145
0.00626487
0.00428811
0.00297822
0.00205628
0.00169272
0.00144135
0.000631158
0.000738383
0.00105233
0.00155578
0.00259751
0.0039277
0.00605968
0.00848873
0.0116994
0.0151231
0.0191077
0.0232408
0.0276587
0.0321463
0.0366032
0.0409923
0.0449971
0.0487909
0.051938
0.054772
0.0568952
0.0586085
0.0596938
0.0603172
0.0604267
0.0601292
0.0594582
0.05837
0.0569122
0.0550917
0.0529088
0.0504358
0.0476322
0.0446313
0.0413548
0.0379879
0.0344206
0.030877
0.0272238
0.0237078
0.0201829
0.0169007
0.0137138
0.0108604
0.00820178
0.00594735
0.00397566
0.00245384
0.00128441
0.000583113
0.000280357
0.000435884
0.00100937
0.00200448
0.00340923
0.00517527
0.00731612
0.00973875
0.0124777
0.0154053
0.0185718
0.0218258
0.0252271
0.0286133
0.032047
0.0353668
0.0386324
0.0416948
0.0446049
0.0472371
0.0496289
0.0516869
0.0534322
0.0548096
0.0558181
0.0564374
0.0566834
0.056436
0.055795
0.0545323
0.052914
0.050549
0.0478827
0.0444886
0.0408687
0.0367521
0.0325431
0.0281888
0.0238871
0.0197747
0.0158082
0.0123288
0.00906794
0.00654171
0.00432088
0.002897
0.0017759
0.00121743
0.000868306
0.000745337
0.000224006
0.000296024
0.000336919
0.000691559
0.00110998
0.00216591
0.00348619
0.00554956
0.00797861
0.011022
0.0144217
0.0182244
0.0223804
0.0266376
0.0312372
0.0355294
0.0400338
0.0438569
0.0476474
0.0505708
0.053199
0.0549692
0.0561708
0.0567837
0.0567398
0.0564193
0.0556506
0.0545738
0.0531016
0.0513365
0.0492187
0.0468431
0.0441808
0.0413137
0.0382448
0.0350399
0.031731
0.0283668
0.0250032
0.021672
0.0184464
0.0153424
0.0124429
0.00974959
0.00734733
0.00522502
0.00346304
0.00203803
0.00102099
0.000376657
0.000163582
0.000334695
0.000934955
0.0019056
0.00327863
0.00498405
0.00704282
0.00937463
0.0119921
0.0148061
0.0178243
0.0209505
0.0241903
0.0274433
0.0307161
0.0339063
0.0370246
0.0399692
0.0427573
0.0452912
0.0475956
0.0495808
0.0512794
0.0526139
0.0536239
0.0542238
0.0545004
0.0542166
0.0533551
0.0519824
0.0497782
0.0472612
0.0438533
0.0403585
0.0361083
0.0320163
0.0275123
0.0233248
0.0191348
0.0153039
0.0117908
0.00866091
0.00608145
0.00391065
0.00245088
0.00130714
0.000810851
0.000410892
0.000351714
0.000267339
0.000259925
0.000250292
0.000284709
0.000329372
0.000594769
0.00102654
0.00196473
0.00320652
0.00509308
0.00730942
0.0101331
0.0132579
0.0168722
0.020714
0.0248565
0.0290538
0.0332526
0.0372502
0.0409073
0.0441023
0.0466952
0.048623
0.0498391
0.0504346
0.0504059
0.0500265
0.0492991
0.0482484
0.0468777
0.0452481
0.0433108
0.0411749
0.0387627
0.0362262
0.0334629
0.0306585
0.0276921
0.024772
0.0217664
0.0188933
0.0160188
0.0133565
0.0107792
0.00848276
0.0063541
0.00455972
0.00300671
0.00182231
0.000938381
0.000436088
0.000274519
0.000485289
0.00105533
0.00196662
0.00323287
0.00478958
0.00667472
0.00878317
0.0111734
0.013708
0.0164612
0.0192726
0.0222271
0.025152
0.0281369
0.0310077
0.0338531
0.0365079
0.0390544
0.0413464
0.0434549
0.0452614
0.0468212
0.0480506
0.0489693
0.0495219
0.0497317
0.0493406
0.0483816
0.0467163
0.0444289
0.041493
0.0380931
0.0342629
0.0302033
0.0260433
0.0219078
0.0179898
0.0142835
0.0110156
0.00804941
0.00567177
0.00363639
0.00225951
0.00120772
0.000699553
0.000377669
0.00030755
0.000258023
0.00026311
0.000795464
0.00077071
0.000699681
0.000594898
0.000392595
0.000426837
0.000643991
0.00125741
0.00232257
0.00377619
0.00578812
0.00811818
0.0110452
0.0141567
0.0178587
0.021483
0.0255393
0.0291753
0.0329022
0.0359167
0.0386189
0.0404547
0.0416014
0.0421399
0.0419582
0.0415956
0.0408694
0.039946
0.0387108
0.0373222
0.0356294
0.0338379
0.0317675
0.0296608
0.0273167
0.0250032
0.0225078
0.0201105
0.017598
0.0152483
0.0128576
0.0106875
0.0085546
0.00668971
0.00493922
0.00349039
0.00222785
0.00128382
0.000587965
0.000208829
0.000125674
0.000338197
0.000877154
0.00167229
0.00280499
0.00413822
0.00580025
0.00759451
0.00968966
0.0118406
0.0142475
0.0166302
0.0192103
0.0216877
0.0242937
0.0267249
0.0292102
0.0314589
0.0336858
0.0356286
0.0374769
0.0390106
0.0403847
0.0414325
0.0422669
0.0427295
0.0429796
0.0425493
0.0415292
0.039826
0.0372856
0.034376
0.0307399
0.0271179
0.0230263
0.0193129
0.0154611
0.0121908
0.00905545
0.00654722
0.00432449
0.00271852
0.00148584
0.000780186
0.000478687
0.000418484
0.000613796
0.000720525
0.000792947
0.000817432
0.00188596
0.00185072
0.00182281
0.00162468
0.00116317
0.000914099
0.000487591
0.000629641
0.00071486
0.00158171
0.00240542
0.00411178
0.00576614
0.0082904
0.0107648
0.0139078
0.0169354
0.020238
0.0232433
0.02606
0.0283381
0.0300619
0.0310462
0.0315348
0.0313833
0.0310337
0.0304882
0.029662
0.0287832
0.0275786
0.0264145
0.0248857
0.023491
0.0217121
0.0201548
0.0182155
0.0165739
0.0145752
0.0129345
0.0109836
0.00943173
0.00763681
0.00626042
0.00472439
0.00360398
0.00241848
0.0016234
0.000862495
0.000445766
0.000160411
0.00015443
0.000368142
0.000781408
0.00148783
0.00230343
0.00346611
0.00464219
0.00619673
0.00766888
0.00952706
0.0112127
0.0132684
0.0150719
0.0172081
0.0190276
0.0211235
0.0228572
0.0247962
0.0263486
0.0280251
0.0293134
0.030639
0.0315976
0.0325069
0.0330824
0.0334763
0.0336042
0.0331457
0.032129
0.0304332
0.0280905
0.0252586
0.0221112
0.018707
0.0154571
0.0121319
0.00940016
0.00665786
0.00477147
0.00286383
0.00187707
0.000867382
0.00071525
0.000514312
0.000973162
0.00123303
0.00176284
0.00198093
0.00201292
0.00205093
0.00361597
0.00364436
0.00362833
0.00341227
0.00292847
0.00230613
0.00170259
0.00106776
0.000802063
0.000555866
0.000902032
0.00126261
0.00233846
0.00340716
0.00523877
0.00697894
0.0093832
0.0115124
0.0140075
0.0159951
0.0179349
0.0191983
0.0200397
0.0203897
0.0202593
0.0200321
0.0195829
0.0190898
0.0183784
0.0176961
0.016767
0.0159266
0.014823
0.0138644
0.0126396
0.0116089
0.0103233
0.00927168
0.00799087
0.00697223
0.00576396
0.00483311
0.0037644
0.00297442
0.00210799
0.00150727
0.000897673
0.000526599
0.000216126
0.000103767
0.000118828
0.000280062
0.000628327
0.00106182
0.00173072
0.00241813
0.00337494
0.00428156
0.00547514
0.00655189
0.00791607
0.0091028
0.0105607
0.0117903
0.0132595
0.0144626
0.015861
0.0169705
0.0182211
0.0191767
0.020213
0.0209651
0.0217347
0.0222471
0.0227019
0.0228979
0.0229861
0.0225548
0.0216314
0.0202279
0.0181524
0.0159576
0.0132557
0.0108695
0.00820715
0.00620835
0.00412094
0.00284733
0.00157195
0.00109819
0.000641542
0.000882482
0.00114262
0.0018692
0.00255503
0.0032989
0.00387316
0.00414127
0.00416123
0.00412984
0.0059105
0.00604142
0.00627083
0.00621732
0.00570057
0.00508385
0.00414464
0.00327845
0.00239696
0.00165672
0.00113292
0.000751844
0.000748509
0.000867077
0.00150212
0.00217214
0.00342226
0.00451642
0.00606966
0.00723647
0.00855416
0.0093458
0.00990197
0.0101325
0.010012
0.00988699
0.00963017
0.00936076
0.00899109
0.00862734
0.00816211
0.00772087
0.00718163
0.00668338
0.00609494
0.00556303
0.00495269
0.00441259
0.00380957
0.00328826
0.00272305
0.00224824
0.00175173
0.0013507
0.000952744
0.000650962
0.000378671
0.000197948
7.34529e-05
3.00694e-05
6.83275e-05
0.000171234
0.000378065
0.000627482
0.000998223
0.00138493
0.00190398
0.00240944
0.0030508
0.00364813
0.00437703
0.00503284
0.0058082
0.00648498
0.00726247
0.00792141
0.00865678
0.00926063
0.00991289
0.0104285
0.0109628
0.0113635
0.0117533
0.0120201
0.0122486
0.0123303
0.0123777
0.012051
0.0113446
0.0103876
0.00883216
0.0074469
0.00560339
0.00428698
0.00275584
0.00191705
0.00107764
0.000884519
0.000798357
0.00121293
0.00176907
0.00264298
0.00366933
0.0047332
0.00588144
0.00666955
0.00733402
0.00742913
0.00716233
0.00701006
0.00857004
0.00879117
0.00935821
0.0094847
0.00923957
0.00874547
0.00785929
0.00697867
0.00583543
0.00490205
0.00377939
0.0030168
0.0020723
0.00163134
0.00101366
0.000993183
0.000825224
0.00120162
0.001434
0.00199757
0.00236905
0.0028003
0.0029914
0.00312631
0.00309922
0.00303171
0.00298333
0.00284048
0.00277818
0.00259025
0.00251736
0.00229313
0.00221292
0.00196262
0.00187822
0.00161319
0.00152775
0.00126022
0.00117709
0.000920034
0.000843017
0.000609895
0.000543366
0.00034769
0.000296502
0.0001512
0.000120405
3.68689e-05
3.12154e-05
1.82624e-05
4.15504e-05
0.000104356
0.000158756
0.000297958
0.000383416
0.000594571
0.000708433
0.000981944
0.00111889
0.00144045
0.00159282
0.00194443
0.00210285
0.00246415
0.00261849
0.00296842
0.0031088
0.00342731
0.00354506
0.00381452
0.003903
0.00410951
0.00416451
0.00429865
0.00431858
0.00434806
0.00432741
0.00410807
0.00379781
0.00322315
0.00266852
0.00193168
0.00152629
0.0010056
0.00108445
0.00104114
0.00169444
0.00217604
0.0032762
0.00417978
0.00555291
0.00670497
0.00815879
0.00928671
0.0104681
0.0111405
0.0115289
0.0114165
0.0107396
0.010478
0.0112318
0.0115841
0.0123212
0.0127149
0.0128397
0.0125899
0.0120793
0.0113156
0.0104061
0.00939497
0.00829935
0.00723118
0.00607467
0.00509335
0.00400614
0.00325297
0.00239791
0.00196836
0.00144287
0.001304
0.0010682
0.00107043
0.00100327
0.00101212
0.000995498
0.000977021
0.000960726
0.000926989
0.000900011
0.000855818
0.000819871
0.00076724
0.000724013
0.000665369
0.000617174
0.000555253
0.000504808
0.000442568
0.000392742
0.000333271
0.00028683
0.000233262
0.000192669
0.000148082
0.000115365
8.26542e-05
5.93387e-05
4.10503e-05
2.81323e-05
2.62503e-05
2.41947e-05
3.99076e-05
4.86493e-05
8.2127e-05
0.00010108
0.000151311
0.000179391
0.000244126
0.000279797
0.000355635
0.000396998
0.000479626
0.00052453
0.000609084
0.00065528
0.00073678
0.000782051
0.000855843
0.000898125
0.000960256
0.000997724
0.0010452
0.00107632
0.00110724
0.00112917
0.00113561
0.00115859
0.00111316
0.00116085
0.00109349
0.00130968
0.00139361
0.0019571
0.00239916
0.00339169
0.00425798
0.0055844
0.00677606
0.00824299
0.00959173
0.0110328
0.0123574
0.0136062
0.0146581
0.0154272
0.0158414
0.0157903
0.0153613
0.0144697
0.014046
0.0134539
0.0139999
0.0148862
0.0157209
0.016088
0.0163448
0.016081
0.0157841
0.0150815
0.0143899
0.0134283
0.012459
0.0113365
0.0101845
0.00901126
0.00781688
0.00676982
0.00571893
0.00495531
0.00419645
0.00375837
0.00334093
0.00317958
0.00301824
0.00300617
0.002923
0.0028881
0.00277605
0.00272411
0.00256862
0.00249864
0.00230653
0.00222187
0.00200284
0.00190817
0.00167398
0.00157481
0.00133815
0.00124019
0.0010136
0.00092218
0.000717051
0.000636659
0.000462504
0.000396492
0.000260517
0.000211033
0.000117984
8.60319e-05
3.82798e-05
2.38993e-05
2.16835e-05
2.4183e-05
6.59432e-05
8.41251e-05
0.000166854
0.000199214
0.00031877
0.000363625
0.000514952
0.000570517
0.000747767
0.00081213
0.00100868
0.00107976
0.00128818
0.00136365
0.0015757
0.00165288
0.00185966
0.00193552
0.00212774
0.00219899
0.0023675
0.00243348
0.00258802
0.00263705
0.00288356
0.00307943
0.00361432
0.00411196
0.00505539
0.005952
0.00727689
0.00855586
0.0101024
0.0115903
0.0131336
0.0146116
0.0159683
0.0172891
0.018325
0.019352
0.0198979
0.0203804
0.0201978
0.0198485
0.0188678
0.0177867
0.017113
0.0151256
0.0157464
0.0170697
0.0181107
0.0189442
0.0194954
0.0197652
0.0198162
0.019625
0.0192817
0.0187275
0.0180676
0.0171829
0.0162702
0.0151145
0.0140637
0.012815
0.0118056
0.0107067
0.00991444
0.00915184
0.00867539
0.00833959
0.00811637
0.00802613
0.00785811
0.00768792
0.00745154
0.0071981
0.0068797
0.00655318
0.00616704
0.00578307
0.00534822
0.00492666
0.00446541
0.00402867
0.00356479
0.00313591
0.00269294
0.0022938
0.00189344
0.00154333
0.00120424
0.000918822
0.000655854
0.000446585
0.000270313
0.000144317
6.09719e-05
2.12105e-05
3.28332e-05
7.85149e-05
0.000183273
0.000310389
0.000502995
0.000704874
0.000976996
0.00124478
0.00158538
0.00190834
0.00230398
0.00266968
0.00310465
0.00349903
0.00395559
0.00436295
0.00482175
0.00522496
0.00566553
0.0060466
0.00644838
0.00678929
0.00713285
0.00741683
0.00770933
0.00793062
0.00829888
0.00880951
0.00947882
0.0104981
0.0115571
0.0130079
0.01436
0.0160378
0.0174795
0.0190893
0.0203959
0.0217031
0.0227189
0.0236307
0.0242585
0.0247148
0.0248336
0.0246821
0.0241232
0.0231886
0.021933
0.0202762
0.0194999
0.0166855
0.0173998
0.0185805
0.0198613
0.0209917
0.0218933
0.0226174
0.0230788
0.0234
0.023464
0.0234183
0.023114
0.0227017
0.0220538
0.0213046
0.0204001
0.0194478
0.0184653
0.0175214
0.016673
0.0159376
0.015378
0.0149501
0.01464
0.014389
0.0141093
0.0137348
0.0133348
0.0128158
0.012283
0.0116311
0.0109897
0.0102355
0.0095167
0.00869769
0.00793768
0.00709492
0.00633208
0.00550765
0.00477997
0.00401423
0.00335698
0.00268636
0.00213026
0.00158554
0.00115548
0.000760675
0.000474899
0.000246614
0.000116432
6.36533e-05
9.34681e-05
0.000217706
0.000405333
0.000700993
0.00103814
0.00149306
0.00196588
0.00256183
0.00315144
0.00386475
0.00454767
0.00534961
0.00609821
0.00695566
0.00773869
0.00861488
0.00939829
0.010254
0.0110021
0.0117974
0.0124749
0.0131715
0.0137454
0.0143215
0.0147955
0.0152638
0.0158007
0.0165017
0.017354
0.0184458
0.0196685
0.0210417
0.0224588
0.0238737
0.0252262
0.0264143
0.0274693
0.0282462
0.0288768
0.0291861
0.029341
0.0291615
0.0287802
0.028039
0.0270338
0.0256967
0.0241217
0.0226317
0.0217273
0.0172741
0.0180693
0.0196678
0.0211834
0.0225523
0.0238286
0.0248432
0.0257963
0.0264489
0.0270653
0.0273611
0.0276211
0.0275251
0.0274082
0.02691
0.0264543
0.0256617
0.0250008
0.0241304
0.0234551
0.0227325
0.0222054
0.0217884
0.0213928
0.0211165
0.0206436
0.0201566
0.019471
0.0187818
0.0178852
0.0170235
0.0159568
0.0149634
0.0137776
0.0127014
0.0114545
0.010349
0.00910189
0.00802172
0.00683466
0.00583221
0.00476157
0.00388435
0.00298001
0.00226846
0.00157184
0.0010579
0.000600622
0.00030677
0.00010982
4.87089e-05
0.000122073
0.000296503
0.000639154
0.00104239
0.00164255
0.00225885
0.00309442
0.00389966
0.00493873
0.00590107
0.0071026
0.00818312
0.00949778
0.0106514
0.0120228
0.0131994
0.0145661
0.0157124
0.0170103
0.0180722
0.0192387
0.0201646
0.0211424
0.021887
0.0226601
0.0231981
0.0239144
0.0246527
0.0255589
0.0266961
0.0278122
0.0291615
0.0302844
0.0315661
0.0324474
0.033378
0.0338315
0.0342532
0.0342102
0.0341155
0.0335821
0.0329957
0.0319759
0.0308653
0.0293502
0.0276936
0.0257782
0.023725
0.0226968
0.0179525
0.0187779
0.020257
0.0218648
0.0234743
0.0249172
0.0263364
0.0275146
0.0286805
0.0295551
0.030425
0.0309557
0.0314653
0.031614
0.0317204
0.0315031
0.0312539
0.0307801
0.0303162
0.0297587
0.0292508
0.0287655
0.0283296
0.0279039
0.0274393
0.0268902
0.0261351
0.0253369
0.0243004
0.0232604
0.0219813
0.0207469
0.019285
0.0179152
0.0163407
0.0149019
0.0132909
0.011853
0.0102826
0.00891455
0.00745927
0.00622576
0.00495359
0.00391205
0.00288186
0.00208023
0.00133965
0.00081482
0.000398788
0.000175557
0.000105379
0.000195937
0.000478829
0.000882614
0.00151159
0.00221545
0.0031695
0.00414808
0.00539254
0.00660882
0.00809601
0.00950201
0.0111721
0.0127099
0.0144924
0.0160958
0.0179117
0.0195082
0.0212735
0.0227882
0.0244179
0.0257772
0.0271911
0.0283281
0.0294651
0.0303561
0.0311879
0.0319716
0.0328108
0.0337031
0.0346695
0.035681
0.0366203
0.0375493
0.0382321
0.0388468
0.0390723
0.0392132
0.038896
0.0385207
0.0376957
0.0368336
0.0355661
0.0342487
0.0325739
0.0308292
0.0288124
0.0267626
0.0248287
0.0237543
0.017881
0.0187328
0.0204681
0.0221828
0.0239144
0.0255808
0.0271769
0.0286939
0.0300819
0.0313812
0.0325036
0.0335173
0.0342944
0.0349559
0.035322
0.0356066
0.0355801
0.0355377
0.0352361
0.0349769
0.0345588
0.0341952
0.0337918
0.033319
0.0328199
0.0321011
0.0312538
0.0302065
0.029037
0.0276863
0.0262463
0.0246538
0.0230109
0.0212519
0.0194847
0.0176432
0.0158366
0.0140006
0.0122407
0.0104968
0.00886662
0.00729619
0.00587163
0.00454739
0.00339427
0.0023775
0.00154939
0.00088799
0.000424444
0.000151642
7.71681e-05
0.000210631
0.000534042
0.0010754
0.00178957
0.00272422
0.00380616
0.00510332
0.00651444
0.00812734
0.00981409
0.0116806
0.0135754
0.0156193
0.017642
0.0197749
0.0218357
0.0239604
0.0259632
0.0279786
0.0298266
0.0316336
0.0332354
0.0347439
0.03602
0.0371807
0.0380791
0.03898
0.0398079
0.0406138
0.041503
0.0422083
0.0429794
0.0434225
0.0438549
0.0438715
0.0437889
0.0432894
0.042641
0.0416363
0.0404868
0.0390464
0.037483
0.0356809
0.0337606
0.0316719
0.0294741
0.0272332
0.024939
0.0238064
0.0181544
0.0190177
0.0203786
0.0221438
0.0239301
0.0257102
0.0274579
0.0291485
0.0307705
0.0322887
0.0337072
0.0349726
0.0361024
0.0370356
0.0378051
0.0383593
0.0387509
0.0389438
0.0390044
0.0389116
0.0387227
0.0384313
0.0380491
0.0375561
0.036934
0.036134
0.0351375
0.0339709
0.0326195
0.03112
0.0294664
0.0277024
0.0258234
0.023878
0.0218626
0.0198284
0.0177722
0.0157456
0.0137455
0.0118217
0.00997112
0.00823949
0.00662416
0.00516467
0.00385922
0.00273951
0.0018051
0.00107837
0.000560821
0.000264329
0.000192851
0.000346888
0.000733253
0.00134051
0.00217851
0.0032237
0.00448887
0.00593859
0.00758813
0.00939098
0.0113641
0.0134512
0.01567
0.0179563
0.0203273
0.0227138
0.0251316
0.0275092
0.0298607
0.0321158
0.0342867
0.0363079
0.0381901
0.0398765
0.0413862
0.042676
0.0437684
0.0447233
0.0455639
0.0463095
0.0469464
0.0474721
0.0478117
0.0479813
0.0478913
0.0475791
0.0469698
0.0461252
0.0449938
0.043656
0.0420791
0.0403369
0.0384142
0.0363608
0.034184
0.0319193
0.0296016
0.0272706
0.0254534
0.0242947
0.0174798
0.0183298
0.0200518
0.0218055
0.0236796
0.0254903
0.0274017
0.0291717
0.0310221
0.0326641
0.0343659
0.0357939
0.0372503
0.0383798
0.0394967
0.0402687
0.040989
0.0413932
0.0417173
0.0417893
0.0417598
0.0415512
0.0412197
0.0407238
0.0400457
0.0391935
0.0380702
0.0368283
0.0353016
0.0337111
0.0318487
0.0299822
0.0278709
0.0258161
0.0235555
0.0214098
0.0191067
0.0169714
0.0147338
0.0127088
0.0106405
0.00881949
0.00701547
0.00548236
0.00402562
0.00285136
0.00181013
0.00105076
0.000476519
0.000171614
9.78172e-05
0.000269477
0.000710543
0.00136262
0.00231321
0.00343081
0.00486526
0.00641434
0.00828624
0.0102135
0.0124557
0.0146887
0.0172141
0.0196628
0.0223658
0.0249244
0.0276845
0.0302361
0.0329236
0.0353457
0.0378285
0.040001
0.0421542
0.0439679
0.045683
0.0470645
0.0482633
0.0492408
0.0500537
0.0507079
0.0511833
0.051505
0.0515438
0.0514376
0.0509485
0.0503376
0.0492839
0.0481551
0.0465847
0.0449967
0.0430199
0.0410722
0.0388098
0.0366077
0.0341697
0.0318245
0.0293423
0.0269943
0.0246429
0.0234886
0.0171653
0.0179926
0.0196124
0.0213567
0.023212
0.0250893
0.0269913
0.0289093
0.0307633
0.0326256
0.0343423
0.0360558
0.0375408
0.0390113
0.0401742
0.0413161
0.0420968
0.0428499
0.043236
0.0435731
0.04359
0.0435093
0.0431899
0.0426852
0.0419911
0.0410429
0.0399123
0.0385319
0.036998
0.0352402
0.0333706
0.0313154
0.029197
0.0269407
0.0246735
0.0223223
0.0200133
0.0176776
0.0154349
0.0132234
0.0111509
0.00916518
0.00735818
0.00568928
0.00423089
0.00295597
0.00191452
0.00109484
0.000522017
0.000201446
0.000130892
0.000334812
0.000781199
0.00151561
0.00247385
0.00372454
0.00516919
0.00690089
0.00878565
0.0109414
0.0131991
0.0157003
0.0182434
0.0209903
0.0237127
0.0265876
0.0293681
0.0322392
0.0349471
0.037676
0.0401782
0.0426285
0.0447991
0.0468464
0.048577
0.0501269
0.0513487
0.0523738
0.0531701
0.0536909
0.0540994
0.0541007
0.0540463
0.0534927
0.0529067
0.0517973
0.0506616
0.0490478
0.047417
0.0453971
0.0433778
0.0410717
0.0387831
0.0363137
0.03387
0.03137
0.0288999
0.0265105
0.0242952
0.0231475
0.0167132
0.0175389
0.0189954
0.0207311
0.0225348
0.0243985
0.0263129
0.0282176
0.0301495
0.0320007
0.0338588
0.0355647
0.0372558
0.038723
0.0401528
0.0412964
0.0423784
0.0431374
0.0438042
0.0441489
0.0443592
0.0442844
0.0440218
0.0435189
0.0427848
0.0418376
0.040638
0.0392592
0.037645
0.0358892
0.033931
0.0318782
0.0296667
0.0274129
0.0250522
0.0227037
0.0203048
0.0179719
0.0156466
0.0134376
0.0112933
0.00930994
0.00744468
0.00577772
0.00427689
0.00300345
0.0019374
0.00111867
0.00054092
0.000220719
0.000166862
0.000370546
0.000857268
0.00159083
0.002615
0.00386424
0.00540191
0.00713161
0.009137
0.0112903
0.0136951
0.0161934
0.018907
0.0216507
0.0245614
0.0274329
0.0304118
0.0332796
0.0361862
0.0389119
0.0416027
0.0440501
0.0463886
0.0484336
0.0503025
0.0518507
0.0531571
0.0541787
0.054919
0.0554263
0.0555846
0.0555662
0.0551248
0.0545513
0.0535245
0.0523999
0.0508438
0.0492224
0.0472332
0.0452127
0.0429115
0.0406109
0.0381241
0.0356654
0.0331193
0.0306332
0.0281643
0.0257852
0.0237441
0.0225983
0.0159809
0.0167648
0.018337
0.0199929
0.021783
0.0235861
0.0255078
0.0273779
0.0293358
0.0311812
0.0330847
0.0348154
0.0365733
0.0380989
0.0396156
0.0408489
0.0420273
0.0428921
0.0436464
0.0440859
0.0443557
0.0443367
0.0440916
0.0436016
0.0428483
0.0418983
0.0406746
0.0392958
0.0376507
0.0359012
0.0339077
0.031867
0.0296176
0.0273811
0.0249815
0.0226546
0.0202178
0.0179094
0.015549
0.0133663
0.0111909
0.00923395
0.00734288
0.00570113
0.00418068
0.00292991
0.00185115
0.00105168
0.000468807
0.000164124
0.000113376
0.000329206
0.000827956
0.00157132
0.00261712
0.00387535
0.0054448
0.00718448
0.00923204
0.011398
0.0138551
0.0163699
0.0191448
0.0219096
0.0248887
0.0277854
0.0308368
0.0337328
0.0367124
0.0394677
0.0422279
0.0447041
0.0471041
0.0491748
0.0510918
0.0526567
0.0539971
0.0550007
0.0557227
0.0561425
0.0562229
0.0560502
0.0554858
0.0547277
0.0535567
0.052256
0.0505593
0.048795
0.0466859
0.0445646
0.0421691
0.0398114
0.0372563
0.0347863
0.0321998
0.0297484
0.0272721
0.0249659
0.0227431
0.0216399
0.0154426
0.0161734
0.0177083
0.0192729
0.0210393
0.0227774
0.0246715
0.0265106
0.0284403
0.0302918
0.032167
0.0339455
0.0356764
0.0372948
0.0387891
0.0401536
0.0413163
0.0423278
0.0430737
0.0436402
0.043907
0.043962
0.0437142
0.0432427
0.0424842
0.04153
0.0403109
0.0389317
0.0372933
0.0355512
0.0335663
0.0315405
0.029301
0.027086
0.0246973
0.0223972
0.0199717
0.0176941
0.0153449
0.0131952
0.0110304
0.00910678
0.0072251
0.00561521
0.00410259
0.00288057
0.00180775
0.00103279
0.000453714
0.00016893
0.000119709
0.000351284
0.000849274
0.00160556
0.00264839
0.00391872
0.00548317
0.00723641
0.0092772
0.0114603
0.0139092
0.0164464
0.019212
0.022005
0.0249741
0.0279044
0.0309457
0.0338792
0.036849
0.0396434
0.0423945
0.0449087
0.0473009
0.0494058
0.0513166
0.0529036
0.0542492
0.055228
0.0559484
0.0562542
0.0563283
0.0559534
0.0553862
0.0543805
0.0532145
0.0516696
0.0499876
0.0480189
0.0459322
0.0436624
0.0412932
0.0388449
0.0363182
0.0338158
0.0312596
0.0288356
0.0263869
0.0241606
0.0219893
0.02094
0.015108
0.0158377
0.0170048
0.0185596
0.0201925
0.0219116
0.0236734
0.0254888
0.0273039
0.0291293
0.0309136
0.0326648
0.0343362
0.0359266
0.0373982
0.0387351
0.0399113
0.0408981
0.0416818
0.0422296
0.0425389
0.0425836
0.0423719
0.0418991
0.04118
0.0402268
0.0390658
0.0376878
0.0361364
0.0343959
0.032524
0.0305001
0.028394
0.026181
0.0239394
0.0216414
0.0193695
0.017094
0.0148975
0.0127497
0.0107295
0.00880771
0.00705588
0.00544748
0.0040441
0.00282321
0.00183433
0.0010601
0.000536391
0.000251869
0.000227774
0.000459136
0.000951979
0.00170757
0.00271651
0.00398567
0.00549034
0.00724196
0.00920099
0.0113821
0.0137319
0.0162667
0.0189209
0.0217114
0.0245622
0.0274899
0.0304116
0.0333424
0.0361971
0.038989
0.0416352
0.044147
0.0464498
0.0485528
0.0503937
0.0519792
0.0532634
0.0542426
0.054882
0.0551955
0.055152
0.0547927
0.0540936
0.0531101
0.0518312
0.0503129
0.0485614
0.0466215
0.0445174
0.0422771
0.0399404
0.0375219
0.0350721
0.032598
0.0301596
0.0277594
0.0254508
0.0232374
0.0215618
0.0205139
0.0142301
0.0149466
0.016279
0.0177984
0.0193419
0.0210185
0.0227094
0.0244793
0.0262362
0.028016
0.0297601
0.0314672
0.0331239
0.0346734
0.0361624
0.0374645
0.0386867
0.0396475
0.0404899
0.0410219
0.0413813
0.0414199
0.0412266
0.0407571
0.0400416
0.0390995
0.0379634
0.0366034
0.0350936
0.0333772
0.0315603
0.0295653
0.0275252
0.0253448
0.0231774
0.020914
0.018721
0.0164804
0.0143639
0.0122497
0.0103066
0.0084153
0.0067337
0.00515145
0.00380766
0.00260733
0.00166427
0.000904107
0.000410261
0.000132746
0.000121553
0.000352637
0.000841772
0.00158992
0.00258019
0.00383517
0.00530894
0.00704037
0.00895973
0.0111156
0.0134206
0.0159263
0.0185342
0.0212928
0.0240987
0.0269933
0.0298736
0.0327715
0.0355896
0.0383503
0.0409654
0.0434493
0.0457265
0.0478061
0.049628
0.0511955
0.0524702
0.0534376
0.0540322
0.05434
0.0541955
0.0538378
0.0530084
0.0520371
0.05063
0.0491354
0.0472851
0.0453786
0.0432169
0.041017
0.0386614
0.0362885
0.0338526
0.0314279
0.0290319
0.0266812
0.0244529
0.0222824
0.0203321
0.0193006
0.0136677
0.0143228
0.0156507
0.0170461
0.0185748
0.0201233
0.0217925
0.0234347
0.0251662
0.0268251
0.0285419
0.030142
0.0317699
0.0332346
0.0346938
0.0359394
0.0371324
0.0380655
0.0388828
0.0394103
0.0397524
0.0398026
0.0396025
0.0391596
0.0384445
0.0375574
0.0364222
0.0351509
0.0336423
0.0320453
0.0302298
0.0283793
0.0263408
0.0243228
0.0221571
0.0200661
0.0178749
0.0158084
0.0136935
0.0117467
0.00980509
0.0080665
0.00638623
0.00493482
0.00359209
0.00249481
0.0015525
0.000863077
0.000369621
0.000127713
0.000116529
0.000347002
0.000835751
0.00154772
0.00253721
0.00372271
0.00519532
0.00682761
0.00874544
0.0107773
0.0130804
0.0154429
0.0180487
0.0206512
0.0234549
0.0261872
0.0290652
0.0318021
0.034618
0.0372261
0.0398391
0.042186
0.0444615
0.0464264
0.0482468
0.049726
0.0509998
0.0518977
0.0524984
0.0527385
0.0526111
0.0521908
0.0513872
0.0503734
0.0489976
0.047495
0.0456778
0.0438038
0.0416753
0.0395454
0.0372223
0.0349492
0.0325444
0.0302417
0.0278734
0.0256593
0.0234507
0.0214247
0.0194806
0.0185236
0.0131479
0.0137461
0.0150672
0.01635
0.0178626
0.0192943
0.0209419
0.0224673
0.0241741
0.0257221
0.027412
0.0289148
0.0305139
0.0319023
0.0333322
0.0345271
0.0356931
0.0366005
0.0373946
0.037918
0.038244
0.038305
0.0380985
0.0376801
0.0369655
0.0361293
0.034995
0.0338059
0.0322983
0.0308119
0.0289978
0.027281
0.025244
0.0233764
0.0212123
0.0192809
0.0170913
0.015186
0.0130727
0.0112808
0.00934069
0.00774349
0.00606445
0.00473421
0.00339247
0.00239061
0.00144899
0.000825081
0.000331987
0.000123052
0.000111876
0.000341784
0.000830174
0.00150865
0.00249741
0.00361857
0.0050901
0.00663058
0.00854701
0.010464
0.0127655
0.0149952
0.0175991
0.020057
0.0228586
0.0254408
0.0283167
0.0309044
0.0337182
0.0361849
0.038796
0.0410161
0.0432899
0.0451487
0.0469678
0.0483652
0.0496381
0.0504716
0.0510781
0.0512555
0.0511439
0.0506655
0.0498858
0.0488328
0.0474858
0.0459735
0.0441894
0.0423422
0.0402476
0.03818
0.0358896
0.0337068
0.031333
0.0291407
0.0268005
0.0247101
0.0225228
0.0206277
0.0186934
0.0178054
0.0128765
0.013474
0.0144759
0.0157504
0.0171304
0.0185449
0.020039
0.021542
0.0230891
0.024612
0.0261423
0.027618
0.0290639
0.0304236
0.031713
0.0328787
0.0339255
0.0348063
0.0355149
0.0360167
0.0363005
0.0363489
0.0361546
0.0357348
0.0350797
0.0342442
0.0332089
0.0320208
0.0306514
0.0291663
0.0275251
0.0258098
0.0239719
0.0221059
0.020157
0.0182274
0.0162584
0.0143548
0.0124568
0.0106665
0.00892605
0.00733029
0.00582632
0.00449728
0.00329837
0.00229744
0.00146045
0.000837134
0.000406311
0.000197603
0.000203939
0.000433689
0.000894132
0.00157206
0.00248832
0.00360856
0.00496545
0.00650464
0.00826817
0.0101835
0.0122992
0.0145272
0.0169192
0.0193751
0.0219474
0.0245274
0.0271664
0.029752
0.0323324
0.0347971
0.0371903
0.0394085
0.0414915
0.0433488
0.0450124
0.0464086
0.0475659
0.0484002
0.0489361
0.049126
0.0489992
0.0485435
0.0477993
0.0467753
0.0455105
0.0440313
0.0423655
0.0405521
0.0386038
0.0365688
0.0344453
0.0322938
0.0300991
0.0279355
0.0257782
0.0237109
0.0216901
0.0198064
0.0183268
0.0174398
0.0122896
0.012886
0.013881
0.0151473
0.0164128
0.0178104
0.0191826
0.020664
0.0220831
0.0235818
0.0249843
0.0264337
0.0277595
0.029091
0.0302761
0.0314126
0.032378
0.0332312
0.0338862
0.0343663
0.0346263
0.0346622
0.034473
0.0340512
0.033436
0.032601
0.0316433
0.0304559
0.0291984
0.0277142
0.026213
0.0244988
0.0228224
0.0209576
0.0191838
0.0172554
0.0154665
0.0135641
0.0118424
0.0100532
0.00847687
0.00688212
0.00552216
0.00419397
0.00311231
0.00211201
0.00136019
0.000737262
0.000355793
0.000147216
0.00016507
0.000394675
0.000828488
0.00150599
0.0023588
0.00347833
0.00473775
0.00627598
0.00791215
0.00982631
0.01179
0.0140165
0.0162382
0.0186925
0.021083
0.0236614
0.0261149
0.0286988
0.0310982
0.0335613
0.0357861
0.0380029
0.0399383
0.0417943
0.0433394
0.0447347
0.0458077
0.0466438
0.0471264
0.0473297
0.0471745
0.046743
0.0460017
0.045009
0.0437823
0.0423374
0.0407445
0.0389652
0.0371191
0.0351168
0.0331161
0.0309956
0.0289353
0.0268
0.02478
0.0227355
0.0208525
0.0189802
0.0174884
0.016603
0.0117192
0.0122973
0.0133446
0.0145672
0.0157619
0.0171072
0.0184045
0.0198272
0.0211669
0.022603
0.0239256
0.025311
0.0265614
0.0278299
0.0289496
0.030028
0.0309426
0.0317475
0.0323688
0.0328157
0.0330602
0.0330823
0.0328918
0.0324769
0.0318796
0.0310683
0.0301538
0.0290035
0.0278091
0.0263736
0.0249513
0.023295
0.0217098
0.0199092
0.0182343
0.0163733
0.0146864
0.0128512
0.0112294
0.00950393
0.00802064
0.00648311
0.0052049
0.00392481
0.00290964
0.00194619
0.00124249
0.000643562
0.000289653
9.11934e-05
0.00011489
0.000340252
0.000758069
0.00141703
0.00223288
0.00332013
0.00452342
0.00601669
0.00758012
0.00943819
0.0113157
0.013477
0.0156027
0.0179852
0.020274
0.0227768
0.025127
0.0276351
0.029934
0.0323245
0.034456
0.036607
0.0384606
0.040261
0.0417408
0.0430938
0.0441256
0.0449376
0.0453943
0.0455967
0.0454259
0.0450167
0.0442778
0.0433278
0.0421243
0.0407374
0.0391895
0.037478
0.0356955
0.0337663
0.0318416
0.0297959
0.0278178
0.0257557
0.023819
0.0218418
0.0200434
0.018229
0.0166456
0.0157847
0.011314
0.011847
0.0128912
0.0140188
0.0152023
0.0164406
0.0177211
0.0190261
0.0203457
0.0216587
0.022959
0.0242215
0.0254476
0.0266002
0.0276938
0.0286705
0.0295589
0.0302843
0.0308825
0.0312794
0.0315076
0.031515
0.031318
0.0309246
0.0303276
0.0295762
0.0286621
0.0276059
0.0264122
0.0251002
0.0236787
0.0221694
0.020585
0.0189476
0.0172737
0.0155839
0.0138978
0.0122333
0.0106124
0.00904886
0.00756637
0.00617427
0.00489675
0.00373893
0.00272431
0.00185455
0.00115123
0.000613346
0.000259629
8.69542e-05
0.000110638
0.000325321
0.000742913
0.00135488
0.0021703
0.00317571
0.00437835
0.00575763
0.00732022
0.00903605
0.0109126
0.0129085
0.0150331
0.0172334
0.019521
0.0218323
0.0241813
0.0264969
0.0287946
0.0310008
0.0331312
0.0351151
0.0369676
0.0386268
0.0401059
0.0413515
0.0423828
0.0431279
0.0435921
0.0437671
0.0436155
0.043221
0.04251
0.0416139
0.0404429
0.0391438
0.0376289
0.0360316
0.0342805
0.0324832
0.0305879
0.0286831
0.0267321
0.0248119
0.0228981
0.021056
0.019273
0.0175834
0.0160044
0.0152039
0.0109386
0.0114299
0.0124713
0.0135108
0.0146841
0.0158232
0.0170882
0.0182843
0.0195852
0.0207842
0.0220638
0.0232126
0.0244162
0.0254614
0.0265308
0.0274135
0.0282775
0.0289293
0.0295061
0.0298567
0.0300697
0.0300637
0.0298605
0.0294871
0.0288903
0.0281943
0.0272807
0.0263117
0.0251185
0.0239209
0.0225002
0.021127
0.0195434
0.0180572
0.016384
0.0148528
0.0131676
0.0116611
0.010041
0.00862743
0.00714569
0.00588827
0.00461138
0.0035668
0.00255269
0.00176969
0.00106671
0.000585365
0.000231825
8.30284e-05
0.0001067
0.000311494
0.000728877
0.00129734
0.00211234
0.00304197
0.00424401
0.00551772
0.00707953
0.00866365
0.0105392
0.0123821
0.0145056
0.0165372
0.0188236
0.0209577
0.0233054
0.0254429
0.0277395
0.0297749
0.0319042
0.0337334
0.0355851
0.0371135
0.0385918
0.0397381
0.0407689
0.0414519
0.0419231
0.0420727
0.0419391
0.041558
0.040873
0.0400268
0.0388859
0.037668
0.0361836
0.0346921
0.03297
0.0312949
0.0294269
0.0276526
0.0257267
0.0239378
0.0220453
0.0203283
0.0185597
0.0169856
0.0154107
0.0146661
0.010601
0.0110563
0.0120806
0.0130451
0.0142019
0.0152549
0.0164986
0.0176
0.0188762
0.0199762
0.0212289
0.0222791
0.0234537
0.0244063
0.0254454
0.026247
0.0270816
0.0276701
0.0282217
0.0285326
0.0287288
0.0287113
0.0285025
0.0281464
0.0275524
0.0269041
0.0259965
0.0251025
0.0239176
0.0228184
0.0214078
0.0201518
0.0185797
0.0172235
0.0155628
0.014168
0.0124954
0.011125
0.00951703
0.00823247
0.00676189
0.00562038
0.00435315
0.00340602
0.00239964
0.00169131
0.000993824
0.000561128
0.0002106
8.23522e-05
0.000106418
0.000302696
0.000717793
0.0012488
0.00205886
0.00292325
0.00411778
0.00530063
0.00685256
0.00832331
0.0101869
0.011898
0.0140079
0.0158943
0.0181659
0.0201474
0.0224798
0.0244639
0.0267454
0.0286339
0.0307491
0.0324451
0.0342844
0.0357003
0.0371685
0.0382293
0.0392547
0.0398837
0.0403593
0.040486
0.0403707
0.0399996
0.0393444
0.0385392
0.0374348
0.036285
0.0348396
0.0334376
0.0317537
0.0301831
0.0283513
0.0266894
0.0247971
0.0231218
0.0212589
0.01965
0.0179044
0.0164287
0.0148789
0.0141826
0.0103977
0.0108526
0.0117046
0.0126638
0.0137357
0.0147775
0.0159207
0.0170072
0.0181746
0.0192573
0.0203972
0.0214282
0.0224904
0.0234218
0.0243535
0.0251327
0.0258721
0.0264391
0.0269182
0.0272117
0.0273687
0.0273409
0.0271369
0.0267792
0.0262297
0.0255817
0.0247469
0.0238533
0.0227689
0.0216702
0.0203839
0.0191285
0.0176983
0.0163427
0.0148341
0.0134398
0.0119219
0.0105521
0.00909376
0.00780975
0.00647652
0.0053355
0.00418714
0.00324043
0.00232932
0.00162129
0.000991505
0.000558995
0.000245808
0.000117615
0.000146953
0.000343147
0.000730751
0.00126153
0.00201159
0.00287561
0.0039789
0.00516124
0.00659299
0.00806311
0.00978115
0.0114915
0.0134353
0.0153209
0.0174123
0.0193929
0.0215387
0.023522
0.0256192
0.0275069
0.0294498
0.0311451
0.0328332
0.0342485
0.035594
0.0366543
0.0375889
0.0382199
0.0386522
0.0387916
0.038689
0.0383401
0.0377442
0.0369671
0.0359577
0.0348376
0.0335108
0.0321373
0.0305861
0.0290417
0.0273498
0.0257119
0.0239602
0.0223057
0.0205771
0.018984
0.0173554
0.0158872
0.0145913
0.0138956
0.0101981
0.0106525
0.0113548
0.0123092
0.0133029
0.0143344
0.0153852
0.0164579
0.0175251
0.0185917
0.0196278
0.020641
0.0215997
0.0225115
0.0233443
0.0241027
0.0247546
0.0253016
0.0257141
0.0259913
0.0261123
0.0260751
0.0258754
0.0255161
0.0250077
0.02436
0.0235923
0.022699
0.0217072
0.020609
0.0194372
0.0181822
0.0168827
0.0155277
0.0141592
0.0127656
0.0113902
0.010021
0.00870047
0.00741697
0.00621033
0.00506976
0.00403096
0.00308462
0.00226129
0.00155354
0.00098609
0.000553752
0.000274871
0.000146729
0.000180776
0.000376892
0.000738979
0.00126955
0.00196413
0.00282781
0.00384685
0.00502872
0.0063496
0.00781914
0.00940299
0.0111126
0.0129035
0.0147884
0.0167138
0.0186936
0.0206677
0.0226502
0.024578
0.0264649
0.0282492
0.0299438
0.0314928
0.0329075
0.0341403
0.0352001
0.0360509
0.0366837
0.0370761
0.0372273
0.0371362
0.0368079
0.0362664
0.0355152
0.0345931
0.0335004
0.0322826
0.0309354
0.0295061
0.0279861
0.0264228
0.0248071
0.0231847
0.0215496
0.0199442
0.0183658
0.0168445
0.0153833
0.0143076
0.0136125
0.00982475
0.0102786
0.0110108
0.0119605
0.012886
0.0139075
0.014883
0.0159427
0.0169275
0.0179794
0.0189294
0.0199265
0.0207995
0.0216938
0.0224464
0.0231864
0.0237696
0.0242989
0.0246604
0.0249236
0.0250175
0.0249719
0.0247715
0.0244109
0.02393
0.0232825
0.0225691
0.0216762
0.0207612
0.0196634
0.0185867
0.0173322
0.0161413
0.0147868
0.0135351
0.012142
0.0108856
0.00951691
0.00831175
0.00702872
0.00592805
0.0047879
0.00384066
0.00289466
0.00214421
0.00143672
0.000920188
0.00048801
0.000235791
0.000107697
0.00014288
0.000338924
0.000676332
0.0012067
0.00185145
0.00271481
0.00366038
0.00484181
0.00606801
0.007537
0.00900821
0.0107172
0.0123815
0.0142657
0.0160556
0.0180347
0.0198698
0.0218515
0.0236429
0.0255292
0.0271862
0.0288801
0.030317
0.0317313
0.0328737
0.0339332
0.0347227
0.0353571
0.0357209
0.0358822
0.0357949
0.0354842
0.0349787
0.0342501
0.0333909
0.0323224
0.0311879
0.0298641
0.0285314
0.0270332
0.0255728
0.0239775
0.0224582
0.0208412
0.0193337
0.0177696
0.0163398
0.0148854
0.0137562
0.013062
0.00947901
0.0099323
0.0106922
0.0116375
0.0125
0.0135122
0.0144179
0.0154656
0.0163741
0.0174123
0.0182826
0.0192647
0.0200585
0.0209366
0.021615
0.0223379
0.0228574
0.0233704
0.0236846
0.0239348
0.0240036
0.0239504
0.0237492
0.0233874
0.022932
0.0222847
0.0216216
0.020729
0.0198851
0.0187877
0.017799
0.0165449
0.0154547
0.0141006
0.0129572
0.0115645
0.0104184
0.00905013
0.00795177
0.00666918
0.00566665
0.00452689
0.00366442
0.00271875
0.00203579
0.00132854
0.000859158
0.000427128
0.0001996
7.15498e-05
0.000107785
0.000303762
0.000618316
0.00114851
0.00174709
0.00261016
0.00348769
0.00466872
0.00580724
0.00727573
0.00864262
0.010351
0.0118982
0.0137817
0.0154461
0.0174245
0.0191308
0.0211119
0.022777
0.0246627
0.0262017
0.0278951
0.0292282
0.030642
0.0317009
0.03276
0.0334928
0.0341286
0.0344659
0.0346366
0.0345527
0.0342585
0.0337863
0.0330786
0.0322777
0.0312315
0.0301741
0.0288719
0.0276286
0.0261508
0.0247857
0.0232092
0.0217854
0.0201853
0.0187683
0.0172174
0.0158723
0.0144243
0.0132456
0.0125522
0.00928964
0.00973479
0.0105028
0.0114328
0.0122641
0.0132614
0.01413
0.0151613
0.016029
0.0170495
0.0178772
0.0188417
0.0195917
0.0204534
0.0210883
0.0217971
0.0222765
0.0227785
0.0230608
0.0233041
0.0233533
0.0232991
0.0230938
0.0227368
0.022292
0.0216571
0.0210108
0.0201375
0.0193175
0.0182451
0.0172859
0.0160616
0.0150051
0.0136838
0.0125766
0.0112182
0.010109
0.0087748
0.0077122
0.00646175
0.00549207
0.004381
0.00354692
0.00262519
0.00196482
0.0012757
0.000822097
0.000401596
0.00018233
5.8703e-05
9.52816e-05
0.000288328
0.000595214
0.00111512
0.00169822
0.00254389
0.00339861
0.0045556
0.00566472
0.00710328
0.00843518
0.0101088
0.0116166
0.0134617
0.015084
0.0170219
0.018685
0.0206253
0.0222481
0.0240945
0.025594
0.0272519
0.0285502
0.0299338
0.0309648
0.0320011
0.0327125
0.0333341
0.0336672
0.033831
0.0337621
0.0334685
0.0330279
0.0323272
0.03157
0.030536
0.0295293
0.0282436
0.0270534
0.0255953
0.0242839
0.0227285
0.0213578
0.0197781
0.018411
0.0168794
0.0155773
0.01415
0.0129566
0.0122745
0.00918086
0.00961395
0.010381
0.0112852
0.0121134
0.0130807
0.0139449
0.0149425
0.0158049
0.0167896
0.0176115
0.0185395
0.0192829
0.0201093
0.020737
0.0214139
0.0218861
0.0223624
0.0226382
0.0228648
0.0229094
0.0228497
0.0226426
0.0222917
0.021847
0.0212299
0.0205838
0.0197381
0.0189184
0.0178821
0.0169232
0.0157415
0.0146853
0.0134113
0.0123044
0.0109954
0.00988655
0.00860136
0.00753907
0.00633487
0.00536547
0.00429569
0.00346185
0.00257456
0.00191439
0.00125135
0.000797883
0.000393976
0.000174774
5.75216e-05
9.40895e-05
0.000282932
0.000589728
0.00109485
0.00167779
0.00249844
0.00335291
0.00447535
0.00558415
0.00697968
0.00831119
0.00993471
0.0114421
0.013232
0.0148538
0.0167334
0.0183961
0.0202776
0.0219
0.0236901
0.0251891
0.0267959
0.0280938
0.0294343
0.0304649
0.0314685
0.0321797
0.032782
0.0331173
0.0332757
0.0332126
0.0329285
0.032496
0.0318177
0.03107
0.0300686
0.0290713
0.027825
0.0266437
0.0252289
0.0239256
0.0224149
0.0210514
0.0195155
0.0181545
0.0166631
0.0153653
0.0139737
0.0127816
0.0121163
0.00908012
0.00950204
0.0102683
0.0111485
0.0119739
0.0129134
0.0137735
0.0147399
0.0155975
0.016549
0.0173653
0.0182596
0.0189969
0.0197907
0.0204117
0.0210591
0.0215246
0.021977
0.0222469
0.0224579
0.0224984
0.0224336
0.0222248
0.0218796
0.021435
0.0208342
0.0201883
0.0193683
0.0185487
0.0175458
0.0165872
0.0154452
0.0143892
0.013159
0.0120524
0.0107891
0.00968055
0.00844074
0.00737874
0.00621737
0.00524823
0.00421669
0.00338308
0.00252768
0.00186769
0.0012288
0.00077546
0.00038692
0.000167778
5.64276e-05
9.29855e-05
0.000277935
0.000584648
0.00107608
0.00165886
0.00245635
0.00331059
0.00440104
0.00550953
0.00686522
0.00819637
0.00977353
0.0112805
0.0130192
0.0146405
0.0164662
0.0181285
0.0199557
0.0215776
0.0233156
0.0248142
0.0263737
0.0276712
0.0289717
0.030002
0.0309753
0.0316863
0.0322706
0.032608
0.0327616
0.0327036
0.0324283
0.0320034
0.0313459
0.0306069
0.0296356
0.0286471
0.0274375
0.0262643
0.0248897
0.0235938
0.0221245
0.0207678
0.0192722
0.017917
0.0164628
0.015169
0.0138103
0.0126195
0.0119698
0.00898682
0.00939841
0.0101639
0.0110218
0.0118447
0.0127584
0.0136147
0.0145523
0.0154053
0.0163262
0.0171374
0.0180005
0.0187321
0.0194956
0.0201104
0.0207305
0.0211898
0.0216201
0.0218845
0.0220812
0.0221177
0.0220482
0.0218379
0.0214979
0.0210534
0.0204678
0.0198221
0.0190258
0.0182065
0.0172345
0.0162761
0.0151707
0.0141151
0.0129253
0.011819
0.0105981
0.00948977
0.00829199
0.00723026
0.00610855
0.00513966
0.00414353
0.00331012
0.00248427
0.00182444
0.00120792
0.000754694
0.000380385
0.000161298
5.54144e-05
9.19631e-05
0.000273308
0.000579943
0.0010587
0.00164133
0.00241737
0.00327139
0.00433222
0.00544044
0.00675922
0.00809004
0.00962426
0.0111309
0.0128221
0.0144431
0.0162188
0.0178806
0.0196576
0.021279
0.0229688
0.024467
0.0259826
0.0272799
0.0285432
0.0295733
0.0305185
0.0312294
0.0317971
0.0321363
0.0322854
0.0322323
0.0319652
0.0315473
0.030909
0.0301781
0.0292347
0.0282543
0.0270785
0.025913
0.0245756
0.0232866
0.0218556
0.0205051
0.0190469
0.017697
0.0162772
0.0149872
0.013659
0.0124694
0.0118341
0.00890043
0.00930244
0.0100672
0.0109046
0.011725
0.0126149
0.0134677
0.0143786
0.0152274
0.0161198
0.0169264
0.0177604
0.0184868
0.0192223
0.0198315
0.0204262
0.0208797
0.0212896
0.021549
0.0217322
0.0217652
0.0216914
0.0214796
0.0211444
0.0207
0.0201285
0.019483
0.0187086
0.0178895
0.0169462
0.015988
0.0149165
0.0138611
0.0127089
0.0116028
0.0104211
0.0093131
0.00815425
0.00709276
0.00600778
0.00503912
0.00407578
0.00324257
0.00244407
0.00178439
0.00118859
0.000735464
0.000374334
0.000155298
5.44761e-05
9.10163e-05
0.000269023
0.000575586
0.00104261
0.0016251
0.00238128
0.0032351
0.00426849
0.00537645
0.00666106
0.00799157
0.00948603
0.0109923
0.0126397
0.0142602
0.0159897
0.0176511
0.0193815
0.0210026
0.0226476
0.0241455
0.0256205
0.0269175
0.0281465
0.0291763
0.0300956
0.0308063
0.0313586
0.0316996
0.0318444
0.0317958
0.0315363
0.0311248
0.0305044
0.029781
0.0288635
0.0278906
0.0267461
0.0255876
0.0242846
0.0230021
0.0216065
0.0202618
0.0188383
0.0174933
0.0161054
0.0148189
0.013519
0.0123304
0.0117085
0.00882042
0.00921357
0.00997762
0.010796
0.0116142
0.012482
0.0133316
0.0142177
0.0150627
0.0159287
0.0167309
0.0175382
0.0182597
0.0189692
0.0195731
0.0201444
0.0205926
0.0209835
0.0212382
0.0214091
0.0214388
0.0213609
0.0211477
0.020817
0.0203727
0.0198143
0.0191689
0.0184149
0.0175959
0.0166792
0.0157212
0.0146812
0.013626
0.0125085
0.0114027
0.0102573
0.0091495
0.00802669
0.00696543
0.00591446
0.00494601
0.00401303
0.00318
0.00240684
0.00174731
0.00117068
0.000717655
0.00036873
0.000149741
5.36073e-05
9.01395e-05
0.000265054
0.000571551
0.0010277
0.00161007
0.00234785
0.00320149
0.00420947
0.00531719
0.00657016
0.00790038
0.00935802
0.0108639
0.0124707
0.0140909
0.0157776
0.0174386
0.0191258
0.0207466
0.0223502
0.0238477
0.0252852
0.0265819
0.0277791
0.0288087
0.0297039
0.0304144
0.0309525
0.0312951
0.0314361
0.0313917
0.0311391
0.0307336
0.0301297
0.0294132
0.0285197
0.0275538
0.0264383
0.0252863
0.0240152
0.0227386
0.0213759
0.0200365
0.0186452
0.0173046
0.0159463
0.014663
0.0133892
0.0122016
0.0115921
0.00874633
0.00913127
0.00989469
0.0106955
0.0115115
0.0123589
0.0132055
0.0140687
0.0149101
0.0157518
0.0165499
0.0173323
0.0180494
0.0187349
0.0193339
0.0198835
0.0203267
0.0207001
0.0209504
0.0211099
0.0211365
0.0210548
0.0208405
0.0205139
0.0200696
0.0195234
0.0188781
0.0181429
0.0173241
0.0164319
0.0154741
0.0144632
0.0134082
0.0123229
0.0112173
0.0101056
0.00899799
0.00790856
0.00684752
0.00582804
0.00485978
0.00395493
0.00312206
0.00237236
0.00171296
0.0011541
0.000701164
0.000363541
0.000144596
5.28026e-05
8.93276e-05
0.000261379
0.000567815
0.0010139
0.00159615
0.0023169
0.00317037
0.00415482
0.00526231
0.00648598
0.00781593
0.00923947
0.0107451
0.0123142
0.0139341
0.0155811
0.0172418
0.0188891
0.0205095
0.0220747
0.023572
0.0249746
0.0262711
0.0274388
0.0284682
0.0293411
0.0300516
0.0305765
0.0309206
0.0310579
0.0310174
0.0307712
0.0303714
0.0297828
0.0290727
0.0282013
0.0272418
0.0261533
0.0250072
0.0237657
0.0224946
0.0211624
0.0198279
0.0184663
0.0171299
0.015799
0.0145186
0.0132691
0.0120824
0.0114843
0.00877693
0.00916063
0.00989194
0.0106872
0.0115081
0.0123454
0.0131991
0.0140498
0.0148997
0.0157276
0.0165353
0.017303
0.0180306
0.0187003
0.0193104
0.019844
0.0202978
0.0206565
0.0209158
0.021064
0.0210969
0.021009
0.0207986
0.0204714
0.0200296
0.0194847
0.0188407
0.0181075
0.0172903
0.0164006
0.0154448
0.0144369
0.0133841
0.0123022
0.0111988
0.0100905
0.00898515
0.00789921
0.00684028
0.0058241
0.00485779
0.00395587
0.00312475
0.00237749
0.00171962
0.00116261
0.000710956
0.000374509
0.000156585
6.52372e-05
0.000102475
0.000274214
0.000580984
0.001026
0.00160811
0.00232705
0.0031798
0.00416175
0.00526786
0.00648842
0.00781628
0.0092362
0.010739
0.0123042
0.0139207
0.0155635
0.0172204
0.0188635
0.0204801
0.0220413
0.0235349
0.0249339
0.0262273
0.0273919
0.0284189
0.0292894
0.0299963
0.0305211
0.0308601
0.0310043
0.0309561
0.0307234
0.0303127
0.0297422
0.029019
0.028168
0.0271945
0.0261265
0.0249668
0.023745
0.0224613
0.0211478
0.0198019
0.0184575
0.0171114
0.0157947
0.0145076
0.013266
0.0121289
0.0115326
0.00881585
0.00919953
0.00989506
0.0106903
0.0115102
0.0123478
0.0131995
0.0140506
0.0148981
0.0157264
0.0165318
0.0172996
0.0180251
0.0186949
0.0193028
0.0198364
0.0202882
0.0206468
0.0209044
0.0210524
0.0210845
0.0209965
0.0207868
0.0204596
0.0200193
0.0194744
0.0188318
0.0180988
0.0172831
0.0163937
0.0154398
0.0144321
0.0133814
0.0122997
0.0111986
0.0100905
0.00898742
0.00790167
0.00684491
0.0058289
0.00486459
0.00396282
0.00313349
0.00238637
0.00173005
0.00117314
0.000722807
0.000386418
0.000169547
7.82156e-05
0.000116194
0.000287903
0.000595026
0.00103996
0.00162194
0.00234076
0.00319278
0.00417457
0.00527926
0.00649961
0.00782532
0.009245
0.010745
0.0123098
0.0139229
0.0155654
0.0172185
0.0188613
0.0204739
0.0220349
0.0235249
0.0249236
0.0262138
0.0273783
0.0284027
0.029273
0.0299775
0.0305022
0.0308402
0.0309846
0.0309376
0.0307051
0.0302971
0.0297267
0.0290069
0.0281559
0.027186
0.0261178
0.0249617
0.0237396
0.0224596
0.0211455
0.0198034
0.0184584
0.0171156
0.0157985
0.0145131
0.0132714
0.0121894
0.0115931
0.00885188
0.00923554
0.00989794
0.0106932
0.0115122
0.0123501
0.0131998
0.0140513
0.0148967
0.0157252
0.0165285
0.0172966
0.01802
0.0186899
0.0192958
0.0198294
0.0202793
0.0206378
0.0208939
0.0210418
0.021073
0.0209849
0.0207758
0.0204487
0.0200098
0.019465
0.0188236
0.0180907
0.0172765
0.0163872
0.0154351
0.0144276
0.0133789
0.0122974
0.0111984
0.0100905
0.00898952
0.00790394
0.00684919
0.00583334
0.00487088
0.00396926
0.00314159
0.00239458
0.00173971
0.00118289
0.000733782
0.000397446
0.000181552
9.02344e-05
0.000128898
0.00030058
0.000608029
0.0010529
0.00163475
0.00235345
0.0032048
0.00418643
0.00528982
0.00650998
0.00783369
0.00925315
0.0107505
0.0123151
0.0139249
0.0155672
0.0172168
0.0188593
0.0204683
0.022029
0.0235155
0.024914
0.0262013
0.0273656
0.0283877
0.0292579
0.0299601
0.0304848
0.0308218
0.0309663
0.0309205
0.0306882
0.0302826
0.0297124
0.0289957
0.0281447
0.0271781
0.0261098
0.024957
0.0237346
0.022458
0.0211435
0.0198048
0.0184592
0.0171196
0.0158019
0.0145181
0.0132765
0.0122453
0.0116491
0.00888525
0.0092689
0.00990062
0.0106959
0.0115141
0.0123522
0.0132001
0.014052
0.0148954
0.0157242
0.0165255
0.0172937
0.0180153
0.0186853
0.0192894
0.019823
0.020271
0.0206295
0.0208841
0.0210319
0.0210624
0.0209742
0.0207656
0.0204386
0.0200009
0.0194562
0.018816
0.0180832
0.0172704
0.0163812
0.0154308
0.0144234
0.0133767
0.0122953
0.0111982
0.0100905
0.00899147
0.00790605
0.00685315
0.00583746
0.00487671
0.00397522
0.00314909
0.00240219
0.00174866
0.00119192
0.000743946
0.000407659
0.000192668
0.000101365
0.000140663
0.00031232
0.000620071
0.00106487
0.00164661
0.00236521
0.00321593
0.00419742
0.0052996
0.00651957
0.00784145
0.00926069
0.0107556
0.0123199
0.0139268
0.0155688
0.0172151
0.0188574
0.020463
0.0220235
0.0235069
0.0249052
0.0261898
0.0273539
0.0283738
0.0292439
0.029944
0.0304687
0.0308047
0.0309493
0.0309047
0.0306726
0.0302692
0.0296992
0.0289854
0.0281344
0.0271708
0.0261023
0.0249526
0.0237299
0.0224565
0.0211416
0.0198061
0.01846
0.0171232
0.0158052
0.0145228
0.0132811
0.0122972
0.0117009
0.00891616
0.00929979
0.0099031
0.0106984
0.0115158
0.0123542
0.0132004
0.0140526
0.0148941
0.0157232
0.0165227
0.0172911
0.018011
0.018681
0.0192834
0.019817
0.0202634
0.0206218
0.0208751
0.0210227
0.0210525
0.0209642
0.0207562
0.0204292
0.0199927
0.0194481
0.0188089
0.0180762
0.0172648
0.0163757
0.0154268
0.0144196
0.0133745
0.0122933
0.0111981
0.0100905
0.00899327
0.007908
0.00685683
0.00584127
0.00488211
0.00398074
0.00315603
0.00240923
0.00175695
0.00120028
0.000753358
0.000417117
0.000202963
0.000111672
0.000151558
0.000323191
0.000631223
0.00107596
0.0016576
0.00237609
0.00322624
0.0042076
0.00530865
0.00652846
0.00784863
0.00926768
0.0107603
0.0123244
0.0139286
0.0155704
0.0172136
0.0188557
0.0204582
0.0220184
0.0234989
0.024897
0.0261791
0.0273431
0.0283609
0.0292309
0.0299291
0.0304537
0.0307889
0.0309336
0.03089
0.0306581
0.0302568
0.029687
0.0289758
0.0281248
0.027164
0.0260954
0.0249485
0.0237256
0.0224551
0.0211398
0.0198073
0.0184607
0.0171266
0.0158081
0.0145271
0.0132854
0.0123452
0.011749
)
;

boundaryField
{
    inlet
    {
        type            cyclic;
    }
    outlet
    {
        type            cyclic;
    }
    top
    {
        type            zeroGradient;
    }
    hills
    {
        type            zeroGradient;
    }
    front
    {
        type            empty;
    }
    back
    {
        type            empty;
    }
}


// ************************************************************************* //
