/*--------------------------------*- C++ -*----------------------------------*\
| =========                 |                                                 |
| \\      /  F ield         | OpenFOAM: The Open Source CFD Toolbox           |
|  \\    /   O peration     | Version:  v2106                                 |
|   \\  /    A nd           | Website:  www.openfoam.com                      |
|    \\/     M anipulation  |                                                 |
\*---------------------------------------------------------------------------*/
FoamFile
{
    version     2.0;
    format      ascii;
    arch        "LSB;label=32;scalar=64";
    class       volScalarField;
    location    "0";
    object      expGpCoeffs47;
}
// * * * * * * * * * * * * * * * * * * * * * * * * * * * * * * * * * * * * * //

dimensions      [0 0 0 0 0 0 0];

internalField   nonuniform List<scalar> 
8000
(
0.00189631
0.00188657
0.00186978
0.00184701
0.00182649
0.00181059
0.00180372
0.00180417
0.00180654
0.00181005
0.00180558
0.00179246
0.0017616
0.00171241
0.00164061
0.00154614
0.00143664
0.0013122
0.00118944
0.00106879
0.000961902
0.000869697
0.000789422
0.000721898
0.000657835
0.000596993
0.000536142
0.000475402
0.000416502
0.000359644
0.000306612
0.000257535
0.000213336
0.000174066
0.000139837
0.000110636
8.59699e-05
6.57847e-05
4.92532e-05
3.63022e-05
2.60223e-05
1.83415e-05
1.2446e-05
8.27553e-06
5.19943e-06
3.17411e-06
1.76235e-06
9.35416e-07
4.11919e-07
1.73732e-07
3.4572e-08
-1.85812e-08
-1.46433e-07
-3.62907e-07
-8.79814e-07
-1.7187e-06
-3.2291e-06
-5.44771e-06
-8.95293e-06
-1.38041e-05
-2.08793e-05
-3.02634e-05
-4.31336e-05
-5.95969e-05
-8.09976e-05
-0.000107446
-0.000140157
-0.000179209
-0.000225244
-0.000278271
-0.000337892
-0.000404006
-0.000474858
-0.00055022
-0.000627746
-0.000707229
-0.000791091
-0.000879468
-0.000982159
-0.00109813
-0.00123225
-0.00138339
-0.00154174
-0.00170685
-0.0018614
-0.0020056
-0.00212779
-0.00222801
-0.00230446
-0.00235715
-0.00238886
-0.00239986
-0.00239699
-0.00238034
-0.00236235
-0.00234486
-0.00233361
-0.00232899
-0.00232737
-0.00232753
0.00189709
0.00188736
0.00187005
0.00184729
0.0018257
0.00180977
0.00180323
0.00180366
0.00180679
0.00181031
0.00180666
0.00179357
0.00176344
0.00171428
0.00164248
0.00154803
0.0014373
0.00131285
0.00118859
0.00106793
0.000960518
0.000868312
0.000788829
0.000721313
0.000657882
0.000597048
0.000536078
0.000475347
0.000416245
0.000359394
0.000306234
0.000257164
0.000212916
0.000173652
0.000139439
0.000110242
8.56366e-05
6.5454e-05
4.90008e-05
3.60514e-05
2.58483e-05
1.81684e-05
1.23361e-05
8.16618e-06
5.13586e-06
3.1108e-06
1.72906e-06
9.02232e-07
3.97647e-07
1.5949e-07
3.38994e-08
-1.92471e-08
-1.32602e-07
-3.49049e-07
-8.43503e-07
-1.68228e-06
-3.1543e-06
-5.37263e-06
-8.8158e-06
-1.36664e-05
-2.06516e-05
-3.00346e-05
-4.27918e-05
-5.92531e-05
-8.05366e-05
-0.000106982
-0.000139606
-0.000178652
-0.000224674
-0.000277694
-0.000337414
-0.00040352
-0.0004746
-0.000549952
-0.000627682
-0.000707156
-0.000790449
-0.000878815
-0.000980602
-0.00109658
-0.00123103
-0.00138219
-0.00154194
-0.00170708
-0.00186305
-0.00200724
-0.00212986
-0.00223006
-0.00230636
-0.00235901
-0.00239041
-0.00240136
-0.0023977
-0.00238101
-0.00236169
-0.00234421
-0.0023332
-0.00232859
-0.00232738
-0.00232754
0.00189794
0.00188821
0.00187034
0.00184758
0.00182485
0.00180889
0.0018027
0.00180311
0.00180706
0.00181058
0.00180783
0.00179477
0.00176542
0.0017163
0.00164451
0.00155008
0.001438
0.00131355
0.00118768
0.00106701
0.000959024
0.000866817
0.000788188
0.00072068
0.000657933
0.000597107
0.00053601
0.000475287
0.000415967
0.000359124
0.000305827
0.000256764
0.000212464
0.000173204
0.000139011
0.000109817
8.52767e-05
6.50969e-05
4.87283e-05
3.57807e-05
2.56603e-05
1.79815e-05
1.22175e-05
8.04811e-06
5.06722e-06
3.04244e-06
1.69311e-06
8.66399e-07
3.82235e-07
1.4411e-07
3.31731e-08
-1.99661e-08
-1.17667e-07
-3.34084e-07
-8.04292e-07
-1.64295e-06
-3.07354e-06
-5.29156e-06
-8.66773e-06
-1.35177e-05
-2.04058e-05
-2.97875e-05
-4.24227e-05
-5.88817e-05
-8.00388e-05
-0.000106481
-0.00013901
-0.000178051
-0.000224058
-0.000277071
-0.000336898
-0.000402995
-0.00047432
-0.000549662
-0.000627613
-0.000707076
-0.000789756
-0.00087811
-0.000978921
-0.0010949
-0.00122972
-0.0013809
-0.00154216
-0.00170732
-0.00186482
-0.00200901
-0.0021321
-0.00223227
-0.0023084
-0.00236101
-0.00239209
-0.00240299
-0.00239846
-0.00238174
-0.00236098
-0.00234352
-0.00233277
-0.00232816
-0.00232739
-0.00232756
0.00189886
0.00188912
0.00187066
0.0018479
0.00182393
0.00180794
0.00180212
0.00180252
0.00180735
0.00181088
0.00180909
0.00179606
0.00176756
0.00171848
0.00164669
0.00155229
0.00143876
0.0013143
0.00118669
0.001066
0.000957411
0.000865203
0.000787496
0.000719998
0.000657988
0.000597172
0.000535936
0.000475222
0.000415667
0.000358832
0.000305387
0.000256331
0.000211974
0.000172721
0.000138548
0.000109359
8.48881e-05
6.47113e-05
4.8434e-05
3.54883e-05
2.54573e-05
1.77797e-05
1.20893e-05
7.92061e-06
4.9931e-06
2.96862e-06
1.65429e-06
8.27705e-07
3.65592e-07
1.27503e-07
3.23887e-08
-2.07425e-08
-1.0154e-07
-3.17925e-07
-7.6195e-07
-1.60049e-06
-2.98632e-06
-5.20401e-06
-8.50784e-06
-1.3357e-05
-2.01404e-05
-2.95207e-05
-4.20242e-05
-5.84807e-05
-7.95013e-05
-0.000105939
-0.000138367
-0.000177403
-0.000223394
-0.000276399
-0.000336341
-0.000402427
-0.000474018
-0.000549349
-0.000627539
-0.00070699
-0.000789007
-0.00087735
-0.000977106
-0.00109308
-0.0012283
-0.0013795
-0.0015424
-0.00170758
-0.00186673
-0.00201092
-0.00213451
-0.00223465
-0.00231061
-0.00236318
-0.00239389
-0.00240475
-0.00239929
-0.00238253
-0.00236021
-0.00234277
-0.0023323
-0.0023277
-0.00232741
-0.00232757
0.00189984
0.00189011
0.00187099
0.00184748
0.00182294
0.00180691
0.0018015
0.00180188
0.00180766
0.00181121
0.00181045
0.00179745
0.00176988
0.00172084
0.00164905
0.00155467
0.00143958
0.00131512
0.00118562
0.00106492
0.000955669
0.00086346
0.000786749
0.000719261
0.000658048
0.000597241
0.000535857
0.000475152
0.000415343
0.000358517
0.000304912
0.000255864
0.000211446
0.000172199
0.000138047
0.000108863
8.44684e-05
6.42948e-05
4.81161e-05
3.51725e-05
2.52382e-05
1.75617e-05
1.1951e-05
7.78293e-06
4.91306e-06
2.8889e-06
1.61238e-06
7.85922e-07
3.4762e-07
1.0957e-07
3.15418e-08
-2.15809e-08
-8.41256e-08
-3.00475e-07
-7.16228e-07
-1.55463e-06
-2.89214e-06
-5.10948e-06
-8.33518e-06
-1.31836e-05
-1.98537e-05
-2.92325e-05
-4.15938e-05
-5.80477e-05
-7.89208e-05
-0.000105354
-0.000137673
-0.000176702
-0.000222676
-0.000275672
-0.000335739
-0.000401815
-0.000473692
-0.000549011
-0.000627459
-0.000706897
-0.000788199
-0.000876528
-0.000975147
-0.00109112
-0.00122677
-0.00137799
-0.00154266
-0.00170786
-0.0018688
-0.00201299
-0.00213712
-0.00223723
-0.00231299
-0.00236552
-0.00239585
-0.00240665
-0.00240018
-0.00238338
-0.00235939
-0.00234195
-0.00233061
-0.0023272
-0.00232743
-0.00232759
0.00189904
0.00188915
0.00186708
0.00184225
0.00182029
0.00180244
0.00180022
0.0017995
0.00180788
0.00181111
0.00181158
0.00179822
0.00177185
0.00172257
0.00165148
0.00155718
0.00144047
0.001316
0.00118447
0.00106376
0.000953789
0.000861577
0.000785943
0.000718465
0.000658336
0.000597327
0.0005358
0.000474954
0.000414901
0.000358006
0.000304247
0.00025519
0.000210714
0.000171498
0.000137368
0.000108233
8.3912e-05
6.37896e-05
4.77066e-05
3.48055e-05
2.49648e-05
1.73184e-05
1.17847e-05
7.63513e-06
4.82105e-06
2.80659e-06
1.56663e-06
7.44286e-07
3.29018e-07
9.21219e-08
3.06194e-08
-2.22548e-08
-6.71491e-08
-2.82261e-07
-6.70672e-07
-1.50446e-06
-2.79522e-06
-5.00128e-06
-8.15138e-06
-1.29779e-05
-1.95385e-05
-2.88815e-05
-4.11051e-05
-5.75097e-05
-7.82397e-05
-0.000104618
-0.000136829
-0.000175812
-0.000221768
-0.000274751
-0.000334936
-0.000401059
-0.000473213
-0.000548662
-0.000627358
-0.000707008
-0.000787326
-0.000875641
-0.00097303
-0.00108901
-0.00122511
-0.00137635
-0.00154294
-0.00170817
-0.001871
-0.00201511
-0.00213918
-0.00223945
-0.00231472
-0.0023676
-0.00239732
-0.0024085
-0.00239824
-0.00238308
-0.00235244
-0.00233796
-0.00232148
-0.00231985
-0.0023244
-0.00232478
0.00189419
0.00188399
0.0018619
0.00183661
0.00181452
0.00179615
0.00179372
0.00179226
0.00180041
0.00180334
0.00180358
0.00179125
0.00176468
0.00171822
0.00164698
0.00155671
0.00144002
0.00131886
0.00118718
0.00106748
0.000957655
0.000864644
0.000789721
0.000720489
0.000660724
0.000597527
0.000536011
0.000473606
0.000413564
0.000355867
0.000302118
0.000252892
0.000208424
0.000169465
0.000135342
0.000106673
8.23561e-05
6.27303e-05
4.66503e-05
3.41681e-05
2.43292e-05
1.69818e-05
1.14491e-05
7.48367e-06
4.67012e-06
2.75252e-06
1.5128e-06
7.31549e-07
3.16359e-07
9.10415e-08
2.95505e-08
-2.08458e-08
-6.57316e-08
-2.68405e-07
-6.56743e-07
-1.44425e-06
-2.73478e-06
-4.82791e-06
-7.97742e-06
-1.25855e-05
-1.91449e-05
-2.8134e-05
-4.03553e-05
-5.62771e-05
-7.70033e-05
-0.000102846
-0.000135051
-0.000173613
-0.000219561
-0.000272489
-0.000332663
-0.000399379
-0.000471519
-0.000548439
-0.00062712
-0.00070909
-0.000789064
-0.000879463
-0.000976092
-0.00109332
-0.00122919
-0.00137994
-0.00154665
-0.00170884
-0.00187171
-0.00201142
-0.00213563
-0.00223209
-0.00230758
-0.00235802
-0.00238803
-0.00239805
-0.00238811
-0.00237265
-0.00234232
-0.00232789
-0.00231162
-0.00231038
-0.00231498
-0.0023157
0.00188895
0.00187841
0.0018563
0.00183051
0.00180829
0.00178936
0.00178671
0.00178445
0.00179234
0.00179495
0.00179494
0.00178373
0.00175694
0.00171351
0.00164213
0.0015562
0.00143946
0.0013222
0.00119056
0.00107269
0.000962934
0.00086934
0.000794451
0.000723055
0.000663303
0.000597742
0.000536239
0.000472151
0.000412121
0.000353558
0.00029982
0.000250411
0.000205952
0.000167271
0.000133154
0.000104988
8.06761e-05
6.15865e-05
4.55097e-05
3.34798e-05
2.36429e-05
1.66183e-05
1.10868e-05
7.32012e-06
4.50714e-06
2.69414e-06
1.45467e-06
7.17794e-07
3.02689e-07
8.98748e-08
2.83962e-08
-1.93244e-08
-6.4201e-08
-2.53443e-07
-6.41702e-07
-1.37924e-06
-2.6695e-06
-4.6407e-06
-7.78957e-06
-1.21618e-05
-1.87198e-05
-2.73268e-05
-3.95457e-05
-5.49462e-05
-7.56682e-05
-0.000100933
-0.000133132
-0.00017124
-0.000217178
-0.000270046
-0.000330208
-0.000397564
-0.000469689
-0.000548197
-0.000626862
-0.000711339
-0.000791296
-0.00088426
-0.00098085
-0.00109921
-0.00123501
-0.00138443
-0.00155108
-0.00170957
-0.00187248
-0.00200744
-0.0021318
-0.00222415
-0.00229988
-0.00234767
-0.00237799
-0.00238676
-0.00237718
-0.00236138
-0.00233138
-0.00231702
-0.00230098
-0.00230016
-0.00230482
-0.0023059
0.0018833
0.0018724
0.00185025
0.00182393
0.00180156
0.00178203
0.00177914
0.00177601
0.00178363
0.00178589
0.00178561
0.0017756
0.00174858
0.00170843
0.00163689
0.00155566
0.00143886
0.0013258
0.0011942
0.00107832
0.000968636
0.000874412
0.000799559
0.000725826
0.000666088
0.000597975
0.000536485
0.00047058
0.000410563
0.000351065
0.000297339
0.000247731
0.000203282
0.000164901
0.000130792
0.000103168
7.88618e-05
6.03513e-05
4.42781e-05
3.27365e-05
2.29017e-05
1.62258e-05
1.06955e-05
7.14351e-06
4.33115e-06
2.6311e-06
1.3919e-06
7.02942e-07
2.87927e-07
8.86149e-08
2.71499e-08
-1.76814e-08
-6.25483e-08
-2.37286e-07
-6.2546e-07
-1.30904e-06
-2.59902e-06
-4.43854e-06
-7.58672e-06
-1.17043e-05
-1.82608e-05
-2.64551e-05
-3.86713e-05
-5.3509e-05
-7.42264e-05
-9.88666e-05
-0.000131059
-0.000168676
-0.000214605
-0.000267409
-0.000327557
-0.000395604
-0.000467713
-0.000547937
-0.000626585
-0.000713767
-0.000793706
-0.000889439
-0.000985989
-0.00110557
-0.00124129
-0.00138928
-0.00155587
-0.00171037
-0.00187331
-0.00200314
-0.00212766
-0.00221557
-0.00229156
-0.00233649
-0.00236715
-0.00237457
-0.00236537
-0.00234922
-0.00231958
-0.00230527
-0.00228948
-0.00228912
-0.00229384
-0.00229532
0.00187719
0.0018659
0.00184373
0.00181682
0.00179429
0.00177411
0.00177097
0.00176689
0.00177422
0.00177611
0.00177554
0.00176682
0.00173955
0.00170295
0.00163124
0.00155507
0.00143822
0.00132969
0.00119814
0.0010844
0.000974792
0.000879889
0.000805076
0.000728819
0.000669094
0.000598226
0.00053675
0.000468883
0.00040888
0.000348372
0.000294659
0.000244838
0.0002004
0.000162342
0.000128241
0.000101203
7.69028e-05
5.90175e-05
4.29481e-05
3.19339e-05
2.21014e-05
1.5802e-05
1.0273e-05
6.9528e-06
4.14111e-06
2.56302e-06
1.32412e-06
6.86903e-07
2.71987e-07
8.72545e-08
2.5804e-08
-1.59073e-08
-6.07635e-08
-2.19839e-07
-6.07922e-07
-1.23323e-06
-2.52291e-06
-4.22024e-06
-7.36768e-06
-1.12102e-05
-1.77652e-05
-2.55139e-05
-3.77272e-05
-5.1957e-05
-7.26695e-05
-9.66357e-05
-0.00012882
-0.000165909
-0.000211826
-0.00026456
-0.000324695
-0.000393487
-0.00046558
-0.000547655
-0.000626285
-0.000716389
-0.000796309
-0.000895033
-0.000991537
-0.00111245
-0.00124808
-0.00139452
-0.00156104
-0.00171122
-0.00187421
-0.0019985
-0.00212319
-0.0022063
-0.00228258
-0.00232442
-0.00235545
-0.00236141
-0.00235262
-0.00233609
-0.00230683
-0.0022926
-0.00227707
-0.00227721
-0.00228199
-0.00228389
0.00187059
0.00185889
0.00183668
0.00180915
0.00178645
0.00176556
0.00176214
0.00175705
0.00176406
0.00176555
0.00176467
0.00175735
0.0017298
0.00169703
0.00162513
0.00155443
0.00143752
0.00133389
0.0012024
0.00109097
0.00098144
0.000885803
0.000811032
0.00073205
0.000672341
0.000598497
0.000537037
0.00046705
0.000407063
0.000345465
0.000291765
0.000241713
0.000197287
0.000159579
0.000125486
9.90817e-05
7.47873e-05
5.75772e-05
4.15119e-05
3.10672e-05
2.12372e-05
1.53443e-05
9.81668e-06
6.74687e-06
3.93589e-06
2.48951e-06
1.25092e-06
6.69585e-07
2.54774e-07
8.57854e-08
2.43506e-08
-1.39915e-08
-5.88363e-08
-2.01e-07
-5.88983e-07
-1.15137e-06
-2.44072e-06
-3.98451e-06
-7.13114e-06
-1.06767e-05
-1.723e-05
-2.44975e-05
-3.67077e-05
-5.02811e-05
-7.09884e-05
-9.42266e-05
-0.000126403
-0.00016292
-0.000208826
-0.000261485
-0.000321604
-0.000391202
-0.000463276
-0.000547352
-0.000625961
-0.00071922
-0.00079912
-0.000901072
-0.000997529
-0.00111986
-0.00125541
-0.00140017
-0.00156662
-0.00171215
-0.00187518
-0.00199348
-0.00211837
-0.00219629
-0.00227288
-0.00231139
-0.00234282
-0.00234719
-0.00233885
-0.00232191
-0.00229307
-0.00227891
-0.00226366
-0.00226434
-0.00226918
-0.00227156
0.00186347
0.00185131
0.00182907
0.00180086
0.00177798
0.00175633
0.00175261
0.00174643
0.00175309
0.00175414
0.00175292
0.00174712
0.00171928
0.00169063
0.00161853
0.00155374
0.00143677
0.00133843
0.00120699
0.00109806
0.000988619
0.000892189
0.000817464
0.00073554
0.000675847
0.00059879
0.000537347
0.000465072
0.000405101
0.000342325
0.00028864
0.00023834
0.000193925
0.000156595
0.000122512
9.67906e-05
7.25029e-05
5.60219e-05
3.99611e-05
3.01312e-05
2.0304e-05
1.48501e-05
9.32398e-06
6.52449e-06
3.71429e-06
2.41013e-06
1.17188e-06
6.50883e-07
2.36187e-07
8.41991e-08
2.27812e-08
-1.19227e-08
-5.67551e-08
-1.80656e-07
-5.68532e-07
-1.06298e-06
-2.35196e-06
-3.72995e-06
-6.87572e-06
-1.01006e-05
-1.66521e-05
-2.34e-05
-3.56068e-05
-4.84715e-05
-6.9173e-05
-9.16252e-05
-0.000123793
-0.000159692
-0.000205586
-0.000258163
-0.000318266
-0.000388734
-0.000460788
-0.000547023
-0.000625611
-0.000722277
-0.000802155
-0.000907594
-0.001004
-0.00112788
-0.00126332
-0.00140628
-0.00157265
-0.00171315
-0.00187622
-0.00198807
-0.00211316
-0.00218549
-0.00226241
-0.00229731
-0.00232917
-0.00233184
-0.00232398
-0.00230659
-0.00227821
-0.00226412
-0.00224919
-0.00225044
-0.00225536
-0.00225823
0.00185084
0.00183849
0.00181186
0.00178514
0.0017632
0.00174258
0.00173766
0.00173147
0.00173701
0.00173779
0.00173555
0.00173101
0.00170387
0.00167841
0.00160987
0.00154938
0.00143677
0.00134271
0.00121373
0.00110744
0.000998126
0.000901409
0.000825595
0.000741214
0.000679698
0.00060042
0.000536963
0.000463109
0.000401979
0.000338394
0.000284274
0.000233806
0.00018949
0.000152425
0.000118744
9.34996e-05
6.97121e-05
5.37384e-05
3.81345e-05
2.87321e-05
1.925e-05
1.4101e-05
8.7973e-06
6.18553e-06
3.49712e-06
2.29171e-06
1.10695e-06
6.27835e-07
2.27348e-07
8.7168e-08
2.24404e-08
-9.73777e-09
-5.81662e-08
-1.69391e-07
-5.42584e-07
-9.89871e-07
-2.22026e-06
-3.48315e-06
-6.49208e-06
-9.49427e-06
-1.57947e-05
-2.21817e-05
-3.40057e-05
-4.63775e-05
-6.65954e-05
-8.85e-05
-0.000120192
-0.00015566
-0.000201286
-0.000253802
-0.000314115
-0.000385179
-0.000458201
-0.000545924
-0.000626476
-0.000725494
-0.000807392
-0.000915738
-0.00101358
-0.00113837
-0.00127419
-0.00141497
-0.00157936
-0.00171565
-0.00187433
-0.00198145
-0.00210196
-0.00217008
-0.00224462
-0.00227673
-0.00230795
-0.00230929
-0.00230108
-0.00228207
-0.00225473
-0.00223806
-0.00222277
-0.00222166
-0.00223341
-0.00223646
0.00183176
0.00181939
0.00179276
0.00176578
0.00174478
0.00172362
0.00171566
0.00170873
0.00171058
0.00171054
0.00170751
0.00170218
0.00167982
0.00165372
0.0015969
0.00153607
0.00143963
0.0013456
0.00122943
0.00112334
0.00101731
0.000920757
0.0008386
0.000754264
0.000683981
0.000604729
0.000535157
0.000461326
0.000396664
0.000333099
0.000277636
0.000227184
0.00018314
0.000146087
0.0001136
8.83629e-05
6.60705e-05
5.0102e-05
3.58678e-05
2.64685e-05
1.80221e-05
1.28748e-05
8.23897e-06
5.62804e-06
3.30546e-06
2.10045e-06
1.07637e-06
5.97418e-07
2.39578e-07
9.94427e-08
2.46945e-08
-7.47326e-09
-6.67786e-08
-1.77968e-07
-5.07073e-07
-9.54217e-07
-2.00856e-06
-3.27104e-06
-5.8688e-06
-8.87002e-06
-1.44169e-05
-2.08018e-05
-3.14778e-05
-4.38457e-05
-6.26155e-05
-8.45131e-05
-0.000114788
-0.000150245
-0.000195091
-0.00024759
-0.000308575
-0.000379616
-0.000455597
-0.000543292
-0.000629817
-0.000728803
-0.000820166
-0.00092846
-0.00103444
-0.00115904
-0.00129372
-0.00143425
-0.00158717
-0.00172335
-0.00186509
-0.00197249
-0.00207783
-0.00214661
-0.00221079
-0.00224384
-0.00226962
-0.00227211
-0.0022634
-0.0022456
-0.00222125
-0.00220552
-0.00219048
-0.0021898
-0.00220174
-0.00220483
0.0018115
0.00179911
0.00177257
0.00174531
0.00172437
0.00170263
0.00169191
0.00168418
0.00168204
0.00168111
0.00167723
0.00167105
0.00165384
0.00162706
0.0015829
0.0015217
0.00144273
0.00134872
0.00124638
0.00114052
0.00103803
0.00094165
0.000852645
0.000768355
0.000688606
0.000609381
0.000533206
0.000459401
0.000390924
0.000327381
0.000270468
0.000220034
0.000176283
0.000139243
0.000108044
8.2816e-05
6.21382e-05
4.61752e-05
3.34202e-05
2.40241e-05
1.66961e-05
1.15506e-05
7.63605e-06
5.02603e-06
3.09851e-06
1.89391e-06
1.04336e-06
5.64572e-07
2.52784e-07
1.12697e-07
2.71286e-08
-5.02795e-09
-7.60786e-08
-1.87229e-07
-4.68727e-07
-9.15715e-07
-1.77995e-06
-3.04199e-06
-5.19575e-06
-8.19593e-06
-1.29291e-05
-1.93117e-05
-2.87481e-05
-4.11116e-05
-5.83178e-05
-8.02078e-05
-0.000108953
-0.000144397
-0.000188402
-0.000240882
-0.000302593
-0.000373609
-0.000452785
-0.000540449
-0.000633425
-0.000732377
-0.000833959
-0.000942198
-0.00105695
-0.00118136
-0.00131482
-0.00145506
-0.0015956
-0.00173168
-0.00185511
-0.00196281
-0.00205179
-0.00212127
-0.00217426
-0.00220833
-0.00222822
-0.00223196
-0.00222273
-0.00220621
-0.00218456
-0.00216982
-0.00215459
-0.00215437
-0.00216763
-0.00217076
0.00179508
0.00178268
0.00175154
0.00172401
0.00169933
0.00167685
0.00166362
0.00165494
0.00165098
0.00164909
0.00164727
0.00164025
0.00163237
0.00160502
0.00157646
0.00151508
0.00145158
0.00135772
0.00126442
0.0011588
0.00105727
0.000961053
0.000866335
0.000782095
0.000692996
0.000613801
0.000529265
0.000455488
0.00038193
0.000318411
0.000259605
0.00020919
0.000165952
0.000128927
9.96372e-05
7.44187e-05
5.61161e-05
4.01591e-05
2.95882e-05
2.01956e-05
1.45346e-05
9.39099e-06
6.57054e-06
3.9615e-06
2.65556e-06
1.45141e-06
8.99994e-07
4.21384e-07
2.22174e-07
8.21403e-08
2.60269e-08
-6.11758e-09
-4.68154e-08
-1.57924e-07
-3.15317e-07
-7.62137e-07
-1.27767e-06
-2.53924e-06
-3.94049e-06
-6.93954e-06
-1.0325e-05
-1.67053e-05
-2.40993e-05
-3.64582e-05
-5.10795e-05
-7.29612e-05
-9.91334e-05
-0.000134564
-0.000177009
-0.00022947
-0.000291938
-0.000362928
-0.000446434
-0.000534066
-0.000635551
-0.000734466
-0.000846717
-0.000954899
-0.00107719
-0.00120142
-0.00133583
-0.0014758
-0.00160888
-0.00174475
-0.00185309
-0.0019609
-0.00203259
-0.00210261
-0.00214237
-0.00217733
-0.00218983
-0.00219472
-0.00218185
-0.00216664
-0.00214169
-0.00212814
-0.00211392
-0.00211423
-0.00213215
-0.00213532
0.00177721
0.00176475
0.00172805
0.00169972
0.00167228
0.00164889
0.00163304
0.00162333
0.00161742
0.00161449
0.00161512
0.0016072
0.0016096
0.00158163
0.00157038
0.00150881
0.00146203
0.00136833
0.00128385
0.00117849
0.00107732
0.000981272
0.000880844
0.000796656
0.000697703
0.000618541
0.00052491
0.000451163
0.000372067
0.000308574
0.000247708
0.000197313
0.00015464
0.000117629
9.04297e-05
6.52215e-05
4.95177e-05
3.35672e-05
2.53863e-05
1.59975e-05
1.21612e-05
7.01975e-06
5.39768e-06
2.7897e-06
2.16545e-06
9.61789e-07
7.39391e-07
2.60975e-07
1.86709e-07
4.67322e-08
2.46368e-08
-7.49468e-09
-1.31036e-08
-1.24167e-07
-1.43639e-07
-5.90279e-07
-7.21566e-07
-1.98262e-06
-2.5566e-06
-5.55444e-06
-7.45938e-06
-1.38371e-05
-1.8988e-05
-3.13418e-05
-4.31236e-05
-6.49965e-05
-8.83407e-05
-0.000123757
-0.000164483
-0.000216923
-0.000280207
-0.000351168
-0.000439399
-0.000526995
-0.000637752
-0.000736626
-0.000860095
-0.000968217
-0.00109808
-0.00122213
-0.00135816
-0.00149784
-0.00162388
-0.00175952
-0.00185178
-0.00195969
-0.0020124
-0.00208299
-0.00210851
-0.00214442
-0.00214895
-0.00215507
-0.00213774
-0.00212393
-0.0020955
-0.00208312
-0.00206989
-0.00207083
-0.00209373
-0.00209697
0.00174945
0.00173641
0.00169957
0.00167081
0.00164271
0.0016181
0.00160116
0.00158779
0.00158076
0.00157421
0.00157405
0.00156585
0.00156832
0.00154603
0.00153637
0.00148619
0.00144171
0.00136065
0.00127737
0.00117984
0.00107839
0.00098244
0.000880167
0.000790545
0.000688696
0.000604025
0.000509726
0.000433939
0.000354445
0.000292021
0.000231019
0.00018355
0.000140938
0.000107466
8.04406e-05
5.84674e-05
4.2972e-05
2.94929e-05
2.1501e-05
1.37556e-05
1.00627e-05
5.89892e-06
4.37056e-06
2.29378e-06
1.72276e-06
7.80774e-07
5.84024e-07
2.13756e-07
1.4923e-07
4.23728e-08
2.29321e-08
1.0081e-08
7.20022e-09
-5.09906e-08
-5.97399e-08
-3.78047e-07
-4.79416e-07
-1.46274e-06
-1.97225e-06
-4.37978e-06
-6.16881e-06
-1.137e-05
-1.63445e-05
-2.66303e-05
-3.81868e-05
-5.69638e-05
-8.00786e-05
-0.000111661
-0.000152237
-0.000200993
-0.000264315
-0.000333192
-0.000421754
-0.000510545
-0.000621978
-0.000726219
-0.000852685
-0.000966994
-0.00109906
-0.00122423
-0.0013609
-0.00149357
-0.0016187
-0.00174109
-0.00183103
-0.00192495
-0.00197574
-0.00203636
-0.00206151
-0.00209269
-0.00209768
-0.00210301
-0.00208626
-0.00207346
-0.00204626
-0.00203425
-0.0020221
-0.00202369
-0.00204684
-0.00205084
0.00171946
0.00170581
0.00166881
0.0016396
0.00161078
0.00158486
0.00156682
0.0015494
0.00154111
0.0015304
0.00152896
0.0015207
0.00152197
0.00150682
0.00149618
0.00145985
0.00141476
0.00134863
0.00126512
0.00117642
0.00107495
0.000978362
0.000876116
0.00077959
0.000677789
0.000586705
0.00049245
0.000414288
0.000334832
0.000273649
0.000212676
0.000168611
0.000126019
9.6663e-05
6.96501e-05
5.14402e-05
3.59522e-05
2.53483e-05
1.73602e-05
1.15266e-05
7.83545e-06
4.80912e-06
3.28149e-06
1.82273e-06
1.25198e-06
6.14423e-07
4.17765e-07
1.73323e-07
1.08828e-07
4.05058e-08
2.10743e-08
3.06556e-08
2.77762e-08
3.11054e-08
2.23603e-08
-1.46638e-07
-2.47959e-07
-9.08144e-07
-1.41741e-06
-3.13825e-06
-4.92643e-06
-8.75879e-06
-1.37308e-05
-2.16107e-05
-3.31617e-05
-4.83373e-05
-7.14412e-05
-9.85629e-05
-0.00013912
-0.000183593
-0.000246884
-0.000313339
-0.000401859
-0.000492043
-0.000603423
-0.000713914
-0.00084032
-0.000962504
-0.00109453
-0.00122196
-0.00135863
-0.00148359
-0.00160893
-0.00171575
-0.00180629
-0.00188322
-0.00193507
-0.00198329
-0.00200985
-0.00203494
-0.00204158
-0.00204561
-0.00203064
-0.00201861
-0.00199308
-0.00198149
-0.0019705
-0.00197278
-0.00199621
-0.00200104
0.00168708
0.00167277
0.0016356
0.0016059
0.00157631
0.00154896
0.00152974
0.00150794
0.00149829
0.0014831
0.00148028
0.00147194
0.00147192
0.00146449
0.00145279
0.0014314
0.00138566
0.00133565
0.00125189
0.00117273
0.00107124
0.000973958
0.000871742
0.000767761
0.000666011
0.000568002
0.000473796
0.000393068
0.000313653
0.000253811
0.000192869
0.000152478
0.000109908
8.49971e-05
5.79981e-05
4.38521e-05
2.8372e-05
2.08728e-05
1.28888e-05
9.11973e-06
5.43042e-06
3.63231e-06
2.10546e-06
1.31407e-06
7.43613e-07
4.34789e-07
2.38233e-07
1.29661e-07
6.51993e-08
3.84897e-08
1.90682e-08
5.28729e-08
4.9995e-08
1.19756e-07
1.11015e-07
1.03248e-07
1.97893e-09
-3.09273e-07
-8.18281e-07
-1.7976e-06
-3.58486e-06
-5.93905e-06
-1.09086e-05
-1.61903e-05
-2.77354e-05
-3.90221e-05
-6.21142e-05
-8.44193e-05
-0.000124955
-0.000164803
-0.000228062
-0.000291901
-0.000380375
-0.000472064
-0.000583387
-0.000700626
-0.000826968
-0.000957655
-0.00108964
-0.00121951
-0.00135619
-0.00147282
-0.00159838
-0.00168838
-0.00177957
-0.00183816
-0.00189115
-0.00192598
-0.00195406
-0.00197259
-0.00198101
-0.00198363
-0.00197059
-0.00195938
-0.00193566
-0.00192452
-0.00191477
-0.00191781
-0.00194153
-0.00194726
0.00164395
0.00162944
0.00159499
0.00156524
0.00153834
0.00150984
0.0014884
0.00146409
0.00144951
0.00143153
0.00142292
0.00141364
0.00140923
0.00140411
0.00139275
0.00137663
0.00133834
0.00129404
0.00122096
0.00114491
0.0010498
0.000951498
0.00084837
0.00074101
0.000636317
0.000535641
0.0004428
0.000361101
0.00028566
0.000226362
0.000170677
0.000131733
9.42775e-05
7.11099e-05
4.81673e-05
3.56119e-05
2.28212e-05
1.65362e-05
1.00433e-05
7.08112e-06
4.07924e-06
2.76089e-06
1.50138e-06
9.7067e-07
4.95585e-07
3.15124e-07
1.53437e-07
9.79198e-08
4.74197e-08
3.69584e-08
3.34093e-08
7.66528e-08
1.05818e-07
2.01476e-07
2.30013e-07
2.85157e-07
2.02238e-07
2.72501e-08
-4.47626e-07
-1.13733e-06
-2.67854e-06
-4.455e-06
-8.55993e-06
-1.2826e-05
-2.23609e-05
-3.21264e-05
-5.1667e-05
-7.20848e-05
-0.000107596
-0.000145625
-0.000203173
-0.000265968
-0.000349563
-0.000441807
-0.000550753
-0.000670583
-0.000799206
-0.000933751
-0.0010669
-0.00119864
-0.00132918
-0.00144332
-0.00155697
-0.00164104
-0.00172142
-0.00177343
-0.00182138
-0.00185173
-0.00187955
-0.00189657
-0.00190738
-0.00191074
-0.00190184
-0.00189216
-0.00187345
-0.00186378
-0.00185423
-0.00185803
-0.00187824
-0.00188427
0.00159724
0.00158268
0.00155127
0.00152094
0.00149675
0.00146703
0.00144282
0.00141696
0.00139454
0.00137485
0.0013573
0.00134618
0.00133654
0.00132955
0.00132099
0.00130319
0.00127735
0.00123188
0.00117498
0.00109834
0.00101204
0.000913513
0.000808342
0.000700996
0.000592378
0.000491761
0.000400515
0.000318864
0.000250146
0.000190884
0.000144437
0.000105517
7.72112e-05
5.40575e-05
3.84497e-05
2.59018e-05
1.80099e-05
1.17286e-05
7.96881e-06
5.00837e-06
3.27813e-06
1.96058e-06
1.20753e-06
6.77139e-07
3.92659e-07
2.12305e-07
1.23468e-07
6.7984e-08
4.25423e-08
3.20873e-08
5.22534e-08
9.54711e-08
1.82215e-07
2.77815e-07
3.83944e-07
4.39055e-07
4.09147e-07
2.34263e-07
-1.5024e-07
-8.39535e-07
-1.88775e-06
-3.66315e-06
-6.11412e-06
-1.03776e-05
-1.6129e-05
-2.58886e-05
-3.88238e-05
-5.92294e-05
-8.55206e-05
-0.000123526
-0.000170791
-0.000233549
-0.000308659
-0.000400848
-0.000506429
-0.000626188
-0.000758086
-0.000892602
-0.00102848
-0.00116043
-0.00128281
-0.00139755
-0.00149331
-0.00157862
-0.00164147
-0.00169534
-0.00173312
-0.0017657
-0.00179087
-0.0018103
-0.00182379
-0.00182965
-0.00182647
-0.00181918
-0.00180482
-0.00179704
-0.00178598
-0.00179067
-0.00180942
-0.00181552
0.00155403
0.00153949
0.00150335
0.00147311
0.0014508
0.00141992
0.0013927
0.00136507
0.00133293
0.0013113
0.00128397
0.00127082
0.00125841
0.00124941
0.00125015
0.00123068
0.00122267
0.00117612
0.00113472
0.00105753
0.000976616
0.000877884
0.000765736
0.000658406
0.000540247
0.00043971
0.00034805
0.000266475
0.000205087
0.000145888
0.000110557
7.16817e-05
5.48407e-05
3.17147e-05
2.55183e-05
1.29849e-05
1.14801e-05
5.20533e-06
5.05735e-06
2.1003e-06
2.08464e-06
7.69792e-07
7.3363e-07
2.06143e-07
2.19027e-07
4.0896e-08
7.40154e-08
1.96556e-08
2.57783e-08
1.5621e-08
5.16365e-08
9.53645e-08
2.54702e-07
3.51969e-07
5.87039e-07
6.44982e-07
7.40793e-07
5.69115e-07
3.84393e-07
-3.02938e-07
-5.78511e-07
-2.35234e-06
-2.4191e-06
-6.67966e-06
-7.1457e-06
-1.68952e-05
-2.08203e-05
-4.12019e-05
-5.52608e-05
-9.32217e-05
-0.00012739
-0.00019008
-0.000255237
-0.000347339
-0.000451211
-0.000570873
-0.000711995
-0.000846482
-0.000990625
-0.00112278
-0.00124104
-0.00135633
-0.00143625
-0.00152268
-0.00156433
-0.00162001
-0.00164255
-0.00167747
-0.00169907
-0.00172099
-0.00173858
-0.00174698
-0.00174837
-0.00174362
-0.00172863
-0.00172251
-0.00171016
-0.00171487
-0.00173814
-0.00174427
0.0014947
0.0014818
0.00144535
0.00141982
0.0013963
0.00136836
0.00133944
0.00130777
0.00127358
0.00124265
0.00121316
0.00119026
0.00117569
0.00116147
0.0011603
0.00114337
0.00113428
0.00109689
0.00105495
0.000987604
0.000906146
0.000812938
0.000699645
0.000596084
0.000477176
0.000385038
0.000293442
0.000224758
0.000163412
0.00011777
8.24629e-05
5.45833e-05
3.77541e-05
2.16528e-05
1.54608e-05
6.38206e-06
4.87835e-06
-3.36299e-08
-1.81509e-07
-2.32426e-06
-2.33991e-06
-2.5407e-06
-2.57684e-06
-1.70971e-06
-1.69683e-06
-6.96141e-07
-6.63045e-07
-1.21815e-07
-1.15697e-07
3.17429e-08
6.77333e-08
4.00107e-07
5.59334e-07
1.60217e-06
1.83708e-06
3.50636e-06
3.6021e-06
5.11214e-06
4.92754e-06
5.23095e-06
4.95557e-06
3.28337e-06
3.21665e-06
-9.30374e-07
-1.39609e-06
-9.11692e-06
-1.30393e-05
-2.74096e-05
-4.14586e-05
-6.84461e-05
-0.000102591
-0.000150502
-0.000215613
-0.000292676
-0.000396476
-0.000505554
-0.000647337
-0.00077675
-0.000922128
-0.00104786
-0.00116679
-0.00127019
-0.00135076
-0.00142378
-0.00146654
-0.00151368
-0.00153835
-0.00157218
-0.00159642
-0.001623
-0.00164338
-0.00165829
-0.00166246
-0.0016618
-0.00164931
-0.00164223
-0.00163164
-0.00163332
-0.00165703
-0.00166201
0.00143065
0.0014195
0.00138269
0.00136228
0.00133745
0.00131269
0.00128193
0.00124589
0.00120962
0.00116851
0.00113681
0.00110328
0.00108639
0.00106652
0.00106302
0.00104893
0.00103782
0.00101036
0.000966969
0.000910163
0.000827917
0.00074065
0.00062714
0.000527891
0.00040907
0.000326001
0.000234474
0.000179709
0.00011841
8.74063e-05
5.21262e-05
3.61198e-05
1.93032e-05
1.07875e-05
4.6002e-06
-7.47927e-07
-2.2505e-06
-5.69087e-06
-5.83863e-06
-7.10207e-06
-7.11771e-06
-6.11551e-06
-6.15162e-06
-3.77852e-06
-3.76565e-06
-1.49202e-06
-1.45895e-06
-2.74581e-07
-2.68467e-07
4.9152e-08
8.51153e-08
7.2918e-07
8.88287e-07
2.9522e-06
3.18692e-06
6.59618e-06
6.69186e-06
1.00179e-05
9.83342e-06
1.12067e-05
1.09315e-05
9.36903e-06
9.30236e-06
5.27793e-06
4.81257e-06
-7.17629e-07
-4.63706e-06
-1.25161e-05
-2.65545e-05
-4.16923e-05
-7.58111e-05
-0.000107764
-0.000172826
-0.000233648
-0.00033737
-0.000435021
-0.0005767
-0.000700323
-0.00084591
-0.000964676
-0.00108444
-0.00117507
-0.00125722
-0.00131564
-0.00136071
-0.00139837
-0.00142583
-0.00145838
-0.00148559
-0.00151717
-0.00154056
-0.00156253
-0.00156969
-0.00157345
-0.00156366
-0.00155554
-0.00154685
-0.00154534
-0.00156944
-0.00157319
0.00134961
0.00133868
0.00131264
0.00129173
0.00127319
0.00124733
0.00121845
0.00117983
0.00114029
0.00109526
0.00105493
0.00101733
0.000988539
0.000965496
0.000949599
0.000933966
0.000915979
0.00088847
0.000847737
0.000791478
0.000718423
0.000631618
0.000533298
0.000435062
0.000337014
0.00025574
0.000185056
0.000132997
8.94545e-05
6.12798e-05
3.80141e-05
2.4296e-05
1.28692e-05
5.81443e-06
-8.26489e-08
-4.71156e-06
-8.21625e-06
-1.1372e-05
-1.31763e-05
-1.42702e-05
-1.42147e-05
-1.29822e-05
-1.13573e-05
-8.69689e-06
-6.5261e-06
-4.00976e-06
-2.40273e-06
-1.09579e-06
-4.00632e-07
-5.05843e-08
3.96584e-07
1.1e-06
2.36656e-06
4.62495e-06
7.1762e-06
1.0917e-05
1.40381e-05
1.77102e-05
1.98796e-05
2.14575e-05
2.14285e-05
1.98879e-05
1.75567e-05
1.35585e-05
9.66892e-06
4.56246e-06
-9.88675e-07
-7.6171e-06
-1.80535e-05
-3.09082e-05
-5.39157e-05
-8.27862e-05
-0.00012958
-0.000187246
-0.00026817
-0.000363564
-0.000481377
-0.000603626
-0.000730662
-0.000848755
-0.0009553
-0.00104506
-0.00111889
-0.00117671
-0.00122218
-0.00126049
-0.00129457
-0.00132949
-0.00136429
-0.00139953
-0.00142992
-0.00145601
-0.00146921
-0.00147638
-0.00147152
-0.00146574
-0.00145577
-0.00145548
-0.00146918
-0.00147283
0.00127082
0.00125981
0.00123571
0.00121471
0.00121002
0.00118226
0.00115671
0.00111597
0.00106552
0.0010181
0.00096081
0.000920546
0.000875945
0.000850004
0.000825508
0.00080699
0.000789802
0.000759878
0.00072631
0.000668439
0.000603655
0.000516081
0.000425311
0.000327024
0.000245494
0.000164292
0.000121544
6.95318e-05
5.37644e-05
2.56145e-05
2.25353e-05
8.82934e-06
7.39734e-06
3.48725e-07
-4.10462e-06
-8.72946e-06
-1.50354e-05
-1.81884e-05
-2.25534e-05
-2.36463e-05
-2.33621e-05
-2.21307e-05
-1.7614e-05
-1.49559e-05
-9.18138e-06
-6.66726e-06
-2.75856e-06
-1.45277e-06
-3.21591e-07
2.81488e-08
2.55715e-07
9.58509e-07
3.31309e-06
5.56949e-06
1.16016e-05
1.53392e-05
2.34571e-05
2.7126e-05
3.32709e-05
3.48473e-05
3.52221e-05
3.36829e-05
2.76747e-05
2.368e-05
1.4723e-05
9.62105e-06
2.87857e-06
-3.74402e-06
-5.98769e-06
-1.88311e-05
-2.15128e-05
-5.03579e-05
-6.6883e-05
-0.000124498
-0.000173361
-0.000268671
-0.000366379
-0.000488667
-0.000605652
-0.000724563
-0.000819795
-0.00091133
-0.000972954
-0.00103353
-0.00107141
-0.00111318
-0.00114956
-0.00118813
-0.00123462
-0.0012734
-0.00131862
-0.00134806
-0.00137165
-0.00138192
-0.00137457
-0.00137127
-0.00135051
-0.00135049
-0.00136347
-0.00136724
0.00117499
0.00116841
0.00114371
0.00113457
0.0011283
0.00111171
0.00108424
0.00104554
0.00099211
0.000937498
0.000876665
0.000824255
0.000776095
0.000737859
0.000710011
0.000683136
0.000663585
0.000632534
0.000597827
0.000547265
0.000482176
0.000410366
0.000319929
0.000245536
0.000166251
0.000111999
7.08689e-05
3.86968e-05
2.45519e-05
3.88738e-06
1.99128e-06
-1.60752e-05
-1.69144e-05
-3.49512e-05
-3.9309e-05
-5.42159e-05
-6.06757e-05
-6.73343e-05
-7.18432e-05
-6.74484e-05
-6.71493e-05
-5.36714e-05
-4.89884e-05
-3.23916e-05
-2.64115e-05
-1.3242e-05
-9.20482e-06
-2.7215e-06
-1.57137e-06
7.75139e-08
2.85105e-07
2.63207e-06
5.04222e-06
1.34455e-05
1.96726e-05
3.54491e-05
4.38514e-05
6.28887e-05
6.92611e-05
8.40742e-05
8.44723e-05
8.85058e-05
8.22881e-05
7.3725e-05
6.4486e-05
4.70764e-05
4.02826e-05
2.03602e-05
1.86138e-05
-1.86756e-07
-1.665e-06
-2.29454e-05
-3.76888e-05
-7.3256e-05
-0.000120247
-0.000184663
-0.000279768
-0.000373635
-0.000490093
-0.000588447
-0.000683876
-0.000762659
-0.00082533
-0.000881144
-0.000921382
-0.000966205
-0.00100623
-0.00105332
-0.00110397
-0.00115314
-0.00120269
-0.00124007
-0.00126756
-0.00127918
-0.00127482
-0.00126493
-0.00124642
-0.00123771
-0.00125129
-0.00125151
0.00106837
0.00106494
0.00104619
0.00104382
0.00103963
0.00103016
0.00100464
0.000966873
0.000914288
0.000853252
0.000790392
0.000727573
0.000674741
0.000625884
0.000591247
0.000556997
0.000530987
0.000498621
0.000461568
0.000416954
0.000356168
0.000297968
0.000219474
0.000165177
9.9797e-05
6.6471e-05
3.1941e-05
1.51722e-05
3.55353e-07
-1.44953e-05
-2.30341e-05
-4.44786e-05
-5.47862e-05
-8.13438e-05
-9.40228e-05
-0.000116903
-0.000127312
-0.000136689
-0.0001395
-0.000130848
-0.000124206
-0.000101228
-8.81633e-05
-6.07562e-05
-4.7241e-05
-2.58073e-05
-1.6896e-05
-6.39728e-06
-3.02907e-06
-3.72709e-07
1.03329e-06
4.6552e-06
9.51099e-06
2.26812e-05
3.41841e-05
5.92976e-05
7.5721e-05
0.000106677
0.000121894
0.000146976
0.000154046
0.000162399
0.000157961
0.000145855
0.000132415
0.000105464
8.97613e-05
5.95249e-05
4.75265e-05
2.41092e-05
1.53007e-05
-1.04123e-07
-1.57313e-05
-3.41804e-05
-7.39671e-05
-0.000114394
-0.000193875
-0.000263825
-0.000365876
-0.000446529
-0.000535083
-0.000603485
-0.000666334
-0.000718846
-0.000764272
-0.000812448
-0.000858764
-0.000913745
-0.000969076
-0.00102754
-0.00108018
-0.00112487
-0.00115425
-0.00116791
-0.00116547
-0.00115227
-0.00113438
-0.00112137
-0.00112935
-0.00112709
0.000950279
0.000946723
0.000939438
0.000935643
0.00095372
0.000941764
0.000930596
0.000890285
0.000837893
0.000774352
0.000701631
0.000636223
0.000569569
0.000517944
0.000470218
0.000433123
0.000398582
0.000363671
0.000328288
0.000281895
0.000238514
0.000179509
0.000136706
8.2363e-05
5.93906e-05
2.61017e-05
2.00965e-05
3.34636e-06
-8.40275e-06
-2.32369e-05
-5.2917e-05
-7.43377e-05
-0.000119304
-0.000145833
-0.000191156
-0.000214011
-0.000241204
-0.000250571
-0.000247848
-0.000239205
-0.000207906
-0.000184953
-0.00013875
-0.000111374
-6.87475e-05
-4.73376e-05
-2.15034e-05
-1.10164e-05
-2.9728e-06
-3.19399e-07
9.97904e-07
4.61579e-06
1.51003e-05
2.82559e-05
5.84237e-05
8.35094e-05
0.000131226
0.000162148
0.000212594
0.000237648
0.000270731
0.000279076
0.000280219
0.000268127
0.000236399
0.000209477
0.000158404
0.000128201
7.85726e-05
5.51814e-05
2.34418e-05
8.05411e-06
-3.74284e-06
-2.21714e-05
-2.94654e-05
-6.98469e-05
-0.000100614
-0.000170606
-0.000229451
-0.00031102
-0.000374423
-0.000444942
-0.000499029
-0.000554709
-0.000603418
-0.000655295
-0.000711829
-0.000770549
-0.000838766
-0.000900837
-0.000964344
-0.00101257
-0.0010455
-0.00106263
-0.00105154
-0.00104147
-0.00100643
-0.000995107
-0.000994095
-0.000991991
0.000823179
0.000824955
0.000817734
0.000829715
0.000848093
0.000853498
0.000842555
0.000813674
0.000758294
0.000696726
0.0006193
0.000548887
0.000477513
0.000418671
0.000366788
0.000324298
0.000286983
0.000252726
0.000216737
0.000181333
0.000139995
0.000103054
6.54788e-05
3.48197e-05
1.94038e-05
-6.77912e-06
-7.85417e-06
-4.54083e-05
-5.60964e-05
-0.000115849
-0.000148484
-0.000224984
-0.000275332
-0.000348464
-0.000399075
-0.00044375
-0.00047378
-0.000472521
-0.000469002
-0.000421156
-0.000385879
-0.000308625
-0.000257031
-0.00017738
-0.000130085
-7.1799e-05
-4.34364e-05
-1.55356e-05
-7.12037e-06
-1.09461e-07
7.35409e-07
8.82043e-06
1.98353e-05
5.06434e-05
8.36352e-05
0.000145748
0.000198512
0.000281551
0.000337752
0.00041652
0.000453806
0.000500347
0.000502269
0.000499479
0.000464626
0.000414444
0.000357605
0.000279578
0.000224098
0.00014515
0.000110251
5.09056e-05
4.0446e-05
4.27237e-06
2.71162e-06
-2.51932e-05
-4.71063e-05
-8.66489e-05
-0.000139142
-0.000191714
-0.000252172
-0.00030563
-0.000359688
-0.000410256
-0.000461575
-0.000516185
-0.000577307
-0.000642085
-0.000715847
-0.000783337
-0.000852507
-0.000901363
-0.000938344
-0.000948829
-0.000938912
-0.000916646
-0.00088278
-0.00085926
-0.000857888
-0.000851603
0.000688473
0.000692846
0.000695106
0.000712045
0.000732226
0.000744628
0.000741253
0.000717106
0.000674074
0.000612311
0.000542847
0.000468479
0.000398696
0.000334647
0.00028009
0.000233717
0.000194324
0.0001603
0.000128681
0.000100247
7.23278e-05
4.92968e-05
2.68816e-05
1.03355e-05
-8.83082e-06
-3.10908e-05
-6.34464e-05
-0.000112413
-0.000173816
-0.000258223
-0.000347851
-0.000454581
-0.000552352
-0.000651056
-0.000726171
-0.000782812
-0.000808076
-0.000800977
-0.000766018
-0.000696652
-0.000613435
-0.000506377
-0.000403979
-0.000295644
-0.000206572
-0.000128052
-7.28621e-05
-3.54066e-05
-1.33951e-05
-3.99345e-06
5.11466e-06
1.56499e-05
3.97948e-05
8.02871e-05
0.000139058
0.000221487
0.000314338
0.000425974
0.000530839
0.000639087
0.00072219
0.000789694
0.000821497
0.000823822
0.000793095
0.000730163
0.000649093
0.000544826
0.000442826
0.000333388
0.000242743
0.000159271
9.96976e-05
5.3792e-05
2.33344e-05
2.30593e-06
-1.91544e-05
-4.05432e-05
-7.20753e-05
-0.000106484
-0.00014818
-0.0001911
-0.000237291
-0.000285238
-0.000337013
-0.000394367
-0.000457242
-0.000527051
-0.000598836
-0.000670982
-0.000733912
-0.00078487
-0.00081412
-0.000822921
-0.000810994
-0.000784855
-0.000752375
-0.000725778
-0.000717139
-0.000708862
0.000544199
0.000550117
0.000558509
0.000580605
0.00062191
0.000640904
0.000656925
0.000639846
0.000601623
0.000544495
0.000470345
0.000397288
0.000321608
0.000257353
0.000200897
0.000154955
0.000118839
8.736e-05
6.52012e-05
4.15202e-05
3.06668e-05
1.11896e-05
9.55841e-06
-1.32377e-05
-2.71271e-05
-7.43776e-05
-0.000134846
-0.000226068
-0.000349738
-0.000484715
-0.000655394
-0.00080807
-0.000981366
-0.00110858
-0.00122917
-0.00128861
-0.00131395
-0.00128315
-0.00120289
-0.00109037
-0.000931924
-0.000774506
-0.000591544
-0.00043854
-0.000287015
-0.000178321
-9.13973e-05
-3.99173e-05
-1.37873e-05
-8.69102e-07
1.34968e-06
1.50474e-05
4.31119e-05
9.65211e-05
0.000186427
0.000297112
0.000451189
0.00060487
0.000788404
0.000944063
0.00110008
0.00120806
0.00128289
0.00130713
0.00127455
0.00120829
0.00108084
0.000948819
0.0007715
0.000617904
0.00044781
0.000316264
0.000197783
0.000112646
5.94904e-05
1.70012e-05
7.73733e-06
-1.628e-05
-2.06034e-05
-4.82934e-05
-6.78904e-05
-0.000103822
-0.000137326
-0.000181545
-0.000228715
-0.000285182
-0.00035007
-0.000420079
-0.000498497
-0.000569977
-0.000638716
-0.000686663
-0.000713291
-0.000717397
-0.000689478
-0.000658996
-0.000609262
-0.000579126
-0.000565043
-0.000555764
0.000405962
0.000414914
0.000426733
0.000456434
0.000493311
0.000526784
0.00054327
0.000543453
0.000512941
0.000468017
0.000402012
0.000333965
0.000262954
0.000200328
0.000145338
0.000102756
6.77274e-05
4.46558e-05
2.46066e-05
1.39504e-05
2.9757e-06
-7.46363e-06
-2.01351e-05
-5.70334e-05
-0.000100327
-0.000199498
-0.000301864
-0.000480892
-0.000650287
-0.000890381
-0.00110013
-0.00134836
-0.00154505
-0.00173161
-0.00185497
-0.0019203
-0.00192819
-0.00184818
-0.00173552
-0.0015333
-0.00133564
-0.00107351
-0.00085278
-0.000606877
-0.000424973
-0.000253518
-0.000145785
-6.51328e-05
-2.60538e-05
-5.82174e-06
6.0161e-06
2.62938e-05
6.61887e-05
0.000146474
0.00025497
0.000424441
0.000605733
0.000846871
0.00106449
0.00131874
0.00151048
0.0017026
0.0018073
0.00187703
0.00186091
0.00178767
0.00165814
0.00146835
0.00126967
0.00102423
0.000817793
0.000586314
0.000424932
0.000258272
0.000165837
7.87594e-05
4.28832e-05
1.29335e-05
5.27235e-07
-1.04376e-05
-2.76882e-05
-4.48009e-05
-7.46251e-05
-0.00010693
-0.000152148
-0.000203451
-0.00026628
-0.000333896
-0.000407583
-0.00047461
-0.000536403
-0.000574781
-0.000596033
-0.000587186
-0.000561082
-0.000520297
-0.00047626
-0.000441225
-0.000424811
-0.000413539
0.000269964
0.000278679
0.000293383
0.000322904
0.000372072
0.000406747
0.000445738
0.000450662
0.000440135
0.0004013
0.000345587
0.000281853
0.000214557
0.000154223
0.000103998
6.32872e-05
3.81259e-05
1.73892e-05
1.0956e-05
1.22723e-06
-3.65521e-07
-1.64016e-05
-4.39583e-05
-9.91128e-05
-0.000206546
-0.000339068
-0.000556423
-0.000777133
-0.00109172
-0.00137272
-0.00172411
-0.00200264
-0.00230012
-0.0024988
-0.00265362
-0.00270988
-0.00267041
-0.00256272
-0.00233711
-0.00209584
-0.00175134
-0.00144825
-0.00108569
-0.000805595
-0.000519093
-0.000325324
-0.000164487
-7.35891e-05
-2.48922e-05
-2.07994e-06
1.79744e-06
2.4118e-05
7.10631e-05
0.000159984
0.00031619
0.000505359
0.000783019
0.001055
0.00140422
0.00169588
0.00202406
0.00225224
0.00246168
0.00255732
0.00258452
0.0025202
0.00236009
0.00215954
0.0018653
0.00159196
0.00125193
0.000982412
0.000685148
0.000479664
0.000281953
0.000164256
7.40118e-05
2.83102e-05
9.92444e-06
-4.47897e-06
-5.60597e-06
-2.02517e-05
-3.23144e-05
-6.13514e-05
-9.45495e-05
-0.000143397
-0.000200176
-0.000265243
-0.00033456
-0.000397653
-0.000450099
-0.000483507
-0.00048784
-0.0004757
-0.000430946
-0.000390176
-0.000336932
-0.000303004
-0.000285175
-0.000274489
0.000160199
0.000168493
0.000183808
0.000212414
0.000251292
0.000291855
0.000325236
0.000346528
0.000344614
0.000324877
0.000284286
0.000234141
0.000178637
0.000126078
8.10366e-05
4.70384e-05
2.3015e-05
1.00967e-05
1.12459e-06
-5.50356e-06
-1.99466e-05
-5.21298e-05
-0.000110065
-0.000215352
-0.000365326
-0.000582213
-0.000840899
-0.00116718
-0.00151289
-0.00189764
-0.00226323
-0.00261881
-0.00291246
-0.00314214
-0.00327916
-0.0033127
-0.00324833
-0.00307063
-0.00281961
-0.00247933
-0.00211271
-0.00170572
-0.00132467
-0.000957757
-0.000654426
-0.000403964
-0.000225734
-0.000108799
-4.1444e-05
-1.20769e-05
1.05645e-05
3.80845e-05
0.000102014
0.000212908
0.000383461
0.000622721
0.000913358
0.0012637
0.00162748
0.00201411
0.0023612
0.00268082
0.00291381
0.003075
0.00312692
0.00308487
0.00294395
0.00271581
0.00242783
0.00208353
0.00173208
0.00136605
0.00104014
0.000736325
0.000499154
0.00030401
0.000172822
8.38561e-05
3.73012e-05
1.30102e-05
1.46044e-06
-5.31004e-06
-1.77483e-05
-3.57283e-05
-6.59013e-05
-0.000105765
-0.000155916
-0.000211787
-0.000268952
-0.000318562
-0.000356993
-0.000373331
-0.000370924
-0.000345456
-0.000307826
-0.000263797
-0.000221651
-0.000190429
-0.000173038
-0.000163582
7.12745e-05
7.70942e-05
8.7499e-05
0.000109165
0.000146301
0.000181515
0.00022658
0.000252473
0.0002683
0.000262121
0.00023443
0.00019805
0.000147674
0.000103401
6.15145e-05
3.12564e-05
1.36579e-05
2.6154e-06
9.52144e-07
-7.62101e-06
-2.41815e-05
-6.7712e-05
-0.000151493
-0.000278337
-0.00048415
-0.000726472
-0.001066
-0.00141286
-0.00184635
-0.00224085
-0.00268022
-0.00303236
-0.00336632
-0.00358133
-0.00371368
-0.00372648
-0.00361293
-0.00341444
-0.00308235
-0.00272581
-0.00226704
-0.00185006
-0.00138809
-0.00101652
-0.000660041
-0.000408005
-0.000210068
-9.26693e-05
-3.24522e-05
-2.95485e-06
1.70988e-06
2.88465e-05
8.34285e-05
0.000193378
0.000379173
0.000618079
0.000955368
0.00130845
0.00174549
0.00214079
0.00257269
0.00290824
0.00321705
0.00339983
0.00349902
0.00347939
0.0033449
0.00313337
0.00280973
0.00247042
0.00205128
0.00167618
0.00126862
0.000944059
0.000631472
0.000410415
0.000228096
0.00011768
4.97713e-05
1.50482e-05
4.76335e-06
-2.63703e-06
-5.74061e-06
-2.02775e-05
-4.2601e-05
-7.70824e-05
-0.000122683
-0.000169201
-0.000220372
-0.00025634
-0.000282347
-0.000286272
-0.000267777
-0.000239093
-0.000191509
-0.000153916
-0.000114823
-9.14469e-05
-7.96934e-05
-7.31292e-05
2.22008e-05
2.62147e-05
2.94157e-05
4.55004e-05
6.36516e-05
9.38673e-05
0.000125831
0.000154459
0.000179842
0.000183492
0.00018109
0.000154956
0.000126798
8.87647e-05
5.64201e-05
2.91758e-05
1.24085e-05
3.02565e-06
-1.31997e-06
-1.15531e-05
-3.63138e-05
-8.93775e-05
-0.000183482
-0.000327669
-0.000526312
-0.000787804
-0.0010949
-0.00145717
-0.00183252
-0.00223419
-0.00260098
-0.00295029
-0.00321689
-0.00342062
-0.00351172
-0.00350875
-0.00339377
-0.00317963
-0.00288643
-0.00251778
-0.00212495
-0.00170064
-0.00130985
-0.00093497
-0.0006338
-0.000380723
-0.000210718
-9.30387e-05
-3.60655e-05
-6.48831e-06
4.73616e-06
3.1564e-05
8.30851e-05
0.00019225
0.000351129
0.000589619
0.000874311
0.00122926
0.00159999
0.00200162
0.00237424
0.00272169
0.00299877
0.00319783
0.00330444
0.00330182
0.00321175
0.00301296
0.00275611
0.00242079
0.00206998
0.00168823
0.00133184
0.000991724
0.000703524
0.000462924
0.000280618
0.000152929
7.07306e-05
2.72175e-05
7.71087e-06
-2.19798e-07
-4.8199e-06
-1.63898e-05
-3.5306e-05
-6.54958e-05
-9.92168e-05
-0.000138716
-0.000167018
-0.000192868
-0.000194618
-0.000189617
-0.000163092
-0.000132747
-9.94089e-05
-6.76276e-05
-4.83789e-05
-3.11617e-05
-2.75391e-05
-2.308e-05
1.00172e-06
2.02767e-06
4.82527e-06
9.37824e-06
2.05983e-05
3.35453e-05
5.74494e-05
7.86676e-05
0.000101968
0.000118092
0.00012103
0.000118152
9.81047e-05
7.81328e-05
5.10682e-05
3.00074e-05
1.41501e-05
4.48198e-06
-3.82394e-07
-8.59996e-06
-3.0996e-05
-7.11235e-05
-0.000154907
-0.000261493
-0.000435178
-0.000622576
-0.000888339
-0.00114267
-0.00146549
-0.00174315
-0.00205694
-0.00229426
-0.00252079
-0.00265469
-0.00273017
-0.00272071
-0.00261981
-0.00246618
-0.00221343
-0.00195601
-0.00161885
-0.00132579
-0.000990961
-0.00073366
-0.000475595
-0.000302574
-0.000156412
-7.61714e-05
-2.62979e-05
-6.16586e-06
4.79813e-06
2.323e-05
6.86507e-05
0.000143802
0.000281012
0.000445794
0.000690873
0.00093769
0.00125709
0.00153919
0.00186126
0.00210956
0.00235082
0.00249923
0.00259481
0.00260395
0.00253025
0.0024006
0.00218207
0.00195219
0.00165053
0.00138186
0.00107293
0.00082778
0.000575649
0.000396821
0.000234899
0.000135511
6.06448e-05
2.49923e-05
6.59338e-06
-4.20173e-07
-5.39605e-06
-1.56529e-05
-3.29172e-05
-5.46704e-05
-8.25893e-05
-0.000102888
-0.000123092
-0.000126047
-0.000122844
-0.000106458
-8.25097e-05
-6.06415e-05
-3.58374e-05
-2.22539e-05
-1.03516e-05
-5.50056e-06
-2.43302e-06
-1.34207e-06
-1.72055e-05
-1.34311e-05
-1.27663e-05
-4.27674e-06
-3.58907e-06
5.71088e-06
1.29626e-05
2.4648e-05
4.33379e-05
5.62117e-05
7.16562e-05
7.69911e-05
7.42494e-05
6.67596e-05
4.82447e-05
3.39249e-05
1.71258e-05
6.99408e-06
3.24865e-06
-2.85751e-06
-9.23595e-06
-3.00965e-05
-7.161e-05
-0.00012962
-0.000223922
-0.000327701
-0.000479077
-0.000622993
-0.000811623
-0.000971456
-0.00115816
-0.00129711
-0.00143452
-0.00151535
-0.00156422
-0.00156271
-0.00150675
-0.00142137
-0.00127448
-0.00112799
-0.000930272
-0.000762031
-0.000565561
-0.000417212
-0.000266878
-0.000166966
-8.40138e-05
-3.77464e-05
-1.27156e-05
-1.14625e-06
8.19218e-07
1.18273e-05
3.54293e-05
8.00914e-05
0.000160421
0.00025796
0.000405032
0.000550766
0.000744207
0.000910303
0.0011062
0.00125166
0.00139858
0.00148428
0.00154206
0.00154495
0.00149887
0.00141978
0.001285
0.00114747
0.00096244
0.000803474
0.000615513
0.000472206
0.000321119
0.000218255
0.000124535
6.80745e-05
2.77807e-05
8.36618e-06
2.46064e-06
-2.88228e-06
-6.71542e-06
-1.66039e-05
-3.32329e-05
-4.76805e-05
-6.60748e-05
-7.40653e-05
-7.72136e-05
-7.24209e-05
-5.74482e-05
-4.46956e-05
-2.58869e-05
-1.40104e-05
-6.30123e-06
2.94004e-06
3.64407e-06
1.19407e-05
1.25089e-05
1.6264e-05
-9.11242e-05
-8.28584e-05
-6.72724e-05
-4.7911e-05
-2.65631e-05
-1.00236e-05
-5.215e-06
5.54197e-06
7.90313e-06
1.79994e-05
2.82048e-05
3.5933e-05
4.63123e-05
4.58332e-05
4.52591e-05
3.67979e-05
2.57846e-05
1.6839e-05
7.53262e-06
2.08783e-06
4.50394e-07
-1.01968e-05
-1.29852e-05
-4.26062e-05
-5.53796e-05
-0.000110451
-0.000137959
-0.00021647
-0.000256517
-0.000345695
-0.000390268
-0.000469537
-0.000506882
-0.000554802
-0.000573714
-0.000575819
-0.000570068
-0.000524679
-0.000495692
-0.000415111
-0.000371625
-0.000277928
-0.000232647
-0.000149526
-0.000114087
-5.79715e-05
-3.83432e-05
-1.24005e-05
-6.66463e-06
-2.02761e-07
3.05136e-07
6.75407e-06
1.34063e-05
3.93988e-05
6.10408e-05
0.000117502
0.000156237
0.000240276
0.000290059
0.000385401
0.000434045
0.000516864
0.000550624
0.000598335
0.000607203
0.000606747
0.000588239
0.000540616
0.000500615
0.000420046
0.000370375
0.000278715
0.000232553
0.000151306
0.000118351
6.12945e-05
4.4927e-05
1.461e-05
1.04447e-05
1.38004e-07
-9.50431e-07
-5.68324e-06
-1.35642e-05
-2.20468e-05
-3.23036e-05
-4.09777e-05
-4.22293e-05
-4.35025e-05
-3.44296e-05
-2.74514e-05
-1.79451e-05
-8.14609e-06
-5.79648e-06
4.69222e-06
8.99825e-06
2.47703e-05
4.4784e-05
6.36456e-05
7.92355e-05
8.75364e-05
-0.000278304
-0.00026126
-0.000223169
-0.000181518
-0.000114693
-7.59442e-05
-3.39845e-05
-1.60146e-05
-3.12492e-06
3.4763e-06
6.99838e-06
1.35249e-05
1.94049e-05
2.53339e-05
3.17195e-05
3.19289e-05
3.24943e-05
2.70425e-05
2.15565e-05
1.57354e-05
9.51156e-06
5.56222e-06
1.19421e-06
-4.18291e-06
-8.54217e-06
-1.91464e-05
-2.56797e-05
-4.26286e-05
-5.14989e-05
-7.27214e-05
-8.26159e-05
-0.000103334
-0.000111874
-0.000126324
-0.000130997
-0.000134662
-0.000133883
-0.000125387
-0.00011924
-0.000101036
-9.13284e-05
-6.88258e-05
-5.83942e-05
-3.7831e-05
-2.93831e-05
-1.53217e-05
-1.03179e-05
-3.84312e-06
-1.91336e-06
-3.1795e-07
5.08597e-07
2.39496e-06
4.73899e-06
1.21341e-05
1.80028e-05
3.37012e-05
4.34688e-05
6.63778e-05
7.84648e-05
0.000103782
0.00011519
0.000136163
0.000143633
0.000154158
0.000155473
0.000152464
0.000147319
0.000131859
0.000121943
9.87707e-05
8.70317e-05
6.26286e-05
5.20555e-05
3.21419e-05
2.45782e-05
1.20085e-05
7.57694e-06
1.62473e-06
-1.85053e-06
-5.13633e-06
-1.0005e-05
-1.48105e-05
-1.97765e-05
-2.50159e-05
-2.54343e-05
-2.61734e-05
-2.14974e-05
-1.69107e-05
-1.21627e-05
-6.4438e-06
-3.2378e-06
2.9961e-06
1.52063e-05
3.21675e-05
7.18673e-05
0.000108699
0.00017295
0.000213764
0.000252472
0.000269758
-0.000602188
-0.000568372
-0.000520362
-0.000423651
-0.000331085
-0.000215917
-0.000150053
-7.27263e-05
-4.74276e-05
-1.54487e-05
-9.05619e-06
-7.03921e-09
5.81883e-06
1.09523e-05
1.90519e-05
2.58917e-05
3.0101e-05
3.557e-05
3.29203e-05
3.46497e-05
2.96136e-05
2.9568e-05
2.68591e-05
2.74811e-05
2.71859e-05
2.82165e-05
2.82178e-05
2.84191e-05
2.82537e-05
2.70955e-05
2.6328e-05
2.38287e-05
2.24313e-05
1.89647e-05
1.72508e-05
1.34111e-05
1.18445e-05
8.24397e-06
7.19927e-06
4.28359e-06
3.87844e-06
1.82855e-06
1.90516e-06
6.54004e-07
9.06225e-07
2.43035e-07
4.10111e-07
1.09929e-07
1.2658e-07
3.90785e-08
5.95037e-08
1.19658e-07
4.02568e-07
5.71491e-07
1.2899e-06
1.47312e-06
2.55662e-06
2.55992e-06
3.66483e-06
3.22721e-06
3.86549e-06
2.76463e-06
2.53684e-06
7.17432e-07
-4.68106e-07
-2.81422e-06
-4.6577e-06
-7.11498e-06
-9.03794e-06
-1.11018e-05
-1.25196e-05
-1.37931e-05
-1.44219e-05
-1.47887e-05
-1.48518e-05
-1.46541e-05
-1.46951e-05
-1.48413e-05
-1.66039e-05
-1.74397e-05
-2.15229e-05
-2.13356e-05
-2.43032e-05
-2.12604e-05
-1.88582e-05
-1.42886e-05
-8.23261e-06
-4.19313e-06
6.01112e-07
9.31124e-06
1.53936e-05
4.5961e-05
6.99973e-05
0.000143377
0.000205918
0.000316306
0.000405754
0.000501785
0.000550831
0.000586054
-0.00105425
-0.00101551
-0.000940192
-0.00082135
-0.000647566
-0.000492511
-0.000335556
-0.000213494
-0.00012818
-6.19914e-05
-3.49006e-05
-8.62309e-06
-6.05516e-06
3.04366e-06
6.43281e-06
1.28472e-05
2.40273e-05
3.19158e-05
4.4172e-05
5.27749e-05
6.00881e-05
6.95117e-05
7.37917e-05
8.53334e-05
8.97095e-05
0.000102602
0.000104538
0.000115662
0.000114825
0.000121636
0.000118181
0.000119083
0.000113568
0.000108156
0.000101402
9.05886e-05
8.35047e-05
6.92805e-05
6.26938e-05
4.75968e-05
4.21204e-05
2.85815e-05
2.45441e-05
1.42905e-05
1.17255e-05
5.41453e-06
4.10407e-06
1.26251e-06
8.17037e-07
8.7732e-08
4.04121e-08
-3.61545e-07
-4.65021e-07
-2.2243e-06
-2.7555e-06
-6.99947e-06
-8.20301e-06
-1.52224e-05
-1.71974e-05
-2.63933e-05
-2.90945e-05
-3.91489e-05
-4.2402e-05
-5.16098e-05
-5.51374e-05
-6.18329e-05
-6.52834e-05
-6.8253e-05
-7.12442e-05
-7.00234e-05
-7.21939e-05
-6.71896e-05
-6.82532e-05
-6.06334e-05
-6.04356e-05
-5.1959e-05
-5.0524e-05
-4.32847e-05
-4.20327e-05
-3.65015e-05
-3.29349e-05
-2.80493e-05
-2.0416e-05
-1.57262e-05
-8.38031e-06
-3.85236e-06
-1.87201e-06
6.60233e-06
9.58511e-06
3.49401e-05
6.14867e-05
0.000124285
0.000205276
0.000320845
0.000469911
0.000618758
0.000787123
0.000906357
0.000986582
0.00102794
-0.00155837
-0.00151325
-0.00142775
-0.0012821
-0.00107778
-0.000870157
-0.000651076
-0.000469866
-0.000306771
-0.000195784
-0.000106227
-5.74683e-05
-2.27318e-05
-8.35635e-06
9.6158e-07
6.99423e-06
1.44085e-05
2.55401e-05
4.08193e-05
5.85489e-05
8.1449e-05
0.000103785
0.000132617
0.000159057
0.000193121
0.000221611
0.00025518
0.000280665
0.000307839
0.000325127
0.000340269
0.000345642
0.000345342
0.000337371
0.000321364
0.000301379
0.000272703
0.000244507
0.000208735
0.000177619
0.000141384
0.000112735
8.19668e-05
5.98752e-05
3.82838e-05
2.4546e-05
1.27895e-05
6.60613e-06
2.36699e-06
7.9375e-07
-2.87253e-07
-1.29677e-06
-4.14746e-06
-8.44193e-06
-1.70067e-05
-2.70718e-05
-4.31352e-05
-5.93886e-05
-8.20871e-05
-0.0001028
-0.000128915
-0.000150742
-0.000175635
-0.000194559
-0.000213463
-0.000225882
-0.000235161
-0.000238806
-0.000236863
-0.000231325
-0.000218927
-0.000205669
-0.000185632
-0.000167511
-0.000143942
-0.00012458
-0.000101487
-8.41678e-05
-6.52347e-05
-5.10033e-05
-3.62965e-05
-2.51618e-05
-1.5598e-05
-8.67516e-06
-3.82889e-06
7.99497e-07
9.8553e-06
2.42e-05
5.8198e-05
0.000105268
0.000190441
0.000295454
0.000449426
0.000620805
0.000829268
0.00102881
0.00122872
0.001376
0.00146729
0.00151655
-0.00212012
-0.00207632
-0.00199068
-0.00182635
-0.00158202
-0.00131629
-0.00103964
-0.000771363
-0.000559905
-0.000357811
-0.000238786
-0.000119447
-7.50123e-05
-2.24025e-05
-1.60891e-05
3.14148e-07
3.51207e-06
1.30386e-05
3.10346e-05
5.15189e-05
8.47995e-05
0.000122535
0.000167073
0.0002226
0.000276392
0.000345646
0.000400539
0.000472198
0.000518128
0.000577726
0.000605227
0.000639329
0.00064228
0.000642489
0.00061992
0.000585597
0.000542072
0.000480713
0.000425136
0.000350233
0.000293422
0.000220448
0.000172194
0.000114032
8.05339e-05
4.38243e-05
2.6254e-05
9.84615e-06
4.4423e-06
3.90312e-07
-5.11566e-09
-3.30685e-06
-6.79802e-06
-2.04385e-05
-3.34878e-05
-6.42106e-05
-8.96813e-05
-0.00013761
-0.000173964
-0.000232524
-0.000274334
-0.000332303
-0.000371833
-0.000416776
-0.000446151
-0.000468139
-0.000481456
-0.000475924
-0.000470747
-0.000439648
-0.000417521
-0.000368517
-0.000334391
-0.000278397
-0.000239186
-0.000187192
-0.000149836
-0.000109837
-7.97193e-05
-5.38526e-05
-3.18095e-05
-1.8594e-05
-7.33249e-06
-5.81843e-07
9.48473e-07
1.70469e-05
2.46137e-05
7.55718e-05
0.000119648
0.000232224
0.00034512
0.000534151
0.00073285
0.000985197
0.00124724
0.00150301
0.00174172
0.00191164
0.00200983
0.00206118
-0.00264684
-0.00260395
-0.00252335
-0.00235764
-0.00210216
-0.00182173
-0.00149073
-0.00119439
-0.000887122
-0.000652937
-0.000427524
-0.000282187
-0.000152537
-8.54356e-05
-3.3099e-05
-1.26607e-05
-1.83045e-07
8.69571e-06
1.91334e-05
4.06484e-05
7.26173e-05
0.000116625
0.000177976
0.000245448
0.000334857
0.000420207
0.000527154
0.000617052
0.000722012
0.000798327
0.000878424
0.000923885
0.000959988
0.000963441
0.000946234
0.000906259
0.000839385
0.000764937
0.000664055
0.000571864
0.000459855
0.000369377
0.000269283
0.000196875
0.000124929
7.91469e-05
4.02334e-05
1.97875e-05
6.77263e-06
1.7418e-06
-1.20001e-06
-5.40735e-06
-1.67261e-05
-3.4059e-05
-6.81348e-05
-0.000107019
-0.00016907
-0.00022951
-0.000313697
-0.000387207
-0.000478421
-0.000550664
-0.000629273
-0.000684488
-0.000732434
-0.000758197
-0.000764472
-0.000755307
-0.000719122
-0.000677918
-0.000608648
-0.000545519
-0.000459564
-0.000388609
-0.000304289
-0.000239406
-0.000171426
-0.000122109
-7.75635e-05
-4.69386e-05
-2.52613e-05
-1.12494e-05
-4.48624e-06
2.20016e-06
1.49084e-05
3.54612e-05
8.68422e-05
0.000151649
0.000274096
0.000410754
0.000620723
0.000839307
0.0011258
0.00140427
0.00171757
0.00198785
0.00224059
0.00241356
0.00251038
0.00256211
-0.00313849
-0.00310741
-0.00304158
-0.00288683
-0.00262161
-0.00232182
-0.00196052
-0.00160725
-0.00126165
-0.000942055
-0.000680598
-0.000444342
-0.000290006
-0.000150257
-8.86063e-05
-2.75962e-05
-1.78112e-05
1.3101e-06
5.80703e-06
2.17082e-05
5.23756e-05
9.191e-05
0.000159905
0.000234854
0.000339046
0.000448044
0.000576984
0.00070471
0.000834565
0.000955018
0.00105702
0.00114158
0.00119099
0.00121786
0.00120189
0.00116348
0.00108563
0.000991288
0.000870425
0.000743525
0.000607982
0.000478263
0.000356935
0.000250829
0.000164258
9.66035e-05
5.11002e-05
2.1105e-05
7.79336e-06
5.49741e-07
-4.63994e-07
-7.62199e-06
-1.95522e-05
-4.82155e-05
-8.90813e-05
-0.000151604
-0.000227765
-0.000322552
-0.000426346
-0.000538093
-0.000650194
-0.000754823
-0.000850374
-0.000922896
-0.000979318
-0.00100191
-0.00100585
-0.000973449
-0.000924705
-0.000846387
-0.000757611
-0.00065333
-0.000545822
-0.000439776
-0.000336779
-0.000249652
-0.000169303
-0.000112082
-6.20937e-05
-3.38107e-05
-1.3135e-05
-1.96182e-06
3.51425e-07
1.84273e-05
2.99535e-05
8.84128e-05
0.000149258
0.000279757
0.000425036
0.000643059
0.000885653
0.00118057
0.0015016
0.00183152
0.00217247
0.00246215
0.00272505
0.00289284
0.00298279
0.00302684
-0.00354155
-0.00351627
-0.00344605
-0.00330057
-0.00306694
-0.0027643
-0.0024171
-0.00204191
-0.00166834
-0.00131169
-0.000987103
-0.000709725
-0.000477337
-0.000304021
-0.000172585
-9.25567e-05
-3.89011e-05
-1.49195e-05
3.00863e-06
1.61649e-05
3.99677e-05
7.72259e-05
0.000134014
0.000212611
0.00031153
0.000431845
0.000566501
0.000712362
0.000859067
0.0010007
0.00112669
0.00123004
0.00130376
0.00134191
0.00134371
0.00130608
0.00123507
0.0011312
0.00100565
0.00086212
0.000713395
0.000564861
0.000426872
0.000304606
0.000202678
0.000124533
6.7625e-05
3.30504e-05
1.19903e-05
3.68578e-06
-4.10601e-06
-1.26804e-05
-3.38797e-05
-6.79816e-05
-0.000122893
-0.00019676
-0.000291415
-0.000402683
-0.000526175
-0.000656264
-0.000784118
-0.000904276
-0.00100651
-0.00108732
-0.00113838
-0.00115942
-0.00114654
-0.00110297
-0.00103017
-0.000934031
-0.000820552
-0.000696518
-0.000570195
-0.000447317
-0.000335389
-0.000237607
-0.000158378
-9.72805e-05
-5.40312e-05
-2.6937e-05
-9.57892e-06
2.12367e-07
1.64644e-05
3.99518e-05
9.14142e-05
0.000167635
0.000290436
0.000451268
0.000665266
0.000920066
0.00121806
0.00154609
0.00189158
0.00224134
0.00256991
0.00286301
0.00309884
0.00326015
0.0033491
0.00338927
-0.00388899
-0.00387351
-0.00385332
-0.00372782
-0.00349995
-0.00321224
-0.00283755
-0.00246121
-0.00203327
-0.00165432
-0.00125971
-0.00094399
-0.000644491
-0.000428139
-0.000250176
-0.000134655
-6.37964e-05
-2.00055e-05
-9.19963e-06
7.34124e-06
1.41637e-05
4.42688e-05
8.81455e-05
0.000156765
0.000254904
0.000368169
0.000517792
0.000663029
0.000838102
0.00098595
0.00114561
0.00125973
0.0013621
0.00141184
0.00142863
0.00139989
0.00132639
0.00122668
0.00108342
0.000939351
0.000764839
0.00061279
0.000449987
0.000323587
0.000205178
0.000124126
6.19991e-05
2.62877e-05
8.9192e-06
4.02764e-07
-1.12433e-06
-1.06162e-05
-3.04468e-05
-6.76058e-05
-0.000131401
-0.000210805
-0.000325481
-0.000443617
-0.000594105
-0.00073006
-0.000884085
-0.0010065
-0.0011255
-0.00120322
-0.00125551
-0.00126816
-0.00123968
-0.00118446
-0.00108343
-0.000975844
-0.000829774
-0.000698087
-0.00054425
-0.000419755
-0.000292542
-0.000198967
-0.000118601
-6.45548e-05
-3.09277e-05
-8.69215e-06
-4.36894e-06
9.3992e-06
2.13528e-05
6.26183e-05
0.00013079
0.000237831
0.000402328
0.000599973
0.000872876
0.00116001
0.00151883
0.00186509
0.00225741
0.00260713
0.00295933
0.00323907
0.00347114
0.00361607
0.00367334
0.00370581
-0.00414751
-0.00414916
-0.00412285
-0.00403104
-0.0038183
-0.00355209
-0.00319341
-0.00280685
-0.00238946
-0.00196227
-0.00157028
-0.0011792
-0.000874786
-0.000576629
-0.000388652
-0.000206746
-0.00012488
-4.43194e-05
-2.57099e-05
-2.75043e-06
6.53875e-06
2.35216e-05
6.53283e-05
0.000115465
0.000209003
0.000309578
0.000453481
0.00059776
0.000767892
0.000927226
0.00108405
0.0012179
0.00132017
0.00139106
0.00141037
0.00139776
0.00132864
0.00123639
0.00109829
0.000953077
0.000783366
0.00062474
0.000465469
0.000331398
0.000214777
0.00012834
6.62734e-05
2.84507e-05
9.87051e-06
9.58446e-07
-2.31167e-06
-1.34838e-05
-3.47572e-05
-7.75229e-05
-0.000141741
-0.000231314
-0.000344954
-0.000475726
-0.000623666
-0.000770452
-0.000920781
-0.00104744
-0.00116232
-0.00123452
-0.00128317
-0.00128058
-0.00124986
-0.0011734
-0.00107217
-0.000943637
-0.000799539
-0.000653771
-0.000503602
-0.000376015
-0.000253107
-0.000167074
-9.0114e-05
-4.91253e-05
-1.67999e-05
-3.46688e-06
3.31006e-06
2.45508e-05
4.3319e-05
0.000117586
0.000195076
0.000359795
0.000532547
0.000800222
0.00107688
0.00142768
0.00178376
0.00216972
0.00255251
0.00290897
0.00324708
0.003507
0.00372574
0.0038426
0.00390323
0.00392226
-0.00432666
-0.00432852
-0.00433441
-0.00424544
-0.00407923
-0.00381923
-0.00349643
-0.00311734
-0.00269947
-0.00227939
-0.00184371
-0.00145842
-0.00107751
-0.000783382
-0.000507865
-0.000328162
-0.000172644
-9.28623e-05
-3.32638e-05
-1.04036e-05
2.9511e-06
1.98915e-05
3.91329e-05
8.91757e-05
0.000148871
0.00024933
0.000361301
0.000505412
0.000654665
0.000813815
0.000965307
0.001099
0.00121076
0.00128157
0.0013207
0.0013081
0.00126315
0.001171
0.00105603
0.000910983
0.000759899
0.000601456
0.000455044
0.000321128
0.000211954
0.000125616
6.67148e-05
2.89358e-05
1.04666e-05
1.56483e-06
-3.52871e-06
-1.4688e-05
-3.85154e-05
-8.12316e-05
-0.000147138
-0.000236608
-0.000349023
-0.000479643
-0.000621368
-0.000767985
-0.000905852
-0.00103237
-0.00112906
-0.00120118
-0.00122879
-0.0012262
-0.00117648
-0.00110011
-0.000987605
-0.00085922
-0.000716007
-0.000570407
-0.000434396
-0.000306957
-0.000207971
-0.000122037
-7.10861e-05
-3.01706e-05
-1.46371e-05
-1.33223e-06
1.08107e-05
3.19542e-05
8.67333e-05
0.000160307
0.000300443
0.000463261
0.000709025
0.000973291
0.00131215
0.00165812
0.00204738
0.00242752
0.00280605
0.00315654
0.00345961
0.00371469
0.0038912
0.00400586
0.00403809
0.00405694
-0.0044338
-0.00444689
-0.00448149
-0.00441869
-0.00426961
-0.00403874
-0.00372413
-0.00336561
-0.00294279
-0.00252425
-0.00207088
-0.00166574
-0.00125978
-0.000929892
-0.000629466
-0.000408793
-0.000235879
-0.00012207
-5.67421e-05
-1.57596e-05
-7.21558e-06
9.83374e-06
1.87014e-05
5.49746e-05
0.000104115
0.000183439
0.000288135
0.000410764
0.000558209
0.000701245
0.000856092
0.000982549
0.00110078
0.00117409
0.00122013
0.00121824
0.00117848
0.00110221
0.000989879
0.000862315
0.000711851
0.000569304
0.000422887
0.00030113
0.000192735
0.000113992
5.73418e-05
2.30552e-05
7.98397e-06
-5.28203e-08
-1.71692e-06
-1.25909e-05
-3.42357e-05
-7.51384e-05
-0.000140846
-0.000225318
-0.000339255
-0.000460933
-0.00060466
-0.000738816
-0.000877436
-0.000989651
-0.00108442
-0.00114308
-0.00116569
-0.00115362
-0.00109685
-0.00101769
-0.000898282
-0.000775211
-0.000627838
-0.000495027
-0.000359515
-0.0002494
-0.000155861
-8.69636e-05
-4.44822e-05
-1.44344e-05
-7.32622e-06
6.6374e-06
1.50491e-05
5.15847e-05
0.000111512
0.000213086
0.000368046
0.000563668
0.00083024
0.00112187
0.00148125
0.00184038
0.00224361
0.00261849
0.00300002
0.00332933
0.00362424
0.00385176
0.00401317
0.00410443
0.00411722
0.00412644
-0.00450515
-0.00453256
-0.00456233
-0.00453495
-0.00439074
-0.00420027
-0.00389144
-0.00356045
-0.00314363
-0.00272649
-0.00227813
-0.00184616
-0.00144347
-0.00106594
-0.000766542
-0.000491528
-0.000317623
-0.000158855
-9.15672e-05
-2.66745e-05
-1.65408e-05
6.87131e-07
9.98787e-06
2.81798e-05
7.66117e-05
0.000128706
0.000231395
0.000326364
0.000471293
0.000593603
0.000746154
0.00086333
0.000980145
0.00105669
0.00110258
0.0011145
0.00107587
0.00102006
0.000909783
0.000804715
0.000656652
0.000534552
0.000390251
0.00028413
0.000177114
0.000108135
5.1983e-05
2.21873e-05
6.92856e-06
4.37453e-09
-2.09049e-06
-1.26006e-05
-3.4403e-05
-7.29825e-05
-0.000138176
-0.000216235
-0.000328852
-0.000439043
-0.000580824
-0.00069896
-0.00083545
-0.000929261
-0.00102227
-0.0010636
-0.00108533
-0.00106101
-0.0010045
-0.000921699
-0.000803622
-0.000687357
-0.000542025
-0.000425656
-0.00029232
-0.000204507
-0.000112658
-6.57072e-05
-2.37906e-05
-8.01293e-06
-4.98357e-07
1.43614e-05
2.41155e-05
8.09578e-05
0.000142464
0.000281035
0.000436689
0.000675814
0.000941364
0.00126941
0.00162595
0.00200284
0.00240191
0.00277013
0.00314687
0.00344751
0.00373799
0.003927
0.00408456
0.00414385
0.0041602
0.0041571
-0.00451234
-0.00453973
-0.00455366
-0.00452613
-0.00442162
-0.0042316
-0.00397551
-0.00364607
-0.00327533
-0.00286075
-0.00243691
-0.00200799
-0.00160105
-0.00122648
-0.00089598
-0.000623306
-0.000401771
-0.00024439
-0.000129286
-6.48944e-05
-2.31723e-05
-6.00533e-06
9.67289e-06
2.78473e-05
5.88158e-05
0.000110862
0.00017962
0.000274502
0.000378962
0.00050116
0.000618198
0.000735266
0.000831267
0.000907743
0.000952861
0.000964774
0.000945024
0.00088926
0.000811756
0.000706785
0.000596331
0.000474344
0.000363137
0.000257114
0.000171995
0.00010308
5.55858e-05
2.58176e-05
8.8985e-06
1.98068e-06
-5.55047e-06
-1.6051e-05
-3.94067e-05
-7.79507e-05
-0.000134823
-0.000212811
-0.000305052
-0.000415141
-0.000526948
-0.000644975
-0.000748286
-0.000842012
-0.00090698
-0.000948269
-0.000954759
-0.000930465
-0.000876033
-0.000793311
-0.000694461
-0.000578304
-0.000464319
-0.000348057
-0.000249603
-0.000161871
-9.86371e-05
-5.17293e-05
-2.39799e-05
-8.21675e-06
5.31931e-06
2.01262e-05
5.64278e-05
0.000112846
0.000213078
0.000350511
0.000542828
0.000780094
0.00106658
0.00139238
0.00174596
0.0021207
0.00249199
0.0028587
0.00318976
0.00348995
0.00373027
0.00391981
0.00403955
0.00409946
0.00411854
0.00411549
-0.00448664
-0.00451541
-0.00459179
-0.00456797
-0.00449638
-0.00431227
-0.00408458
-0.00376233
-0.00340452
-0.00299633
-0.00256531
-0.00214017
-0.00170844
-0.00133431
-0.0009689
-0.000693714
-0.000437938
-0.000276381
-0.000138592
-7.02855e-05
-2.34338e-05
-4.32311e-06
3.26349e-07
1.77791e-05
2.76523e-05
7.64402e-05
0.000120756
0.000210801
0.000294037
0.000411145
0.000514637
0.000627731
0.000719656
0.000794309
0.000844173
0.000856828
0.000848368
0.00079562
0.00073302
0.000632462
0.000537781
0.000420456
0.00032384
0.000221689
0.000148822
8.23883e-05
4.45077e-05
1.58331e-05
6.30557e-06
-3.56141e-07
-1.77754e-06
-1.20023e-05
-2.92949e-05
-6.67217e-05
-0.000116329
-0.00019189
-0.00027474
-0.000381173
-0.000481227
-0.000594986
-0.000684917
-0.000774736
-0.000826496
-0.000865255
-0.000861338
-0.000836616
-0.000777443
-0.000696581
-0.000600867
-0.000488418
-0.000386056
-0.000274397
-0.000194379
-0.000110933
-6.89182e-05
-2.48589e-05
-1.53776e-05
-2.71971e-07
3.5835e-06
1.99256e-05
5.99793e-05
0.000119422
0.000237481
0.000377908
0.00059651
0.000835127
0.00114697
0.00147148
0.00184072
0.00221138
0.00258299
0.00294364
0.00325821
0.00355197
0.00376339
0.0039478
0.00403674
0.0040933
0.00406812
0.00406373
-0.00442679
-0.0044629
-0.00453894
-0.00453737
-0.00446515
-0.00431471
-0.00408667
-0.00380043
-0.0034429
-0.00306278
-0.00263266
-0.00222073
-0.00179021
-0.0014121
-0.00104789
-0.000754352
-0.000499507
-0.000312786
-0.000175524
-8.51303e-05
-3.84524e-05
-8.53165e-06
-3.90369e-06
9.73468e-06
1.95997e-05
5.15391e-05
9.58195e-05
0.000160923
0.000244093
0.000335032
0.000438442
0.000531183
0.000623035
0.00068843
0.000738255
0.000754839
0.000746385
0.000709203
0.000646653
0.000568788
0.000474182
0.000380788
0.000284248
0.000201955
0.000129146
7.54381e-05
3.75874e-05
1.45227e-05
5.00266e-06
-3.45098e-07
-1.76537e-06
-1.05869e-05
-2.78658e-05
-5.9592e-05
-0.00010916
-0.000172324
-0.000255109
-0.000342824
-0.000442799
-0.000534672
-0.000624532
-0.000694266
-0.000745985
-0.000771668
-0.000767754
-0.000740705
-0.000681578
-0.000610136
-0.000514498
-0.000421017
-0.000318736
-0.000230715
-0.00015076
-8.9401e-05
-4.74198e-05
-1.80839e-05
-8.61046e-06
3.01334e-06
6.85193e-06
3.17254e-05
7.16416e-05
0.000148124
0.000265777
0.000424313
0.000642241
0.000891557
0.00120262
0.00152438
0.00189298
0.00224571
0.00261715
0.0029474
0.00326254
0.00351994
0.0037326
0.00388377
0.00397405
0.00400868
0.00398399
0.00397237
-0.00437122
-0.00441414
-0.00448765
-0.00450795
-0.00443454
-0.00431698
-0.00408766
-0.0038357
-0.00347796
-0.00312432
-0.0026947
-0.00229533
-0.00186576
-0.00148414
-0.00112101
-0.000810507
-0.000556525
-0.000346499
-0.000209726
-9.88776e-05
-5.23606e-05
-1.2429e-05
-7.82097e-06
2.28509e-06
1.21425e-05
2.84791e-05
7.2727e-05
0.000114733
0.000197842
0.000264546
0.00036788
0.000441773
0.000533558
0.00059038
0.000640168
0.00066039
0.000651943
0.000629176
0.000566672
0.000509822
0.000415285
0.000344052
0.000247584
0.00018368
0.000110925
6.90018e-05
3.11789e-05
1.33091e-05
3.79608e-06
-3.34872e-07
-1.7541e-06
-9.27609e-06
-2.65423e-05
-5.29894e-05
-0.000102521
-0.000154204
-0.000236928
-0.00030731
-0.000407212
-0.000478818
-0.000568611
-0.000619746
-0.000671428
-0.000685001
-0.00068109
-0.000651885
-0.000592802
-0.000530083
-0.000434515
-0.0003586
-0.000256394
-0.000190262
-0.000110367
-6.94614e-05
-2.75109e-05
-1.18099e-05
-2.34367e-06
6.05573e-06
9.8787e-06
4.26527e-05
8.24417e-05
0.000174704
0.000291982
0.000467287
0.00068459
0.000943796
0.00125415
0.00157322
0.00194137
0.00227723
0.00264878
0.00295049
0.00326655
0.00348947
0.00370409
0.00382305
0.00391502
0.00392828
0.00390592
0.00388758
-0.0042885
-0.00433129
-0.00436838
-0.00438706
-0.00433279
-0.00421313
-0.00401826
-0.00376507
-0.00345059
-0.00309668
-0.00270953
-0.00231057
-0.00191295
-0.00153211
-0.00118364
-0.000873993
-0.000615798
-0.000406383
-0.000251086
-0.00014049
-7.09771e-05
-3.10667e-05
-1.01558e-05
-9.38337e-08
1.24339e-05
2.87195e-05
6.07381e-05
0.000102656
0.00016247
0.000229066
0.000305643
0.000379437
0.000449818
0.00050658
0.000547243
0.00056746
0.000564824
0.00054211
0.000497989
0.000441231
0.000371397
0.000300269
0.000227216
0.000163403
0.00010673
6.48661e-05
3.34791e-05
1.56348e-05
4.93537e-06
8.10344e-07
-4.15971e-06
-1.16732e-05
-2.86938e-05
-5.51094e-05
-9.61491e-05
-0.000147768
-0.000212913
-0.000283203
-0.000359684
-0.000431189
-0.000497958
-0.000549011
-0.000585039
-0.000598572
-0.000591499
-0.000562309
-0.000513855
-0.000451201
-0.000376896
-0.000301078
-0.00022413
-0.0001581
-9.95748e-05
-5.87496e-05
-2.78692e-05
-1.22137e-05
-6.9919e-07
7.66116e-06
2.48733e-05
5.7629e-05
0.000115518
0.000207578
0.000337739
0.000512582
0.000729228
0.000987847
0.00128054
0.0015992
0.00193451
0.00227043
0.00260025
0.00290278
0.003177
0.00340173
0.00358296
0.00370453
0.00377657
0.00379169
0.00378822
0.00377003
-0.00418783
-0.00423047
-0.00429616
-0.00431384
-0.00427889
-0.00415769
-0.00398953
-0.00373511
-0.003448
-0.00309346
-0.0027285
-0.00232946
-0.00194456
-0.00156399
-0.00121718
-0.000907928
-0.000641907
-0.000432837
-0.000264992
-0.000154579
-7.43164e-05
-3.44486e-05
-9.94522e-06
1.10641e-07
6.86987e-06
2.31452e-05
4.12301e-05
8.31216e-05
0.000124383
0.000190937
0.00024928
0.000323028
0.000380374
0.000437099
0.000473288
0.000493493
0.000495808
0.000473108
0.000441573
0.000384851
0.000331522
0.000260439
0.000203527
0.000139754
9.55017e-05
5.36638e-05
2.96324e-05
1.17993e-05
4.35829e-06
2.35858e-07
-2.87e-06
-1.03788e-05
-2.36975e-05
-5.00966e-05
-8.32091e-05
-0.000134796
-0.000187275
-0.00025752
-0.000318282
-0.000389741
-0.000441129
-0.00049215
-0.000517116
-0.00053064
-0.000520039
-0.000490867
-0.000447725
-0.000385111
-0.000323832
-0.000248061
-0.000188546
-0.000122557
-8.13526e-05
-4.05531e-05
-2.25226e-05
-6.87697e-06
-8.64667e-07
7.49064e-06
2.71315e-05
5.98561e-05
0.000125599
0.000217528
0.00035584
0.000530465
0.000749751
0.0010082
0.00129413
0.00161286
0.00193125
0.00226769
0.0025725
0.00287621
0.00312166
0.00334827
0.00350226
0.00362601
0.0036783
0.00369474
0.00366893
0.00365089
-0.00408273
-0.00412562
-0.00421896
-0.00423811
-0.00421673
-0.00409977
-0.00394774
-0.00370043
-0.00342772
-0.00308199
-0.00272706
-0.00233664
-0.00195618
-0.00158225
-0.00123422
-0.000928489
-0.00065705
-0.000448275
-0.000273897
-0.000161572
-7.71368e-05
-3.49593e-05
-1.0843e-05
1.67933e-07
1.79337e-06
1.66473e-05
2.59511e-05
6.40721e-05
9.49731e-05
0.000156381
0.000205273
0.000274036
0.000325055
0.000378497
0.00041285
0.000432462
0.000437617
0.00041712
0.000392122
0.000339618
0.000294752
0.000228577
0.000180084
0.00012057
8.31639e-05
4.40853e-05
2.46964e-05
8.04777e-06
3.43139e-06
-4.18559e-07
-1.36171e-06
-8.44191e-06
-1.88541e-05
-4.36814e-05
-7.20856e-05
-0.000120496
-0.000166216
-0.000231977
-0.000284655
-0.000351298
-0.000394799
-0.000441991
-0.000461115
-0.000472968
-0.000460158
-0.000432047
-0.000391125
-0.000332044
-0.000277111
-0.000206314
-0.000155896
-9.48654e-05
-6.34064e-05
-2.6183e-05
-1.62905e-05
-2.05014e-06
-8.33071e-07
8.18599e-06
2.70853e-05
6.14987e-05
0.000130039
0.000223035
0.000365451
0.000538901
0.000760442
0.00101463
0.00129842
0.00161001
0.00192098
0.00224855
0.00254124
0.00283606
0.0030662
0.00328562
0.00342353
0.00354271
0.003582
0.00359627
0.00355066
0.00353199
-0.00397831
-0.0040221
-0.0041148
-0.00414123
-0.00411782
-0.00401782
-0.00386333
-0.00364001
-0.00336523
-0.00304634
-0.00269006
-0.00232445
-0.00194328
-0.00158774
-0.00123949
-0.000943115
-0.000671765
-0.000463453
-0.000289267
-0.000171627
-8.73168e-05
-3.89426e-05
-1.48558e-05
-1.32464e-06
2.99841e-07
1.15191e-05
2.08178e-05
4.92955e-05
8.01798e-05
0.000128435
0.0001773
0.00023333
0.000284321
0.000329384
0.000363719
0.000381831
0.000386983
0.000372121
0.000347137
0.00030541
0.000260568
0.00020693
0.000158462
0.000109825
7.24396e-05
4.04074e-05
2.10289e-05
7.40516e-06
2.79127e-06
-3.6283e-07
-1.30547e-06
-7.29208e-06
-1.76986e-05
-3.85148e-05
-6.69037e-05
-0.000107208
-0.000152903
-0.000207211
-0.000259861
-0.000314203
-0.000357681
-0.000395087
-0.000414201
-0.000421773
-0.00040897
-0.000383555
-0.000342655
-0.000292588
-0.000237684
-0.000179589
-0.000129198
-8.08399e-05
-4.93979e-05
-2.13196e-05
-1.14324e-05
-7.85971e-07
4.30379e-07
1.12031e-05
3.008e-05
6.9028e-05
0.000137475
0.000233481
0.000375773
0.000546306
0.000767864
0.00101059
0.00129475
0.00158647
0.00189831
0.00220025
0.0024945
0.0027621
0.00299456
0.00318965
0.00333032
0.00343173
0.00347331
0.00347872
0.0034338
0.00341326
-0.00388162
-0.00392623
-0.00401835
-0.00405152
-0.00402622
-0.00394192
-0.00378516
-0.00358406
-0.00330737
-0.00301333
-0.00265579
-0.00231316
-0.00193134
-0.00159284
-0.00124438
-0.000956659
-0.000685391
-0.000477508
-0.000303501
-0.000180939
-9.67441e-05
-4.26315e-05
-1.85718e-05
-2.70686e-06
-1.08326e-06
6.77001e-06
1.60641e-05
3.56115e-05
6.64804e-05
0.000102554
0.000151396
0.000195634
0.0002466
0.000283903
0.00031822
0.000334943
0.000340092
0.000330449
0.000305477
0.00027373
0.000228911
0.000186883
0.00013844
9.98751e-05
6.25082e-05
3.70013e-05
1.76325e-05
6.81006e-06
2.19848e-06
-3.11221e-07
-1.25339e-06
-6.22727e-06
-1.66286e-05
-3.37303e-05
-6.21049e-05
-9.49016e-05
-0.000140574
-0.000184277
-0.0002369
-0.000279851
-0.000323307
-0.000351651
-0.000370755
-0.000374363
-0.000361567
-0.000338648
-0.000297768
-0.000256049
-0.000201173
-0.000154841
-0.000104475
-6.78515e-05
-3.64252e-05
-1.68157e-05
-6.93349e-06
3.84732e-07
1.60041e-06
1.39972e-05
3.28532e-05
7.60006e-05
0.000144361
0.000243154
0.000385332
0.000553164
0.000774737
0.00100685
0.00129134
0.00156467
0.00187732
0.00215552
0.00245122
0.00269361
0.00292821
0.00310078
0.00324399
0.00332895
0.00337266
0.00336986
0.00332559
0.0033033
-0.00379141
-0.00383673
-0.00392522
-0.00396488
-0.00393761
-0.00386818
-0.00370931
-0.00352871
-0.0032509
-0.00297941
-0.00262192
-0.00229992
-0.001919
-0.00159568
-0.00124843
-0.00096837
-0.000698102
-0.00049058
-0.00031702
-0.000190131
-0.000105784
-4.66584e-05
-2.21486e-05
-4.26008e-06
-2.28024e-06
2.6769e-06
1.19323e-05
2.3796e-05
5.41767e-05
7.97701e-05
0.000127847
0.000161939
0.000212155
0.000242782
0.000276644
0.000292172
0.00029732
0.000292166
0.000267628
0.000244468
0.000200342
0.000168304
0.000120565
9.06676e-05
5.38048e-05
3.39127e-05
1.47564e-05
6.34428e-06
1.7124e-06
-2.42815e-07
-1.2661e-06
-5.36851e-06
-1.57106e-05
-2.9616e-05
-5.76555e-05
-8.39922e-05
-0.00012905
-0.000163627
-0.000215494
-0.000248642
-0.00029143
-0.000311976
-0.000330731
-0.000330928
-0.000318236
-0.000297466
-0.000257121
-0.000222585
-0.000168496
-0.000132285
-8.26836e-05
-5.61574e-05
-2.52142e-05
-1.28913e-05
-3.07186e-06
1.38272e-06
2.88774e-06
1.66928e-05
3.59065e-05
8.27265e-05
0.000151166
0.000252428
0.000394154
0.000559666
0.000780315
0.00100314
0.00128654
0.00154363
0.00185551
0.00211263
0.00240832
0.00262816
0.00286384
0.00301602
0.00316123
0.00323108
0.0032766
0.00326628
0.00322449
0.00320071
-0.00370045
-0.00374565
-0.00380801
-0.00384608
-0.00382363
-0.00375122
-0.00360752
-0.00342387
-0.00317087
-0.00289698
-0.0025697
-0.00224614
-0.00189496
-0.00157083
-0.00124733
-0.000967056
-0.000710877
-0.000503502
-0.000333525
-0.000206857
-0.000118091
-5.90772e-05
-2.72216e-05
-9.34766e-06
-2.37153e-06
2.58347e-06
1.13863e-05
2.32449e-05
4.74268e-05
7.30092e-05
0.000111386
0.000145463
0.000186178
0.000216792
0.000244914
0.000260434
0.000265601
0.000260449
0.000241433
0.000218283
0.000182949
0.000150925
0.00011211
8.22249e-05
5.17312e-05
3.18477e-05
1.53562e-05
6.9477e-06
2.0249e-06
7.05281e-08
-2.01697e-06
-6.11762e-06
-1.57449e-05
-2.96443e-05
-5.34681e-05
-7.97936e-05
-0.000117081
-0.000151643
-0.00019393
-0.000227065
-0.000261372
-0.00028191
-0.000296206
-0.000296403
-0.000284993
-0.000264232
-0.000230642
-0.000196121
-0.000151991
-0.000115795
-7.58938e-05
-4.9379e-05
-2.45639e-05
-1.22463e-05
-3.19061e-06
1.26206e-06
6.80203e-06
2.05959e-05
4.56349e-05
9.23671e-05
0.000163645
0.000264743
0.000401903
0.000567343
0.000773983
0.000997086
0.00125792
0.00151585
0.00179984
0.00205851
0.00232583
0.00254801
0.00275992
0.00291509
0.00304487
0.00311769
0.00315654
0.00314783
0.00312089
0.00309724
-0.00361509
-0.00366017
-0.00370112
-0.00373773
-0.00371958
-0.00364444
-0.00351452
-0.00332808
-0.00309761
-0.00282151
-0.00252167
-0.00219666
-0.00187248
-0.00154759
-0.00124567
-0.000965182
-0.000721878
-0.000514623
-0.000348041
-0.000221565
-0.000128951
-7.00356e-05
-3.16628e-05
-1.38019e-05
-2.45638e-06
2.49665e-06
1.07264e-05
2.25802e-05
4.10228e-05
6.6595e-05
9.61034e-05
0.000130167
0.000162235
0.000192836
0.000215751
0.000231265
0.000236465
0.000231316
0.000217336
0.000194195
0.000166877
0.000134865
0.000104196
7.43228e-05
4.96703e-05
2.97947e-05
1.57954e-05
7.39032e-06
2.28608e-06
3.32487e-07
-2.63609e-06
-6.7351e-06
-1.56336e-05
-2.95274e-05
-4.94551e-05
-7.57701e-05
-0.000105947
-0.000140496
-0.000174041
-0.000207162
-0.000233736
-0.000254265
-0.000264487
-0.000264683
-0.000254421
-0.000233668
-0.000206213
-0.000171706
-0.000136649
-0.000100467
-6.94449e-05
-4.29407e-05
-2.38046e-05
-1.14919e-05
-3.2816e-06
1.1693e-06
1.02243e-05
2.40081e-05
5.42066e-05
0.000100861
0.000174575
0.00027553
0.000408409
0.000573795
0.0007676
0.000990975
0.00123123
0.00148994
0.00174854
0.00200864
0.00225008
0.00247443
0.00266465
0.00282257
0.00293826
0.0030138
0.00304661
0.00303938
0.00302435
0.00300083
-0.00351728
-0.00356223
-0.00362373
-0.00365929
-0.00364738
-0.00357033
-0.00345114
-0.00326274
-0.00304594
-0.00276823
-0.00248346
-0.00215727
-0.00184755
-0.00152186
-0.00123178
-0.000950834
-0.000715425
-0.000507981
-0.000345286
-0.000218774
-0.000127293
-6.83815e-05
-3.03616e-05
-1.25056e-05
-2.5405e-06
2.4107e-06
7.24101e-06
1.90904e-05
3.22359e-05
5.77986e-05
8.12427e-05
0.000115294
0.000142176
0.000172766
0.000192872
0.000208381
0.000213919
0.000208771
0.00019804
0.000174907
0.000152636
0.000120636
9.53083e-05
6.54464e-05
4.514e-05
2.52717e-05
1.40372e-05
5.63519e-06
2.0022e-06
4.93277e-08
-1.78901e-06
-5.8865e-06
-1.28652e-05
-2.67539e-05
-4.32183e-05
-6.95236e-05
-9.47075e-05
-0.000129243
-0.000157117
-0.000190226
-0.000211855
-0.000232377
-0.000239824
-0.000240021
-0.000230076
-0.00020933
-0.000185307
-0.000150813
-0.000121383
-8.52148e-05
-6.04718e-05
-3.39773e-05
-2.01743e-05
-7.86623e-06
-3.01225e-06
1.437e-06
9.1219e-06
2.29021e-05
5.26248e-05
9.92786e-05
0.000171538
0.000272534
0.000400992
0.000566566
0.000751746
0.000975578
0.00120309
0.00146261
0.00170571
0.00196703
0.00219233
0.00241836
0.00259391
0.00275391
0.00285794
0.00293553
0.0029611
0.00295502
0.0029251
0.0029017
-0.0034267
-0.00347153
-0.00355206
-0.00358664
-0.00358051
-0.0035017
-0.00339244
-0.00320223
-0.0029981
-0.00271889
-0.00244807
-0.0021208
-0.00182446
-0.00149804
-0.00121892
-0.000937548
-0.000709448
-0.00050183
-0.000342736
-0.000216189
-0.000125758
-6.68497e-05
-2.91567e-05
-1.13052e-05
-2.6184e-06
2.33111e-06
4.01329e-06
1.58587e-05
2.40986e-05
4.96527e-05
6.74808e-05
0.00010152
0.0001236
0.00015418
0.000171685
0.000187189
0.00019304
0.000187894
0.00018017
0.000157045
0.000139448
0.000107459
8.70779e-05
5.72263e-05
4.09446e-05
2.10831e-05
1.2409e-05
4.00982e-06
1.73931e-06
-2.12895e-07
-1.00455e-06
-5.10065e-06
-1.03015e-05
-2.41855e-05
-3.74426e-05
-6.37389e-05
-8.4299e-05
-0.000118823
-0.000141444
-0.000174542
-0.000191592
-0.000212107
-0.000216986
-0.000217182
-0.000207531
-0.000186792
-0.000165947
-0.000131464
-0.000107246
-7.109e-05
-5.21621e-05
-2.56767e-05
-1.68125e-05
-4.50861e-06
-2.76282e-06
1.68491e-06
8.10103e-06
2.18779e-05
5.11599e-05
9.78129e-05
0.000168726
0.000269759
0.000394123
0.000559872
0.000737066
0.00096132
0.00117703
0.00143729
0.00166605
0.00192849
0.00213885
0.00236644
0.00252841
0.00269032
0.00278355
0.00286306
0.00288192
0.0028769
0.00283318
0.0028099
-0.00337262
-0.00341731
-0.00350384
-0.00353956
-0.00353338
-0.00345777
-0.00334976
-0.00316422
-0.00296262
-0.00268906
-0.00242166
-0.00210028
-0.0018075
-0.00148631
-0.00121023
-0.000932631
-0.000706618
-0.000500971
-0.000342925
-0.000216745
-0.000126616
-6.71554e-05
-2.95682e-05
-1.11198e-05
-2.86634e-06
2.02193e-06
2.65631e-06
1.35117e-05
2.01178e-05
4.39534e-05
5.99094e-05
9.20436e-05
0.000112521
0.000141652
0.000158289
0.000173285
0.00017924
0.000174667
0.000167944
0.000146234
0.000130196
9.99656e-05
8.12344e-05
5.29503e-05
3.80111e-05
1.91711e-05
1.13506e-05
3.38266e-06
1.56594e-06
-2.8724e-07
-7.30479e-07
-4.63742e-06
-9.24564e-06
-2.24688e-05
-3.46562e-05
-5.96644e-05
-7.86819e-05
-0.00011145
-0.000132319
-0.000163622
-0.000179145
-0.000198367
-0.00020239
-0.00020223
-0.000192678
-0.000172672
-0.000152887
-0.000120013
-9.75335e-05
-6.33553e-05
-4.6366e-05
-2.16121e-05
-1.4393e-05
-3.09283e-06
-2.38157e-06
1.9337e-06
7.92115e-06
2.21435e-05
5.12813e-05
9.8282e-05
0.00016879
0.000269261
0.000392404
0.000556057
0.000730934
0.000951379
0.00116379
0.00141885
0.00164377
0.00190034
0.00210704
0.00232892
0.00248821
0.00264523
0.00273716
0.00281304
0.00283189
0.00282516
0.00277716
0.00275375
-0.0033377
-0.00338209
-0.00346839
-0.00350493
-0.00349798
-0.00342587
-0.00331689
-0.0031373
-0.0029348
-0.00266888
-0.0024008
-0.00208753
-0.00179429
-0.00148034
-0.00120398
-0.000931629
-0.000705509
-0.000502559
-0.000344515
-0.000218758
-0.00012866
-6.8338e-05
-3.07662e-05
-1.14383e-05
-3.18728e-06
1.61328e-06
2.24747e-06
1.16737e-05
1.82778e-05
3.96337e-05
5.5585e-05
8.49705e-05
0.000105442
0.000132485
0.000149117
0.000163382
0.000169335
0.00016559
0.000158869
0.000139199
0.000123165
9.54724e-05
7.67467e-05
5.07237e-05
3.57888e-05
1.84221e-05
1.06039e-05
3.25798e-06
1.44179e-06
-2.68562e-07
-7.1167e-07
-4.34585e-06
-8.95272e-06
-2.1223e-05
-3.34067e-05
-5.65575e-05
-7.55693e-05
-0.000105804
-0.000126667
-0.000155382
-0.000170901
-0.000188256
-0.000192278
-0.000191603
-0.000182054
-0.000163102
-0.000143323
-0.000112768
-9.0295e-05
-5.89695e-05
-4.19852e-05
-1.97298e-05
-1.25128e-05
-2.6615e-06
-1.95044e-06
2.17407e-06
8.15974e-06
2.3039e-05
5.2165e-05
9.97179e-05
0.000170203
0.000269948
0.000393097
0.000553856
0.000728842
0.000944002
0.00115668
0.00140458
0.00162996
0.00187853
0.0020859
0.0023002
0.00246037
0.00261134
0.00270425
0.00277626
0.00279591
0.0027877
0.00273995
0.00271644
-0.00330536
-0.00334948
-0.00343556
-0.00347286
-0.0034652
-0.00339633
-0.00328646
-0.00311236
-0.00290905
-0.00265019
-0.00238148
-0.00207573
-0.00178205
-0.00147481
-0.0011982
-0.0009307
-0.000704481
-0.00050403
-0.000345988
-0.000220622
-0.000130553
-6.94332e-05
-3.18756e-05
-1.17332e-05
-3.48449e-06
1.23485e-06
1.86887e-06
9.97155e-06
1.65739e-05
3.56334e-05
5.15804e-05
7.84203e-05
9.8886e-05
0.000123995
0.000140623
0.000154212
0.000160163
0.000157184
0.000150465
0.000132685
0.000116655
9.13114e-05
7.25908e-05
4.86617e-05
3.37309e-05
1.77286e-05
9.91251e-06
3.14252e-06
1.32683e-06
-2.51264e-07
-6.94252e-07
-4.07584e-06
-8.68146e-06
-2.00692e-05
-3.22497e-05
-5.36802e-05
-7.26869e-05
-0.000100577
-0.000121433
-0.000147751
-0.000163266
-0.000178893
-0.000182913
-0.000181762
-0.000172216
-0.00015424
-0.000134467
-0.000106059
-8.35918e-05
-5.49079e-05
-3.79282e-05
-1.79866e-05
-1.07716e-05
-2.26206e-06
-1.55119e-06
2.39666e-06
8.3807e-06
2.38683e-05
5.29834e-05
0.000101048
0.000171512
0.000270584
0.00039374
0.000551818
0.000726904
0.000937171
0.00115009
0.00139137
0.00161716
0.00185834
0.00206633
0.00227361
0.0024346
0.00257996
0.00267378
0.0027422
0.00276258
0.00275302
0.00270548
0.00268188
-0.00327541
-0.00331929
-0.00340516
-0.00344316
-0.00343484
-0.00336898
-0.00325828
-0.00308927
-0.00288519
-0.00263289
-0.00236358
-0.0020648
-0.00177072
-0.00146969
-0.00119284
-0.00092984
-0.000703529
-0.000505391
-0.000347352
-0.000222347
-0.000132306
-7.04474e-05
-3.29031e-05
-1.20064e-05
-3.75972e-06
8.84398e-07
1.51826e-06
8.39528e-06
1.4996e-05
3.19289e-05
4.78719e-05
7.23545e-05
9.2815e-05
0.000116133
0.000132757
0.000145719
0.000151669
0.000149399
0.000142683
0.000126652
0.000110626
8.7458e-05
6.87421e-05
4.67521e-05
3.18251e-05
1.70863e-05
9.27219e-06
3.0356e-06
1.22036e-06
-2.35245e-07
-6.78122e-07
-3.82579e-06
-8.43025e-06
-1.90008e-05
-3.11782e-05
-5.10157e-05
-7.00176e-05
-9.57351e-05
-0.000116587
-0.000140684
-0.000156195
-0.000170222
-0.000174241
-0.000172649
-0.000163105
-0.000146033
-0.000126265
-9.98453e-05
-7.73841e-05
-5.11467e-05
-3.41713e-05
-1.63723e-05
-9.1591e-06
-1.89215e-06
-1.18147e-06
2.6028e-06
8.58531e-06
2.46363e-05
5.37413e-05
0.000102279
0.000172723
0.000271174
0.000394335
0.000549931
0.00072511
0.000930845
0.001144
0.00137913
0.00160532
0.00183964
0.0020482
0.00224898
0.00241072
0.0025509
0.00264556
0.00271065
0.00273172
0.0027209
0.00267357
0.00264988
-0.00324768
-0.00329132
-0.00337701
-0.00341566
-0.00340673
-0.00334364
-0.00323218
-0.00306789
-0.0028631
-0.00261686
-0.00234701
-0.00205467
-0.00176022
-0.00146495
-0.00118788
-0.000929044
-0.000702648
-0.000506653
-0.000348615
-0.000223946
-0.000133929
-7.13867e-05
-3.38545e-05
-1.22593e-05
-4.01461e-06
5.59858e-07
1.19357e-06
6.93557e-06
1.35348e-05
2.84983e-05
4.44375e-05
6.67372e-05
8.71929e-05
0.000108853
0.000125472
0.000137854
0.000143803
0.00014219
0.000135475
0.000121065
0.000105043
8.38896e-05
6.51781e-05
4.49838e-05
3.00602e-05
1.64915e-05
8.67922e-06
2.93658e-06
1.12176e-06
-2.20411e-07
-6.63184e-07
-3.59423e-06
-8.19762e-06
-1.80114e-05
-3.01859e-05
-4.85482e-05
-6.75457e-05
-9.12517e-05
-0.000112099
-0.00013414
-0.000149647
-0.000162192
-0.000166211
-0.00016421
-0.000154668
-0.000138432
-0.000118669
-9.40914e-05
-7.16355e-05
-4.76635e-05
-3.06921e-05
-1.48774e-05
-7.66586e-06
-1.54959e-06
-8.39074e-07
2.79369e-06
8.7748e-06
2.53474e-05
5.44431e-05
0.000103419
0.000173845
0.00027172
0.000394886
0.000548184
0.000723449
0.000924987
0.00113835
0.0013678
0.00159434
0.00182232
0.00203141
0.00222618
0.00238862
0.00252399
0.00261942
0.00268144
0.00270315
0.00269115
0.00264401
0.00262025
-0.003222
-0.00326542
-0.00335094
-0.00339019
-0.0033807
-0.00332018
-0.00320802
-0.00304808
-0.00284265
-0.00260202
-0.00233167
-0.0020453
-0.0017505
-0.00146056
-0.00118329
-0.000928307
-0.000701832
-0.00050782
-0.000349784
-0.000225426
-0.000135433
-7.22564e-05
-3.47356e-05
-1.24936e-05
-4.25065e-06
2.59315e-07
8.92892e-07
5.58378e-06
1.21815e-05
2.53213e-05
4.12571e-05
6.15352e-05
8.19865e-05
0.000102111
0.000118726
0.000130571
0.000136518
0.000135515
0.000128801
0.000115891
9.98725e-05
8.0585e-05
6.18775e-05
4.33462e-05
2.84258e-05
1.59407e-05
8.13009e-06
2.84488e-06
1.03046e-06
-2.06674e-07
-6.49351e-07
-3.37979e-06
-7.98219e-06
-1.70951e-05
-2.9267e-05
-4.62631e-05
-6.52565e-05
-8.70998e-05
-0.000107942
-0.00012808
-0.000143584
-0.000154756
-0.000158774
-0.000156394
-0.000146854
-0.000131394
-0.000111635
-8.87629e-05
-6.63119e-05
-4.44379e-05
-2.74701e-05
-1.3493e-05
-6.28302e-06
-1.23236e-06
-5.21998e-07
2.97047e-06
8.95028e-06
2.6006e-05
5.5093e-05
0.000104476
0.000174884
0.000272225
0.000395397
0.000546565
0.00072191
0.000919562
0.00113312
0.0013573
0.00158418
0.00180628
0.00201586
0.00220506
0.00236815
0.00249907
0.00259522
0.00265439
0.00267668
0.00266361
0.00261664
0.00259281
-0.00319822
-0.00324144
-0.0033268
-0.0033666
-0.00335659
-0.00329846
-0.00318563
-0.00302974
-0.0028237
-0.00258827
-0.00231746
-0.00203662
-0.0017415
-0.00145649
-0.00117903
-0.000927624
-0.000701076
-0.000508902
-0.000350867
-0.000226797
-0.000136825
-7.30619e-05
-3.55516e-05
-1.27105e-05
-4.46923e-06
-1.90077e-08
6.14443e-07
4.33194e-06
1.09284e-05
2.23792e-05
3.83118e-05
5.67178e-05
7.7165e-05
9.58669e-05
0.000112479
0.000123827
0.000129772
0.000129332
0.00012262
0.000111099
9.50844e-05
7.75247e-05
5.8821e-05
4.18296e-05
2.69123e-05
1.54306e-05
7.62156e-06
2.75997e-06
9.45906e-07
-1.93952e-07
-6.36541e-07
-3.18121e-06
-7.78268e-06
-1.62465e-05
-2.8416e-05
-4.4147e-05
-6.31366e-05
-8.32548e-05
-0.000104093
-0.000122468
-0.000137968
-0.00014787
-0.000151887
-0.000149156
-0.000139619
-0.000124876
-0.000105121
-8.38284e-05
-6.13819e-05
-4.14508e-05
-2.44864e-05
-1.2211e-05
-5.00243e-06
-9.3859e-07
-2.28366e-07
3.13418e-06
9.11278e-06
2.66159e-05
5.56949e-05
0.000105454
0.000175847
0.000272693
0.000395869
0.000545066
0.000720485
0.000914538
0.00112828
0.00134759
0.00157477
0.00179143
0.00200146
0.0021855
0.00234919
0.00247599
0.00257281
0.00262933
0.00265218
0.0026381
0.0025913
0.0025674
-0.00320018
-0.00324328
-0.00332035
-0.00335938
-0.00335001
-0.00329071
-0.00317957
-0.00302272
-0.00281915
-0.00258314
-0.00231516
-0.00203406
-0.00174164
-0.00145656
-0.00118116
-0.000929765
-0.000704339
-0.000512189
-0.000354276
-0.000230179
-0.000139515
-7.56796e-05
-3.70613e-05
-1.41609e-05
-4.86293e-06
-4.19368e-07
8.7906e-07
4.49946e-06
1.12621e-05
2.25436e-05
3.82423e-05
5.64597e-05
7.65008e-05
9.50586e-05
0.000111339
0.000122635
0.000128484
0.0001281
0.000121551
0.00011017
9.44767e-05
7.70911e-05
5.87019e-05
4.1866e-05
2.71093e-05
1.5729e-05
7.86424e-06
3.04544e-06
1.00457e-06
-1.25456e-07
-8.39082e-07
-3.36491e-06
-8.1341e-06
-1.65322e-05
-2.86668e-05
-4.42698e-05
-6.30186e-05
-8.29625e-05
-0.000103452
-0.000121648
-0.00013685
-0.000146624
-0.00015054
-0.000147775
-0.0001384
-0.000123731
-0.000104342
-8.32092e-05
-6.11598e-05
-4.14246e-05
-2.46672e-05
-1.25625e-05
-5.19327e-06
-1.22792e-06
5.89058e-08
3.40802e-06
1.02566e-05
2.78042e-05
5.77527e-05
0.000107561
0.000178457
0.000275305
0.000398329
0.000547484
0.000721977
0.000916008
0.0011281
0.0013475
0.00157253
0.0017895
0.00199717
0.00218187
0.00234336
0.00247125
0.00256635
0.00262417
0.00264609
0.00263283
0.00259111
0.00256731
-0.00320455
-0.00324765
-0.00331559
-0.00335456
-0.00334484
-0.00328539
-0.00317479
-0.00301774
-0.00281573
-0.00257953
-0.00231375
-0.00203251
-0.00174233
-0.00145718
-0.00118356
-0.000932146
-0.000707673
-0.000515552
-0.000357647
-0.000233595
-0.000142147
-7.83397e-05
-3.8543e-05
-1.56486e-05
-5.24876e-06
-8.0596e-07
1.18212e-06
4.8019e-06
1.17371e-05
2.30167e-05
3.84731e-05
5.66873e-05
7.63077e-05
9.48623e-05
0.000110798
0.000122092
0.000127841
0.000127457
0.000121077
0.000109699
9.43387e-05
7.69561e-05
5.88927e-05
4.20597e-05
2.74692e-05
1.60908e-05
8.16819e-06
3.35022e-06
1.07411e-06
-5.57271e-08
-1.05045e-06
-3.57585e-06
-8.51906e-06
-1.69157e-05
-2.90144e-05
-4.46148e-05
-6.31142e-05
-8.30546e-05
-0.000103182
-0.000121376
-0.000136268
-0.00014604
-0.000149852
-0.000147087
-0.00013788
-0.000123214
-0.000104203
-8.30744e-05
-6.14365e-05
-4.17047e-05
-2.51614e-05
-1.30588e-05
-5.52286e-06
-1.55819e-06
3.26642e-07
3.67518e-06
1.14307e-05
2.89737e-05
5.98475e-05
0.000109634
0.000181105
0.000277918
0.000400891
0.000550024
0.000723763
0.000917809
0.00112857
0.00134803
0.00157141
0.00178848
0.00199457
0.00217941
0.00233977
0.0024678
0.00256251
0.00262045
0.00264257
0.00262937
0.00259353
0.00256972
-0.0032086
-0.0032517
-0.00331119
-0.00335009
-0.00334005
-0.00328047
-0.00317037
-0.00301312
-0.00281256
-0.00257619
-0.00231244
-0.00203107
-0.00174298
-0.00145776
-0.00118578
-0.000934352
-0.000710761
-0.000518667
-0.000360768
-0.000236758
-0.000144584
-8.08031e-05
-3.99152e-05
-1.70262e-05
-5.60607e-06
-1.16397e-06
1.46277e-06
5.08197e-06
1.2177e-05
2.34548e-05
3.86868e-05
5.68982e-05
7.61289e-05
9.46805e-05
0.000110298
0.00012159
0.000127246
0.000126862
0.000120639
0.000109262
9.42109e-05
7.68311e-05
5.90694e-05
4.22391e-05
2.78025e-05
1.6426e-05
8.44968e-06
3.63247e-06
1.1385e-06
8.84595e-09
-1.24619e-06
-3.77119e-06
-8.87555e-06
-1.72709e-05
-2.93363e-05
-4.49342e-05
-6.32027e-05
-8.314e-05
-0.000102933
-0.000121124
-0.000135729
-0.000145499
-0.000149214
-0.00014645
-0.000137398
-0.000122735
-0.000104075
-8.29495e-05
-6.16927e-05
-4.1964e-05
-2.56192e-05
-1.35185e-05
-5.82808e-06
-1.86404e-06
5.74582e-07
3.92259e-06
1.2518e-05
3.00567e-05
6.17875e-05
0.000111553
0.000183557
0.000280338
0.000403263
0.000552375
0.000725416
0.000919477
0.001129
0.00134852
0.00157037
0.00178754
0.00199216
0.00217713
0.00233644
0.00246462
0.00255896
0.002617
0.00263931
0.00262615
0.00259576
0.00257196
-0.00321235
-0.00325545
-0.00330711
-0.00334596
-0.00333562
-0.0032759
-0.00316627
-0.00300885
-0.00280963
-0.00257309
-0.00231122
-0.00202974
-0.00174358
-0.00145829
-0.00118784
-0.000936394
-0.00071362
-0.000521552
-0.000363659
-0.000239687
-0.000146841
-8.30844e-05
-4.11859e-05
-1.8302e-05
-5.93695e-06
-1.49551e-06
1.72268e-06
5.34134e-06
1.25843e-05
2.38604e-05
3.88847e-05
5.70934e-05
7.59633e-05
9.45122e-05
0.000109834
0.000121125
0.000126695
0.000126311
0.000120233
0.000108858
9.40925e-05
7.67153e-05
5.9233e-05
4.24052e-05
2.81112e-05
1.67363e-05
8.71035e-06
3.89386e-06
1.19813e-06
6.86446e-08
-1.42746e-06
-3.95209e-06
-9.20569e-06
-1.75998e-05
-2.96344e-05
-4.523e-05
-6.32846e-05
-8.3219e-05
-0.000102702
-0.00012089
-0.00013523
-0.000144999
-0.000148624
-0.00014586
-0.000136952
-0.000122291
-0.000103956
-8.28339e-05
-6.19299e-05
-4.22042e-05
-2.60431e-05
-1.39442e-05
-6.11073e-06
-2.14728e-06
8.04191e-07
4.1517e-06
1.35249e-05
3.10596e-05
6.3584e-05
0.000113331
0.000185828
0.000282579
0.000405459
0.000554553
0.000726947
0.000921021
0.00112941
0.00134897
0.00156941
0.00178667
0.00198992
0.00217502
0.00233335
0.00246167
0.00255567
0.00261381
0.0026363
0.00262318
0.00259783
0.00257403
-0.00321582
-0.00325892
-0.00330333
-0.00334213
-0.00333151
-0.00327168
-0.00316247
-0.00300489
-0.00280691
-0.00257023
-0.0023101
-0.00202851
-0.00174413
-0.00145878
-0.00118974
-0.000938285
-0.000716268
-0.000524223
-0.000366336
-0.0002424
-0.000148932
-8.5197e-05
-4.23626e-05
-1.94835e-05
-6.24337e-06
-1.80253e-06
1.96336e-06
5.58153e-06
1.29615e-05
2.42361e-05
3.9068e-05
5.72742e-05
7.58099e-05
9.43563e-05
0.000109405
0.000120694
0.000126184
0.000125801
0.000119857
0.000108484
9.39829e-05
7.66081e-05
5.93846e-05
4.2559e-05
2.8397e-05
1.70237e-05
8.95175e-06
4.13591e-06
1.25335e-06
1.24022e-07
-1.59533e-06
-4.11961e-06
-9.51142e-06
-1.79044e-05
-2.99105e-05
-4.55039e-05
-6.33605e-05
-8.32922e-05
-0.000102488
-0.000120673
-0.000134767
-0.000144535
-0.000148077
-0.000145314
-0.000136539
-0.00012188
-0.000103847
-8.27268e-05
-6.21496e-05
-4.24266e-05
-2.64356e-05
-1.43384e-05
-6.37249e-06
-2.40957e-06
1.01682e-06
4.36388e-06
1.44573e-05
3.19884e-05
6.52477e-05
0.000114977
0.000187931
0.000284655
0.000407493
0.00055657
0.000728365
0.000922451
0.00112978
0.00134939
0.00156852
0.00178586
0.00198785
0.00217306
0.0023305
0.00245893
0.00255262
0.00261085
0.00263351
0.00262042
0.00259975
0.00257595
)
;

boundaryField
{
    inlet
    {
        type            cyclic;
    }
    outlet
    {
        type            cyclic;
    }
    top
    {
        type            zeroGradient;
    }
    hills
    {
        type            zeroGradient;
    }
    front
    {
        type            empty;
    }
    back
    {
        type            empty;
    }
}


// ************************************************************************* //
