/*--------------------------------*- C++ -*----------------------------------*\
| =========                 |                                                 |
| \\      /  F ield         | OpenFOAM: The Open Source CFD Toolbox           |
|  \\    /   O peration     | Version:  v2106                                 |
|   \\  /    A nd           | Website:  www.openfoam.com                      |
|    \\/     M anipulation  |                                                 |
\*---------------------------------------------------------------------------*/
FoamFile
{
    version     2.0;
    format      ascii;
    arch        "LSB;label=32;scalar=64";
    class       volScalarField;
    location    "0";
    object      expGpCoeffs39;
}
// * * * * * * * * * * * * * * * * * * * * * * * * * * * * * * * * * * * * * //

dimensions      [0 0 0 0 0 0 0];

internalField   nonuniform List<scalar> 
8000
(
0.00328458
0.00336855
0.00342635
0.0033939
0.00317972
0.00282806
0.0024185
0.00196689
0.00155834
0.00118857
0.000879699
0.000632148
0.000436931
0.000293241
0.000187165
0.000116309
6.72034e-05
3.85786e-05
1.97053e-05
1.03767e-05
4.50475e-06
2.10019e-06
6.80888e-07
2.56292e-07
-5.04953e-08
-2.61739e-07
-9.34296e-07
-2.11943e-06
-4.53683e-06
-8.25541e-06
-1.41362e-05
-2.2253e-05
-3.34157e-05
-4.76824e-05
-6.55593e-05
-8.70658e-05
-0.000112161
-0.000140806
-0.00017226
-0.000206422
-0.00024186
-0.000278417
-0.000314166
-0.000348921
-0.000380607
-0.000409043
-0.000432422
-0.000450605
-0.000462427
-0.00046782
-0.000466491
-0.000458455
-0.000444334
-0.00042422
-0.00039949
-0.000370294
-0.000338463
-0.000304172
-0.000269347
-0.000234152
-0.000200265
-0.00016782
-0.000138001
-0.000110888
-8.70631e-05
-6.65529e-05
-4.93563e-05
-3.54561e-05
-2.44052e-05
-1.6154e-05
-1.00071e-05
-5.90202e-06
-3.09842e-06
-1.53706e-06
-5.95087e-07
-2.28069e-07
1.65934e-08
1.65357e-07
9.175e-07
2.27384e-06
6.8247e-06
1.45783e-05
3.33753e-05
6.34994e-05
0.000120589
0.000206393
0.000341823
0.00053036
0.000793349
0.00113201
0.00155826
0.00207137
0.00263698
0.00326049
0.00382221
0.00429971
0.0045864
0.00462275
0.00453765
0.00441922
0.00327782
0.00336177
0.00344237
0.00341014
0.00318947
0.00283799
0.0024175
0.00196566
0.00155372
0.00118366
0.000875216
0.000627455
0.000433506
0.000289685
0.000184968
0.000114044
6.61034e-05
3.74536e-05
1.92829e-05
9.94858e-06
4.37549e-06
1.97022e-06
6.51126e-07
2.26548e-07
-3.79756e-08
-2.49192e-07
-8.6834e-07
-2.05333e-06
-4.39873e-06
-8.11683e-06
-1.39203e-05
-2.2036e-05
-3.3137e-05
-4.74018e-05
-6.52563e-05
-8.67601e-05
-0.000111891
-0.000140532
-0.000172089
-0.000206246
-0.000241843
-0.000278395
-0.000314333
-0.000349083
-0.000380953
-0.000409386
-0.000432905
-0.000451087
-0.000462977
-0.000468369
-0.000467024
-0.000458989
-0.000444773
-0.000424662
-0.00039978
-0.000370588
-0.000338579
-0.000304293
-0.000269299
-0.000234109
-0.000200087
-0.000167646
-0.000137744
-0.000110636
-8.67836e-05
-6.6276e-05
-4.91004e-05
-3.52019e-05
-2.4204e-05
-1.59538e-05
-9.87307e-06
-5.76848e-06
-3.02692e-06
-1.46575e-06
-5.70118e-07
-2.03147e-07
9.25763e-09
1.58012e-07
8.27367e-07
2.18422e-06
6.39865e-06
1.41579e-05
3.19983e-05
6.21524e-05
0.000117489
0.000203385
0.000336697
0.000525418
0.00078653
0.00112548
0.00155136
0.00206488
0.00263562
0.00325944
0.00383622
0.00431346
0.00460853
0.00464459
0.00452809
0.00440969
0.00327052
0.00335445
0.00345966
0.00342767
0.00319999
0.00284871
0.00241642
0.00196433
0.00154874
0.00117836
0.000870374
0.000622388
0.000429808
0.000285845
0.000182596
0.000111598
6.49156e-05
3.62388e-05
1.88267e-05
9.48627e-06
4.23591e-06
1.82989e-06
6.18988e-07
1.94428e-07
-2.44564e-08
-2.35644e-07
-7.97119e-07
-1.98194e-06
-4.2496e-06
-7.96719e-06
-1.36871e-05
-2.18017e-05
-3.2836e-05
-4.70989e-05
-6.49291e-05
-8.64299e-05
-0.0001116
-0.000140237
-0.000171904
-0.000206056
-0.000241824
-0.000278371
-0.000314514
-0.000349259
-0.000381327
-0.000409756
-0.000433427
-0.000451606
-0.000463571
-0.000468962
-0.0004676
-0.000459566
-0.000445248
-0.000425139
-0.000400094
-0.000370905
-0.000338705
-0.000304424
-0.000269246
-0.000234061
-0.000199895
-0.000167459
-0.000137468
-0.000110363
-8.64818e-05
-6.5977e-05
-4.8824e-05
-3.49275e-05
-2.39868e-05
-1.57377e-05
-9.7283e-06
-5.62428e-06
-2.94971e-06
-1.38876e-06
-5.43155e-07
-1.76234e-07
1.33612e-09
1.50079e-07
7.30038e-07
2.08745e-06
5.93858e-06
1.37039e-05
3.05114e-05
6.06978e-05
0.000114142
0.000200136
0.000331162
0.000520081
0.000779168
0.00111844
0.0015439
0.00205786
0.00263415
0.0032583
0.00385136
0.0043283
0.00463243
0.00466817
0.00451777
0.00439939
0.00326264
0.00334654
0.00347834
0.0034466
0.00321135
0.00286029
0.00241525
0.00196289
0.00154336
0.00117263
0.000865145
0.000616917
0.000425814
0.000281698
0.000180035
0.000108956
6.36329e-05
3.4927e-05
1.83341e-05
8.98705e-06
4.08518e-06
1.67834e-06
5.84284e-07
1.59744e-07
-9.85778e-09
-2.21014e-07
-7.20212e-07
-1.90486e-06
-4.08856e-06
-7.8056e-06
-1.34353e-05
-2.15487e-05
-3.25109e-05
-4.67717e-05
-6.45758e-05
-8.60734e-05
-0.000111285
-0.000139918
-0.000171704
-0.000205851
-0.000241804
-0.000278346
-0.000314709
-0.000349449
-0.000381731
-0.000410156
-0.000433991
-0.000452167
-0.000464212
-0.000469603
-0.000468221
-0.000460189
-0.00044576
-0.000425654
-0.000400432
-0.000371248
-0.000338842
-0.000304565
-0.00026919
-0.00023401
-0.000199688
-0.000167256
-0.000137169
-0.000110068
-8.61558e-05
-6.56541e-05
-4.85256e-05
-3.46312e-05
-2.37522e-05
-1.55043e-05
-9.57198e-06
-5.46856e-06
-2.86633e-06
-1.30562e-06
-5.14039e-07
-1.47173e-07
-7.21785e-09
1.41514e-07
6.24937e-07
1.98295e-06
5.44178e-06
1.32137e-05
2.89058e-05
5.91271e-05
0.000110527
0.000196628
0.000325185
0.000514318
0.000771217
0.00111084
0.00153585
0.00205029
0.00263256
0.00325707
0.0038677
0.00434434
0.00465824
0.00469364
0.00450662
0.00438827
0.00325412
0.00333801
0.00349851
0.003469
0.00322362
0.00287279
0.00241399
0.00196134
0.00153755
0.00116645
0.000859499
0.000611008
0.000421501
0.000277221
0.00017727
0.000106104
6.22479e-05
3.35104e-05
1.78021e-05
8.44797e-06
3.92242e-06
1.5147e-06
5.4681e-07
1.22291e-07
5.9064e-09
-2.05215e-07
-6.37165e-07
-1.82162e-06
-3.91467e-06
-7.6311e-06
-1.31634e-05
-2.12755e-05
-3.21599e-05
-4.64184e-05
-6.41943e-05
-8.56884e-05
-0.000110946
-0.000139574
-0.000171488
-0.00020563
-0.000241782
-0.000278318
-0.000314919
-0.000349654
-0.000382168
-0.000410588
-0.0004346
-0.000452773
-0.000464905
-0.000470294
-0.000468893
-0.000460862
-0.000446313
-0.000426211
-0.000400797
-0.000371618
-0.000338989
-0.000304718
-0.000269129
-0.000233955
-0.000199464
-0.000167038
-0.000136847
-0.00010975
-8.58039e-05
-6.53055e-05
-4.82034e-05
-3.43111e-05
-2.34988e-05
-1.52523e-05
-9.40317e-06
-5.30042e-06
-2.7763e-06
-1.21583e-06
-4.82599e-07
-1.15792e-07
-1.64548e-08
1.32265e-07
5.11446e-07
1.87011e-06
4.90532e-06
1.26844e-05
2.71719e-05
5.7431e-05
0.000106624
0.00019284
0.000318732
0.000508095
0.000762632
0.00110262
0.00152716
0.00204211
0.00263085
0.00325575
0.00388535
0.00436165
0.00468876
0.00472114
0.00449458
0.00437626
0.00325814
0.00334343
0.00352956
0.00350526
0.00324563
0.00290188
0.00241699
0.00196859
0.00153188
0.00116152
0.000854538
0.000606602
0.000418004
0.000274054
0.000174504
0.000103208
6.07523e-05
3.19808e-05
1.72277e-05
7.86585e-06
3.74666e-06
1.33799e-06
5.06343e-07
8.18476e-08
2.58113e-08
-1.88602e-07
-5.55516e-07
-1.73678e-06
-3.74213e-06
-7.45682e-06
-1.28948e-05
-2.1018e-05
-3.1827e-05
-4.61217e-05
-6.38699e-05
-8.54354e-05
-0.000110736
-0.000139475
-0.000171512
-0.0002058
-0.000242143
-0.000278847
-0.000315677
-0.000350578
-0.000383315
-0.000411879
-0.000436061
-0.000454332
-0.000466549
-0.000471971
-0.000470551
-0.00046249
-0.000447825
-0.000427627
-0.00040203
-0.000372706
-0.000339863
-0.000305424
-0.000269631
-0.000234286
-0.000199632
-0.000167059
-0.000136768
-0.000109558
-8.55797e-05
-6.50079e-05
-4.79316e-05
-3.40028e-05
-2.32552e-05
-1.49985e-05
-9.22988e-06
-5.13051e-06
-2.68197e-06
-1.12666e-06
-4.49843e-07
-8.16992e-08
-2.64292e-08
1.22277e-07
3.88894e-07
1.74825e-06
4.32602e-06
1.21127e-05
2.52996e-05
5.55995e-05
0.000102653
0.000189055
0.000314128
0.000503039
0.000756178
0.00109537
0.00152023
0.00203414
0.00264136
0.00326027
0.00392559
0.00439201
0.00473805
0.0047631
0.00450154
0.00438129
0.00329063
0.00337887
0.00356516
0.00354441
0.00328558
0.00294008
0.00245614
0.00200113
0.00156522
0.00118598
0.000879567
0.000622881
0.000434636
0.000283499
0.000184145
0.000107903
6.52733e-05
3.35887e-05
1.89982e-05
8.34627e-06
4.34553e-06
1.4781e-06
7.00008e-07
1.19978e-07
7.39679e-08
-1.74787e-07
-5.41632e-07
-1.69184e-06
-3.69681e-06
-7.39943e-06
-1.28364e-05
-2.10867e-05
-3.18937e-05
-4.65857e-05
-6.43306e-05
-8.6668e-05
-0.000111964
-0.00014189
-0.000173921
-0.00020976
-0.000246097
-0.000284575
-0.000321398
-0.000358078
-0.000390808
-0.0004209
-0.000445078
-0.000464387
-0.000476601
-0.000482403
-0.000480983
-0.000472576
-0.000457914
-0.0004367
-0.000411108
-0.000380263
-0.000347425
-0.000311196
-0.000275409
-0.000238264
-0.000203616
-0.000169459
-0.000139174
-0.000110751
-8.67769e-05
-6.54168e-05
-4.83438e-05
-3.40144e-05
-2.32687e-05
-1.48934e-05
-9.12594e-06
-5.05494e-06
-2.60686e-06
-1.1022e-06
-4.25513e-07
-4.29745e-08
6.87797e-09
3.02064e-07
5.24983e-07
2.39571e-06
4.84504e-06
1.42586e-05
2.72299e-05
6.15412e-05
0.000108817
0.000202373
0.000327171
0.000526546
0.00077918
0.00113083
0.00155489
0.00208085
0.00268694
0.00331422
0.00397823
0.00444632
0.00479127
0.00481115
0.00454938
0.00442507
0.00332572
0.00341714
0.00360361
0.00358669
0.00332872
0.00298133
0.00249841
0.00203626
0.00160121
0.0012124
0.000906594
0.00064046
0.000452596
0.000293699
0.000194556
0.000112973
7.04411e-05
3.57407e-05
2.11849e-05
9.13199e-06
5.13998e-06
1.71932e-06
9.42375e-07
1.71968e-07
1.25969e-07
-1.59869e-07
-5.2664e-07
-1.6433e-06
-3.64787e-06
-7.33745e-06
-1.27733e-05
-2.11609e-05
-3.19657e-05
-4.70868e-05
-6.48281e-05
-8.79989e-05
-0.00011329
-0.000144497
-0.000176522
-0.000214038
-0.000250367
-0.000290761
-0.000327577
-0.000366176
-0.0003989
-0.000430641
-0.000454814
-0.000475245
-0.000487457
-0.000493668
-0.000492248
-0.000483468
-0.000468809
-0.000446498
-0.000420911
-0.000388422
-0.000355591
-0.000317428
-0.000281649
-0.000242559
-0.000207919
-0.000172052
-0.000141773
-0.000112038
-8.80696e-05
-6.58584e-05
-4.87888e-05
-3.40269e-05
-2.32834e-05
-1.478e-05
-9.0137e-06
-4.97333e-06
-2.52575e-06
-1.07579e-06
-3.9924e-07
-1.15791e-09
4.86825e-08
5.22876e-07
7.4484e-07
3.2408e-06
5.68098e-06
1.68934e-05
2.98223e-05
6.83282e-05
0.000115473
0.000216755
0.000341256
0.000551929
0.000804019
0.00116912
0.00159232
0.00213128
0.00273617
0.00337248
0.00403507
0.00450497
0.00484874
0.00486304
0.00460104
0.00447236
0.00336361
0.00345847
0.00364512
0.00363235
0.00337531
0.00302586
0.00254406
0.0020742
0.00164009
0.00124093
0.000935779
0.000659443
0.000471989
0.000304712
0.000205797
0.000118448
7.60216e-05
3.80645e-05
2.35462e-05
9.98043e-06
5.99787e-06
1.9798e-06
1.20409e-06
2.28108e-07
1.82122e-07
-1.4376e-07
-5.10451e-07
-1.5909e-06
-3.59502e-06
-7.27052e-06
-1.27052e-05
-2.1241e-05
-3.20434e-05
-4.76278e-05
-6.53652e-05
-8.94361e-05
-0.000114722
-0.000147312
-0.00017933
-0.000218656
-0.000254977
-0.000297441
-0.000334249
-0.000374922
-0.000407638
-0.00044116
-0.000465327
-0.00048697
-0.000499179
-0.000505833
-0.000504413
-0.000495229
-0.000480573
-0.000457078
-0.000431497
-0.000397233
-0.000364409
-0.000324158
-0.000288386
-0.000247197
-0.000212564
-0.000174851
-0.000144578
-0.000113429
-8.94656e-05
-6.63352e-05
-4.92694e-05
-3.40403e-05
-2.32992e-05
-1.46576e-05
-8.8925e-06
-4.88521e-06
-2.43817e-06
-1.04727e-06
-3.7087e-07
4.39973e-08
9.38247e-08
7.61317e-07
9.82252e-07
4.15335e-06
6.58367e-06
1.97385e-05
3.26217e-05
7.56571e-05
0.00012266
0.000232285
0.000356465
0.000579338
0.00083084
0.00121047
0.00163273
0.00218574
0.00278932
0.00343538
0.00409645
0.0045683
0.0049108
0.00491908
0.00465682
0.00452341
0.00340453
0.00350309
0.00368995
0.00368165
0.00342561
0.00307396
0.00259335
0.00211517
0.00168206
0.00127174
0.000967295
0.000679941
0.000492931
0.000316605
0.000217936
0.00012436
8.20476e-05
4.05737e-05
2.6096e-05
1.08966e-05
6.92424e-06
2.26107e-06
1.48671e-06
2.88731e-07
2.42759e-07
-1.26365e-07
-4.92969e-07
-1.5343e-06
-3.53795e-06
-7.19826e-06
-1.26317e-05
-2.13275e-05
-3.21274e-05
-4.82121e-05
-6.59453e-05
-9.0988e-05
-0.000116267
-0.000150353
-0.000182363
-0.000223643
-0.000259956
-0.000304654
-0.000341453
-0.000384365
-0.000417073
-0.000452519
-0.00047668
-0.000499631
-0.000511837
-0.000518968
-0.000517548
-0.00050793
-0.000493277
-0.000468503
-0.000442928
-0.000406747
-0.000373932
-0.000331425
-0.000295662
-0.000252205
-0.000217581
-0.000177874
-0.000147608
-0.000114931
-9.0973e-05
-6.68501e-05
-4.97883e-05
-3.40549e-05
-2.33163e-05
-1.45253e-05
-8.76163e-06
-4.79006e-06
-2.34359e-06
-1.01648e-06
-3.40235e-07
9.27578e-08
1.42571e-07
1.0188e-06
1.23862e-06
5.13877e-06
7.55843e-06
2.28107e-05
3.56445e-05
8.35712e-05
0.000130422
0.000249055
0.000372888
0.000608936
0.000859804
0.00125512
0.00167637
0.00224455
0.00284672
0.00350331
0.00416273
0.00463668
0.00497782
0.00497959
0.00471706
0.00457855
0.00344871
0.00355128
0.00373836
0.00373489
0.00347994
0.00312589
0.00264657
0.00215941
0.00172739
0.00130501
0.00100133
0.000702076
0.000515545
0.000329447
0.000231045
0.000130744
8.85548e-05
4.32834e-05
2.88494e-05
1.1886e-05
7.92458e-06
2.5648e-06
1.79189e-06
3.54194e-07
3.08237e-07
-1.07582e-07
-4.74091e-07
-1.47319e-06
-3.47633e-06
-7.12022e-06
-1.25523e-05
-2.14209e-05
-3.2218e-05
-4.8843e-05
-6.65717e-05
-9.26639e-05
-0.000117937
-0.000153635
-0.000185637
-0.000229029
-0.000265332
-0.000312443
-0.000349233
-0.000394562
-0.000427262
-0.000464784
-0.00048894
-0.000513303
-0.000525505
-0.000533152
-0.000531733
-0.000521644
-0.000506995
-0.00048084
-0.000455271
-0.000417022
-0.000384214
-0.000339272
-0.000303518
-0.000257613
-0.000222998
-0.000181138
-0.00015088
-0.000116553
-9.26008e-05
-6.74061e-05
-5.03487e-05
-3.40706e-05
-2.33347e-05
-1.43825e-05
-8.6203e-06
-4.6873e-06
-2.24146e-06
-9.83222e-07
-3.07154e-07
1.45411e-07
1.95209e-07
1.29683e-06
1.51545e-06
6.20287e-06
8.61101e-06
2.61283e-05
3.89087e-05
9.21171e-05
0.000138802
0.000267164
0.000390623
0.000640898
0.00089108
0.00130333
0.00172349
0.00230805
0.0029087
0.00357666
0.0042343
0.00471052
0.00505019
0.00504493
0.00478211
0.00463808
0.00349642
0.00360332
0.00379063
0.00379238
0.0035386
0.00318197
0.00270405
0.00220719
0.00177633
0.00134093
0.00103807
0.000725977
0.000539965
0.000343315
0.0002452
0.000137638
9.55815e-05
4.62094e-05
3.18227e-05
1.29543e-05
9.00479e-06
2.89278e-06
2.12143e-06
4.24883e-07
3.78942e-07
-8.7298e-08
-4.53707e-07
-1.4072e-06
-3.40979e-06
-7.03595e-06
-1.24665e-05
-2.15217e-05
-3.23159e-05
-4.95243e-05
-6.7248e-05
-9.44735e-05
-0.00011974
-0.00015718
-0.000189174
-0.000234844
-0.000271138
-0.000320854
-0.000357634
-0.000405573
-0.000438265
-0.000478029
-0.000502178
-0.000528066
-0.000540265
-0.000548469
-0.00054705
-0.000536453
-0.000521809
-0.000494162
-0.0004686
-0.000428116
-0.000395318
-0.000347746
-0.000312002
-0.000263453
-0.000228847
-0.000184663
-0.000154413
-0.000118304
-9.43585e-05
-6.80065e-05
-5.09538e-05
-3.40875e-05
-2.33547e-05
-1.42283e-05
-8.46769e-06
-4.57635e-06
-2.13118e-06
-9.47313e-07
-2.71432e-07
2.02269e-07
2.52051e-07
1.59707e-06
1.81439e-06
7.35192e-06
9.74763e-06
2.97107e-05
4.24336e-05
0.000101345
0.000147853
0.000286719
0.000409774
0.000675411
0.000924852
0.0013554
0.00177437
0.00237663
0.00297563
0.00365587
0.00431158
0.00479026
0.00512833
0.00511549
0.00485235
0.00470237
0.00358348
0.0036923
0.00386992
0.00386918
0.00362789
0.00326335
0.00279052
0.00228298
0.00184545
0.00140014
0.00109031
0.000768366
0.00057466
0.000369945
0.000264339
0.000151547
0.000104476
5.22165e-05
3.54222e-05
1.51357e-05
1.02837e-05
3.55657e-06
2.51073e-06
5.98544e-07
4.52645e-07
-4.85053e-08
-4.61149e-07
-1.38292e-06
-3.42057e-06
-7.03406e-06
-1.25932e-05
-2.17769e-05
-3.29178e-05
-5.05288e-05
-6.89308e-05
-9.69392e-05
-0.000123281
-0.000161926
-0.000195381
-0.000242627
-0.000280669
-0.000332186
-0.000370816
-0.000420561
-0.000454968
-0.000496282
-0.000521765
-0.000548707
-0.00056165
-0.000570241
-0.000568855
-0.000557905
-0.000542571
-0.000513893
-0.000487022
-0.000444995
-0.000410471
-0.000361081
-0.000323448
-0.000273072
-0.000236665
-0.000190872
-0.000159112
-0.000121771
-9.6717e-05
-6.95657e-05
-5.18245e-05
-3.45522e-05
-2.34829e-05
-1.42368e-05
-8.37112e-06
-4.50907e-06
-2.05756e-06
-9.25379e-07
-2.31634e-07
2.5667e-07
3.91584e-07
1.93919e-06
2.44285e-06
8.68341e-06
1.21617e-05
3.39788e-05
4.99108e-05
0.000112889
0.000166532
0.000312976
0.000447016
0.000724373
0.000984939
0.0014295
0.00185796
0.0024737
0.00308099
0.00377523
0.00442276
0.00491163
0.00523221
0.00522259
0.00497286
0.00482025
0.00371656
0.00382549
0.00395683
0.00395726
0.00373566
0.00337399
0.00291448
0.00241053
0.00195499
0.00151263
0.00117152
0.000851576
0.000627391
0.000423883
0.000294099
0.000181932
0.000118697
6.66921e-05
4.11407e-05
2.09307e-05
1.2236e-05
5.52468e-06
3.05042e-06
1.13954e-06
5.27101e-07
2.6112e-08
-5.26256e-07
-1.44773e-06
-3.59236e-06
-7.20468e-06
-1.31549e-05
-2.23356e-05
-3.45291e-05
-5.21344e-05
-7.25935e-05
-0.000100593
-0.000130195
-0.000168828
-0.000206714
-0.000253945
-0.000297282
-0.000348782
-0.000393016
-0.000442745
-0.000482347
-0.000523647
-0.000553168
-0.000580102
-0.000595298
-0.000603886
-0.000602597
-0.000591651
-0.000574225
-0.000545557
-0.000514725
-0.000472711
-0.000432963
-0.000383589
-0.000340235
-0.000289876
-0.000248014
-0.000202237
-0.000165897
-0.000128568
-0.000100156
-7.30136e-05
-5.31855e-05
-3.59187e-05
-2.38281e-05
-1.4585e-05
-8.39902e-06
-4.53821e-06
-2.06614e-06
-9.3433e-07
-1.86286e-07
3.01861e-07
8.26029e-07
2.37258e-06
4.3567e-06
1.0582e-05
1.87397e-05
4.04699e-05
6.82901e-05
0.000130944
0.00020787
0.000353459
0.000522968
0.000798619
0.00110316
0.00154487
0.00201632
0.00262788
0.00325724
0.00394652
0.00457311
0.00505809
0.0053512
0.00534
0.00515355
0.00500079
0.00385728
0.00396633
0.00408556
0.00408702
0.00386204
0.00350324
0.00304833
0.00254826
0.00207327
0.00163411
0.00125922
0.00094143
0.000684333
0.000482128
0.000326235
0.000214744
0.000134053
8.23235e-05
4.73158e-05
2.71884e-05
1.43443e-05
7.64992e-06
3.63321e-06
1.72374e-06
6.07501e-07
1.06687e-07
-5.96561e-07
-1.51771e-06
-3.77787e-06
-7.38893e-06
-1.37615e-05
-2.2939e-05
-3.6269e-05
-5.38682e-05
-7.65485e-05
-0.000104538
-0.000137662
-0.000176281
-0.000218952
-0.000266166
-0.000315221
-0.000366703
-0.000416988
-0.0004667
-0.000511911
-0.000553198
-0.000587079
-0.000614003
-0.000631633
-0.000640218
-0.000639034
-0.000628092
-0.000608407
-0.000579748
-0.000544639
-0.00050264
-0.000457251
-0.000407894
-0.000358363
-0.000308021
-0.00026027
-0.000214509
-0.000173224
-0.000135908
-0.00010387
-7.67368e-05
-5.46552e-05
-3.73944e-05
-2.42009e-05
-1.4961e-05
-8.42915e-06
-4.56969e-06
-2.07542e-06
-9.43995e-07
-1.37317e-07
3.50659e-07
1.29516e-06
2.84058e-06
6.42335e-06
1.26322e-05
2.58429e-05
4.74793e-05
8.81368e-05
0.00015044
0.00025251
0.000397174
0.000604983
0.000878792
0.00123081
0.00166946
0.00218732
0.00279438
0.00344757
0.00413149
0.00474913
0.0052302
0.00552658
0.005514
0.00534447
0.00519154
0.0039611
0.00407023
0.00428808
0.00429226
0.00405585
0.00370235
0.00319387
0.00269801
0.00217748
0.001741
0.00132764
0.00101142
0.00072322
0.000521835
0.000345046
0.000233894
0.000141881
9.02598e-05
5.0158e-05
3.00595e-05
1.52221e-05
8.53392e-06
3.79755e-06
1.88892e-06
5.80335e-07
7.9709e-08
-3.69133e-07
-1.28994e-06
-3.07011e-06
-6.67982e-06
-1.2818e-05
-2.19921e-05
-3.59554e-05
-5.3548e-05
-7.83378e-05
-0.000106317
-0.00014343
-0.000182035
-0.00023061
-0.000277807
-0.00033426
-0.000385722
-0.000444051
-0.000493744
-0.000546514
-0.000587785
-0.000627557
-0.000654471
-0.000675345
-0.000683927
-0.00068278
-0.000671841
-0.000648976
-0.000620328
-0.000579363
-0.000537379
-0.000484429
-0.000435092
-0.000377477
-0.000327154
-0.000271936
-0.000226192
-0.000178922
-0.00014162
-0.00010552
-7.83969e-05
-5.41614e-05
-3.69071e-05
-2.30734e-05
-1.3837e-05
-7.56858e-06
-3.71057e-06
-1.74969e-06
-6.18697e-07
-1.30273e-07
3.5752e-07
1.41663e-06
2.96139e-06
7.21284e-06
1.34164e-05
2.88629e-05
5.04703e-05
9.76799e-05
0.000159856
0.000277768
0.000421985
0.000660187
0.000932849
0.00133027
0.00176667
0.00233911
0.00294234
0.00365719
0.0043352
0.00502218
0.00549597
0.00580411
0.00578785
0.00548306
0.00533004
0.00407374
0.00418341
0.00449374
0.00449917
0.00426443
0.00391187
0.00335104
0.00285973
0.00228785
0.00185423
0.00139952
0.00108497
0.0007638
0.00056327
0.000363761
0.00025296
0.000148923
9.74139e-05
5.24326e-05
3.23645e-05
1.58431e-05
9.16138e-06
3.88807e-06
1.98033e-06
5.44875e-07
4.44515e-08
-1.07245e-07
-1.02768e-06
-2.25705e-06
-5.86529e-06
-1.17133e-05
-2.08837e-05
-3.5499e-05
-5.30844e-05
-8.01366e-05
-0.000108104
-0.000149536
-0.000188125
-0.000243116
-0.000290293
-0.0003548
-0.000406242
-0.000473337
-0.00052301
-0.000584023
-0.000625277
-0.000671475
-0.000698379
-0.000722787
-0.000731366
-0.000730254
-0.00071932
-0.000692981
-0.000664344
-0.000616989
-0.000575022
-0.000513829
-0.000464512
-0.000398092
-0.000347789
-0.000284449
-0.000238723
-0.000184955
-0.000147668
-0.000107175
-8.00627e-05
-5.35163e-05
-3.6269e-05
-2.17736e-05
-1.2541e-05
-6.59131e-06
-2.73486e-06
-1.37992e-06
-2.49385e-07
-1.2513e-07
3.62466e-07
1.47587e-06
3.01992e-06
7.73106e-06
1.39291e-05
3.11725e-05
5.27494e-05
0.000106099
0.000168143
0.000302769
0.000446525
0.00071774
0.000989209
0.00143479
0.0018688
0.00250007
0.00309919
0.00388358
0.0045552
0.00530933
0.00578188
0.00608379
0.00606562
0.00563406
0.00548029
0.00422848
0.00435341
0.00466459
0.00469212
0.00446163
0.00410872
0.00355123
0.00303696
0.00246338
0.00199437
0.00153837
0.00118476
0.000862208
0.00062634
0.000424733
0.000287221
0.000181721
0.000113449
6.79384e-05
3.91093e-05
2.2413e-05
1.17817e-05
6.51268e-06
2.87985e-06
1.51476e-06
2.69753e-07
1.41211e-07
-8.30576e-07
-2.01663e-06
-5.40214e-06
-1.12252e-05
-2.05488e-05
-3.52088e-05
-5.40801e-05
-8.12971e-05
-0.000112331
-0.000154082
-0.000197841
-0.000253308
-0.000307604
-0.000372711
-0.000432549
-0.000500298
-0.000558549
-0.000620178
-0.000668881
-0.00071556
-0.000747536
-0.000772209
-0.000782583
-0.000781474
-0.000768711
-0.000742113
-0.000708325
-0.000660493
-0.000610938
-0.000549129
-0.000491054
-0.000423977
-0.000365112
-0.000301167
-0.000248229
-0.000193978
-0.000151537
-0.000110719
-8.0663e-05
-5.39477e-05
-3.55988e-05
-2.10579e-05
-1.18482e-05
-5.92571e-06
-2.3901e-06
-1.08281e-06
1.24425e-07
2.20332e-07
1.61934e-06
2.62817e-06
6.29703e-06
1.0957e-05
2.23089e-05
3.97003e-05
7.3382e-05
0.000127366
0.000213418
0.000350115
0.00053254
0.000806873
0.00112886
0.0015765
0.00206453
0.00269765
0.00334331
0.00412964
0.00482916
0.00557833
0.00604823
0.00634439
0.00629504
0.00586236
0.00568779
0.00439557
0.00453699
0.00484907
0.00490047
0.00467457
0.00432129
0.00376985
0.00322835
0.0026601
0.00214754
0.00169541
0.00129431
0.000974307
0.000695803
0.000495706
0.000325871
0.000221129
0.000132384
8.71766e-05
4.74336e-05
3.08286e-05
1.51132e-05
9.86024e-06
4.01094e-06
2.64656e-06
5.35108e-07
4.06626e-07
-6.2495e-07
-1.81045e-06
-4.9369e-06
-1.07572e-05
-2.02594e-05
-3.49125e-05
-5.52806e-05
-8.24847e-05
-0.000117088
-0.000158819
-0.000208595
-0.000264036
-0.000326618
-0.000391693
-0.000461304
-0.000529021
-0.000597255
-0.000658855
-0.000716228
-0.000762884
-0.000800765
-0.000825426
-0.000837888
-0.00083678
-0.000821889
-0.000795303
-0.00075552
-0.000707711
-0.000649324
-0.000587544
-0.000519277
-0.000452232
-0.000383403
-0.000319488
-0.000258156
-0.000203931
-0.000155492
-0.000114693
-8.12107e-05
-5.45081e-05
-3.48767e-05
-2.03427e-05
-1.11593e-05
-5.23961e-06
-2.07722e-06
-7.70542e-07
5.25987e-07
6.21848e-07
3.08143e-06
4.08972e-06
1.04886e-05
1.51293e-05
3.31102e-05
5.03851e-05
9.91348e-05
0.000152711
0.000268066
0.000403705
0.000632916
0.000905102
0.00128805
0.00173206
0.00228581
0.00291346
0.00361642
0.00439534
0.0051279
0.00586879
0.00633584
0.00662579
0.00654278
0.00610888
0.00591185
0.004576
0.00473522
0.00504829
0.00512546
0.00490452
0.00455084
0.00400591
0.00343503
0.00287252
0.00231295
0.00186499
0.00141261
0.00109536
0.000770811
0.000572345
0.000367607
0.000263684
0.000152831
0.000107951
5.64226e-05
3.99161e-05
1.87106e-05
1.34751e-05
5.23234e-06
3.86872e-06
8.21649e-07
6.93233e-07
-4.02907e-07
-1.5878e-06
-4.43451e-06
-1.02519e-05
-1.99469e-05
-3.45925e-05
-5.65769e-05
-8.37671e-05
-0.000122224
-0.000163934
-0.000220207
-0.00027562
-0.000347149
-0.000412192
-0.000492354
-0.000560037
-0.000639052
-0.00070062
-0.000767354
-0.000813987
-0.000858243
-0.000882892
-0.000897609
-0.000896502
-0.000879312
-0.00085274
-0.000806483
-0.000758698
-0.000690774
-0.000629026
-0.000549754
-0.000482743
-0.000403154
-0.000339271
-0.000268876
-0.000214678
-0.000159763
-0.000118984
-8.18022e-05
-5.51132e-05
-3.40969e-05
-1.95703e-05
-1.04154e-05
-4.49873e-06
-1.73935e-06
-4.33341e-07
9.5961e-07
1.05542e-06
4.66026e-06
5.66796e-06
1.50149e-05
1.96347e-05
4.47739e-05
6.19229e-05
0.000126944
0.000180079
0.000327077
0.000461574
0.000741308
0.00101117
0.00145996
0.00190005
0.00252475
0.0031465
0.00391133
0.00468226
0.0054505
0.00618246
0.00664641
0.00692966
0.0068103
0.00637509
0.0061538
0.00481434
0.00497914
0.0052096
0.00529873
0.00511705
0.00477195
0.00426209
0.00368446
0.00311585
0.0025406
0.00206427
0.00159363
0.00124073
0.000899293
0.000666072
0.000448092
0.000316319
0.00019673
0.000133835
7.737e-05
5.13304e-05
2.76456e-05
1.80561e-05
8.71324e-06
5.41466e-06
2.00359e-06
9.2823e-07
-1.92714e-07
-1.70678e-06
-4.44334e-06
-1.04513e-05
-2.02182e-05
-3.55422e-05
-5.81496e-05
-8.71421e-05
-0.00012709
-0.000172179
-0.000230968
-0.00029145
-0.000366444
-0.000437927
-0.000522179
-0.000596946
-0.00068014
-0.000748428
-0.000818791
-0.000870687
-0.000917415
-0.000944941
-0.000960533
-0.000959365
-0.000941285
-0.000911686
-0.00086292
-0.000809653
-0.000738031
-0.000669288
-0.000585749
-0.000511389
-0.000427629
-0.000357141
-0.000283234
-0.000223974
-0.00016655
-0.000122578
-8.39647e-05
-5.57808e-05
-3.42316e-05
-1.9347e-05
-1.02064e-05
-4.3118e-06
-1.71065e-06
-9.06687e-08
1.33942e-06
2.60672e-06
6.65718e-06
1.0122e-05
2.08241e-05
3.12002e-05
5.9569e-05
9.00363e-05
0.000161872
0.000241098
0.000400605
0.000575786
0.000874705
0.00119427
0.00166721
0.00215581
0.0028057
0.00346321
0.00424837
0.00502338
0.00579902
0.00648083
0.00693187
0.00716188
0.0070261
0.00670334
0.00647447
0.00505151
0.00521648
0.00546702
0.00555887
0.00539129
0.00505299
0.00454835
0.00397898
0.00338119
0.00281303
0.00227859
0.00181313
0.00139465
0.00105668
0.000764912
0.000548952
0.000372327
0.000253696
0.0001617
0.000105588
6.37359e-05
4.01461e-05
2.29505e-05
1.36191e-05
6.85807e-06
3.44904e-06
1.05987e-06
-6.04064e-08
-1.66706e-06
-4.40198e-06
-1.01556e-05
-1.99166e-05
-3.58524e-05
-5.84463e-05
-9.01705e-05
-0.000130094
-0.000180953
-0.000239707
-0.000309252
-0.000384202
-0.000467468
-0.00055167
-0.000639565
-0.000722709
-0.000803533
-0.000873854
-0.000935602
-0.000982302
-0.00101521
-0.0010308
-0.00102951
-0.00101144
-0.000976156
-0.000927418
-0.000863904
-0.000792325
-0.000710577
-0.000627089
-0.00053917
-0.00045546
-0.00037294
-0.000299077
-0.000230793
-0.000173404
-0.000124005
-8.5415e-05
-5.50394e-05
-3.3503e-05
-1.8559e-05
-9.4239e-06
-4.14456e-06
-1.54496e-06
1.51823e-07
1.58105e-06
4.55413e-06
8.60217e-06
1.64663e-05
2.71543e-05
4.75568e-05
7.58022e-05
0.000128313
0.000199669
0.000320994
0.000479152
0.00071985
0.00101587
0.0014194
0.00188736
0.00246617
0.00310871
0.00384128
0.00461658
0.00542476
0.00618911
0.00685913
0.00730099
0.00750988
0.00737045
0.00702132
0.00679221
0.00522057
0.00538741
0.00582064
0.0059189
0.00577951
0.00544686
0.00488239
0.00432215
0.003646
0.00308484
0.00247434
0.00201354
0.00152346
0.00118855
0.000837514
0.000622976
0.000407683
0.000289646
0.000177409
0.000121507
7.03986e-05
4.68685e-05
2.56216e-05
1.62997e-05
7.29403e-06
3.87772e-06
9.68146e-07
-1.5517e-07
-4.15573e-07
-3.14831e-06
-6.82589e-06
-1.65789e-05
-3.14913e-05
-5.40711e-05
-8.77263e-05
-0.00012763
-0.000184826
-0.000243556
-0.000324343
-0.000399268
-0.000497945
-0.000582121
-0.000687659
-0.00077078
-0.000868701
-0.000939003
-0.00101428
-0.00106097
-0.00110129
-0.00111687
-0.00111537
-0.0010973
-0.00105417
-0.00100545
-0.000927902
-0.000856342
-0.000756985
-0.000673519
-0.000567545
-0.00048386
-0.000385751
-0.000311914
-0.000232533
-0.000175169
-0.000119887
-8.13181e-05
-4.9655e-05
-2.81338e-05
-1.48414e-05
-5.71468e-06
-2.90356e-06
-3.05297e-07
5.90393e-08
1.49367e-06
5.44756e-06
9.50661e-06
2.03214e-05
3.09976e-05
5.66421e-05
8.48085e-05
0.00014994
0.000221011
0.000371232
0.000528555
0.000825731
0.0011197
0.00160927
0.0020728
0.00275231
0.00338817
0.00422265
0.00498809
0.0058963
0.00664815
0.00739111
0.0078252
0.00799161
0.00784343
0.00724606
0.00701446
0.00546286
0.00565795
0.00609246
0.00624254
0.00611035
0.00580598
0.0052518
0.00467844
0.00401076
0.00340004
0.00279614
0.00226446
0.00177912
0.00136791
0.00101892
0.00073724
0.000522216
0.000354534
0.000242342
0.000155349
0.00010415
6.3543e-05
4.23666e-05
2.38949e-05
1.51341e-05
6.52316e-06
3.61561e-06
4.28216e-07
1.67995e-07
-2.3327e-06
-6.00771e-06
-1.4778e-05
-2.968e-05
-5.25368e-05
-8.61685e-05
-0.000129512
-0.000186668
-0.000253211
-0.000333942
-0.000421132
-0.000519741
-0.000619438
-0.000724903
-0.00082451
-0.000922364
-0.00100723
-0.00108245
-0.00113898
-0.00117926
-0.00119792
-0.00119642
-0.00117397
-0.00113087
-0.0010711
-0.000993605
-0.000906489
-0.000807201
-0.000706639
-0.000600739
-0.000501449
-0.000403408
-0.000317797
-0.000238471
-0.000174258
-0.000119015
-7.81739e-05
-4.65329e-05
-2.57302e-05
-1.24471e-05
-4.73753e-06
-1.92836e-06
8.53678e-07
1.21776e-06
6.08802e-06
1.00391e-05
2.16004e-05
3.20244e-05
5.54874e-05
8.09787e-05
0.000133365
0.000198575
0.000314475
0.000464606
0.000693567
0.000990387
0.00137955
0.00186617
0.00243429
0.00310703
0.0038356
0.0046608
0.0054869
0.00638331
0.0071465
0.00787554
0.00826799
0.00842476
0.00820613
0.00760707
0.00733762
0.00572449
0.00595009
0.00638431
0.00659202
0.0064676
0.00619377
0.0056507
0.00506317
0.00440621
0.00374055
0.00314524
0.00253542
0.00205635
0.0015616
0.0012168
0.000861171
0.000648558
0.000425943
0.000314887
0.000193137
0.000142352
8.23164e-05
6.12326e-05
3.23539e-05
2.36002e-05
9.37981e-06
6.47445e-06
1.05818e-06
7.98155e-07
-1.45197e-06
-5.12422e-06
-1.28334e-05
-2.77242e-05
-5.08799e-05
-8.44863e-05
-0.000131545
-0.000188657
-0.000263636
-0.000344306
-0.000444742
-0.000543276
-0.000659734
-0.000765119
-0.000882531
-0.00098031
-0.0010809
-0.00115607
-0.00122321
-0.00126347
-0.00128545
-0.00128395
-0.00125676
-0.00121369
-0.00114199
-0.00106455
-0.000960639
-0.000861427
-0.000742404
-0.000636583
-0.000520442
-0.000422475
-0.00032415
-0.000244884
-0.000173274
-0.000118073
-7.47787e-05
-4.31615e-05
-2.31348e-05
-9.86164e-06
-3.68235e-06
-8.75304e-07
2.10519e-06
2.46899e-06
1.10492e-05
1.49973e-05
3.46597e-05
4.50753e-05
8.30827e-05
0.000108442
0.000188368
0.000252983
0.000418967
0.000567455
0.000875657
0.00116899
0.00166298
0.00214359
0.00282623
0.00349008
0.00432088
0.00513411
0.00602749
0.00690921
0.00768463
0.00839864
0.00874613
0.00889248
0.00859556
0.00799691
0.00768657
0.00609944
0.00632943
0.00660264
0.00682025
0.00677113
0.00651499
0.00606601
0.00548619
0.00485165
0.00418405
0.00355234
0.00293427
0.00238874
0.00188288
0.00146099
0.00109412
0.000808438
0.00057649
0.000408419
0.000279986
0.000192344
0.000128018
8.60505e-05
5.47361e-05
3.48227e-05
1.95358e-05
1.02143e-05
4.37413e-06
9.63477e-07
-1.23708e-06
-5.89605e-06
-1.33965e-05
-2.86693e-05
-5.18669e-05
-8.70291e-05
-0.000134769
-0.000196089
-0.000272636
-0.000360884
-0.000463793
-0.000572972
-0.000692567
-0.000810326
-0.000931074
-0.00104088
-0.00114442
-0.00122893
-0.00129807
-0.00134302
-0.00136562
-0.00136308
-0.001335
-0.00128528
-0.00121133
-0.00112295
-0.00101588
-0.000903642
-0.000781158
-0.000662726
-0.000543431
-0.000435395
-0.000334696
-0.000249096
-0.000176116
-0.000118277
-7.45415e-05
-4.27746e-05
-2.29101e-05
-9.97399e-06
-4.09242e-06
9.00642e-08
3.10663e-06
8.31955e-06
1.76056e-05
3.10181e-05
5.22214e-05
7.86083e-05
0.00012002
0.000175288
0.000261267
0.000379341
0.00055491
0.000785942
0.00110755
0.00150403
0.00201387
0.00259829
0.00329589
0.0040439
0.00488486
0.00573912
0.00663353
0.00747852
0.00824216
0.00882759
0.00915067
0.00919691
0.00888669
0.00850681
0.00819061
0.00629396
0.00652398
0.00708736
0.00730986
0.00732664
0.00707984
0.00660175
0.00603767
0.00533878
0.00468421
0.00396102
0.00335276
0.00269737
0.00219832
0.00166839
0.00130567
0.000933755
0.000703928
0.00047836
0.000350831
0.000229463
0.000165438
0.00010502
7.37566e-05
4.20435e-05
2.67701e-05
1.09363e-05
5.10126e-06
1.07806e-06
-1.12055e-06
-2.21518e-06
-9.70902e-06
-2.05898e-05
-4.3767e-05
-7.75762e-05
-0.000125274
-0.000191537
-0.000268016
-0.000369136
-0.000471955
-0.000601331
-0.000720821
-0.000863257
-0.000983898
-0.00111837
-0.00122182
-0.00132594
-0.00139501
-0.00145021
-0.00147279
-0.00146873
-0.00144066
-0.0013778
-0.00130392
-0.00119356
-0.00108659
-0.000948171
-0.000825795
-0.000682334
-0.000563144
-0.000435825
-0.000335215
-0.00023874
-0.000165824
-0.00010561
-6.19126e-05
-3.38846e-05
-1.40376e-05
-6.88144e-06
-1.00504e-06
-1.10081e-07
2.90382e-06
1.10126e-05
2.02905e-05
4.43208e-05
6.55054e-05
0.000108885
0.000150222
0.000231741
0.000317271
0.000484255
0.000658484
0.00097329
0.00129176
0.00181198
0.00231573
0.00304975
0.00373755
0.00463029
0.00545746
0.00642579
0.00730225
0.00822357
0.0089659
0.00958287
0.00989346
0.00984868
0.00953197
0.00876191
0.00844568
0.00657715
0.00684699
0.00741378
0.00772456
0.00775361
0.00758547
0.00712586
0.00659404
0.00590639
0.00522616
0.00450907
0.00382677
0.00317415
0.00257311
0.00204212
0.00157276
0.00119807
0.000876606
0.000648668
0.000454386
0.000331228
0.000224397
0.000163143
0.000105246
7.34663e-05
4.05989e-05
2.44311e-05
8.8909e-06
4.8711e-06
-1.48676e-07
-9.94208e-07
-6.91469e-06
-1.74906e-05
-3.83546e-05
-7.2024e-05
-0.000120439
-0.000186915
-0.000269923
-0.000371705
-0.000487792
-0.00061825
-0.000756469
-0.000900248
-0.00104185
-0.00117767
-0.00129995
-0.00140515
-0.00148661
-0.00154238
-0.00156789
-0.00156374
-0.00152826
-0.00146468
-0.00137465
-0.00126308
-0.00113489
-0.000995034
-0.000851061
-0.000706237
-0.000569476
-0.000441127
-0.000329831
-0.000232805
-0.000156602
-9.63191e-05
-5.47693e-05
-2.70157e-05
-1.08957e-05
-4.12359e-06
1.09331e-06
1.75268e-06
1.12978e-05
1.95286e-05
4.49667e-05
6.95559e-05
0.000117214
0.000160585
0.000240474
0.000323093
0.000470216
0.000639732
0.000909371
0.00122758
0.00167439
0.00219852
0.00284673
0.00358191
0.004402
0.0052903
0.00620802
0.00716721
0.00806898
0.00897419
0.00966715
0.0102589
0.0104623
0.0104011
0.00996758
0.00919289
0.00882438
0.00693948
0.00723725
0.00770315
0.00807757
0.00815625
0.0080559
0.00766762
0.00716752
0.00652253
0.00582604
0.00511879
0.00438129
0.00371481
0.00303589
0.00247529
0.00192311
0.00151132
0.00111753
0.000854445
0.000606189
0.000456206
0.000313512
0.000234513
0.000154149
0.000111392
6.48832e-05
4.11132e-05
1.80471e-05
9.4851e-06
2.27781e-06
-6.55051e-07
-5.35304e-06
-1.64559e-05
-3.5519e-05
-6.93074e-05
-0.000118265
-0.00018553
-0.000273578
-0.000377513
-0.000503861
-0.00063795
-0.000790661
-0.000939048
-0.00109687
-0.00123732
-0.00137416
-0.00148288
-0.00157393
-0.00163115
-0.00165892
-0.00165372
-0.00161251
-0.00154558
-0.00144305
-0.00132664
-0.00118203
-0.00103702
-0.000876337
-0.000727229
-0.000576873
-0.0004459
-0.000326346
-0.000228514
-0.000149781
-8.99363e-05
-5.00654e-05
-2.28216e-05
-9.59797e-06
-1.93407e-06
2.76959e-06
7.10681e-06
2.17167e-05
3.73253e-05
7.52947e-05
0.000111515
0.000179701
0.000239221
0.000351628
0.000459913
0.000658558
0.000866334
0.00121298
0.00157992
0.00212788
0.00270091
0.00346112
0.00423248
0.00515327
0.00605571
0.00704038
0.00798275
0.00889895
0.00974508
0.0103907
0.010887
0.0109984
0.010872
0.0103542
0.00971633
0.00931117
0.00719043
0.00748817
0.00814212
0.0085218
0.00871794
0.0086326
0.00833035
0.00784977
0.00723061
0.00655317
0.00579679
0.00507567
0.00429817
0.00363227
0.00292834
0.00238539
0.00183115
0.00144292
0.00106232
0.0008168
0.000582932
0.00044126
0.000307744
0.000227562
0.000147966
0.000101509
5.37925e-05
3.07521e-05
1.09454e-05
3.74612e-06
1.79228e-07
-4.51354e-06
-1.04642e-05
-2.95061e-05
-5.84027e-05
-0.000107306
-0.000175471
-0.000263421
-0.000377453
-0.00050366
-0.00065729
-0.000809832
-0.000984144
-0.00114179
-0.00130899
-0.00144569
-0.00157553
-0.00166648
-0.00173369
-0.00176143
-0.00175226
-0.00171109
-0.00162697
-0.00152456
-0.00138191
-0.00123746
-0.00106358
-0.000903074
-0.000729207
-0.000579019
-0.000432473
-0.000313051
-0.000210668
-0.000132023
-7.6663e-05
-3.68365e-05
-1.78163e-05
-4.60733e-06
-1.74587e-06
2.95256e-06
1.29601e-05
2.75538e-05
6.43014e-05
0.000102229
0.000176379
0.000244489
0.000358189
0.000470321
0.000657226
0.000854307
0.00118224
0.00152478
0.00205657
0.00259636
0.00336212
0.00410907
0.0050656
0.00596815
0.00700625
0.00796843
0.00896327
0.00985371
0.0106561
0.0112756
0.0116533
0.0117447
0.0114633
0.0109384
0.0100528
0.00964764
0.00742756
0.00776672
0.00845934
0.00894609
0.00918385
0.00922399
0.00895511
0.00857509
0.00797219
0.00733012
0.00657724
0.00581942
0.00503568
0.00427562
0.00355753
0.00288929
0.00231839
0.00180297
0.00140841
0.00105577
0.000811667
0.000591237
0.000451532
0.000316031
0.000232604
0.00014596
9.49437e-05
4.63756e-05
2.53793e-05
6.537e-06
3.59035e-06
-2.21775e-06
-6.62939e-06
-2.17936e-05
-4.93412e-05
-9.54834e-05
-0.000163498
-0.000254745
-0.00037044
-0.00050837
-0.000665505
-0.000837319
-0.0010164
-0.00119702
-0.00136921
-0.00152697
-0.0016608
-0.00176523
-0.00183441
-0.00186418
-0.00185439
-0.00180298
-0.00171576
-0.00159339
-0.00144594
-0.00127701
-0.00109781
-0.000914528
-0.000736076
-0.000570083
-0.000420673
-0.000294996
-0.000191868
-0.000115496
-6.12061e-05
-2.76854e-05
-1.06296e-05
-9.25715e-07
3.55075e-07
1.17163e-05
2.18055e-05
5.91409e-05
9.85595e-05
0.000178103
0.000257636
0.000386006
0.000505243
0.000696845
0.000892508
0.0012004
0.00154292
0.00203293
0.00258428
0.00329379
0.0040819
0.00498956
0.00596362
0.00698065
0.00802467
0.00902408
0.0100117
0.0108461
0.0116249
0.0121063
0.0124385
0.012364
0.0120274
0.0113647
0.0104271
0.00996924
0.007833
0.00819264
0.0086801
0.00922156
0.00952905
0.00964805
0.00952724
0.00921322
0.00873174
0.00811931
0.00742544
0.00665681
0.00587385
0.00507007
0.00430568
0.00357419
0.00292288
0.00234021
0.00185229
0.00144041
0.00111181
0.000845464
0.000639576
0.000471171
0.000342301
0.000233621
0.000151266
8.86963e-05
4.69588e-05
2.17282e-05
7.11898e-06
7.01469e-07
-8.51755e-06
-2.15405e-05
-5.0227e-05
-9.48218e-05
-0.000163538
-0.000256539
-0.000374891
-0.000519178
-0.000681873
-0.000864171
-0.00105105
-0.00124419
-0.00142451
-0.00159375
-0.00173361
-0.0018454
-0.00191652
-0.00194739
-0.00193463
-0.00187762
-0.00178324
-0.00164998
-0.00149321
-0.00131093
-0.0011229
-0.000927215
-0.000742741
-0.000568165
-0.0004166
-0.000287564
-0.000185421
-0.000110347
-5.76369e-05
-2.76047e-05
-8.87889e-06
-1.10788e-06
9.33193e-06
2.43486e-05
5.46566e-05
0.00010447
0.000177098
0.000279468
0.000406412
0.000567826
0.000753315
0.000992173
0.0012813
0.0016536
0.00211126
0.00268249
0.00335573
0.00415446
0.00504154
0.00602952
0.00705494
0.00812374
0.00915815
0.0101652
0.0110688
0.0118586
0.0124737
0.0128648
0.0130018
0.0128229
0.0123968
0.0116632
0.0110047
0.0105208
0.0078532
0.00822893
0.00902315
0.00961826
0.0100773
0.0102773
0.0102655
0.0100395
0.00962222
0.00907538
0.00838658
0.00764628
0.00680441
0.00599027
0.00511753
0.00434495
0.00356812
0.00292748
0.00232641
0.00185481
0.00143814
0.00112075
0.000853828
0.00064473
0.000468951
0.000327534
0.00020935
0.000124467
6.43706e-05
2.71579e-05
1.02678e-05
2.42822e-07
-1.1794e-06
-1.29405e-05
-3.16449e-05
-7.41459e-05
-0.000138246
-0.000231765
-0.000355944
-0.000505269
-0.00068539
-0.000877142
-0.00108997
-0.00129499
-0.00150343
-0.0016838
-0.00184627
-0.00196518
-0.00204685
-0.00207861
-0.00206105
-0.00199829
-0.00188484
-0.00174078
-0.00155587
-0.00136084
-0.00114332
-0.000936452
-0.000728926
-0.000547479
-0.000384585
-0.000253978
-0.000153284
-8.0654e-05
-3.84909e-05
-1.15734e-05
-4.96607e-06
3.62505e-06
9.76162e-06
3.42263e-05
7.67911e-05
0.000148222
0.000255415
0.000392964
0.000576318
0.00078567
0.00103883
0.00133458
0.00170902
0.00215032
0.00272945
0.00337866
0.00420354
0.00507473
0.00612388
0.00715953
0.00831845
0.00939377
0.0104941
0.0114577
0.0123442
0.0130434
0.0135663
0.0138401
0.0138305
0.0135468
0.0129249
0.0121249
0.0110619
0.0105588
0.00809049
0.00849655
0.00915018
0.00984082
0.0103394
0.0106962
0.0107746
0.0107112
0.0103901
0.00995544
0.00933995
0.00863519
0.00783681
0.00698055
0.00611929
0.00524352
0.00444587
0.00367009
0.00302485
0.00241648
0.00194786
0.00151239
0.00119687
0.00089517
0.000682084
0.000472542
0.000326579
0.000195277
0.000115692
5.35651e-05
2.44536e-05
6.92919e-06
-8.49771e-07
-1.00091e-05
-3.13583e-05
-6.95747e-05
-0.000134893
-0.000229615
-0.000355399
-0.000515384
-0.000698414
-0.000910051
-0.00112698
-0.00135693
-0.0015697
-0.00177342
-0.00193914
-0.00207301
-0.00215574
-0.00218939
-0.00217025
-0.00209548
-0.00197824
-0.00181159
-0.00162185
-0.00140007
-0.00117814
-0.000947754
-0.000737365
-0.00054141
-0.000377504
-0.000243452
-0.000142743
-7.50829e-05
-3.19295e-05
-1.14386e-05
-1.47022e-07
1.01578e-05
2.7527e-05
7.16303e-05
0.000134263
0.000250649
0.000387831
0.000598565
0.00082263
0.00113174
0.00143781
0.00186308
0.00230361
0.00290485
0.00355088
0.0043797
0.00525772
0.00629994
0.00736948
0.00852892
0.0096661
0.0107831
0.0118213
0.0127259
0.0135127
0.0140558
0.0144513
0.0145083
0.014382
0.0138956
0.0132244
0.0123052
0.0114327
0.0108933
0.00800687
0.00842009
0.00927657
0.0100001
0.0106618
0.0110837
0.0113632
0.0113859
0.0112444
0.0108921
0.0103875
0.00974223
0.00896272
0.00813384
0.00720118
0.00631979
0.00538641
0.00457809
0.00377184
0.003116
0.00249447
0.00200934
0.00156878
0.00122192
0.000908656
0.000660583
0.000438808
0.000280423
0.000155301
7.76697e-05
3.12838e-05
7.78148e-06
2.38701e-06
-6.9379e-06
-1.80513e-05
-5.49285e-05
-0.000113866
-0.000209465
-0.000341112
-0.00050634
-0.000710299
-0.000931611
-0.00118119
-0.00142334
-0.00167225
-0.00188752
-0.00208254
-0.00222401
-0.00232028
-0.00235529
-0.00232954
-0.00224939
-0.00210711
-0.00192988
-0.00170397
-0.00146946
-0.00121073
-0.00096897
-0.000731244
-0.000528003
-0.00035237
-0.000216035
-0.000119072
-5.27259e-05
-2.19237e-05
-2.82657e-06
-4.42218e-07
1.32052e-05
3.92929e-05
9.63793e-05
0.000197993
0.000340711
0.000554857
0.00080674
0.00114493
0.00150887
0.00195593
0.00244251
0.0030522
0.0037179
0.00456466
0.00545196
0.00653397
0.0076125
0.0088463
0.0100057
0.0112199
0.0122941
0.0132917
0.0141132
0.0147418
0.0151746
0.0153273
0.0152725
0.0148842
0.0143168
0.0134428
0.012486
0.0113547
0.0108081
0.00810066
0.00853041
0.00919126
0.00998822
0.0106726
0.011248
0.0116177
0.0118341
0.0118166
0.0116387
0.0112522
0.0107206
0.0100347
0.00923917
0.00836336
0.00743431
0.0065093
0.0055905
0.00474521
0.00394679
0.00325656
0.00262711
0.00210775
0.00163511
0.00125573
0.000909966
0.000638927
0.000411911
0.000251071
0.000134182
6.38535e-05
2.52302e-05
5.47799e-06
-4.28629e-06
-2.34642e-05
-5.7054e-05
-0.000121218
-0.000219254
-0.00035603
-0.000534862
-0.000745281
-0.000991498
-0.00124881
-0.00152228
-0.00177894
-0.00202385
-0.00222484
-0.00238582
-0.0024847
-0.00252319
-0.00249596
-0.00240204
-0.00225459
-0.00205026
-0.00181693
-0.00154976
-0.00128323
-0.00101223
-0.000767869
-0.000545788
-0.000365173
-0.000222756
-0.000121373
-5.81819e-05
-2.08178e-05
-5.18922e-06
9.784e-06
3.18875e-05
8.08301e-05
0.000170772
0.000309059
0.000518477
0.000784976
0.00114116
0.001549
0.00205196
0.00259026
0.00324775
0.00396146
0.00481587
0.00574718
0.00681355
0.00793719
0.00914661
0.0103587
0.0115637
0.012694
0.0137085
0.0145771
0.0152374
0.0157091
0.0159075
0.0159009
0.0155948
0.0150949
0.0143361
0.0134371
0.0123946
0.0115271
0.0109639
0.00772558
0.00815419
0.00902274
0.00984662
0.0106525
0.0113175
0.0118596
0.0122174
0.0123791
0.0123577
0.0121173
0.011721
0.0111173
0.0104102
0.00953811
0.0086368
0.00764348
0.00669056
0.00572985
0.00485033
0.00402821
0.00329586
0.002655
0.00208053
0.00159547
0.00116336
0.00081109
0.000523582
0.000314806
0.00016334
7.61351e-05
2.35469e-05
8.06444e-06
-3.85042e-06
-1.09123e-05
-4.46525e-05
-0.000101891
-0.000206263
-0.000350551
-0.000546345
-0.000781725
-0.00105518
-0.00135104
-0.00165724
-0.00195666
-0.00223223
-0.00246846
-0.00265014
-0.00276647
-0.00281011
-0.00277722
-0.00267138
-0.00249666
-0.00226653
-0.00199218
-0.00169218
-0.00138259
-0.00108
-0.000802146
-0.000556683
-0.000359654
-0.000205236
-0.000105234
-3.94453e-05
-1.44678e-05
1.34135e-06
5.68705e-06
3.59715e-05
9.15524e-05
0.000208924
0.000385356
0.000650608
0.000995979
0.00144092
0.00196776
0.00259034
0.00327351
0.00406599
0.00493899
0.00592329
0.00702144
0.00818281
0.00944555
0.0106845
0.0119699
0.0131231
0.0142315
0.015118
0.0158645
0.0163422
0.0166137
0.0166098
0.0163682
0.015887
0.0151713
0.0143085
0.0132672
0.0122013
0.0110699
0.0105125
0.00744321
0.00787008
0.00864917
0.0094908
0.0103409
0.0110723
0.011756
0.0122205
0.0125925
0.0126901
0.012677
0.0123858
0.0119791
0.0113436
0.0106025
0.00972621
0.00877228
0.00779553
0.00677761
0.00583572
0.00488461
0.00406988
0.00326813
0.00261175
0.001978
0.00148058
0.0010178
0.000684523
0.000404934
0.0002273
0.000103519
4.03568e-05
1.13103e-05
-2.23058e-06
-1.40773e-05
-4.79109e-05
-0.000114523
-0.000223644
-0.000390912
-0.000599467
-0.000873902
-0.00116788
-0.00151443
-0.0018453
-0.00219731
-0.002496
-0.00277476
-0.00297205
-0.0031104
-0.00315791
-0.00312087
-0.00300605
-0.00280193
-0.00255235
-0.00223069
-0.00190593
-0.00154258
-0.00121619
-0.000890135
-0.000627069
-0.000396008
-0.000232568
-0.000114865
-4.71449e-05
-1.52507e-05
6.85493e-07
1.34625e-05
4.99414e-05
0.000131622
0.000269755
0.000505872
0.000813365
0.00126345
0.00177554
0.00245651
0.00316957
0.00405219
0.00495322
0.00603263
0.00712096
0.00837246
0.00960682
0.0109212
0.0121799
0.0133884
0.0144974
0.0154136
0.0161979
0.016677
0.0170135
0.0169925
0.0168355
0.0163365
0.0157234
0.014846
0.0139056
0.0128262
0.0117438
0.0107416
0.0101897
0.00699681
0.00739754
0.00811449
0.00894251
0.00978929
0.0105982
0.0113198
0.0119547
0.0123999
0.0127238
0.0127982
0.0127405
0.0124233
0.0119829
0.0113192
0.0105606
0.00965264
0.0086917
0.00767768
0.00665388
0.00566921
0.00470859
0.00385232
0.00303585
0.00234942
0.00171901
0.00121647
0.000794851
0.000490077
0.00026648
0.000129324
5.02444e-05
1.46561e-05
-2.24038e-06
-1.95432e-05
-6.20006e-05
-0.00013795
-0.000274406
-0.000457793
-0.00071798
-0.00101544
-0.00138174
-0.00175559
-0.00216786
-0.00254689
-0.00291971
-0.00321989
-0.00346765
-0.00361732
-0.00367983
-0.00364148
-0.00350245
-0.00328459
-0.00297705
-0.00263214
-0.00222893
-0.00183765
-0.0014296
-0.00107636
-0.000744675
-0.000491657
-0.000283005
-0.000150705
-6.23035e-05
-2.22319e-05
-1.22977e-06
1.72553e-05
6.01717e-05
0.000151141
0.000317908
0.00057352
0.000951133
0.00143637
0.00207265
0.00280708
0.00369844
0.00465077
0.00575773
0.00690496
0.00816948
0.00945671
0.0107736
0.0120725
0.0132824
0.0144214
0.0153536
0.0161641
0.0166833
0.0170474
0.0170853
0.0169578
0.0165265
0.0159432
0.015136
0.0142194
0.0132034
0.0121338
0.0110859
0.0101693
0.00965724
0.00627547
0.00664266
0.00739284
0.00816626
0.00901798
0.009817
0.0106176
0.011302
0.0118852
0.012312
0.012557
0.012635
0.012488
0.0121897
0.0116625
0.0110231
0.010187
0.00929482
0.00827142
0.00725283
0.0061884
0.0051812
0.0042088
0.00332637
0.00253028
0.00184661
0.00127204
0.000822667
0.000484561
0.000253767
0.000112979
3.60699e-05
1.08306e-05
-7.60932e-06
-1.82664e-05
-7.74841e-05
-0.000165443
-0.00034075
-0.00056308
-0.000884597
-0.00124736
-0.00169114
-0.00214738
-0.00264164
-0.00310453
-0.00354962
-0.00391735
-0.00421409
-0.00439975
-0.00447829
-0.00443584
-0.00427641
-0.00401499
-0.00365429
-0.00323611
-0.00275708
-0.00227923
-0.00178691
-0.00135237
-0.000942989
-0.000629557
-0.000361904
-0.000198331
-7.58193e-05
-3.20607e-05
-5.2467e-07
5.21601e-06
4.35936e-05
0.000123348
0.000284012
0.000550104
0.000935084
0.00146968
0.0021395
0.0029712
0.00392737
0.00502182
0.00620637
0.00749626
0.0088074
0.0101804
0.011473
0.0127608
0.0138664
0.0148909
0.0156627
0.0162852
0.0166275
0.0167753
0.0166563
0.0163261
0.0157858
0.0150499
0.0142012
0.0132075
0.0122198
0.0111615
0.0101929
0.00923922
0.00877319
0.00556753
0.00590591
0.00655
0.00726993
0.00804447
0.00881125
0.00959786
0.0102863
0.0109322
0.0114014
0.0117757
0.0119263
0.0119525
0.0117419
0.0113997
0.0108432
0.0101604
0.0093256
0.0083848
0.00738603
0.00632391
0.00530315
0.00427827
0.00336977
0.00252038
0.00181992
0.00122527
0.000773298
0.000441566
0.000217118
9.39546e-05
2.34835e-05
8.45202e-06
-1.27452e-05
-3.78999e-05
-0.00011636
-0.000254876
-0.000469245
-0.000780529
-0.00115931
-0.00164185
-0.00215469
-0.00274551
-0.00331072
-0.00390188
-0.00440844
-0.00487633
-0.00521458
-0.00545439
-0.00554704
-0.00550248
-0.00532697
-0.00500689
-0.00460244
-0.004079
-0.00353598
-0.00292467
-0.00235906
-0.001786
-0.00130618
-0.000872056
-0.000547572
-0.000298689
-0.000139927
-5.43803e-05
-8.82432e-06
-1.74696e-06
3.23654e-05
8.6345e-05
0.000232893
0.000466209
0.000837955
0.00135453
0.00202234
0.00286881
0.00384027
0.0049907
0.00620079
0.00753989
0.00885826
0.010204
0.0114607
0.0126202
0.013646
0.0144643
0.0151316
0.0155268
0.0157673
0.0157207
0.0155255
0.0150664
0.0144903
0.0137085
0.0128699
0.0119175
0.0109802
0.0100322
0.00913657
0.00832485
0.00789733
0.00493269
0.00523045
0.00572513
0.00636988
0.00704285
0.00775112
0.00844881
0.00911649
0.00971604
0.0102111
0.0105942
0.010814
0.0109022
0.0107905
0.0105497
0.0100985
0.0095347
0.00878557
0.00795559
0.0070058
0.00602807
0.00502133
0.00405401
0.00314557
0.00234287
0.00165027
0.00110376
0.000671879
0.000380193
0.000179248
7.70495e-05
2.12281e-05
-1.08403e-06
-2.80339e-05
-9.35895e-05
-0.000206078
-0.000417405
-0.000696119
-0.00110624
-0.00157507
-0.00217153
-0.00278956
-0.00349574
-0.00416669
-0.00486054
-0.0054575
-0.00600278
-0.00640187
-0.00668409
-0.006798
-0.0067552
-0.00655744
-0.00619742
-0.00573025
-0.00512918
-0.00449262
-0.00377501
-0.00309977
-0.00240514
-0.00181676
-0.00126203
-0.000846382
-0.000494399
-0.000274053
-0.000116861
-4.48564e-05
-6.19647e-06
2.12899e-05
6.5214e-05
0.000180971
0.000368207
0.000698411
0.00114428
0.00177444
0.00253971
0.0034883
0.00455957
0.0057554
0.00700327
0.00828901
0.00951523
0.0106977
0.0117148
0.0126277
0.0133068
0.0138479
0.0141375
0.0142709
0.0141737
0.0139152
0.0134706
0.0128856
0.0121806
0.0113858
0.0105547
0.00970109
0.00888458
0.00808868
0.00747141
0.00709721
0.00426736
0.00450613
0.00497954
0.00550527
0.0061218
0.00671838
0.00736819
0.00795401
0.00852104
0.00898419
0.00935338
0.00960039
0.00969532
0.00966654
0.00945178
0.00912282
0.00859561
0.00798192
0.00718793
0.00636267
0.00541421
0.00451221
0.00356961
0.00275501
0.00198215
0.00138207
0.000867854
0.000520417
0.000258559
0.000118454
3.68751e-05
3.5464e-06
-1.34923e-05
-6.62776e-05
-0.000145987
-0.000335438
-0.000581292
-0.000982705
-0.0014451
-0.00206941
-0.00272997
-0.00351782
-0.00429168
-0.00512568
-0.00588154
-0.00661416
-0.00720699
-0.00769692
-0.00800528
-0.00815314
-0.00811103
-0.00788511
-0.00749987
-0.00694491
-0.00629605
-0.00552243
-0.0047412
-0.00389705
-0.00313223
-0.00236564
-0.00174443
-0.00116579
-0.000760651
-0.000415107
-0.000225291
-8.25989e-05
-3.54229e-05
3.37463e-07
2.92533e-05
9.2998e-05
0.000246095
0.000475353
0.000875057
0.00137338
0.00208879
0.00289486
0.00391972
0.00497306
0.00618206
0.00731707
0.0085014
0.00951908
0.0104911
0.0112404
0.0118799
0.0122879
0.0125563
0.0126144
0.0125223
0.0122591
0.0118448
0.0113233
0.0106686
0.0099906
0.0092248
0.00851754
0.00777357
0.00713043
0.00654139
0.00624297
0.00366183
0.00387558
0.00428326
0.00475028
0.00526275
0.00579337
0.00634631
0.00686748
0.00736208
0.00777344
0.00811165
0.00832798
0.00844096
0.00840697
0.00825678
0.00794859
0.00751988
0.00694952
0.00626882
0.00550267
0.00466744
0.00383259
0.00299902
0.00225339
0.00158955
0.0010529
0.000643757
0.0003448
0.000167162
5.44384e-05
2.13596e-05
-8.96695e-06
-2.38928e-05
-9.80249e-05
-0.00022646
-0.000458389
-0.000800834
-0.00126014
-0.00185681
-0.00254726
-0.00336397
-0.00421869
-0.00515151
-0.00604626
-0.00694431
-0.00772587
-0.00842658
-0.00894929
-0.00931772
-0.00947923
-0.00944133
-0.00920829
-0.00876987
-0.00818688
-0.0074329
-0.00661204
-0.00568613
-0.00477948
-0.00384873
-0.00301075
-0.00222446
-0.00157405
-0.00102754
-0.000619541
-0.000332048
-0.000145736
-5.83026e-05
-5.45246e-06
1.12527e-06
5.1017e-05
0.000123238
0.000307503
0.000580045
0.00100647
0.00156697
0.00228251
0.00314717
0.00410492
0.00515768
0.00620384
0.007236
0.00818108
0.00901407
0.00971631
0.0102481
0.0106408
0.0108518
0.0109276
0.0108376
0.010622
0.0102667
0.00981597
0.00926441
0.00867015
0.00803049
0.00740677
0.00679452
0.00622562
0.00571834
0.00545163
0.00323439
0.00341671
0.00370366
0.00410399
0.00452964
0.0049841
0.00543329
0.00588136
0.00628042
0.00663575
0.00690497
0.00709332
0.00717482
0.00714602
0.0070063
0.00673575
0.00636346
0.00585803
0.00528022
0.00459816
0.00390008
0.00315917
0.00247312
0.00182122
0.00128096
0.000827221
0.000500968
0.00026547
0.000124971
4.81364e-05
6.92038e-06
-1.94859e-05
-8.05351e-05
-0.000182779
-0.000382717
-0.000670656
-0.00109533
-0.00163108
-0.0023074
-0.00308532
-0.00396971
-0.00491302
-0.00589736
-0.00687269
-0.00780656
-0.00865305
-0.00937717
-0.00994338
-0.0103264
-0.010506
-0.0104754
-0.0102328
-0.00979293
-0.00917264
-0.00840382
-0.00752021
-0.00656066
-0.00557114
-0.00458427
-0.0036518
-0.00278785
-0.00204259
-0.00140408
-0.00091368
-0.000533244
-0.000289465
-0.000125705
-5.03544e-05
-2.26233e-06
2.94671e-05
9.37271e-05
0.00021902
0.000426696
0.000759003
0.00119873
0.00179588
0.00249105
0.00331874
0.00417843
0.0050996
0.00596177
0.00680188
0.00751573
0.00814438
0.00861867
0.00897663
0.00918605
0.00926855
0.00922507
0.00905548
0.00878897
0.00841544
0.00798276
0.00748308
0.00697158
0.00644368
0.00593883
0.00545366
0.00510233
0.00487546
0.00273649
0.00288377
0.00318659
0.0035094
0.0038881
0.00425663
0.00466293
0.0050254
0.00538492
0.00566975
0.00590843
0.00605457
0.0061202
0.00608705
0.00595032
0.00571808
0.00536602
0.00494066
0.00439386
0.00382569
0.00316547
0.00255737
0.00191675
0.00139698
0.000914905
0.000572254
0.000306257
0.000144437
5.50987e-05
8.69851e-06
1.36355e-06
-3.61851e-05
-8.64791e-05
-0.000233703
-0.000449026
-0.000804209
-0.0012698
-0.00188245
-0.00262084
-0.00347431
-0.00443437
-0.00544421
-0.00650808
-0.00753707
-0.00854386
-0.0094304
-0.010211
-0.0108044
-0.0112196
-0.011414
-0.0113866
-0.0111455
-0.0106788
-0.0100442
-0.00922192
-0.00830498
-0.00727249
-0.0062288
-0.00515964
-0.00415364
-0.00320978
-0.00237784
-0.0016733
-0.00109438
-0.00067126
-0.000352228
-0.000175142
-5.42433e-05
-2.39401e-05
9.23385e-06
2.70704e-05
0.000100658
0.000239318
0.000465593
0.000823294
0.0012685
0.0018833
0.00253578
0.00333174
0.00408252
0.00489314
0.00559342
0.00626922
0.00680544
0.00725992
0.00757925
0.00779328
0.00788879
0.00787396
0.00776134
0.0075402
0.00725549
0.00687648
0.00648205
0.00602528
0.00560238
0.005156
0.00476665
0.00439162
0.00420857
0.0024013
0.00253475
0.00274557
0.00303691
0.00333456
0.00366185
0.0039743
0.00429233
0.0045638
0.00480841
0.00498146
0.00509805
0.00513259
0.00508482
0.00495901
0.00472995
0.00443761
0.00403503
0.00359917
0.00307223
0.00256205
0.00200748
0.00152798
0.00106285
0.000713935
0.000415657
0.000233536
0.000101084
4.21613e-05
7.87235e-06
-1.7021e-05
-5.89512e-05
-0.000161044
-0.00032596
-0.000608914
-0.000990416
-0.00152122
-0.00216378
-0.00295131
-0.00383391
-0.00482074
-0.00585599
-0.00692593
-0.00797521
-0.00897525
-0.00987682
-0.0106485
-0.0112521
-0.0116656
-0.0118657
-0.0118485
-0.0116082
-0.0111617
-0.010522
-0.00972179
-0.00879252
-0.00777226
-0.00670811
-0.00563002
-0.00459584
-0.00361519
-0.00274969
-0.00198174
-0.00136827
-0.000865488
-0.00051693
-0.000262115
-0.000123274
-3.94612e-05
-5.74652e-06
2.01748e-05
7.31911e-05
0.000159718
0.000343734
0.000584289
0.000968826
0.00140779
0.00198785
0.00257855
0.00326078
0.00388683
0.00453689
0.0050811
0.00559234
0.0059794
0.006299
0.00650341
0.00662082
0.0066444
0.006571
0.00642796
0.00619451
0.00592028
0.00558145
0.00523738
0.00486567
0.00451758
0.00416736
0.00390914
0.0037434
0.00204901
0.00215551
0.00237167
0.00260363
0.00287103
0.00313204
0.00341367
0.00366455
0.00390529
0.0040934
0.00424011
0.00432194
0.00433874
0.00428679
0.00415559
0.00395861
0.00367463
0.0033419
0.00292673
0.00250167
0.00202233
0.00158643
0.00114539
0.000793355
0.00048777
0.000276071
0.000132358
4.80765e-05
1.72823e-05
-6.50652e-06
-1.62053e-05
-7.66833e-05
-0.000177091
-0.000376146
-0.000669832
-0.00108648
-0.00163799
-0.00230476
-0.00311967
-0.0040091
-0.00502638
-0.00605125
-0.00715127
-0.00817906
-0.00920576
-0.0100843
-0.0108767
-0.0114655
-0.0118918
-0.0120921
-0.0120783
-0.0118546
-0.0114013
-0.0107902
-0.00997322
-0.00907537
-0.00802972
-0.00698884
-0.00587928
-0.00485086
-0.00383643
-0.0029547
-0.00215529
-0.00150613
-0.000979173
-0.000585224
-0.000318063
-0.000139378
-5.85235e-05
-7.80459e-06
-1.92793e-06
3.01271e-05
7.98339e-05
0.000195929
0.000385969
0.000656073
0.00103772
0.00147289
0.00201253
0.00254645
0.00313229
0.00365818
0.00417704
0.00460524
0.00498418
0.00526658
0.00548081
0.0056035
0.0056521
0.00561929
0.0055112
0.0053436
0.00510856
0.00484839
0.00454234
0.00424898
0.00393781
0.00365924
0.0033916
0.00325892
0.00181867
0.00191229
0.00205588
0.00225908
0.00247462
0.00269926
0.00291788
0.00312983
0.00331181
0.00346507
0.00356873
0.00362585
0.00362313
0.00356116
0.00343871
0.00324997
0.003009
0.00270502
0.00237036
0.00199294
0.00162119
0.00124395
0.000911729
0.000615951
0.000387289
0.000217447
0.000106902
4.58847e-05
9.16322e-06
-9.55069e-06
-5.20979e-05
-0.000121469
-0.000263572
-0.000478936
-0.000803656
-0.00123695
-0.00179306
-0.00247103
-0.00325622
-0.00414831
-0.0051036
-0.00612276
-0.00713996
-0.00815668
-0.00909761
-0.00996445
-0.0106879
-0.0112692
-0.0116599
-0.0118601
-0.0118531
-0.0116375
-0.0112324
-0.0106354
-0.00989727
-0.00901518
-0.00806084
-0.00703191
-0.00600561
-0.00498067
-0.0040236
-0.00313467
-0.00235643
-0.00169052
-0.00114864
-0.000733097
-0.000425547
-0.000227792
-9.95608e-05
-4.06854e-05
-2.0448e-06
1.989e-05
6.85673e-05
0.00015186
0.000294701
0.000509489
0.000793198
0.00115632
0.00156269
0.00202333
0.00248049
0.00294836
0.00337189
0.00376621
0.00409342
0.00436702
0.00456784
0.00470325
0.00476978
0.00476675
0.00470402
0.00457809
0.00440871
0.00419517
0.00396254
0.00371298
0.00346357
0.00322001
0.00304576
0.0029289
0.00154281
0.00162513
0.00177304
0.0019501
0.00213082
0.00232519
0.00251075
0.00269163
0.00284241
0.00296922
0.00304898
0.00308925
0.00307552
0.00301014
0.00289427
0.00271806
0.00250258
0.00222789
0.00193511
0.00160095
0.00128307
0.000955236
0.000683076
0.000431918
0.00026276
0.000123448
6.02122e-05
1.24509e-05
6.13489e-06
-1.30113e-05
-4.10628e-05
-0.000117295
-0.000256653
-0.000476479
-0.000804548
-0.0012319
-0.0017919
-0.00244854
-0.00323416
-0.00408901
-0.00503975
-0.00600996
-0.0070187
-0.00798278
-0.00891434
-0.00973475
-0.0104516
-0.011002
-0.0113917
-0.0115832
-0.0115819
-0.0113819
-0.0109882
-0.0104278
-0.00970365
-0.00887188
-0.00793013
-0.00695534
-0.00593643
-0.00495944
-0.00400242
-0.00314758
-0.0023625
-0.00171347
-0.00116115
-0.000746961
-0.000431134
-0.000225434
-9.81868e-05
-3.11916e-05
-9.63923e-06
1.09726e-05
2.15776e-05
8.64731e-05
0.000169275
0.000345116
0.000552946
0.000860929
0.00119058
0.0015913
0.00198029
0.0023963
0.00276804
0.00312719
0.00342385
0.00368153
0.00387513
0.00401266
0.00409292
0.00410739
0.00407328
0.00397631
0.0038434
0.00366492
0.00347005
0.0032554
0.00304624
0.00283356
0.00264831
0.002545
0.00134747
0.00141002
0.00154578
0.00168111
0.00184917
0.00199631
0.00216597
0.00230001
0.00243475
0.00252417
0.00259009
0.00261086
0.00258697
0.00252646
0.00240506
0.00226231
0.00204732
0.00183544
0.0015501
0.0013022
0.000996948
0.000764114
0.000505492
0.000337438
0.000177366
9.34273e-05
3.21834e-05
8.48088e-06
-1.00703e-06
-2.09628e-05
-5.43804e-05
-0.000143185
-0.000286328
-0.000514537
-0.000841167
-0.00125822
-0.00180903
-0.00242767
-0.00319566
-0.00398378
-0.00490991
-0.00579223
-0.00677276
-0.00764222
-0.00854656
-0.00928351
-0.00997895
-0.010474
-0.0108522
-0.0110281
-0.0110275
-0.0108553
-0.0104744
-0.00997979
-0.00927813
-0.0085369
-0.00762321
-0.00674575
-0.00575544
-0.0048645
-0.00393191
-0.00313809
-0.00236989
-0.0017508
-0.00120654
-0.000794306
-0.000478692
-0.000258291
-0.000126278
-4.44304e-05
-1.70633e-05
1.16658e-06
1.46829e-05
4.61863e-05
0.000125945
0.000231141
0.000427873
0.000633147
0.000946911
0.00123223
0.00160673
0.0019189
0.00228218
0.00256533
0.00286133
0.00307669
0.00327621
0.00340365
0.00349497
0.00352703
0.00350849
0.00345028
0.00333613
0.00320863
0.00303301
0.00287142
0.00267782
0.00251377
0.00234457
0.00226493
0.00118282
0.00124511
0.00134022
0.00147274
0.00159888
0.00173979
0.00186412
0.00198991
0.00208541
0.00216564
0.00220761
0.00221894
0.00219313
0.00212333
0.0020261
0.00187497
0.00171249
0.00149427
0.00128748
0.00103605
0.000823754
0.00058982
0.000417903
0.000249927
0.000149217
6.53749e-05
3.02092e-05
6.53411e-06
-4.16398e-06
-2.40966e-05
-7.14258e-05
-0.000160128
-0.000310798
-0.000538743
-0.000847911
-0.00126449
-0.00175981
-0.00237773
-0.0030486
-0.00383581
-0.00463053
-0.00551183
-0.00634396
-0.00721242
-0.00797502
-0.00871111
-0.00929632
-0.00979079
-0.0101107
-0.0102864
-0.0102907
-0.0101187
-0.00980532
-0.00931132
-0.0087275
-0.00798713
-0.00722008
-0.00634363
-0.00550316
-0.00461324
-0.00380983
-0.00301692
-0.00234047
-0.00172209
-0.00122609
-0.000814338
-0.000508965
-0.000288819
-0.000144014
-6.22606e-05
-1.93042e-05
-1.09535e-06
1.06712e-05
4.21382e-05
8.77586e-05
0.000192833
0.000317158
0.000522341
0.000732753
0.00101943
0.00128394
0.00160038
0.00186988
0.00216073
0.00239153
0.00261715
0.00278215
0.00292108
0.00300646
0.00305043
0.00305134
0.00300499
0.0029296
0.00281306
0.00268585
0.00253277
0.00238609
0.00222597
0.0021054
0.00202613
0.00102493
0.00107702
0.00117229
0.00128268
0.00139503
0.00151197
0.00162213
0.00172496
0.00180704
0.0018702
0.00190188
0.00190638
0.00187538
0.00181204
0.00171623
0.00158611
0.00143232
0.00124875
0.00105725
0.000849663
0.000657181
0.000467905
0.000317092
0.000184893
0.000102862
3.9827e-05
1.75935e-05
2.53127e-07
-2.73141e-06
-2.4103e-05
-6.65349e-05
-0.000154458
-0.000299659
-0.000513952
-0.00081371
-0.00119531
-0.0016749
-0.00223273
-0.00288088
-0.00358521
-0.00435168
-0.00513573
-0.00593733
-0.00670729
-0.00744156
-0.00809305
-0.00865677
-0.00909457
-0.00940356
-0.0095604
-0.00956634
-0.00941671
-0.00911729
-0.00868314
-0.00812307
-0.00746984
-0.0067323
-0.00595585
-0.0051459
-0.00435339
-0.0035772
-0.00286591
-0.00221043
-0.00164975
-0.00116749
-0.000787792
-0.000490083
-0.00028096
-0.000140571
-5.808e-05
-2.00414e-05
-6.23611e-07
2.0651e-06
2.4828e-05
5.46914e-05
0.000134287
0.000235757
0.00039851
0.000583107
0.000817341
0.0010577
0.00132239
0.0015733
0.00182208
0.00204214
0.00224005
0.00240274
0.00252955
0.0026202
0.0026669
0.00267897
0.00264766
0.00258712
0.00249364
0.00238216
0.00225477
0.00212373
0.00198869
0.00186537
0.00179804
0.000897857
0.00093706
0.00102928
0.00111278
0.00121993
0.00130741
0.00141086
0.00148592
0.00156086
0.00160413
0.00162915
0.00162704
0.00159036
0.00153739
0.00143718
0.00133618
0.00117979
0.00104298
0.000851086
0.00070205
0.000510977
0.000380954
0.000232283
0.000146995
6.64449e-05
3.02224e-05
7.98106e-06
-1.19557e-06
-4.98768e-06
-2.82234e-05
-7.13919e-05
-0.000158344
-0.000303205
-0.000499972
-0.000797425
-0.00113406
-0.00160885
-0.0020894
-0.00273027
-0.00332797
-0.00408525
-0.00474419
-0.00553582
-0.00617903
-0.00690395
-0.00744658
-0.00800303
-0.00836791
-0.00867292
-0.00880545
-0.00881138
-0.00869052
-0.00839508
-0.00803796
-0.00748521
-0.00694411
-0.00621603
-0.00556827
-0.00476842
-0.00410123
-0.00333431
-0.00272803
-0.00207984
-0.00159335
-0.00111582
-0.000777315
-0.00048178
-0.000286794
-0.000146607
-6.31324e-05
-2.42595e-05
-3.27492e-06
2.43366e-07
1.17886e-05
4.15808e-05
8.83462e-05
0.000188077
0.000295199
0.000477379
0.000642022
0.00088085
0.00107642
0.00132784
0.00151988
0.00174293
0.00190272
0.00207043
0.00217915
0.00227635
0.00232379
0.00234378
0.00232901
0.00227728
0.00221095
0.00210803
0.00201172
0.00188739
0.00178261
0.0016635
0.00161126
0.000808574
0.000847638
0.000906008
0.000987825
0.00106965
0.00115337
0.00122919
0.00129926
0.00135228
0.00139006
0.00140479
0.00139714
0.00136547
0.00130722
0.00122887
0.00112328
0.00100581
0.000865721
0.000726474
0.000575767
0.000441196
0.000310736
0.000207934
0.000122692
6.58418e-05
2.96527e-05
9.64772e-06
4.79539e-07
-1.39575e-05
-3.71718e-05
-9.0137e-05
-0.000177009
-0.000314897
-0.000511484
-0.000771088
-0.00110741
-0.00150508
-0.00198519
-0.00250971
-0.00310686
-0.00371795
-0.00437628
-0.00500933
-0.00565195
-0.00622841
-0.00677054
-0.00721175
-0.00757628
-0.00781826
-0.00795067
-0.00795665
-0.0078359
-0.00760393
-0.00724713
-0.0068108
-0.0062702
-0.00569239
-0.00504523
-0.00440584
-0.00373926
-0.0031197
-0.00251398
-0.00198203
-0.00149599
-0.00109417
-0.00075598
-0.000496097
-0.00030129
-0.000165885
-8.24873e-05
-3.23993e-05
-1.1434e-05
2.83287e-06
1.43675e-05
4.03444e-05
8.70668e-05
0.000159436
0.000266497
0.000396706
0.000561841
0.000736105
0.000933589
0.00112293
0.0013188
0.0014927
0.00165795
0.00179334
0.0019085
0.001991
0.0020454
0.00206829
0.00206068
0.00202716
0.0019676
0.00189253
0.00180153
0.00170499
0.00160267
0.00152728
0.00147525
0.000698367
0.0007358
0.000793395
0.000870806
0.000936278
0.00101439
0.00107547
0.00113965
0.00118089
0.0012136
0.00122266
0.00121166
0.00118292
0.00112353
0.001058
0.000953665
0.000858318
0.000721762
0.000611289
0.000465713
0.000362317
0.000237207
0.000163038
8.19087e-05
4.71056e-05
1.29738e-05
6.83832e-06
-1.91941e-06
-7.25534e-06
-3.0265e-05
-7.24198e-05
-0.000157429
-0.000275303
-0.000466549
-0.000690448
-0.00101666
-0.00135935
-0.00182424
-0.00227517
-0.00285276
-0.00337699
-0.00401331
-0.0045556
-0.00517646
-0.00566999
-0.00619363
-0.00657164
-0.00692374
-0.00713186
-0.00725982
-0.00726663
-0.00715017
-0.00695361
-0.00660919
-0.00623736
-0.00571529
-0.00522127
-0.00459602
-0.00404766
-0.00340327
-0.0028702
-0.00228415
-0.00182486
-0.00135405
-0.00100596
-0.000677794
-0.000452416
-0.000262828
-0.000146693
-6.5068e-05
-2.58696e-05
-5.12031e-06
-1.13965e-06
9.81668e-06
1.94429e-05
6.37305e-05
0.000110222
0.000212568
0.000309318
0.000468329
0.000606063
0.000797548
0.000952624
0.00114408
0.00129045
0.00145363
0.00157112
0.00168677
0.00176194
0.00181939
0.00184457
0.00184223
0.00181825
0.00176529
0.00170376
0.00161932
0.00153948
0.00144241
0.00136254
0.00131244
0.000621844
0.000651621
0.000708688
0.000770359
0.000833722
0.000895613
0.000953485
0.00100345
0.00104099
0.00106524
0.00107054
0.00105986
0.00102748
0.000978946
0.000910108
0.000827284
0.000729329
0.000622965
0.000510884
0.00039954
0.000295483
0.000201824
0.000127562
6.86593e-05
3.38831e-05
1.0377e-05
4.24639e-06
-2.39866e-06
-7.73036e-06
-2.9755e-05
-7.18764e-05
-0.000147467
-0.000265248
-0.000429292
-0.000653013
-0.000927618
-0.00127004
-0.00165706
-0.00210763
-0.00258512
-0.00310893
-0.00363257
-0.00417443
-0.00468385
-0.005177
-0.00560596
-0.00598367
-0.00627205
-0.00648
-0.00658522
-0.00659203
-0.00649757
-0.00630116
-0.00602013
-0.0056486
-0.00522147
-0.00472784
-0.00421476
-0.00366684
-0.00313598
-0.00260332
-0.00211795
-0.00165901
-0.00126611
-0.000918303
-0.000641314
-0.000416115
-0.000253099
-0.000137056
-6.43961e-05
-2.52288e-05
-5.53161e-06
-1.5541e-06
6.4204e-06
1.60391e-05
4.77654e-05
9.4221e-05
0.000171111
0.000267963
0.000390929
0.000529422
0.000680842
0.000837797
0.00099224
0.00114171
0.001276
0.00139752
0.00149502
0.00157474
0.00162555
0.00165559
0.00165721
0.00163819
0.00159719
0.00154011
0.00147174
0.00139493
0.00131523
0.00123614
0.00119498
0.00055108
0.000573765
0.000630507
0.000677578
0.000738975
0.000785614
0.000840675
0.000877327
0.000911569
0.000927859
0.000929818
0.000919285
0.000883733
0.000845053
0.000773298
0.000710247
0.000609877
0.000531473
0.000417902
0.000338259
0.000233591
0.000169058
9.47083e-05
5.63895e-05
2.16382e-05
7.97226e-06
1.8461e-06
-2.84247e-06
-8.17027e-06
-2.92826e-05
-7.13732e-05
-0.000138242
-0.000255936
-0.000394789
-0.000618346
-0.000845156
-0.00118732
-0.00150224
-0.00195248
-0.00233726
-0.00286069
-0.00327997
-0.00382144
-0.00422767
-0.00472045
-0.00506174
-0.00543917
-0.00566854
-0.00587634
-0.0059605
-0.0059673
-0.00589322
-0.00569696
-0.00547462
-0.00510336
-0.00476415
-0.00427089
-0.00386169
-0.00331417
-0.00288845
-0.00235619
-0.00196403
-0.00150544
-0.00118468
-0.000837125
-0.000607532
-0.000382498
-0.00024409
-0.000128132
-6.37739e-05
-2.46353e-05
-5.9125e-06
-1.93791e-06
3.27524e-06
1.28868e-05
3.29808e-05
7.9403e-05
0.000132719
0.000229665
0.000319251
0.000458447
0.000572765
0.000731461
0.000851629
0.00100398
0.00111169
0.00123675
0.0013177
0.00140138
0.00144623
0.00148059
0.00148602
0.00147144
0.0014417
0.00138857
0.00133533
0.00126134
0.00119774
0.00111922
0.00108633
0.000505753
0.00052837
0.000566124
0.000612315
0.000661087
0.000705631
0.000747827
0.000781681
0.000807014
0.000820304
0.00082007
0.000806633
0.000777134
0.000735801
0.00067863
0.000613377
0.000535267
0.00045538
0.00036869
0.000288509
0.000209741
0.00014529
8.93839e-05
5.12458e-05
2.3635e-05
1.00035e-05
1.43299e-06
-3.2474e-06
-1.46759e-05
-3.57716e-05
-7.93559e-05
-0.000146157
-0.000251773
-0.000390468
-0.000580954
-0.000807488
-0.00109179
-0.00140631
-0.00177511
-0.00215939
-0.00258436
-0.00300309
-0.00344017
-0.00384586
-0.00424212
-0.00458295
-0.0048857
-0.00511476
-0.00528117
-0.00536522
-0.0053706
-0.00529662
-0.00513932
-0.00491729
-0.00461941
-0.00428065
-0.00388394
-0.00347528
-0.00303324
-0.00260808
-0.00217584
-0.00178419
-0.00140845
-0.0010881
-0.000799279
-0.000569962
-0.000378248
-0.000239997
-0.000135907
-7.16131e-05
-3.05734e-05
-1.18658e-05
-1.45121e-06
3.75133e-06
1.57948e-05
3.58455e-05
7.43329e-05
0.000127436
0.000203859
0.00029334
0.00040292
0.000517847
0.000644246
0.000766145
0.000889457
0.000999798
0.00110282
0.00118703
0.00125745
0.001306
0.00133676
0.00134615
0.00133712
0.00131123
0.00127037
0.00122018
0.00116002
0.00109778
0.00104578
0.00101299
0.000451053
0.000473592
0.000505947
0.000551316
0.000590324
0.000633091
0.000666363
0.000697978
0.00071713
0.000728054
0.000726519
0.00071078
0.000686192
0.000642728
0.000596966
0.000529919
0.000468816
0.000387678
0.000321259
0.000240442
0.00018156
0.000116927
7.66124e-05
3.84813e-05
1.99977e-05
6.37481e-06
1.5933e-06
-3.08414e-06
-1.21198e-05
-3.32023e-05
-6.99291e-05
-0.000136688
-0.000224743
-0.000363351
-0.000520558
-0.000746949
-0.000979937
-0.00129425
-0.00159503
-0.00197908
-0.00232453
-0.00274299
-0.0030975
-0.00350294
-0.0038239
-0.00416452
-0.00440957
-0.00463849
-0.00477322
-0.00485722
-0.00486174
-0.0047878
-0.0046607
-0.0044388
-0.0041977
-0.00385916
-0.00353754
-0.00312913
-0.00277003
-0.00234514
-0.0019931
-0.0016017
-0.00129469
-0.000974542
-0.000737596
-0.000508424
-0.000350373
-0.00021221
-0.000125979
-6.17259e-05
-2.78862e-05
-9.19036e-06
-1.68603e-06
3.51323e-06
1.09262e-05
3.09641e-05
5.89805e-05
0.000112071
0.000170793
0.00026048
0.000347116
0.000462782
0.000564864
0.000688247
0.000789679
0.000902198
0.000988513
0.00107538
0.00113578
0.00118729
0.00121511
0.00122766
0.00122196
0.00119919
0.00116595
0.00111833
0.00106812
0.00100712
0.000959287
0.000926624
0.000402408
0.000423563
0.000455133
0.0004974
0.000530297
0.000569729
0.000597408
0.000626006
0.000640995
0.000649986
0.000646939
0.000630937
0.000608253
0.000566446
0.000526219
0.000462632
0.000410242
0.000333896
0.000278136
0.000202563
0.00015444
9.43461e-05
6.29964e-05
2.77915e-05
1.53572e-05
2.90058e-06
1.60559e-06
-2.86783e-06
-8.83274e-06
-2.91391e-05
-6.01079e-05
-0.000123685
-0.000200024
-0.000331357
-0.000468304
-0.000682243
-0.000885297
-0.00118186
-0.00144387
-0.00180586
-0.0021066
-0.00250078
-0.00280929
-0.00319103
-0.00347028
-0.0037909
-0.00400414
-0.00421957
-0.00433691
-0.00441594
-0.00442005
-0.00435043
-0.00423999
-0.00403108
-0.00382131
-0.00350253
-0.00322244
-0.00283777
-0.00252477
-0.00212439
-0.00181731
-0.00144827
-0.00118033
-0.000878226
-0.000671495
-0.000454991
-0.00031746
-0.000186701
-0.000112464
-5.14629e-05
-2.37312e-05
-5.87043e-06
-1.91367e-06
2.97165e-06
6.22905e-06
2.48582e-05
4.58665e-05
9.55641e-05
0.00014402
0.000228401
0.000302578
0.000411904
0.000501207
0.000618427
0.000708671
0.000816207
0.000894345
0.000978079
0.00103406
0.00108463
0.00111191
0.00112569
0.00112279
0.0011029
0.00107459
0.00103062
0.000986645
0.000929305
0.000880036
0.000849059
0.000366861
0.000384601
0.000415928
0.000451348
0.000483273
0.000516042
0.000542267
0.000565567
0.000578914
0.000585594
0.000580915
0.000566785
0.000542569
0.000507311
0.000465741
0.000413021
0.000359614
0.000297103
0.000240748
0.000179596
0.000131243
8.32653e-05
5.18848e-05
2.43063e-05
1.18785e-05
2.40419e-06
1.1099e-06
-2.84407e-06
-8.80575e-06
-2.71393e-05
-5.80914e-05
-0.000113561
-0.000189859
-0.000302642
-0.000439515
-0.00062169
-0.000824635
-0.0010759
-0.00133777
-0.00164349
-0.00194407
-0.00227628
-0.00258461
-0.00290589
-0.00318499
-0.00345458
-0.0036677
-0.00384874
-0.00396601
-0.00403236
-0.00403647
-0.00397786
-0.00386748
-0.00369171
-0.00348206
-0.00321371
-0.00293377
-0.00260964
-0.00229681
-0.00195898
-0.00165206
-0.00134009
-0.00107229
-0.000816233
-0.000609613
-0.000425425
-0.000287969
-0.000176092
-0.000101895
-4.91842e-05
-2.14675e-05
-5.73356e-06
-1.77894e-06
2.30511e-06
5.56074e-06
2.05909e-05
4.1588e-05
8.24532e-05
0.00013094
0.000201167
0.00027561
0.000367524
0.000457541
0.000557056
0.000648552
0.000740771
0.000820612
0.000893259
0.000951245
0.000995924
0.00102543
0.00103856
0.00103798
0.0010218
0.000995638
0.000958057
0.000915578
0.000865937
0.000817058
0.000790208
0.000333942
0.000348519
0.000379622
0.0004087
0.000439727
0.000466324
0.000491203
0.000509596
0.000521424
0.000525964
0.000519772
0.000507376
0.000481741
0.000452549
0.000409734
0.000367078
0.000312731
0.000263031
0.000206124
0.000158327
0.000109761
7.30038e-05
4.15948e-05
2.10788e-05
8.65706e-06
1.94449e-06
6.50851e-07
-2.82207e-06
-8.78076e-06
-2.52874e-05
-5.62239e-05
-0.000104186
-0.000180445
-0.00027605
-0.000412855
-0.000565615
-0.000768458
-0.000977772
-0.00123951
-0.00149312
-0.00179355
-0.00206837
-0.00237655
-0.00264183
-0.0029208
-0.00314313
-0.00335614
-0.00350532
-0.00362254
-0.00367714
-0.00368125
-0.00363284
-0.00352252
-0.00337744
-0.00316789
-0.00294624
-0.00266644
-0.00239837
-0.0020857
-0.00180579
-0.00149903
-0.0012399
-0.00097224
-0.000758824
-0.000552308
-0.000398046
-0.000260658
-0.000166267
-9.21078e-05
-4.70741e-05
-1.93713e-05
-5.60682e-06
-1.65418e-06
1.68784e-06
4.94185e-06
1.66391e-05
3.76259e-05
7.03116e-05
0.000118826
0.000175946
0.000250636
0.000326426
0.000417103
0.000500223
0.000592878
0.000670912
0.00075233
0.000814711
0.000874555
0.000913774
0.000945336
0.00095786
0.000959444
0.000946694
0.000922527
0.000890858
0.000849767
0.000807253
0.000758736
0.000735709
0.000304226
0.000316078
0.000346544
0.000370054
0.000400061
0.000420996
0.000444681
0.000458441
0.000469111
0.000471398
0.000464295
0.000452975
0.000426757
0.000402372
0.000359302
0.000324959
0.000270686
0.000231789
0.000175239
0.000138849
9.07558e-05
6.36618e-05
3.26319e-05
1.82183e-05
5.93235e-06
1.59606e-06
2.09065e-07
-2.84987e-06
-8.92461e-06
-2.38589e-05
-5.46754e-05
-9.61766e-05
-0.000171812
-0.000252635
-0.000388102
-0.000515549
-0.000716251
-0.000889467
-0.00114832
-0.00135709
-0.00165414
-0.00187957
-0.00218422
-0.00240132
-0.00267705
-0.00285872
-0.00306924
-0.003191
-0.00330684
-0.00335134
-0.00335537
-0.00331575
-0.00320669
-0.00308802
-0.00288089
-0.00269942
-0.00242284
-0.00220302
-0.00189391
-0.00166385
-0.00136054
-0.00114689
-0.000882174
-0.000705451
-0.000501133
-0.000372623
-0.000236604
-0.00015726
-8.37308e-05
-4.53035e-05
-1.7709e-05
-5.63946e-06
-1.55441e-06
1.14911e-06
4.49984e-06
1.33292e-05
3.41432e-05
5.97619e-05
0.000107815
0.000153649
0.000227746
0.000289757
0.000379945
0.000449207
0.000541687
0.000607905
0.000689546
0.000743554
0.000804055
0.000839038
0.000871741
0.000884204
0.000887344
0.000878016
0.000855545
0.000829381
0.00078976
0.000753525
0.000706055
0.000686327
0.000285211
0.000297035
0.000320334
0.000343486
0.000368912
0.000389064
0.000408563
0.000421329
0.000429604
0.000430851
0.000424087
0.000411781
0.000389054
0.000363791
0.000327225
0.000292182
0.000246732
0.000207385
0.000160559
0.000123972
8.4432e-05
5.72989e-05
3.16928e-05
1.72841e-05
6.54507e-06
2.21065e-06
-4.02364e-07
-3.45999e-06
-1.10832e-05
-2.60111e-05
-5.54348e-05
-9.69182e-05
-0.000164838
-0.000245626
-0.000364402
-0.000491795
-0.000665671
-0.000838813
-0.00106153
-0.00127021
-0.00152469
-0.00175002
-0.00201028
-0.00222729
-0.00246237
-0.00264396
-0.00282318
-0.00294489
-0.00304331
-0.00308779
-0.00309098
-0.00305137
-0.00295824
-0.00283962
-0.00266286
-0.00248147
-0.00224532
-0.0020256
-0.00176131
-0.00153134
-0.0012714
-0.00105784
-0.000830145
-0.000653498
-0.000476714
-0.000348259
-0.000229335
-0.000150025
-8.43014e-05
-4.58907e-05
-1.95535e-05
-7.48913e-06
-1.65322e-06
1.04913e-06
5.68083e-06
1.45064e-05
3.34093e-05
5.9018e-05
0.00010056
0.000146433
0.000209969
0.000272215
0.000349756
0.000419582
0.00049963
0.000566761
0.000638
0.000693198
0.000746519
0.000782897
0.000812331
0.000826335
0.000830143
0.000822361
0.000803701
0.000778816
0.000744397
0.000708773
0.000672295
0.000652615
0.000267306
0.000279104
0.000296083
0.000318903
0.000340132
0.000359559
0.000375231
0.000387079
0.000393164
0.000393452
0.00038701
0.000373793
0.000354277
0.000328204
0.000297607
0.000261917
0.000224562
0.0001848
0.0001469
0.000110131
7.84573e-05
5.12869e-05
3.06929e-05
1.62887e-05
7.0335e-06
2.70081e-06
-9.18178e-07
-3.97458e-06
-1.28671e-05
-2.7789e-05
-5.57589e-05
-9.72258e-05
-0.000157878
-0.000238634
-0.00034191
-0.000469252
-0.000618347
-0.00079142
-0.000980839
-0.00118943
-0.00140475
-0.00162999
-0.00184944
-0.00206636
-0.0022641
-0.00244562
-0.00259608
-0.00271775
-0.00280019
-0.00284466
-0.00284707
-0.00280747
-0.00272896
-0.00261039
-0.00246153
-0.00228022
-0.0020812
-0.00186156
-0.00163845
-0.00140858
-0.00118853
-0.000975047
-0.000781455
-0.000604878
-0.000453526
-0.000325122
-0.000222077
-0.000142799
-8.4441e-05
-4.60455e-05
-2.10608e-05
-9.00131e-06
-1.73602e-06
9.65264e-07
6.6288e-06
1.54509e-05
3.25252e-05
5.81248e-05
9.36478e-05
0.00013956
0.000193381
0.000255848
0.000321781
0.000392129
0.000460778
0.000528753
0.000590457
0.000646754
0.000693489
0.000731153
0.000757581
0.000773004
0.000777416
0.00077106
0.000755876
0.000732171
0.000702514
0.000667455
0.000640538
0.000620903
0.000245818
0.000257587
0.000273894
0.000296412
0.000314518
0.000333301
0.000346447
0.000357503
0.000362213
0.000361686
0.000355647
0.00034166
0.000324659
0.000297895
0.000271851
0.000235599
0.000204313
0.000164171
0.000132915
9.59577e-05
7.03432e-05
4.31189e-05
2.70234e-05
1.26195e-05
6.01414e-06
1.68304e-06
-4.56615e-07
-3.51189e-06
-1.05104e-05
-2.54269e-05
-4.89954e-05
-9.0447e-05
-0.000142099
-0.000222825
-0.000310951
-0.000438246
-0.000565504
-0.000738513
-0.000900182
-0.0011087
-0.00129246
-0.00151762
-0.0017049
-0.00192174
-0.00209049
-0.00227195
-0.00240033
-0.00252195
-0.00259224
-0.00263669
-0.00263858
-0.002599
-0.00253172
-0.00241319
-0.00228576
-0.00210451
-0.00193417
-0.00171462
-0.00152371
-0.00129392
-0.00110572
-0.000892313
-0.000726903
-0.000550391
-0.000421345
-0.000292989
-0.000205537
-0.000126288
-7.73249e-05
-3.89437e-05
-1.87165e-05
-6.66141e-06
-1.65038e-06
1.04991e-06
4.79178e-06
1.36106e-05
2.73959e-05
5.29929e-05
8.30536e-05
0.000129032
0.000175391
0.000238095
0.000295501
0.000366339
0.00042664
0.000495358
0.000550039
0.000607272
0.000649128
0.000687871
0.000711943
0.00072855
0.000733012
0.000727856
0.000714556
0.000691869
0.000665386
0.000630827
0.000602953
0.000583369
0.000225919
0.000237661
0.000253346
0.000275583
0.000290798
0.000308985
0.000319791
0.000330114
0.000333549
0.000332268
0.000326603
0.000311902
0.000297231
0.000269826
0.000248001
0.000211227
0.00018556
0.000145067
0.000119964
8.28328e-05
6.2829e-05
3.55549e-05
2.36251e-05
9.22167e-06
5.07014e-06
7.40527e-07
-2.91793e-08
-3.08341e-06
-8.32802e-06
-2.32394e-05
-4.2732e-05
-8.41694e-05
-0.000127486
-0.000208185
-0.00028228
-0.000409532
-0.000516568
-0.000689518
-0.000825488
-0.00103394
-0.00118847
-0.00141356
-0.00157105
-0.00178781
-0.00192972
-0.00211111
-0.00221906
-0.00234063
-0.00239966
-0.0024441
-0.00244552
-0.00240595
-0.00234907
-0.00223058
-0.00212298
-0.00194179
-0.00179802
-0.00157853
-0.00141744
-0.00118774
-0.00102903
-0.000815695
-0.000676384
-0.000499933
-0.000391543
-0.000263231
-0.00019022
-0.000110998
-7.0735e-05
-3.23669e-05
-1.65455e-05
-4.49452e-06
-1.57107e-06
1.12829e-06
3.09058e-06
1.19064e-05
2.26458e-05
4.82404e-05
7.32428e-05
0.000119284
0.000158731
0.000221655
0.000271165
0.000342457
0.000395026
0.000464432
0.000512609
0.000570709
0.000608048
0.00064779
0.000669679
0.000687383
0.000691891
0.000687846
0.000676291
0.000654547
0.000631003
0.000596907
0.000568147
0.000548611
0.000214152
0.000225416
0.000240841
0.000262283
0.000275894
0.000293528
0.000302723
0.00031276
0.000314922
0.000313793
0.000307468
0.00029351
0.00027889
0.000252849
0.000231791
0.000196874
0.000172604
0.000134212
0.000110884
7.57563e-05
5.75174e-05
3.17975e-05
2.12479e-05
7.73897e-06
4.41602e-06
3.88845e-07
7.51118e-08
-2.91066e-06
-7.57063e-06
-2.20581e-05
-4.01907e-05
-8.01693e-05
-0.000120704
-0.000198303
-0.000267715
-0.000389858
-0.000490145
-0.000655973
-0.000783365
-0.000983094
-0.00112787
-0.00134345
-0.001491
-0.00169855
-0.0018315
-0.00200513
-0.00210625
-0.0022226
-0.00227788
-0.00232036
-0.00232162
-0.00228368
-0.00223027
-0.00211676
-0.00201578
-0.00184221
-0.0017073
-0.00149703
-0.0013459
-0.00112579
-0.000976926
-0.000772462
-0.000641863
-0.000472689
-0.000371194
-0.000248119
-0.000179928
-0.000103892
-6.6532e-05
-2.96714e-05
-1.53191e-05
-3.72131e-06
-1.49305e-06
1.09784e-06
2.46761e-06
1.08885e-05
2.05963e-05
4.51013e-05
6.8429e-05
0.000112566
0.000149845
0.000210233
0.000257465
0.000325947
0.000376561
0.000443275
0.000490134
0.000546
0.000582824
0.000621024
0.000643296
0.000660211
0.000665984
0.000661789
0.000652097
0.000630681
0.000609152
0.000575893
0.000546939
0.000527998
0.000206646
0.000217204
0.000232576
0.000252627
0.000266028
0.000282371
0.000291263
0.000300363
0.00030219
0.000300796
0.000294141
0.000280802
0.000265878
0.000241396
0.000220076
0.000187531
0.00016307
0.000127526
0.000104092
7.17793e-05
5.35017e-05
3.00123e-05
1.94581e-05
7.24659e-06
3.92459e-06
3.33886e-07
2.02445e-08
-2.86706e-06
-7.52566e-06
-2.14029e-05
-3.95302e-05
-7.74071e-05
-0.00011793
-0.000191061
-0.000260453
-0.000375232
-0.000475489
-0.000631051
-0.000758406
-0.000945568
-0.0010903
-0.00129218
-0.00143968
-0.00163394
-0.00176685
-0.00192931
-0.0020304
-0.00213921
-0.00219447
-0.00223415
-0.00223541
-0.00219981
-0.00214642
-0.00204007
-0.00193912
-0.00177654
-0.00164167
-0.00144468
-0.00129359
-0.00108733
-0.000938506
-0.000746825
-0.000616263
-0.00045758
-0.000356115
-0.00024059
-0.000172418
-0.000100976
-6.36265e-05
-2.89388e-05
-1.45907e-05
-3.64602e-06
-1.41841e-06
1.01611e-06
2.38548e-06
1.02368e-05
1.99419e-05
4.28695e-05
6.62e-05
0.000107611
0.000144936
0.000201763
0.000249131
0.00031379
0.000364655
0.000427879
0.000475091
0.000528266
0.000565514
0.000602099
0.000624847
0.000641298
0.000647576
0.000643935
0.000634718
0.000614541
0.000593356
0.000561715
0.000532854
0.000514801
0.000199694
0.000209599
0.000224922
0.000243684
0.000256891
0.00027204
0.00028065
0.000288883
0.000290399
0.000288759
0.0002818
0.000269033
0.000253828
0.000230789
0.000209228
0.000178879
0.00015424
0.000121335
9.7802e-05
6.80963e-05
4.97829e-05
2.83591e-05
1.78008e-05
6.79061e-06
3.4695e-06
2.8299e-07
-3.05661e-08
-2.82669e-06
-7.48403e-06
-2.07962e-05
-3.89185e-05
-7.4849e-05
-0.000115361
-0.000184355
-0.000253728
-0.000361687
-0.000461917
-0.000607973
-0.000735292
-0.000910816
-0.00105551
-0.00124469
-0.00139215
-0.00157411
-0.00170698
-0.00185909
-0.00196015
-0.00206199
-0.00211723
-0.00215431
-0.00215557
-0.00212214
-0.00206876
-0.00196906
-0.00186813
-0.00171572
-0.00158089
-0.0013962
-0.00124515
-0.00105171
-0.000902927
-0.000723083
-0.000592557
-0.000443589
-0.000342151
-0.000233617
-0.000165464
-9.82749e-05
-6.09359e-05
-2.82604e-05
-1.39162e-05
-3.5763e-06
-1.3493e-06
9.4042e-07
2.30942e-06
9.63341e-06
1.93358e-05
4.08027e-05
6.41358e-05
0.000103022
0.000140391
0.00019392
0.000241414
0.000302532
0.00035363
0.000413622
0.000461161
0.000511843
0.000549484
0.000584573
0.000607761
0.000623784
0.000630529
0.000627401
0.000618625
0.000599594
0.000578728
0.000548586
0.000519811
0.000502579
0.000193256
0.000202557
0.000217833
0.000235403
0.00024843
0.000262472
0.000270823
0.000278251
0.000279481
0.000277612
0.000270372
0.000258135
0.000242668
0.000220967
0.000199182
0.000170866
0.000146064
0.000115602
9.19772e-05
6.46856e-05
4.6339e-05
2.68281e-05
1.62659e-05
6.36835e-06
3.04805e-06
2.35857e-07
-7.76198e-08
-2.7893e-06
-7.44547e-06
-2.02343e-05
-3.8352e-05
-7.24801e-05
-0.000112982
-0.000178145
-0.0002475
-0.000349144
-0.000449349
-0.0005866
-0.000713888
-0.000878634
-0.00102329
-0.00120072
-0.00134814
-0.0015187
-0.00165154
-0.00179406
-0.0018951
-0.00199048
-0.0020457
-0.00208037
-0.00208163
-0.00205021
-0.00199685
-0.0019033
-0.0018024
-0.0016594
-0.00152461
-0.00135131
-0.00120029
-0.00101872
-0.000869979
-0.000701096
-0.000570603
-0.000430632
-0.00032922
-0.00022716
-0.000159024
-9.57738e-05
-5.84442e-05
-2.76322e-05
-1.32916e-05
-3.51174e-06
-1.28529e-06
8.70329e-07
2.23899e-06
9.07459e-06
1.87746e-05
3.88886e-05
6.22242e-05
9.87731e-05
0.000136181
0.000186657
0.000234267
0.000292107
0.00034342
0.000400419
0.000448261
0.000496634
0.000534639
0.000568342
0.000591939
0.000607565
0.000614742
0.000612089
0.000603721
0.000585753
0.000565181
0.000536427
0.000507732
0.000491261
0.000187294
0.000196035
0.000211269
0.000227735
0.000240595
0.000253612
0.000261721
0.000268406
0.000269369
0.00026729
0.000259788
0.000248042
0.000232334
0.000211871
0.000189879
0.000163446
0.000138492
0.000110293
8.6583e-05
6.15271e-05
4.31498e-05
2.54103e-05
1.48446e-05
5.97731e-06
2.65777e-06
1.92209e-07
-1.21194e-07
-2.75468e-06
-7.40976e-06
-1.9714e-05
-3.78275e-05
-7.02863e-05
-0.000110779
-0.000172393
-0.000241733
-0.000337528
-0.00043771
-0.000566808
-0.000694066
-0.000848831
-0.000993458
-0.00115999
-0.00130739
-0.00146739
-0.00160019
-0.00173384
-0.00183486
-0.00192425
-0.00197946
-0.0020119
-0.00201316
-0.00198361
-0.00193025
-0.00184239
-0.00174152
-0.00160725
-0.00147249
-0.00130973
-0.00115875
-0.000988177
-0.000839466
-0.000680735
-0.000550273
-0.000418633
-0.000317245
-0.00022118
-0.00015306
-9.34576e-05
-5.61367e-05
-2.70504e-05
-1.27131e-05
-3.45195e-06
-1.22602e-06
8.05421e-07
2.17376e-06
8.55709e-06
1.82548e-05
3.71161e-05
6.04539e-05
9.48381e-05
0.000132282
0.000179931
0.000227649
0.000282452
0.000333965
0.000388192
0.000436314
0.000482549
0.000520892
0.000553312
0.000577287
0.000592544
0.000600123
0.000597909
0.000589919
0.000572935
0.000552636
0.000525168
0.000496546
0.00048078
0.000181773
0.000189996
0.00020519
0.000220633
0.000233339
0.000245407
0.000253293
0.000259289
0.000260005
0.000257731
0.000249987
0.000238696
0.000222764
0.000203448
0.000181263
0.000156574
0.00013148
0.000105376
8.15877e-05
5.86022e-05
4.01964e-05
2.40974e-05
1.35283e-05
5.61519e-06
2.29634e-06
1.51789e-07
-1.61547e-07
-2.72262e-06
-7.37669e-06
-1.92321e-05
-3.73417e-05
-6.82548e-05
-0.000108738
-0.000167067
-0.000236392
-0.000326772
-0.000426931
-0.000548479
-0.00067571
-0.000821231
-0.000965827
-0.00112228
-0.00126964
-0.00141987
-0.00155265
-0.00167807
-0.00177907
-0.00186292
-0.00191812
-0.0019485
-0.00194976
-0.00192192
-0.00186858
-0.001786
-0.00168514
-0.00155895
-0.00142422
-0.00127123
-0.00112028
-0.000959889
-0.00081121
-0.00066188
-0.000531446
-0.000407521
-0.000306155
-0.000215643
-0.000147538
-9.13127e-05
-5.39998e-05
-2.65116e-05
-1.21775e-05
-3.39658e-06
-1.17113e-06
7.45312e-07
2.11336e-06
8.07785e-06
1.77735e-05
3.54747e-05
5.88146e-05
9.11941e-05
0.000128672
0.000173702
0.00022152
0.000273512
0.000325209
0.000376869
0.000425251
0.000469506
0.000508161
0.000539393
0.000563717
0.000578635
0.000586585
0.000584778
0.000577138
0.000561064
0.000541018
0.000514741
0.000486187
0.000471074
0.000176661
0.000184403
0.00019956
0.000214056
0.000226619
0.000237809
0.000245488
0.000250845
0.000251333
0.000248878
0.00024091
0.00023004
0.000213901
0.000195647
0.000173285
0.000150211
0.000124986
0.000100823
7.69617e-05
5.58935e-05
3.74614e-05
2.28815e-05
1.23093e-05
5.27984e-06
1.96164e-06
1.14357e-07
-1.98917e-07
-2.69293e-06
-7.34607e-06
-1.87859e-05
-3.68918e-05
-6.63734e-05
-0.000106849
-0.000162135
-0.000231446
-0.00031681
-0.00041695
-0.000531505
-0.00065871
-0.000795673
-0.00094024
-0.00108736
-0.00123469
-0.00137586
-0.00150862
-0.00162643
-0.0017274
-0.00180612
-0.00186132
-0.00188978
-0.00189104
-0.0018648
-0.00181146
-0.00173377
-0.00163293
-0.00151422
-0.00137952
-0.00123557
-0.00108466
-0.000933692
-0.000785043
-0.000644418
-0.00051401
-0.000397231
-0.000295885
-0.000210515
-0.000142423
-8.93264e-05
-5.20209e-05
-2.60127e-05
-1.16814e-05
-3.3453e-06
-1.1203e-06
6.89647e-07
2.05742e-06
7.63405e-06
1.73278e-05
3.39546e-05
5.72964e-05
8.78194e-05
0.000125329
0.000167934
0.000215844
0.000265232
0.0003171
0.000366383
0.000415006
0.000457428
0.000496371
0.000526503
0.000551152
0.000565754
0.000574047
0.000572617
0.000565302
0.000550072
0.000530259
0.000505085
0.000476594
0.000462086
0.000176926
0.000184599
0.000199048
0.000213207
0.000226017
0.000236614
0.000244708
0.0002494
0.000250402
0.000247321
0.000239934
0.000228531
0.000213011
0.000194346
0.000172589
0.000149257
0.000124562
0.000100312
7.68397e-05
5.58227e-05
3.75926e-05
2.31215e-05
1.25419e-05
5.59858e-06
2.07532e-06
2.5781e-07
-4.15289e-07
-2.90224e-06
-8.00257e-06
-1.93993e-05
-3.79448e-05
-6.72796e-05
-0.000108078
-0.000163053
-0.000232472
-0.000317325
-0.000417294
-0.000531138
-0.000657886
-0.000793977
-0.00093785
-0.00108402
-0.00123052
-0.00137078
-0.00150271
-0.00161974
-0.00172005
-0.00179824
-0.00185305
-0.00188131
-0.00188254
-0.00185646
-0.00180347
-0.00172627
-0.00162609
-0.00150814
-0.00137428
-0.00123126
-0.00108122
-0.000931218
-0.00078333
-0.000643592
-0.000513695
-0.000397643
-0.000296488
-0.000211641
-0.000143419
-9.0641e-05
-5.29473e-05
-2.70901e-05
-1.22242e-05
-3.93357e-06
-1.15708e-06
6.42013e-07
2.45975e-06
7.99701e-06
1.7947e-05
3.44685e-05
5.78043e-05
8.81973e-05
0.000125412
0.000167954
0.000215301
0.000264791
0.000315887
0.000365483
0.000413207
0.000456143
0.000494148
0.00052497
0.000548721
0.000564168
0.000571657
0.000571171
0.000563203
0.000548853
0.000528656
0.000503992
0.000477053
0.000462642
0.000177704
0.000185377
0.000198933
0.000213091
0.000225787
0.000236382
0.000244354
0.000249038
0.000249976
0.000246883
0.000239515
0.000228098
0.000212683
0.000194004
0.000172425
0.000149084
0.00012461
0.000100356
7.70975e-05
5.6084e-05
3.79823e-05
2.35159e-05
1.29081e-05
5.96652e-06
2.22763e-06
4.10432e-07
-6.35843e-07
-3.12237e-06
-8.68656e-06
-2.00813e-05
-3.9083e-05
-6.84128e-05
-0.000109546
-0.000164513
-0.000234044
-0.000318883
-0.000418678
-0.000532502
-0.00065878
-0.000794847
-0.000938003
-0.00108415
-0.00122979
-0.00137002
-0.0015011
-0.00161812
-0.00171773
-0.00179591
-0.00185031
-0.00187857
-0.00187977
-0.00185369
-0.00180105
-0.00172387
-0.00162436
-0.00150643
-0.00137345
-0.00123044
-0.00108133
-0.000931346
-0.000784245
-0.00064453
-0.000515161
-0.000399129
-0.000298169
-0.000213337
-0.000144977
-9.22085e-05
-5.41115e-05
-2.82587e-05
-1.28381e-05
-4.54894e-06
-1.20045e-06
5.98336e-07
2.88277e-06
8.41907e-06
1.86397e-05
3.51575e-05
5.85159e-05
8.88997e-05
0.000125915
0.00016845
0.000215458
0.000264953
0.000315668
0.000365282
0.000412662
0.000455624
0.000493378
0.000524229
0.000547861
0.000563336
0.000570857
0.000570392
0.000562587
0.000548248
0.000528238
0.000503581
0.000478514
0.000464104
0.000178425
0.000186097
0.000198827
0.000212983
0.000225575
0.000236167
0.000244026
0.000248702
0.000249581
0.000246477
0.000239127
0.000227696
0.000212379
0.000193688
0.000172273
0.000148923
0.000124654
0.000100398
7.73364e-05
5.6326e-05
3.83431e-05
2.38812e-05
1.32473e-05
6.30726e-06
2.36868e-06
5.5177e-07
-8.40091e-07
-3.32622e-06
-9.31999e-06
-2.07129e-05
-4.01371e-05
-6.94622e-05
-0.000110907
-0.000165864
-0.000235501
-0.000320325
-0.00041996
-0.000533766
-0.000659607
-0.000795653
-0.000938145
-0.00108427
-0.00122912
-0.00136933
-0.00149962
-0.00161662
-0.00171558
-0.00179376
-0.00184778
-0.00187603
-0.0018772
-0.00185113
-0.00179881
-0.00172164
-0.00162276
-0.00150485
-0.00137267
-0.00122969
-0.00108142
-0.000931464
-0.000785091
-0.000645399
-0.000516518
-0.000400504
-0.000299726
-0.000214907
-0.000146421
-9.36602e-05
-5.51897e-05
-2.93409e-05
-1.34067e-05
-5.1188e-06
-1.24061e-06
5.57889e-07
3.2745e-06
8.80993e-06
1.92812e-05
3.57954e-05
5.9175e-05
8.95502e-05
0.000126381
0.00016891
0.000215604
0.000265103
0.000315465
0.000365096
0.000412158
0.000455143
0.000492665
0.000523543
0.000547064
0.000562566
0.000570116
0.00056967
0.000562017
0.000547688
0.000527852
0.000503201
0.000479866
0.000465457
0.000179092
0.000186764
0.000198729
0.000212883
0.000225378
0.000235968
0.000243722
0.000248392
0.000249216
0.000246101
0.000238767
0.000227325
0.000212098
0.000193395
0.000172133
0.000148774
0.000124695
0.000100436
7.75575e-05
5.65501e-05
3.86773e-05
2.42195e-05
1.35614e-05
6.6228e-06
2.4993e-06
6.82658e-07
-1.02924e-06
-3.515e-06
-9.90658e-06
-2.12978e-05
-4.11132e-05
-7.0434e-05
-0.000112166
-0.000167116
-0.000236849
-0.000321661
-0.000421147
-0.000534936
-0.000660373
-0.000796399
-0.000938276
-0.00108438
-0.0012285
-0.00136868
-0.00149824
-0.00161522
-0.00171359
-0.00179176
-0.00184543
-0.00187368
-0.00187482
-0.00184875
-0.00179674
-0.00171958
-0.00162127
-0.00150338
-0.00137196
-0.001229
-0.00108151
-0.000931574
-0.000785875
-0.000646203
-0.000517775
-0.000401778
-0.000301167
-0.000216361
-0.000147757
-9.50046e-05
-5.61881e-05
-3.03432e-05
-1.39332e-05
-5.64654e-06
-1.2778e-06
5.20431e-07
3.63727e-06
9.17188e-06
1.98752e-05
3.63863e-05
5.97853e-05
9.01526e-05
0.000126812
0.000169336
0.000215739
0.000265242
0.000315278
0.000364923
0.000411691
0.000454698
0.000492004
0.000522907
0.000546326
0.000561852
0.000569429
0.000569002
0.000561489
0.000547169
0.000527494
0.000502848
0.000481119
0.000466711
0.00017971
0.000187382
0.000198638
0.00021279
0.000225196
0.000235784
0.00024344
0.000248105
0.000248877
0.000245753
0.000238434
0.00022698
0.000211837
0.000193124
0.000172003
0.000148636
0.000124733
0.000100472
7.77623e-05
5.67577e-05
3.89868e-05
2.45328e-05
1.38523e-05
6.91502e-06
2.62026e-06
8.03868e-07
-1.2044e-06
-3.68982e-06
-1.04498e-05
-2.18395e-05
-4.20172e-05
-7.1334e-05
-0.000113333
-0.000168274
-0.000238098
-0.000322899
-0.000422246
-0.00053602
-0.000661082
-0.000797089
-0.000938397
-0.00108448
-0.00122792
-0.00136808
-0.00149697
-0.00161394
-0.00171175
-0.0017899
-0.00184326
-0.00187151
-0.00187262
-0.00184655
-0.00179482
-0.00171767
-0.0016199
-0.00150203
-0.00137129
-0.00122836
-0.00108159
-0.000931675
-0.000786601
-0.000646948
-0.000518938
-0.000402958
-0.000302502
-0.000217708
-0.000148995
-9.62495e-05
-5.71127e-05
-3.12713e-05
-1.44208e-05
-6.13525e-06
-1.31224e-06
4.85744e-07
3.97322e-06
9.50707e-06
2.04253e-05
3.69334e-05
6.03504e-05
9.07105e-05
0.000127212
0.000169731
0.000215863
0.000265371
0.000315104
0.000364763
0.000411259
0.000454286
0.000491393
0.000522318
0.000545643
0.000561191
0.000568794
0.000568384
0.000560999
0.000546689
0.000527163
0.000502522
0.000482279
0.000467871
)
;

boundaryField
{
    inlet
    {
        type            cyclic;
    }
    outlet
    {
        type            cyclic;
    }
    top
    {
        type            zeroGradient;
    }
    hills
    {
        type            zeroGradient;
    }
    front
    {
        type            empty;
    }
    back
    {
        type            empty;
    }
}


// ************************************************************************* //
