/*--------------------------------*- C++ -*----------------------------------*\
| =========                 |                                                 |
| \\      /  F ield         | OpenFOAM: The Open Source CFD Toolbox           |
|  \\    /   O peration     | Version:  v2106                                 |
|   \\  /    A nd           | Website:  www.openfoam.com                      |
|    \\/     M anipulation  |                                                 |
\*---------------------------------------------------------------------------*/
FoamFile
{
    version     2.0;
    format      ascii;
    arch        "LSB;label=32;scalar=64";
    class       volScalarField;
    location    "0";
    object      expGpCoeffs17;
}
// * * * * * * * * * * * * * * * * * * * * * * * * * * * * * * * * * * * * * //

dimensions      [0 0 0 0 0 0 0];

internalField   nonuniform List<scalar> 
8000
(
0.0822458
0.082756
0.0825165
0.0807654
0.0751837
0.0659539
0.0523856
0.0348492
0.0149228
-0.00735225
-0.0298114
-0.0522826
-0.0731207
-0.0921879
-0.108296
-0.121538
-0.131436
-0.138105
-0.142086
-0.143399
-0.143117
-0.141245
-0.138491
-0.134868
-0.130488
-0.125305
-0.119289
-0.112446
-0.104852
-0.096521
-0.0875988
-0.0781017
-0.0682147
-0.0579572
-0.0475432
-0.0369944
-0.0265411
-0.0162061
-0.0062228
0.00338657
0.0123994
0.0207951
0.0283748
0.0351215
0.0408722
0.0456133
0.0492274
0.051706
0.0529842
0.0530586
0.0519211
0.0495736
0.0460656
0.0414043
0.0356941
0.0289473
0.0213168
0.0128197
0.00364885
-0.00617588
-0.0164335
-0.0271013
-0.0379436
-0.0489376
-0.0598469
-0.0706493
-0.0811227
-0.091246
-0.100824
-0.109838
-0.11813
-0.125686
-0.132391
-0.138234
-0.143155
-0.14715
-0.150177
-0.152285
-0.153199
-0.152927
-0.150658
-0.146408
-0.139201
-0.129026
-0.115691
-0.0990762
-0.0801351
-0.0587956
-0.0366036
-0.0137212
0.00808044
0.0286329
0.0460209
0.060161
0.070195
0.075791
0.0782945
0.077768
0.0766027
0.075447
0.0822047
0.0827148
0.0827385
0.0809904
0.0755655
0.0663442
0.0526896
0.0351557
0.0150354
-0.00724506
-0.0298663
-0.0523466
-0.0733006
-0.0923782
-0.108554
-0.121806
-0.131688
-0.138363
-0.142258
-0.143573
-0.143201
-0.141329
-0.138548
-0.134926
-0.130556
-0.125374
-0.119354
-0.112512
-0.104906
-0.096576
-0.0876378
-0.0781419
-0.0682357
-0.0579796
-0.0475443
-0.0369968
-0.0265214
-0.0161877
-0.00618268
0.00342546
0.0124583
0.0208529
0.0284499
0.0351957
0.0409597
0.0457001
0.0493229
0.0518012
0.0530828
0.0531572
0.0520177
0.0496705
0.0461552
0.0414945
0.0357721
0.0290261
0.0213791
0.0128831
0.00369247
-0.006131
-0.0164105
-0.0270769
-0.0379417
-0.0489343
-0.0598656
-0.0706666
-0.0811601
-0.0912821
-0.100877
-0.10989
-0.118196
-0.125751
-0.132464
-0.138307
-0.143231
-0.147225
-0.150254
-0.152361
-0.153315
-0.153042
-0.150863
-0.146611
-0.139472
-0.12929
-0.115931
-0.0993075
-0.0802595
-0.0589107
-0.0365801
-0.0136909
0.00827358
0.0288282
0.0463748
0.0605094
0.0705526
0.07614
0.0784388
0.0779105
0.0765094
0.075354
0.0821604
0.0826703
0.0829782
0.0812334
0.0759777
0.0667656
0.0530178
0.0354867
0.0151571
-0.00712931
-0.0299256
-0.0524157
-0.0734949
-0.0925836
-0.108833
-0.122095
-0.131961
-0.138642
-0.142443
-0.143761
-0.143292
-0.141421
-0.13861
-0.134988
-0.13063
-0.125448
-0.119425
-0.112583
-0.104964
-0.0966354
-0.0876799
-0.0781854
-0.0682585
-0.0580038
-0.0475455
-0.0369995
-0.0265002
-0.0161679
-0.00613936
0.00346745
0.012522
0.0209154
0.0285309
0.0352758
0.0410541
0.0457939
0.049426
0.0519039
0.0531893
0.0532637
0.052122
0.0497752
0.0462519
0.0415919
0.0358562
0.0291112
0.0214464
0.0129515
0.00373958
-0.00608253
-0.0163856
-0.0270505
-0.0379397
-0.0489308
-0.0598858
-0.0706853
-0.0812005
-0.0913211
-0.100934
-0.109946
-0.118266
-0.12582
-0.132544
-0.138386
-0.143314
-0.147307
-0.150337
-0.152443
-0.15344
-0.153167
-0.151084
-0.146829
-0.139764
-0.129576
-0.116191
-0.0995572
-0.0803938
-0.059035
-0.0365547
-0.0136582
0.00848215
0.0290391
0.046757
0.0608856
0.0709387
0.0765169
0.0785947
0.0780642
0.0764086
0.0752535
0.0821125
0.0826223
0.0832371
0.0814958
0.0764229
0.0672207
0.0533722
0.0358441
0.0152884
-0.00700432
-0.0299896
-0.0524902
-0.0737048
-0.0928054
-0.109134
-0.122407
-0.132255
-0.138943
-0.142643
-0.143963
-0.143389
-0.141519
-0.138676
-0.135056
-0.130709
-0.125528
-0.119501
-0.11266
-0.105027
-0.0966995
-0.0877254
-0.0782322
-0.068283
-0.0580299
-0.0475468
-0.0370024
-0.0264772
-0.0161464
-0.00609258
0.0035128
0.0125907
0.0209829
0.0286184
0.0353623
0.0411561
0.0458952
0.0495374
0.0520149
0.0533043
0.0533787
0.0522347
0.0498882
0.0463564
0.0416971
0.0359471
0.029203
0.021519
0.0130254
0.00379045
-0.0060302
-0.0163586
-0.027022
-0.0379375
-0.048927
-0.0599076
-0.0707055
-0.0812441
-0.0913632
-0.100996
-0.110007
-0.118343
-0.125895
-0.132629
-0.13847
-0.143403
-0.147396
-0.150426
-0.152532
-0.153576
-0.153301
-0.151324
-0.147065
-0.14008
-0.129884
-0.116472
-0.0998268
-0.0805388
-0.0591692
-0.0365273
-0.0136229
0.00870736
0.0292669
0.0471697
0.0612918
0.0713556
0.0769239
0.0787629
0.0782303
0.0762998
0.075145
0.0820607
0.0825704
0.0835166
0.0817653
0.0769036
0.0677121
0.0537549
0.0362301
0.0154302
-0.00686935
-0.0300587
-0.0525708
-0.0739314
-0.0930449
-0.109459
-0.122743
-0.132573
-0.139268
-0.142859
-0.144182
-0.143495
-0.141626
-0.138749
-0.135129
-0.130795
-0.125615
-0.119583
-0.112743
-0.105095
-0.0967687
-0.0877745
-0.0782829
-0.0683096
-0.0580581
-0.0475482
-0.0370055
-0.0264524
-0.0161233
-0.00604206
0.00356178
0.0126649
0.0210558
0.0287129
0.0354557
0.0412663
0.0460046
0.0496576
0.0521348
0.0534285
0.0535028
0.0523563
0.0500102
0.0464692
0.0418106
0.0360452
0.0293022
0.0215975
0.0131052
0.00384538
-0.00597369
-0.0163296
-0.0269912
-0.0379352
-0.0489228
-0.0599311
-0.0707274
-0.0812912
-0.0914087
-0.101064
-0.110073
-0.118425
-0.125977
-0.132722
-0.138562
-0.143499
-0.147491
-0.150522
-0.152628
-0.153722
-0.153447
-0.151582
-0.14732
-0.140421
-0.130216
-0.116775
-0.100118
-0.0806954
-0.0593142
-0.0364978
-0.0135847
0.00895056
0.0295128
0.0476154
0.0617305
0.0718059
0.0773633
0.0789181
0.0784096
0.0761823
0.0750278
0.0820034
0.0825336
0.0835675
0.081971
0.0773084
0.0682554
0.0541851
0.0367828
0.015596
-0.00666503
-0.0300857
-0.0525409
-0.0740922
-0.0931424
-0.109784
-0.123078
-0.132917
-0.139619
-0.143092
-0.144419
-0.143609
-0.141741
-0.138826
-0.135207
-0.130872
-0.125691
-0.119654
-0.112812
-0.10515
-0.096821
-0.0878075
-0.0783127
-0.0683163
-0.0580612
-0.0475257
-0.036979
-0.0263991
-0.016066
-0.00595844
0.00364945
0.0127768
0.0211715
0.0288495
0.0355957
0.0414223
0.0461636
0.0498269
0.0523063
0.0536042
0.0536798
0.0525309
0.0501855
0.0466356
0.0419769
0.0361967
0.0294528
0.0217281
0.0132345
0.00395082
-0.00587015
-0.0162524
-0.026916
-0.0378873
-0.0488771
-0.0599119
-0.0707103
-0.0812984
-0.0914179
-0.101093
-0.110104
-0.118473
-0.126026
-0.132782
-0.138624
-0.143565
-0.147557
-0.150626
-0.152731
-0.15388
-0.153604
-0.151861
-0.147595
-0.140789
-0.130576
-0.11707
-0.100404
-0.0806961
-0.0593891
-0.0363566
-0.0135032
0.00926065
0.0297865
0.0481708
0.0621904
0.0721942
0.0776639
0.0789219
0.0782845
0.0760335
0.0748623
0.0819383
0.0825325
0.0835663
0.0821932
0.0775345
0.0688476
0.0547882
0.0377562
0.016588
-0.00544211
-0.028839
-0.0512639
-0.0727906
-0.0920053
-0.108625
-0.122222
-0.132096
-0.139186
-0.142631
-0.144255
-0.143406
-0.141684
-0.138745
-0.13516
-0.130809
-0.125611
-0.119575
-0.1127
-0.10504
-0.0966699
-0.087658
-0.0781152
-0.0681206
-0.0578119
-0.0472783
-0.0366744
-0.0260965
-0.0157048
-0.00559917
0.00406588
0.0131915
0.0216393
0.0293158
0.0361083
0.0419338
0.0467123
0.050375
0.0528807
0.0541784
0.0542686
0.0531199
0.050777
0.0472277
0.0425599
0.0367807
0.0300175
0.0222942
0.0137727
0.00449073
-0.00536449
-0.0157448
-0.0264465
-0.0374158
-0.0484454
-0.0594781
-0.0703158
-0.0809019
-0.0910582
-0.100732
-0.109776
-0.118143
-0.125724
-0.132479
-0.138344
-0.143284
-0.147287
-0.150397
-0.152459
-0.153658
-0.153207
-0.151515
-0.146917
-0.140144
-0.129546
-0.115998
-0.0990982
-0.0794143
-0.0580489
-0.0350413
-0.0123348
0.0104072
0.0306064
0.0489758
0.0625738
0.0725712
0.0776678
0.078926
0.0780779
0.0758284
0.0746006
0.0818681
0.0825314
0.0835649
0.0824331
0.0777786
0.069487
0.0554395
0.0388073
0.0176593
-0.00412156
-0.0274927
-0.0498849
-0.0713851
-0.0907774
-0.107374
-0.121297
-0.131154
-0.138614
-0.14205
-0.143978
-0.143126
-0.141572
-0.138634
-0.135091
-0.130741
-0.125525
-0.11949
-0.11258
-0.10492
-0.0965066
-0.0874966
-0.0779019
-0.0679094
-0.0575427
-0.0470113
-0.0363455
-0.0257698
-0.0153148
-0.00521123
0.00451557
0.0136393
0.0221444
0.0298193
0.0366618
0.0424861
0.0473048
0.0509668
0.0535011
0.0547984
0.0549044
0.0537559
0.0514157
0.0478671
0.0431895
0.0374115
0.0306272
0.0229056
0.0143538
0.00507375
-0.00481846
-0.0151967
-0.0259396
-0.0369067
-0.0479792
-0.0590097
-0.0698897
-0.0804737
-0.0906699
-0.100342
-0.109422
-0.117787
-0.125399
-0.132153
-0.138043
-0.142981
-0.146995
-0.150104
-0.152112
-0.153313
-0.152673
-0.150987
-0.146073
-0.139313
-0.128368
-0.114841
-0.0976881
-0.0780302
-0.0566017
-0.0336211
-0.0110731
0.0116453
0.0314918
0.0498451
0.0629878
0.0729782
0.0776721
0.0789303
0.0778548
0.0756069
0.074318
0.0817922
0.0825301
0.0835635
0.0826922
0.0780423
0.0701775
0.0561429
0.0399423
0.018816
-0.00269557
-0.026039
-0.0483959
-0.0698674
-0.0894515
-0.106022
-0.120299
-0.130137
-0.137997
-0.141422
-0.143679
-0.142823
-0.141452
-0.138514
-0.135017
-0.130668
-0.125431
-0.119398
-0.112449
-0.104792
-0.0963303
-0.0873222
-0.0776716
-0.0676812
-0.057252
-0.0467229
-0.0359903
-0.0254169
-0.0148937
-0.00479231
0.00500115
0.0141229
0.0226899
0.0303631
0.0372595
0.0430826
0.0479447
0.0516058
0.0541709
0.055468
0.0555909
0.0544427
0.0521053
0.0485576
0.0438693
0.0380926
0.0312856
0.0235657
0.0149813
0.00570331
-0.00422884
-0.0146048
-0.0253923
-0.0363569
-0.0474758
-0.0585039
-0.0694297
-0.0800114
-0.0902505
-0.0999201
-0.109039
-0.117402
-0.125047
-0.1318
-0.137717
-0.142655
-0.146679
-0.149788
-0.151738
-0.152939
-0.152096
-0.150416
-0.145161
-0.138415
-0.127095
-0.113591
-0.0961654
-0.0765355
-0.055039
-0.0320874
-0.00971062
0.0129822
0.0324478
0.0507837
0.0634348
0.0734178
0.0776766
0.0789351
0.077614
0.0753677
0.0740129
0.0817103
0.0825288
0.0835619
0.082972
0.078327
0.0709231
0.0569023
0.0411679
0.0200651
-0.00115572
-0.0244692
-0.0467879
-0.0682285
-0.0880196
-0.104563
-0.119221
-0.129039
-0.13733
-0.140745
-0.143355
-0.142497
-0.141323
-0.138384
-0.134937
-0.130589
-0.12533
-0.119299
-0.112309
-0.104653
-0.0961399
-0.087134
-0.0774229
-0.0674349
-0.0569381
-0.0464115
-0.0356068
-0.0250359
-0.0144389
-0.00433994
0.00552551
0.0146451
0.0232788
0.0309503
0.037905
0.0437267
0.0486356
0.0522959
0.0548942
0.056191
0.0563323
0.0551844
0.0528501
0.0493031
0.0446034
0.038828
0.0319966
0.0242785
0.015659
0.00638314
-0.00359213
-0.0139656
-0.0248012
-0.0357632
-0.0469323
-0.0579577
-0.0689329
-0.0795121
-0.0897977
-0.099465
-0.108625
-0.116987
-0.124668
-0.131418
-0.137365
-0.142302
-0.146339
-0.149447
-0.151333
-0.152536
-0.151473
-0.1498
-0.144176
-0.137446
-0.125721
-0.112242
-0.0945211
-0.0749215
-0.0533515
-0.0304313
-0.0082394
0.0144258
0.0334802
0.0517974
0.0639175
0.0738924
0.0776815
0.0789402
0.0773539
0.0751094
0.0736833
0.0816218
0.0825273
0.0835603
0.083274
0.0786344
0.0717283
0.0577224
0.0424914
0.021414
0.000507066
-0.022774
-0.0450516
-0.0664587
-0.0864735
-0.102988
-0.118056
-0.127853
-0.13661
-0.140013
-0.143006
-0.142144
-0.141183
-0.138244
-0.134851
-0.130504
-0.125222
-0.119192
-0.112157
-0.104503
-0.0959343
-0.0869307
-0.0771543
-0.0671689
-0.0565992
-0.0460753
-0.0351926
-0.0246244
-0.0139479
-0.00385145
0.00609173
0.015209
0.0239149
0.0315843
0.038602
0.0444221
0.0493817
0.0530411
0.0556753
0.0569718
0.0571329
0.0559852
0.0536543
0.0501082
0.0453961
0.0396222
0.0327644
0.0250482
0.0163907
0.00711725
-0.0029046
-0.0132754
-0.0241629
-0.0351222
-0.0463453
-0.0573679
-0.0683965
-0.0789729
-0.0893087
-0.0989736
-0.108179
-0.116538
-0.124258
-0.131007
-0.136985
-0.14192
-0.145971
-0.149079
-0.150896
-0.1521
-0.1508
-0.149134
-0.143113
-0.1364
-0.124237
-0.110784
-0.0927455
-0.0731786
-0.0515293
-0.028643
-0.00665072
0.0159848
0.034595
0.0528919
0.0644388
0.074405
0.0776869
0.0789457
0.077073
0.0748305
0.0733275
0.0815263
0.0825258
0.0835585
0.0836003
0.0789663
0.0725977
0.058608
0.0439205
0.0228705
0.00230261
-0.0209435
-0.0431766
-0.0645477
-0.0848039
-0.101286
-0.116799
-0.126572
-0.135833
-0.139224
-0.142629
-0.141763
-0.141031
-0.138093
-0.134758
-0.130412
-0.125104
-0.119076
-0.111993
-0.104341
-0.0957123
-0.0867112
-0.0768643
-0.0668816
-0.0562332
-0.0457121
-0.0347454
-0.0241801
-0.0134176
-0.00332396
0.00670316
0.0158179
0.0246016
0.032269
0.0393546
0.0451732
0.0501874
0.0538457
0.0565188
0.0578149
0.0579973
0.05685
0.0545227
0.0509776
0.0462521
0.0404798
0.0335934
0.0258794
0.0171809
0.00790997
-0.00216217
-0.0125301
-0.0234737
-0.0344299
-0.0457115
-0.056731
-0.0678172
-0.0783907
-0.0887806
-0.0984428
-0.107697
-0.116054
-0.123815
-0.130562
-0.136575
-0.141509
-0.145574
-0.148681
-0.150424
-0.15163
-0.150073
-0.148416
-0.141965
-0.13527
-0.122635
-0.109211
-0.0908281
-0.0712966
-0.0495616
-0.0267119
-0.00493519
0.0176681
0.0357988
0.0540739
0.0650017
0.0749584
0.0776926
0.0789517
0.0767697
0.0745293
0.0729432
0.0814698
0.0825204
0.0834018
0.0835602
0.0793592
0.073276
0.0599487
0.0455687
0.0250003
0.00467206
-0.0182148
-0.0404472
-0.061671
-0.0821512
-0.0988427
-0.114663
-0.12486
-0.134438
-0.138223
-0.141915
-0.14129
-0.14074
-0.137876
-0.134589
-0.13021
-0.124885
-0.118833
-0.111717
-0.104035
-0.0953654
-0.0863289
-0.0764342
-0.0664117
-0.0557098
-0.0451456
-0.0341217
-0.0235112
-0.0126902
-0.00255095
0.0075333
0.0166922
0.0255289
0.0332368
0.0403688
0.0462226
0.0512741
0.0549606
0.0576603
0.0589765
0.0591739
0.0580381
0.0557134
0.0521714
0.0474371
0.0416599
0.0347545
0.0270288
0.0183027
0.00901473
-0.00109108
-0.01148
-0.0224614
-0.0334409
-0.0447617
-0.0558058
-0.0669306
-0.0775286
-0.0879549
-0.0976407
-0.106927
-0.115306
-0.123096
-0.129864
-0.135899
-0.140848
-0.144923
-0.148094
-0.149774
-0.1509
-0.149154
-0.147219
-0.140497
-0.133388
-0.120482
-0.106678
-0.0880644
-0.0684424
-0.0465925
-0.0240272
-0.00237791
0.0197678
0.0375523
0.0552854
0.0658248
0.0751539
0.0775492
0.0784582
0.0761392
0.0741074
0.0724751
0.0814601
0.0825104
0.0832238
0.0833798
0.0797985
0.0737238
0.0618781
0.0475468
0.0284945
0.00825444
-0.0137811
-0.0359085
-0.0570736
-0.0774506
-0.0947735
-0.110509
-0.12185
-0.131374
-0.136445
-0.140114
-0.140463
-0.139908
-0.137447
-0.134161
-0.129794
-0.124471
-0.118341
-0.111228
-0.10345
-0.0947832
-0.0856346
-0.0757431
-0.0655947
-0.0548963
-0.0441957
-0.0331753
-0.0224222
-0.0116047
-0.00132209
0.00875892
0.0180561
0.0268899
0.0347246
0.0418543
0.0478176
0.0528675
0.0566413
0.0593401
0.0607178
0.0609151
0.0598134
0.0574895
0.0539545
0.0492217
0.0434265
0.0365233
0.0287579
0.0200347
0.0106899
0.000587304
-0.00987081
-0.0208487
-0.0319049
-0.0432221
-0.0543462
-0.0654674
-0.0761452
-0.0865682
-0.0963308
-0.105615
-0.114065
-0.121853
-0.128686
-0.13472
-0.139717
-0.14379
-0.146889
-0.148571
-0.149211
-0.147478
-0.144518
-0.137832
-0.129498
-0.116661
-0.101961
-0.0834443
-0.063587
-0.0418433
-0.0197749
0.00177674
0.0227051
0.0404184
0.0564714
0.0669836
0.0749257
0.077329
0.0777507
0.0754412
0.0735424
0.0719112
0.0814208
0.0824707
0.0833457
0.083497
0.0805677
0.0744957
0.0639615
0.0496829
0.0322677
0.0121228
-0.00899347
-0.0310074
-0.0521091
-0.0723747
-0.0903794
-0.106023
-0.1186
-0.128065
-0.134526
-0.138169
-0.139571
-0.139009
-0.136984
-0.133698
-0.129344
-0.124023
-0.117811
-0.1107
-0.102818
-0.0941545
-0.084885
-0.0749968
-0.0647126
-0.0540179
-0.04317
-0.0321534
-0.0212464
-0.0104326
4.8893e-06
0.0100824
0.0195288
0.0283596
0.0363313
0.0434584
0.04954
0.0545881
0.0584561
0.061154
0.0625981
0.0627954
0.0617306
0.0594074
0.05588
0.0511489
0.0453341
0.0384334
0.0306251
0.0219049
0.0124987
0.00239969
-0.00813314
-0.0191072
-0.0302463
-0.0415595
-0.05277
-0.0638874
-0.0746514
-0.0850707
-0.0949162
-0.104197
-0.112725
-0.12051
-0.127414
-0.133446
-0.138495
-0.142567
-0.145589
-0.147271
-0.147387
-0.145668
-0.141602
-0.134954
-0.125298
-0.112535
-0.0968681
-0.0784552
-0.058344
-0.0367149
-0.0151829
0.0062631
0.0258769
0.0435134
0.057752
0.0682348
0.0749309
0.0773485
0.0771395
0.0748413
0.0728874
0.0712574
0.0809136
0.0819626
0.0840493
0.0842101
0.0830882
0.077084
0.0680907
0.0539282
0.0372414
0.0172284
-0.00377452
-0.0256646
-0.0474303
-0.0675932
-0.0868414
-0.102415
-0.116392
-0.125821
-0.133461
-0.137091
-0.139239
-0.138676
-0.136924
-0.13364
-0.129283
-0.123963
-0.117619
-0.110511
-0.102454
-0.0937933
-0.0843078
-0.0744234
-0.0638892
-0.0531985
-0.042076
-0.0310636
-0.0198692
-0.00905952
0.00166476
0.0117385
0.0214569
0.0302843
0.0384992
0.0456237
0.051907
0.0569532
0.0609713
0.0636681
0.0652035
0.0654007
0.0643652
0.0620429
0.0584836
0.0537542
0.0478511
0.040953
0.033008
0.0242911
0.0147105
0.00461525
-0.00611719
-0.0170871
-0.0284382
-0.0397473
-0.0511697
-0.0622829
-0.0732477
-0.0836631
-0.0936891
-0.102966
-0.111648
-0.11943
-0.126458
-0.132487
-0.137639
-0.141709
-0.144731
-0.146414
-0.146214
-0.144502
-0.139595
-0.13297
-0.122075
-0.109365
-0.0923738
-0.0740494
-0.0529727
-0.03146
-0.00971281
0.0116051
0.0306215
0.0481335
0.0612382
0.071625
0.0764656
0.078842
0.076767
0.0744739
0.071457
0.0698292
0.0803583
0.0814092
0.0844802
0.0847626
0.0857411
0.0796985
0.0725633
0.0585302
0.0426945
0.0228252
0.00186485
-0.0198914
-0.0424205
-0.0624734
-0.0831423
-0.0986415
-0.114217
-0.123609
-0.13252
-0.136138
-0.139028
-0.138463
-0.136942
-0.133659
-0.129239
-0.123922
-0.117432
-0.110326
-0.102077
-0.0934202
-0.083697
-0.0738166
-0.063007
-0.0523206
-0.0408955
-0.0298876
-0.0183763
-0.00757102
0.00346936
0.013539
0.023557
0.0323808
0.0408635
0.0479851
0.0544902
0.0595344
0.0637171
0.0664129
0.0680479
0.068245
0.0672405
0.0649192
0.0613232
0.0565958
0.0505936
0.0436983
0.0356008
0.0268874
0.0171127
0.00702159
-0.0039328
-0.0148983
-0.026485
-0.0377894
-0.0494471
-0.0605558
-0.0717431
-0.0821544
-0.0923802
-0.101653
-0.110505
-0.118284
-0.125447
-0.131473
-0.136739
-0.140808
-0.143907
-0.14559
-0.145131
-0.143428
-0.137661
-0.131062
-0.118804
-0.106149
-0.0876204
-0.0693904
-0.0471905
-0.0258031
-0.00376743
0.0174114
0.0358635
0.0532395
0.0650219
0.0753007
0.0779731
0.0803911
0.0762434
0.0738246
0.0699122
0.0682834
0.0792763
0.080587
0.0836525
0.0849091
0.0858923
0.0815574
0.0746748
0.0623266
0.0467952
0.0281884
0.00735612
-0.0138551
-0.0363313
-0.0566311
-0.0773616
-0.0937605
-0.109497
-0.1201
-0.129164
-0.133871
-0.136857
-0.136944
-0.135401
-0.132331
-0.127773
-0.122483
-0.115984
-0.108864
-0.100603
-0.091917
-0.0821793
-0.0722539
-0.0614272
-0.0506799
-0.039236
-0.0281525
-0.0166213
-0.0057284
0.00533205
0.0154972
0.0255345
0.0344571
0.0429571
0.0501754
0.0566951
0.061829
0.0660228
0.0687972
0.0704393
0.0707013
0.0696996
0.0674282
0.0638309
0.0591391
0.0531316
0.0462596
0.0381536
0.0294542
0.0196684
0.0095854
-0.00138179
-0.0123414
-0.0239418
-0.0352399
-0.0469112
-0.0580113
-0.0692113
-0.0796108
-0.089848
-0.0991068
-0.107968
-0.115731
-0.122902
-0.128914
-0.134186
-0.138212
-0.14147
-0.142927
-0.142498
-0.140128
-0.134256
-0.126618
-0.114207
-0.100542
-0.0818803
-0.0631228
-0.0409147
-0.0197491
0.00218526
0.0223741
0.0406543
0.0564554
0.0678977
0.0763685
0.0788019
0.0795586
0.0754266
0.0721301
0.0682284
0.066381
0.078108
0.0796992
0.0827587
0.0850673
0.0860556
0.0835646
0.0767373
0.0664192
0.0509961
0.0339095
0.0132163
-0.00735428
-0.0296832
-0.050299
-0.0708944
-0.0883922
-0.104024
-0.116093
-0.125093
-0.131121
-0.134078
-0.134971
-0.13342
-0.130627
-0.126072
-0.120812
-0.114316
-0.107179
-0.0989221
-0.0902016
-0.0804686
-0.0704904
-0.0596689
-0.0488503
-0.0374117
-0.0262398
-0.0147141
-0.00371895
0.00733626
0.017613
0.0276455
0.0366833
0.0451793
0.0525104
0.0590271
0.0642655
0.0684574
0.0713234
0.0729647
0.0733022
0.072301
0.0700875
0.0664919
0.0618414
0.0558368
0.0489916
0.0408895
0.032206
0.0224248
0.012351
0.00138901
-0.00956431
-0.0211591
-0.0324504
-0.0441161
-0.0552066
-0.0664014
-0.0767875
-0.0870199
-0.0962621
-0.10512
-0.112864
-0.120031
-0.126027
-0.131296
-0.135273
-0.13853
-0.139692
-0.139275
-0.136086
-0.130257
-0.121364
-0.109035
-0.0941492
-0.0756085
-0.056199
-0.0341356
-0.0132176
0.00857204
0.0275813
0.0457377
0.059636
0.0709959
0.0772892
0.0796968
0.0786597
0.0745447
0.0703003
0.0664101
0.0643268
0.0768463
0.0787404
0.0817935
0.0852381
0.0862319
0.0857321
0.0789646
0.0708385
0.0555323
0.0400874
0.0195444
-0.000334415
-0.0225044
-0.0434614
-0.0639109
-0.0825952
-0.0981148
-0.111766
-0.120697
-0.128152
-0.131076
-0.13284
-0.131281
-0.128787
-0.124234
-0.119008
-0.112515
-0.105359
-0.0971067
-0.0883493
-0.0786212
-0.0685862
-0.0577701
-0.0468745
-0.0354418
-0.0241745
-0.0126547
-0.00154907
0.00950048
0.0198977
0.0299251
0.0390873
0.0475789
0.0550319
0.0615452
0.0668966
0.0710863
0.0740512
0.0756917
0.0761106
0.07511
0.0729592
0.0693655
0.0647595
0.058758
0.0519418
0.0438438
0.0351775
0.0254014
0.0153374
0.00438103
-0.00656545
-0.0181543
-0.0294382
-0.041098
-0.052178
-0.0633671
-0.0737388
-0.0839659
-0.0931904
-0.102043
-0.109769
-0.116932
-0.122909
-0.128176
-0.1321
-0.135355
-0.136198
-0.135796
-0.131721
-0.125938
-0.11569
-0.103449
-0.0872456
-0.0688359
-0.0487223
-0.0268151
-0.00616465
0.0154688
0.0332042
0.0512268
0.0630705
0.0743414
0.0782835
0.0806632
0.0776889
0.0735924
0.0683244
0.0644466
0.0621085
0.0752804
0.07727
0.0799714
0.0836728
0.0853117
0.0855674
0.0804219
0.0732308
0.0598886
0.045198
0.026221
0.0067253
-0.0144948
-0.0354841
-0.0557085
-0.0747773
-0.0908138
-0.105032
-0.114926
-0.122923
-0.126754
-0.12887
-0.12782
-0.125466
-0.121045
-0.115833
-0.109479
-0.102318
-0.0941956
-0.0854268
-0.0758421
-0.0657884
-0.0551211
-0.0441993
-0.0329125
-0.021612
-0.0102273
0.000917423
0.0118498
0.0222904
0.0322246
0.0414322
0.0498596
0.0573574
0.0638388
0.0692324
0.0734245
0.076427
0.0781051
0.0785556
0.0776275
0.0755021
0.0720147
0.0674277
0.061564
0.0547615
0.0468292
0.0381728
0.0285856
0.0185291
0.00777888
-0.00316108
-0.0145335
-0.0258105
-0.0372516
-0.0483237
-0.0593003
-0.0696628
-0.0796924
-0.0889066
-0.0975848
-0.1053
-0.112319
-0.118287
-0.123405
-0.127306
-0.130409
-0.131105
-0.130201
-0.125778
-0.119213
-0.108471
-0.0955609
-0.0789138
-0.0604423
-0.0401484
-0.018956
0.00148086
0.0217775
0.0389026
0.0551487
0.0660864
0.0754155
0.0783829
0.0793977
0.0757292
0.0712225
0.0657628
0.0621161
0.0596996
0.0730221
0.0750081
0.0780539
0.0817283
0.0849133
0.085148
0.0824344
0.0752921
0.0648304
0.0502665
0.0336472
0.0143274
-0.00568508
-0.0264777
-0.0467035
-0.0655856
-0.0826533
-0.0967275
-0.108238
-0.116149
-0.121468
-0.123547
-0.123424
-0.121065
-0.117071
-0.111862
-0.105699
-0.098543
-0.0906116
-0.0818481
-0.0724665
-0.0624188
-0.0519552
-0.04104
-0.0299462
-0.0186524
-0.00743961
0.0036985
0.0144891
0.0249234
0.0347529
0.0439549
0.0523192
0.0598126
0.0662755
0.0716658
0.0758853
0.078886
0.0806373
0.0810876
0.0802776
0.0781534
0.0748271
0.0702429
0.0645805
0.0577821
0.0500875
0.0414362
0.0321178
0.0220673
0.0116102
0.000676778
-0.0103867
-0.021657
-0.0327834
-0.0438488
-0.0545161
-0.0648724
-0.0746097
-0.0838184
-0.0922331
-0.0999437
-0.106739
-0.112703
-0.117615
-0.121514
-0.124149
-0.124852
-0.12303
-0.118659
-0.110802
-0.100168
-0.0860935
-0.0696113
-0.0508063
-0.0307082
-0.0103075
0.00994095
0.0283166
0.0452907
0.0587233
0.0695719
0.0759371
0.0788967
0.0776619
0.0740446
0.0681617
0.0627414
0.0589243
0.0565127
0.0694773
0.0714735
0.0758248
0.079652
0.085839
0.0861464
0.0870607
0.0799891
0.0721722
0.0578047
0.0426996
0.023597
0.00385411
-0.0167286
-0.0380158
-0.0567194
-0.0756976
-0.0896486
-0.103061
-0.110902
-0.117521
-0.11957
-0.119825
-0.117463
-0.113419
-0.108215
-0.102135
-0.0949845
-0.0871778
-0.0784208
-0.069146
-0.0591057
-0.0487242
-0.0378168
-0.0267755
-0.0154899
-0.00429761
0.0068325
0.0176342
0.0280611
0.0379306
0.0471261
0.0555552
0.0630433
0.0695901
0.0749767
0.079294
0.0822928
0.0841512
0.0846015
0.0839051
0.0817826
0.0785751
0.0739944
0.0684565
0.0616632
0.0541007
0.0454559
0.0362795
0.0262365
0.0159336
0.00500826
-0.00588775
-0.0171496
-0.0280958
-0.039153
-0.0496299
-0.0599784
-0.0695202
-0.0787219
-0.0869431
-0.0946478
-0.10126
-0.10722
-0.112042
-0.115938
-0.118718
-0.119428
-0.117292
-0.112964
-0.103827
-0.0932853
-0.0775007
-0.0611683
-0.0409516
-0.0210529
-0.000365323
0.0196711
0.0369507
0.0537211
0.0649567
0.0756405
0.0789215
0.0818516
0.0768927
0.0732314
0.064614
0.0590642
0.0541706
0.0517535
0.0654323
0.0677049
0.0720327
0.0771095
0.0832449
0.0860926
0.0870078
0.0832051
0.0755574
0.0642232
0.0493059
0.0324364
0.0129056
-0.0066127
-0.0277003
-0.0465875
-0.0654492
-0.0805179
-0.0938812
-0.103134
-0.109738
-0.112866
-0.113062
-0.111288
-0.107131
-0.102353
-0.0962772
-0.0895761
-0.0817749
-0.073511
-0.0642427
-0.0547179
-0.0443436
-0.0339517
-0.022918
-0.0121252
-0.000940749
0.00974045
0.0205346
0.0305755
0.0404382
0.0493266
0.0577497
0.0650221
0.0715644
0.0768354
0.0811497
0.0841382
0.0859954
0.0865426
0.0858467
0.0839265
0.0807213
0.0764436
0.0709095
0.0645118
0.0569546
0.0487865
0.0396166
0.0301172
0.0198215
0.00948951
-0.0013989
-0.0120376
-0.0229761
-0.0334017
-0.0438713
-0.0536022
-0.0631374
-0.0717581
-0.0799736
-0.087155
-0.0937625
-0.0992764
-0.104095
-0.107602
-0.1105
-0.110711
-0.108648
-0.103441
-0.0943357
-0.0827972
-0.0670894
-0.0503077
-0.0302429
-0.01098
0.00949048
0.0276854
0.0447646
0.0587552
0.069829
0.0772644
0.0804142
0.0801946
0.0752765
0.0693775
0.0608381
0.0542818
0.0494175
0.046802
0.0610643
0.0636354
0.0679307
0.074364
0.0804437
0.0860346
0.0869506
0.0866779
0.0791225
0.0711423
0.0563935
0.0419815
0.0226672
0.00431085
-0.0165432
-0.0356377
-0.0542871
-0.0705817
-0.083787
-0.0945886
-0.101101
-0.105431
-0.105597
-0.104495
-0.10034
-0.0960223
-0.0899515
-0.083736
-0.0759406
-0.0682092
-0.0589479
-0.0499797
-0.0396132
-0.0297779
-0.0187526
-0.00849194
0.00268413
0.0128806
0.0236666
0.0332907
0.0431459
0.0517027
0.0601195
0.067159
0.0736963
0.0788425
0.0831536
0.0861311
0.0879868
0.0886387
0.0879433
0.0862416
0.0830388
0.0790883
0.0735584
0.0675878
0.0600363
0.0523831
0.0432201
0.0343078
0.0240199
0.0143285
0.00344833
-0.00651734
-0.0174477
-0.0271912
-0.0376529
-0.046717
-0.056245
-0.0642382
-0.0724475
-0.0790641
-0.0856666
-0.0906988
-0.0955136
-0.0986018
-0.101498
-0.101136
-0.0991135
-0.0929334
-0.0839399
-0.071317
-0.0557885
-0.0385191
-0.0186781
-0.000109714
0.0201332
0.0363148
0.0532025
0.064132
0.0750777
0.0789198
0.0820259
0.0784054
0.0735313
0.065216
0.0567607
0.0491194
0.0442849
0.0414553
0.0564003
0.0590084
0.0630708
0.0695355
0.0760926
0.0820838
0.0851064
0.0855227
0.0814534
0.0742234
0.0630082
0.0492321
0.0328393
0.0149042
-0.00398042
-0.0229066
-0.0408614
-0.0572048
-0.0709278
-0.0819017
-0.0895048
-0.0940234
-0.0953589
-0.0944102
-0.0911658
-0.0869389
-0.0816215
-0.0755033
-0.0684833
-0.0608592
-0.0524551
-0.0435997
-0.0341376
-0.0244156
-0.0143038
-0.00415206
0.00614119
0.0162378
0.0262107
0.0357484
0.0448965
0.053384
0.0612315
0.0682215
0.0743534
0.0794724
0.0835609
0.0865343
0.0883618
0.0890332
0.088507
0.0868485
0.0840073
0.0801222
0.0751335
0.0692487
0.0623974
0.0548481
0.0465172
0.0377234
0.0283668
0.0188048
0.00891843
-0.000911475
-0.0108245
-0.0204306
-0.029891
-0.0388211
-0.0474018
-0.0552693
-0.0626198
-0.0691236
-0.0749859
-0.0799224
-0.0840296
-0.0870353
-0.0890446
-0.0885566
-0.0855767
-0.0792769
-0.069765
-0.0570888
-0.041894
-0.0247364
-0.00652397
0.0117023
0.0292245
0.0448388
0.0583884
0.0685978
0.0759818
0.0790685
0.0790589
0.0748169
0.0684345
0.0598201
0.0512714
0.0436451
0.0389432
0.0360907
0.0488069
0.0514044
0.0564067
0.0628725
0.0729571
0.078828
0.0864126
0.08687
0.0870938
0.0800178
0.0725351
0.0589899
0.045134
0.0274753
0.00945854
-0.0091891
-0.0278255
-0.0439378
-0.0591709
-0.0699899
-0.0790726
-0.0835141
-0.0855996
-0.0846394
-0.0818351
-0.077612
-0.0730277
-0.0669148
-0.0608067
-0.0531893
-0.0457585
-0.0369109
-0.028445
-0.0187316
-0.00959888
0.000543884
0.0099144
0.0200021
0.0291455
0.0386748
0.0471191
0.0555992
0.0628959
0.0698798
0.0756348
0.0807492
0.084649
0.0876198
0.0894546
0.0901253
0.0898034
0.0881464
0.085701
0.0818194
0.0774067
0.0715271
0.0654144
0.0578718
0.0504188
0.0416328
0.0332654
0.0237119
0.0148931
0.00507189
-0.00373091
-0.0133286
-0.0216743
-0.0305966
-0.038097
-0.0459576
-0.0523002
-0.0587983
-0.0637604
-0.0686926
-0.0721403
-0.0751434
-0.0768876
-0.0764153
-0.0729436
-0.0667373
-0.0561815
-0.0436824
-0.0277311
-0.0108212
0.00704698
0.0249965
0.0405821
0.0559456
0.0661295
0.0761538
0.0793833
0.0823759
0.078067
0.0738467
0.0632437
0.0547735
0.0432533
0.035638
0.0303996
0.0275589
0.0407147
0.0434783
0.0484411
0.0560239
0.0660216
0.0745824
0.0823867
0.0866594
0.0872866
0.0844838
0.0773542
0.0677724
0.0542676
0.0396361
0.0219317
0.00494914
-0.0135111
-0.0293711
-0.0445519
-0.056085
-0.0651765
-0.0706286
-0.0726744
-0.0726763
-0.0698114
-0.0666535
-0.0621121
-0.0572244
-0.0511722
-0.0449185
-0.0375478
-0.0301528
-0.0217489
-0.0135215
-0.00445004
0.00423213
0.0135445
0.0222561
0.0313468
0.0396409
0.0480401
0.0554767
0.0627377
0.0689132
0.0746433
0.079218
0.0831047
0.0858272
0.0876611
0.0883862
0.0880759
0.0867742
0.0843527
0.081115
0.0767374
0.0717659
0.0656986
0.0592935
0.0518946
0.0444327
0.0361263
0.0280327
0.0192798
0.0109998
0.00226527
-0.00576732
-0.0140446
-0.0214352
-0.0288695
-0.0352862
-0.0415675
-0.0467591
-0.0516668
-0.0554727
-0.0588828
-0.0609678
-0.0627711
-0.0615957
-0.0581895
-0.0514729
-0.0409536
-0.0285402
-0.0127082
0.00296147
0.0205761
0.0359218
0.0511415
0.0628251
0.0726487
0.0784739
0.0813738
0.0802874
0.0756394
0.0681199
0.0573854
0.0468252
0.03543
0.0270766
0.0218749
0.0189664
0.0322215
0.0350972
0.0400446
0.0482653
0.0581185
0.0685789
0.0768846
0.084161
0.0861512
0.0867735
0.0813532
0.0749667
0.0632495
0.0510844
0.0350457
0.0194631
0.00223613
-0.013332
-0.0279339
-0.0399562
-0.0490465
-0.0552893
-0.0577771
-0.0585899
-0.0563123
-0.0539818
-0.0500189
-0.0460833
-0.0406428
-0.0354491
-0.0287537
-0.022488
-0.0147985
-0.00772651
0.00061897
0.00816533
0.0167695
0.0244109
0.0328405
0.0401738
0.0479874
0.0546122
0.0613883
0.0669347
0.0723018
0.0764565
0.0801181
0.0826472
0.084404
0.0851708
0.0849347
0.0839095
0.0817103
0.0789731
0.0749564
0.0706908
0.0651072
0.0595868
0.0527739
0.0463413
0.0386985
0.0317402
0.023701
0.0166192
0.00861998
0.00180401
-0.00574495
-0.0119448
-0.0186849
-0.0239794
-0.0296249
-0.0338014
-0.0381526
-0.0410836
-0.0439771
-0.0453492
-0.0466147
-0.0448486
-0.0411743
-0.0340883
-0.0239107
-0.0116597
0.00319005
0.0177809
0.0338323
0.04704
0.0604399
0.069152
0.0772259
0.0796843
0.0810783
0.0767387
0.0710608
0.0609652
0.0500761
0.0380851
0.0270299
0.018307
0.0130634
0.0101146
0.0211152
0.0239755
0.0289258
0.0370012
0.0491432
0.0593736
0.0716079
0.0787382
0.0857731
0.0863875
0.0864923
0.0802284
0.0736075
0.0616733
0.0495197
0.0342372
0.0191746
0.003909
-0.0102483
-0.0220358
-0.0318333
-0.0379471
-0.0416218
-0.0424132
-0.0415766
-0.0392487
-0.0370175
-0.0330863
-0.0296485
-0.0244605
-0.0199464
-0.0136877
-0.00827986
-0.00121571
0.00483382
0.0123718
0.0187552
0.0263881
0.0327609
0.0400861
0.04609
0.0527075
0.057995
0.0635353
0.067796
0.0719461
0.074929
0.0774553
0.0789886
0.0797546
0.0797591
0.078735
0.0772306
0.0744964
0.0716002
0.0673394
0.0632566
0.0577423
0.0527508
0.0463253
0.0407527
0.0338021
0.0280019
0.0209279
0.0152514
0.00844298
0.0032145
-0.00297849
-0.00748359
-0.0127722
-0.0163454
-0.0205172
-0.0230266
-0.0259544
-0.0273207
-0.0286913
-0.0287955
-0.027054
-0.0227286
-0.0157804
-0.00582839
0.00618521
0.0193902
0.0336963
0.0464152
0.0593667
0.0680655
0.0766111
0.0793053
0.0817147
0.0778535
0.073593
0.0635713
0.0536763
0.0397389
0.0280039
0.0153598
0.00678673
0.00183392
-0.00109932
0.00869538
0.0115229
0.0165103
0.02519
0.0373792
0.0495158
0.0623398
0.0727991
0.0806428
0.0856548
0.086577
0.0851259
0.0793153
0.0719206
0.0604667
0.0487719
0.0341262
0.0209953
0.00696255
-0.00418462
-0.0140293
-0.0206155
-0.0243101
-0.0262519
-0.025501
-0.0248077
-0.0228118
-0.0208206
-0.0176774
-0.0146584
-0.0104628
-0.00652958
-0.00145279
0.00321266
0.00893089
0.0140874
0.020152
0.0255138
0.0315926
0.0368485
0.0425947
0.0474292
0.0525056
0.056623
0.0607274
0.0638735
0.0667608
0.0687434
0.0702456
0.0709495
0.0709886
0.0703846
0.068979
0.0671276
0.0643905
0.0614362
0.0575667
0.0537264
0.0489941
0.0445404
0.0392633
0.0345014
0.029022
0.0242669
0.0189246
0.0144762
0.00958341
0.005704
0.00152422
-0.00157886
-0.00484819
-0.00703535
-0.00927244
-0.0104777
-0.0116397
-0.0116353
-0.0116751
-0.0091729
-0.00489739
0.00186359
0.0117401
0.0222226
0.0351381
0.0464269
0.0585628
0.0673258
0.0752224
0.0790732
0.0809471
0.0788486
0.0742389
0.0662534
0.0555691
0.043195
0.0288649
0.0159599
0.00342294
-0.00536031
-0.010353
-0.0131705
-0.00365122
-0.000852229
0.004107
0.0128635
0.0244406
0.0373619
0.0501816
0.0623441
0.0720171
0.0794044
0.0833311
0.0845508
0.0823455
0.0775317
0.0698981
0.0603113
0.0491248
0.0373321
0.0256635
0.0150138
0.00604719
-0.000744445
-0.00520887
-0.00782653
-0.00862741
-0.00883315
-0.00832016
-0.00739671
-0.00585615
-0.00403142
-0.00160882
0.00104354
0.00423707
0.00758094
0.0113746
0.0152187
0.0193919
0.0235019
0.0277992
0.0319141
0.0360629
0.0399143
0.0436457
0.0469783
0.050048
0.0526403
0.054848
0.0565305
0.0577368
0.0584059
0.0585439
0.0581713
0.0572521
0.0558872
0.0539995
0.0517652
0.0490678
0.0461502
0.0428586
0.0394915
0.0358595
0.0323039
0.0286031
0.0251259
0.0216224
0.018474
0.0154078
0.0128027
0.010369
0.00846931
0.00680533
0.00571053
0.00488742
0.00462988
0.00474806
0.00550826
0.00679245
0.00973665
0.0143382
0.0209216
0.0292897
0.0387813
0.0487701
0.0582518
0.0666724
0.0730271
0.0772247
0.0784462
0.0771489
0.0725851
0.0656347
0.0556769
0.0439223
0.0303326
0.0165816
0.00329322
-0.00840041
-0.0170755
-0.0220252
-0.0247716
-0.0200504
-0.0173698
-0.012818
-0.00420418
0.00857645
0.021647
0.0372687
0.0501917
0.0632491
0.0721165
0.0799251
0.0831806
0.0850427
0.0825565
0.0785805
0.0712638
0.062648
0.0526605
0.0422109
0.0325996
0.0237439
0.0171648
0.0123022
0.00923798
0.00746773
0.00641841
0.0053467
0.00524021
0.00486471
0.00552664
0.00585995
0.00725307
0.00825422
0.0102858
0.0118623
0.0143897
0.0164039
0.019244
0.0215238
0.0244669
0.0268195
0.0296458
0.031874
0.0343717
0.0362914
0.038274
0.0397306
0.0410539
0.0419365
0.0425111
0.0427631
0.0425621
0.0421867
0.0412494
0.0403089
0.0387366
0.0373479
0.0352951
0.0336175
0.0312783
0.029499
0.027089
0.0254052
0.0231431
0.0217427
0.0198298
0.0188745
0.0174775
0.0170873
0.0163251
0.0165679
0.0165023
0.0173887
0.0180216
0.0195058
0.0209618
0.0230039
0.026215
0.0308524
0.0369726
0.0446356
0.0528266
0.0609146
0.0684432
0.0737552
0.0778939
0.0782535
0.0774083
0.0722743
0.0660892
0.0558137
0.044864
0.0304975
0.016606
0.00091657
-0.0121994
-0.0244429
-0.0328336
-0.0372635
-0.039873
-0.0355462
-0.0330792
-0.0283565
-0.0200383
-0.00817198
0.00540793
0.02022
0.035062
0.0482503
0.0604353
0.0691734
0.076755
0.0801485
0.0824506
0.0804633
0.0776937
0.0712302
0.0647698
0.0561261
0.048478
0.0406156
0.0343161
0.0293496
0.025248
0.02272
0.0199189
0.0180741
0.0158304
0.0145905
0.0128406
0.0122045
0.0109867
0.0109448
0.0102564
0.0107536
0.0105522
0.0114927
0.0117016
0.0129571
0.0134729
0.0148941
0.0155976
0.0170283
0.0177969
0.0190884
0.0198087
0.0208341
0.0214142
0.0220812
0.0224601
0.02272
0.0228749
0.0227276
0.0226763
0.0221709
0.0219699
0.0211995
0.020938
0.0200307
0.0198209
0.0189263
0.0188903
0.0181644
0.0184203
0.0180087
0.0186561
0.0186791
0.0197869
0.0203264
0.0219235
0.0230145
0.0250846
0.0267114
0.0291929
0.0313201
0.034222
0.0368833
0.0407241
0.0452765
0.0505562
0.0570662
0.062708
0.068971
0.0726069
0.0759531
0.0755786
0.0743023
0.0691288
0.0629005
0.0531799
0.0424335
0.0291325
0.0150351
0.000156821
-0.0145148
-0.0274882
-0.0387809
-0.0466215
-0.0511911
-0.053549
-0.0533424
-0.0510317
-0.0472727
-0.0393748
-0.0276391
-0.0145486
0.00132206
0.0159842
0.0315055
0.0440968
0.0564685
0.0650518
0.0730804
0.0768612
0.0799509
0.0789149
0.0770811
0.0722618
0.0668991
0.060417
0.0540224
0.0481827
0.0429466
0.0386603
0.0346405
0.0312952
0.0274153
0.0244702
0.020823
0.0182588
0.0149491
0.0128283
0.00993263
0.00828335
0.00584763
0.0046638
0.00270327
0.00194772
0.000449569
5.99471e-05
-0.0010114
-0.00111438
-0.00181005
-0.00171274
-0.00209095
-0.00187631
-0.00199339
-0.00173097
-0.00163316
-0.00137065
-0.00108741
-0.000844735
-0.000384588
-0.000151356
0.000499243
0.000762595
0.00163705
0.00199435
0.0031404
0.00367159
0.00514328
0.00593364
0.00778132
0.00890979
0.0111697
0.0126969
0.0153818
0.0173395
0.0204309
0.0228153
0.0262593
0.0290269
0.0327337
0.0358025
0.0396507
0.0429866
0.0468516
0.0507757
0.0552035
0.0599459
0.0645055
0.0689875
0.0716624
0.0738108
0.0726227
0.0708198
0.0650274
0.058779
0.0488286
0.0385387
0.0252532
0.0119387
-0.00338625
-0.0177979
-0.0326002
-0.0449368
-0.0555942
-0.0629796
-0.0666211
-0.0688305
-0.0697258
-0.0677556
-0.0637781
-0.0567373
-0.0463564
-0.0339728
-0.0197363
-0.00479179
0.00999711
0.024255
0.0368947
0.0484574
0.0576079
0.0653586
0.0702976
0.0736515
0.0741685
0.0733275
0.0702662
0.0665146
0.0616655
0.0568149
0.0518774
0.0470464
0.0424926
0.037768
0.0332463
0.0285267
0.024099
0.0194766
0.0152499
0.0108484
0.00692847
0.00285378
-0.000675513
-0.00433821
-0.0074168
-0.0106047
-0.0131961
-0.0158684
-0.0179572
-0.0200929
-0.0216814
-0.0232755
-0.024378
-0.0254373
-0.0260747
-0.0266121
-0.026806
-0.0268363
-0.0266038
-0.0261396
-0.0254906
-0.0245398
-0.0234755
-0.0220412
-0.0205548
-0.0186372
-0.0167181
-0.0143183
-0.0119567
-0.00908188
-0.00627643
-0.00294613
0.000289878
0.00403766
0.00766955
0.0117739
0.0157408
0.020115
0.0243285
0.0288607
0.0332056
0.0377618
0.0421039
0.0465416
0.0507646
0.0549466
0.0589558
0.0624558
0.0655558
0.0672369
0.0679427
0.0663808
0.0633881
0.057836
0.0508305
0.0415243
0.0310683
0.018825
0.0057972
-0.00820532
-0.0224593
-0.0363896
-0.0495136
-0.0607264
-0.0701217
-0.0765575
-0.0803271
-0.0822095
-0.0870877
-0.0854297
-0.0826145
-0.076527
-0.0670533
-0.056012
-0.0421075
-0.0282291
-0.0130476
0.000989443
0.0150269
0.0273773
0.0389491
0.0484321
0.05658
0.0623591
0.066258
0.0680328
0.0677329
0.0661235
0.0628482
0.0591527
0.0544483
0.0498005
0.0445365
0.0394644
0.0338747
0.0285631
0.0228037
0.0173993
0.0116284
0.0062774
0.000650001
-0.00450651
-0.00984399
-0.0146745
-0.0195891
-0.0239759
-0.028352
-0.0321941
-0.0359357
-0.0391508
-0.042183
-0.0447082
-0.0469772
-0.0487687
-0.0502403
-0.051272
-0.0519301
-0.0521918
-0.0520358
-0.0515311
-0.0505737
-0.0493191
-0.0475845
-0.0456073
-0.0431308
-0.0404698
-0.0372979
-0.0340043
-0.0301962
-0.0263342
-0.0219641
-0.017614
-0.0127728
-0.00803159
-0.00282887
0.00218859
0.00762444
0.0127866
0.0183101
0.0234713
0.0289237
0.0339297
0.0391451
0.0438062
0.0486068
0.0525449
0.0562313
0.0586707
0.0601958
0.0600724
0.0582678
0.0546843
0.0488794
0.0416652
0.0322686
0.0220237
0.0100497
-0.00227748
-0.0158509
-0.0291087
-0.0430407
-0.0556241
-0.067901
-0.0777189
-0.0860246
-0.0915793
-0.0944094
-0.0960309
-0.101838
-0.100411
-0.09829
-0.0930178
-0.0856125
-0.0757787
-0.0644697
-0.0515818
-0.0382379
-0.0245577
-0.011019
0.00173959
0.0142411
0.0248593
0.0352601
0.0427225
0.049863
0.0535026
0.0566743
0.056625
0.0560644
0.053228
0.0498461
0.0453456
0.0403862
0.0350534
0.029455
0.0236969
0.0176747
0.0116798
0.0053989
-0.000669946
-0.00703454
-0.0130095
-0.0192738
-0.0249883
-0.030966
-0.0362606
-0.0417707
-0.0464989
-0.0513728
-0.0554058
-0.0594943
-0.0627252
-0.0659045
-0.068251
-0.0704272
-0.0718336
-0.0729458
-0.0733828
-0.0734048
-0.0728699
-0.07181
-0.0703253
-0.0682253
-0.065837
-0.0627696
-0.0595459
-0.0556126
-0.0516421
-0.046969
-0.0423597
-0.0370946
-0.0319725
-0.0262802
-0.0207874
-0.0148451
-0.00913723
-0.00313021
0.0026271
0.00851266
0.0141485
0.0197315
0.025076
0.0301782
0.035006
0.039397
0.0431406
0.0456215
0.0472816
0.0466334
0.0452182
0.0408893
0.035896
0.0280441
0.0197182
0.00926863
-0.00152774
-0.0134145
-0.0256452
-0.0379951
-0.0505367
-0.062283
-0.0737061
-0.0834237
-0.0920428
-0.0984916
-0.103312
-0.105586
-0.107014
-0.11331
-0.112348
-0.110211
-0.106585
-0.100521
-0.0934089
-0.0837443
-0.073647
-0.0617357
-0.049944
-0.0373708
-0.0251636
-0.013098
-0.00158721
0.00894228
0.0186085
0.0264124
0.0330914
0.0372547
0.0402845
0.0407178
0.0402505
0.0376047
0.0346038
0.0301209
0.025791
0.0206153
0.015602
0.00990717
0.00440883
-0.00163829
-0.00747091
-0.0136989
-0.0196907
-0.0259117
-0.0318698
-0.0378873
-0.0436091
-0.0492257
-0.0545089
-0.0595357
-0.0641876
-0.0684525
-0.0723003
-0.075657
-0.0785564
-0.0808903
-0.0827336
-0.0839675
-0.0846884
-0.0847857
-0.0843628
-0.0833282
-0.0817859
-0.079665
-0.0770714
-0.0739478
-0.0704116
-0.0664033
-0.0620678
-0.0573218
-0.0523588
-0.0470456
-0.0416471
-0.035954
-0.030324
-0.0244477
-0.0187936
-0.0129338
-0.00745709
-0.00180774
0.00330394
0.00856156
0.0131429
0.0178284
0.0216587
0.0255729
0.0279654
0.0298374
0.0296115
0.0282706
0.0246618
0.0197707
0.0128971
0.00484329
-0.0044852
-0.0146755
-0.0253425
-0.0365426
-0.0475142
-0.0588023
-0.0691257
-0.0795058
-0.0881858
-0.0964737
-0.102661
-0.108011
-0.111489
-0.113768
-0.114857
-0.120493
-0.119775
-0.118415
-0.115865
-0.111767
-0.106733
-0.0996482
-0.0920717
-0.0825406
-0.0730483
-0.06214
-0.0516313
-0.0402932
-0.0296979
-0.0188578
-0.00923169
-0.000143171
0.00734345
0.0134041
0.0178548
0.0202579
0.0214835
0.0204569
0.0192144
0.0161226
0.0135647
0.00971305
0.00639895
0.00190427
-0.00201858
-0.00704231
-0.0114618
-0.0168649
-0.0216329
-0.027235
-0.0321733
-0.0377711
-0.0426799
-0.0480569
-0.0527256
-0.0576638
-0.0618829
-0.0661746
-0.069749
-0.0732099
-0.0759702
-0.0784497
-0.0802641
-0.0816547
-0.0824371
-0.0826812
-0.0823964
-0.0814897
-0.0801571
-0.0781481
-0.0758396
-0.0728276
-0.0696633
-0.0657923
-0.0619337
-0.0573839
-0.0530238
-0.0480022
-0.0433537
-0.0380821
-0.0333664
-0.0280706
-0.0235039
-0.0184017
-0.0141843
-0.00947474
-0.00577979
-0.00163384
0.00140076
0.00484807
0.00705829
0.00967466
0.0105334
0.0110717
0.00956501
0.00684457
0.00239741
-0.00358473
-0.0106576
-0.0191533
-0.0279651
-0.0377801
-0.0472825
-0.0573379
-0.0666163
-0.0761147
-0.0843846
-0.0925355
-0.0991184
-0.105175
-0.109734
-0.113515
-0.116227
-0.118061
-0.119007
-0.121286
-0.1207
-0.119641
-0.117775
-0.115845
-0.11225
-0.108458
-0.102722
-0.0966554
-0.0889752
-0.0810582
-0.0720617
-0.0629621
-0.053426
-0.04388
-0.0347427
-0.0257738
-0.0181305
-0.0109546
-0.00574305
-0.00123821
0.00119891
0.0029224
0.00315779
0.00314132
0.00214032
0.00135186
-0.000436193
-0.00196895
-0.00444722
-0.00668577
-0.00977596
-0.0126328
-0.0162127
-0.0195544
-0.023463
-0.0271165
-0.0311628
-0.0349262
-0.0389003
-0.0425555
-0.046242
-0.0495698
-0.0527629
-0.055559
-0.0580758
-0.0601655
-0.0618603
-0.0631117
-0.0638861
-0.064221
-0.0640308
-0.0634304
-0.0622906
-0.0607976
-0.0587805
-0.0564968
-0.0537276
-0.0508071
-0.047456
-0.0440933
-0.0403633
-0.0367804
-0.0328942
-0.0293242
-0.0255091
-0.0221804
-0.0186529
-0.0157733
-0.0127265
-0.0104691
-0.0080599
-0.00655282
-0.00489361
-0.00421224
-0.00341462
-0.00360805
-0.00404886
-0.00582816
-0.00828792
-0.012457
-0.0173556
-0.0237642
-0.0307281
-0.0385944
-0.0467788
-0.0551026
-0.0635716
-0.0715225
-0.0794774
-0.0864162
-0.0932018
-0.0985643
-0.103716
-0.107257
-0.110756
-0.112984
-0.115244
-0.116997
-0.117881
-0.116076
-0.115598
-0.114616
-0.113457
-0.112524
-0.110541
-0.108579
-0.104995
-0.101216
-0.095744
-0.0901442
-0.0831036
-0.0761026
-0.0680706
-0.0602399
-0.0519582
-0.0440507
-0.0364334
-0.0293411
-0.0232675
-0.0177119
-0.0136271
-0.00978652
-0.00739113
-0.00477334
-0.00345047
-0.0016134
-0.00108733
-5.76115e-05
-0.000313717
-0.000101249
-0.00111154
-0.00167864
-0.00336178
-0.00461554
-0.00684104
-0.00863943
-0.011236
-0.0133981
-0.0161655
-0.0184853
-0.0212093
-0.0234719
-0.0259403
-0.0279393
-0.029959
-0.0315136
-0.0329256
-0.0338957
-0.034589
-0.0348876
-0.0348079
-0.0344089
-0.0335644
-0.0325055
-0.0309664
-0.0293472
-0.027241
-0.0252149
-0.0227167
-0.0204787
-0.0177977
-0.0155689
-0.012932
-0.0109409
-0.00857485
-0.00703868
-0.00515272
-0.00425988
-0.00302946
-0.0029239
-0.00247776
-0.00324777
-0.00365887
-0.00533448
-0.00663323
-0.00920135
-0.0115547
-0.015192
-0.0190094
-0.0240353
-0.0295138
-0.035794
-0.0425589
-0.0495287
-0.0568659
-0.0638339
-0.071004
-0.0773614
-0.083738
-0.0889737
-0.0940595
-0.0978052
-0.101367
-0.103686
-0.106054
-0.107675
-0.109506
-0.111211
-0.112067
-0.106829
-0.106334
-0.105274
-0.104616
-0.10409
-0.103609
-0.10237
-0.100991
-0.0980989
-0.0950951
-0.0904004
-0.0857722
-0.0796389
-0.0737277
-0.0666497
-0.0599199
-0.0524954
-0.045512
-0.0384824
-0.0318511
-0.025874
-0.0200057
-0.0152976
-0.0102343
-0.00645005
-0.00212456
0.000888428
0.00440334
0.00658455
0.0091964
0.0105019
0.0121827
0.0126298
0.0134155
0.013081
0.0130684
0.012083
0.0114205
0.00995814
0.00883349
0.00709683
0.00572034
0.00392426
0.00251071
0.000863857
-0.000386443
-0.00169954
-0.0026186
-0.00345384
-0.0039213
-0.00418795
-0.0041424
-0.0038118
-0.00325718
-0.00236604
-0.00137219
-2.03331e-05
0.00128238
0.00293997
0.00437154
0.00613776
0.00748438
0.0091368
0.0101699
0.0114802
0.0119773
0.0127314
0.0124965
0.0125132
0.0113951
0.0105423
0.00844899
0.00665535
0.00356312
0.00082772
-0.00319359
-0.00683352
-0.0116198
-0.0160635
-0.0215158
-0.0269527
-0.0330008
-0.0392924
-0.0456499
-0.0523054
-0.0585295
-0.0649916
-0.070642
-0.0764248
-0.0810941
-0.0857409
-0.0891095
-0.0922885
-0.0943562
-0.0962339
-0.0976402
-0.0990482
-0.10066
-0.102505
-0.103451
-0.0948363
-0.0942682
-0.0929142
-0.0921797
-0.0922838
-0.0919276
-0.0920072
-0.090988
-0.0897534
-0.087298
-0.0843784
-0.0804036
-0.0760136
-0.070781
-0.0652511
-0.0591281
-0.0527683
-0.0461759
-0.0393854
-0.0327813
-0.0260148
-0.019754
-0.0132741
-0.00751364
-0.00146032
0.00366134
0.00893637
0.0132165
0.0175685
0.0208889
0.024234
0.0265578
0.0288816
0.03024
0.0315968
0.0320849
0.032591
0.0323587
0.0321811
0.0314194
0.0307598
0.0296835
0.0287604
0.0275891
0.0266174
0.0255559
0.0247272
0.0239469
0.0234122
0.0230355
0.02289
0.0229783
0.0232527
0.0238005
0.0244566
0.0253905
0.0263237
0.027508
0.0285564
0.0298054
0.0307639
0.0318573
0.0324967
0.0332007
0.0332894
0.0333779
0.0327041
0.0319802
0.0303734
0.0286885
0.0260362
0.023305
0.0195658
0.015775
0.0109842
0.00622686
0.000496821
-0.0049609
-0.011092
-0.0169984
-0.0233051
-0.029494
-0.0358252
-0.0420468
-0.0480956
-0.0540156
-0.0595036
-0.0647874
-0.06945
-0.073764
-0.077266
-0.0803524
-0.0824709
-0.084389
-0.0854425
-0.0868533
-0.0879325
-0.0896718
-0.0919457
-0.0929732
-0.0813701
-0.080714
-0.0795204
-0.0787489
-0.0786573
-0.0785685
-0.0786209
-0.0781643
-0.0773262
-0.0756336
-0.0734057
-0.0702998
-0.0667441
-0.0623878
-0.0577208
-0.052342
-0.0467416
-0.0405744
-0.0342452
-0.0275798
-0.0208024
-0.013946
-0.00702086
-0.00030212
0.00636695
0.012539
0.0184051
0.0236942
0.0285767
0.0328307
0.0366325
0.0398031
0.0425131
0.044625
0.0463042
0.0474507
0.0482248
0.0485577
0.0486037
0.0483184
0.0478485
0.0471658
0.0464072
0.0455533
0.0447278
0.0439135
0.0432173
0.0426187
0.0422041
0.0419462
0.0419073
0.042052
0.0424153
0.0429546
0.0436755
0.0445312
0.045497
0.0465268
0.0475659
0.0485758
0.0494731
0.0502347
0.0507515
0.0510236
0.0509197
0.0504713
0.0495289
0.0481618
0.0462066
0.0437756
0.0406953
0.0371234
0.03288
0.0281682
0.0228204
0.017092
0.0107971
0.00441969
-0.00219977
-0.00875921
-0.0152911
-0.0217225
-0.027933
-0.0340174
-0.0397085
-0.045238
-0.05026
-0.0550416
-0.0592292
-0.0630369
-0.0661585
-0.0688113
-0.0707736
-0.072397
-0.0736065
-0.0749213
-0.0762308
-0.0780739
-0.0800465
-0.081173
-0.068117
-0.0672974
-0.0654872
-0.0644835
-0.0643991
-0.0642806
-0.0645716
-0.0643244
-0.0637252
-0.0624832
-0.0605173
-0.0580502
-0.0548123
-0.0512134
-0.0469
-0.0422967
-0.0369803
-0.0314595
-0.0252165
-0.0189236
-0.0119753
-0.00517965
0.00217972
0.00901299
0.0162003
0.0224604
0.0287564
0.0340294
0.0392636
0.0434006
0.047486
0.0504547
0.0533831
0.0552297
0.0570685
0.0579113
0.0587957
0.0588132
0.0589317
0.0583455
0.0579225
0.0569777
0.0562522
0.0551954
0.0543998
0.0534574
0.0527958
0.052154
0.0517842
0.051572
0.0515904
0.0518674
0.0522991
0.0530499
0.0538453
0.0549791
0.0560176
0.057375
0.0584745
0.0598416
0.0607749
0.0619011
0.0624165
0.063038
0.0628832
0.0627471
0.0616935
0.0605817
0.0584475
0.0561979
0.0528669
0.0493899
0.0448243
0.0401125
0.0343597
0.0285319
0.0217329
0.0151932
0.00810199
0.00145183
-0.00535746
-0.0116845
-0.0179859
-0.0237645
-0.0293945
-0.034504
-0.0394056
-0.0437571
-0.0478412
-0.0512887
-0.0543334
-0.0567535
-0.0586327
-0.0601887
-0.061285
-0.0626883
-0.0640516
-0.066118
-0.0688248
-0.0700963
-0.0546584
-0.0537691
-0.0520127
-0.0508157
-0.0503607
-0.0500184
-0.0499999
-0.0495976
-0.0490137
-0.0477188
-0.0460704
-0.0436473
-0.0409411
-0.0374537
-0.0338046
-0.0293387
-0.0247456
-0.0193387
-0.0137874
-0.00754275
-0.00118134
0.00563949
0.01245
0.0193315
0.0259027
0.0321918
0.0377821
0.0430437
0.0474759
0.0515625
0.0547684
0.0576541
0.0596597
0.0613993
0.0623095
0.063031
0.0630189
0.0629113
0.062202
0.0614971
0.0603481
0.0593003
0.0579787
0.0568425
0.055602
0.0546098
0.0536694
0.053011
0.0525355
0.0523415
0.0524273
0.0527566
0.0534223
0.0542563
0.05544
0.0566829
0.0582466
0.0597326
0.0614728
0.0629801
0.0646452
0.0659148
0.0672266
0.0679861
0.0686646
0.0686524
0.0684413
0.0674318
0.0661221
0.0639467
0.0613964
0.0579604
0.0541081
0.0494008
0.0442838
0.0384222
0.0321873
0.0255792
0.018919
0.0121863
0.00573796
-0.00063988
-0.00653959
-0.0123279
-0.0175304
-0.0226288
-0.0271226
-0.0314737
-0.0352252
-0.0387153
-0.0415795
-0.04411
-0.0460384
-0.0477747
-0.0491609
-0.0507817
-0.0524509
-0.0546902
-0.0572023
-0.0585345
-0.0425024
-0.041454
-0.0391709
-0.0376727
-0.0370172
-0.0364076
-0.0362574
-0.0356976
-0.0349689
-0.0337112
-0.0319551
-0.0297786
-0.0270382
-0.0239878
-0.0203861
-0.01651
-0.0120134
-0.00729908
-0.00184484
0.00364742
0.00993183
0.0159341
0.0226918
0.0286316
0.0350772
0.0402592
0.0456288
0.0496594
0.0538074
0.0565785
0.0594579
0.0609827
0.0626329
0.0630082
0.0635495
0.0629473
0.0625693
0.0612213
0.0601658
0.0583444
0.0568845
0.0548795
0.0532965
0.0513919
0.0499511
0.0484012
0.0473302
0.0463391
0.0458078
0.0455124
0.0456188
0.0460764
0.0468374
0.048021
0.0493694
0.0511682
0.0529579
0.0551856
0.0572024
0.0596124
0.0615921
0.0638966
0.0655472
0.0674427
0.0684697
0.0696617
0.0697947
0.0700234
0.0690401
0.0681033
0.0658498
0.0636197
0.060025
0.0564596
0.0515426
0.0467194
0.0406009
0.0348607
0.028221
0.0221867
0.0157477
0.00995702
0.00406563
-0.00120602
-0.00640363
-0.0110646
-0.015587
-0.0196108
-0.0234474
-0.0267527
-0.0297519
-0.032258
-0.03434
-0.0361978
-0.0377117
-0.0395286
-0.0413711
-0.0438283
-0.0469134
-0.0483628
-0.0305942
-0.029466
-0.0277047
-0.0259844
-0.0248688
-0.0239705
-0.0232444
-0.0224286
-0.0213796
-0.0199628
-0.018161
-0.0159388
-0.0133607
-0.0103682
-0.00708403
-0.00335517
0.000652572
0.00514191
0.00988811
0.0150837
0.0204146
0.026041
0.0315485
0.0370221
0.0420491
0.0466942
0.0506176
0.0540525
0.0567107
0.0588462
0.0602152
0.0610832
0.0612412
0.060959
0.060065
0.0588255
0.0571062
0.0551617
0.0528929
0.0505348
0.0480193
0.0455546
0.0430979
0.0408244
0.0387104
0.0368928
0.0353613
0.0342107
0.0334381
0.033094
0.0331791
0.0336983
0.0346535
0.0360047
0.0377545
0.0398198
0.0422057
0.0447892
0.0475817
0.0504248
0.0533415
0.0561431
0.0588712
0.0613127
0.0635347
0.065306
0.0667256
0.0675508
0.0679176
0.0675781
0.0667076
0.0650601
0.0628489
0.0598362
0.056281
0.0519615
0.0471911
0.0418813
0.0364151
0.0307072
0.0251427
0.0195853
0.014332
0.00922152
0.00447032
-9.42887e-05
-0.00430744
-0.00830254
-0.0119512
-0.0153066
-0.0182892
-0.0209338
-0.0232298
-0.0253001
-0.027242
-0.0292903
-0.0314603
-0.0340886
-0.0364672
-0.0379754
-0.0208028
-0.0196032
-0.0169394
-0.0150162
-0.0136917
-0.0125014
-0.0116586
-0.0105548
-0.0093689
-0.00775645
-0.00588714
-0.00359687
-0.00108805
0.00183753
0.00488375
0.00840506
0.0120219
0.0161471
0.020386
0.0250418
0.0297565
0.0346545
0.0394302
0.0439965
0.0480713
0.0516826
0.0544758
0.0568192
0.0582475
0.0592644
0.0593497
0.0590984
0.057954
0.056579
0.0544015
0.0521226
0.0491769
0.046272
0.0428715
0.0396554
0.0361375
0.0329374
0.029638
0.0267684
0.0239961
0.0217342
0.0197472
0.0183122
0.0172982
0.0168338
0.0168957
0.0174586
0.0186062
0.0201616
0.0223101
0.0247331
0.0277088
0.0307938
0.034347
0.0378229
0.0416469
0.045198
0.0489519
0.0522431
0.0555791
0.0582815
0.0608719
0.0626892
0.0642514
0.0649431
0.0652614
0.0646607
0.0636014
0.0616272
0.0591479
0.0558279
0.0519887
0.0475661
0.0428013
0.0378095
0.0327995
0.0277802
0.0229686
0.0182381
0.0138279
0.00950796
0.00551349
0.00164247
-0.00192312
-0.00527213
-0.0082832
-0.0110337
-0.0134117
-0.0156694
-0.0176678
-0.01991
-0.0222119
-0.0249652
-0.0282871
-0.0298356
-0.0114908
-0.0101737
-0.00764843
-0.00546533
-0.00389629
-0.00241063
-0.00124028
9.66938e-05
0.00158035
0.00325632
0.00536237
0.00750231
0.0101912
0.0127399
0.0159147
0.0188228
0.0224964
0.0257553
0.0299466
0.0334631
0.0380085
0.0414753
0.0459585
0.0488303
0.0525401
0.054275
0.0567078
0.0570684
0.0581354
0.0571184
0.0568476
0.0545598
0.0530719
0.0497072
0.0472059
0.0430332
0.0397897
0.035134
0.0314669
0.0266858
0.0229371
0.0183953
0.0149044
0.0109468
0.00802503
0.00495206
0.00285916
0.000905189
-0.000170271
-0.000854095
-0.000809079
-0.000165817
0.00100898
0.0029377
0.00515659
0.00823326
0.0113214
0.0153223
0.0190283
0.0236597
0.0276747
0.0325939
0.0365748
0.0414157
0.0450115
0.0494111
0.0522902
0.0559147
0.0577896
0.0603581
0.0610074
0.0623106
0.061594
0.0615068
0.0593747
0.0578691
0.0543885
0.0516199
0.0471534
0.0435561
0.0387417
0.0348325
0.0301123
0.0262397
0.0218295
0.0181449
0.0140859
0.0106473
0.0069689
0.00385758
0.000679651
-0.00201871
-0.00462159
-0.00697489
-0.00922867
-0.0116251
-0.0141142
-0.0170071
-0.0201498
-0.0217622
-0.00330124
-0.00197604
0.000550364
0.0028439
0.00470278
0.0064166
0.00792188
0.00952652
0.0111879
0.0131288
0.0151722
0.017561
0.0199334
0.022714
0.0253132
0.028428
0.0312283
0.0346502
0.0376109
0.0412301
0.0441464
0.0476563
0.0501133
0.0529873
0.0544166
0.0561495
0.0561854
0.0565455
0.0551618
0.054146
0.0514226
0.0491374
0.0452491
0.0418883
0.037092
0.0329241
0.0275416
0.0228913
0.0172877
0.0125122
0.00707044
0.00253383
-0.00237262
-0.00632572
-0.010359
-0.0134284
-0.0163098
-0.0182615
-0.0197913
-0.0204743
-0.0205454
-0.0199029
-0.0185088
-0.0165823
-0.0138171
-0.010744
-0.00679621
-0.00279993
0.00206071
0.00668668
0.0121286
0.0170421
0.022695
0.0275304
0.033012
0.0374065
0.042349
0.0459693
0.0500444
0.0526099
0.0555506
0.0568523
0.0584688
0.0583817
0.0585728
0.0570689
0.0558289
0.0530617
0.0506139
0.0469939
0.0438345
0.039858
0.0364276
0.0324376
0.0289939
0.0251522
0.0217913
0.0181704
0.0149547
0.0116423
0.00869502
0.00577766
0.00318434
0.00060558
-0.00178922
-0.00438036
-0.00699303
-0.00998038
-0.0129867
-0.0146056
0.00340656
0.00477801
0.00770114
0.0101116
0.012151
0.0140381
0.015733
0.0174985
0.0193492
0.021348
0.0235297
0.0258266
0.0282599
0.0307792
0.0333443
0.036012
0.0386675
0.041429
0.0441217
0.0468409
0.0493581
0.0517248
0.0536529
0.0551835
0.0559623
0.0562298
0.0555647
0.0544198
0.0523054
0.049782
0.0463174
0.0425531
0.0379303
0.0331494
0.0276425
0.0221423
0.0160905
0.010222
0.00400674
-0.0018497
-0.00783054
-0.0132913
-0.0186513
-0.0233564
-0.0277473
-0.031385
-0.0345205
-0.0368497
-0.0385251
-0.039391
-0.0394974
-0.0388429
-0.0373742
-0.0352434
-0.0322971
-0.0288323
-0.0246023
-0.0200342
-0.0147976
-0.00942892
-0.00352672
0.00228883
0.00847567
0.0143584
0.0204353
0.0260056
0.0315913
0.0364958
0.0412477
0.0451823
0.0488182
0.051547
0.0538617
0.0552298
0.0561048
0.0560467
0.0554607
0.0540474
0.0521443
0.0497067
0.0469691
0.0439607
0.0408351
0.0375984
0.0343503
0.0310676
0.0278033
0.024568
0.0213617
0.0182734
0.0152616
0.0124232
0.00971484
0.00711097
0.0045963
0.00195344
-0.000776651
-0.00378482
-0.00718957
-0.00881437
0.00966069
0.0110883
0.013964
0.0165187
0.0186971
0.0207744
0.0226565
0.0245724
0.0266088
0.0286186
0.030961
0.0330825
0.0356503
0.0377839
0.0404597
0.0425028
0.045235
0.0470948
0.049815
0.051324
0.0538136
0.0546601
0.0565089
0.0562771
0.0569448
0.0553224
0.0545544
0.0514678
0.0492534
0.0447844
0.0412246
0.0355512
0.0308395
0.0242252
0.0186369
0.0114162
0.0052916
-0.00215041
-0.00842922
-0.0156821
-0.021717
-0.0283719
-0.0337763
-0.039453
-0.0438786
-0.0482508
-0.0514115
-0.0542284
-0.0559197
-0.0570218
-0.0571348
-0.0564646
-0.0549934
-0.0525982
-0.0496401
-0.0456687
-0.0414176
-0.0361101
-0.0308428
-0.0245141
-0.0185712
-0.0115899
-0.00535239
0.00188348
0.00802126
0.0151102
0.0207668
0.0273295
0.0321616
0.0378635
0.041588
0.0461584
0.0485686
0.0518141
0.0527895
0.0545962
0.0541211
0.0544828
0.0526707
0.0517974
0.049116
0.0473943
0.0442821
0.0420525
0.038775
0.0362456
0.0329188
0.030215
0.0269203
0.0241649
0.0210359
0.0183518
0.015499
0.0129112
0.0102458
0.00756471
0.00472355
0.00169078
-0.00165551
-0.00328524
0.0153487
0.0167816
0.0190491
0.0216722
0.0240056
0.0262244
0.0283105
0.0303923
0.0324761
0.0346481
0.036833
0.0391034
0.041311
0.0435788
0.0456874
0.047845
0.0497566
0.0517002
0.0532846
0.0548401
0.0558586
0.0567199
0.0568204
0.0565893
0.0554086
0.0537877
0.0511589
0.0480751
0.0440202
0.0395553
0.0342098
0.0285416
0.0221316
0.0155234
0.00835326
0.00113927
-0.00642634
-0.0138615
-0.0214204
-0.0286666
-0.0358052
-0.0424539
-0.0487744
-0.0544459
-0.0595928
-0.063961
-0.067644
-0.0704583
-0.0724712
-0.0735723
-0.0738063
-0.0731367
-0.0715867
-0.0691937
-0.0659585
-0.0619908
-0.0572658
-0.0519632
-0.0460273
-0.0397044
-0.032901
-0.0259261
-0.0186408
-0.0114116
-0.00404685
0.00303561
0.0100864
0.016643
0.0230189
0.0287155
0.0341096
0.0386758
0.0428511
0.0460936
0.0488913
0.0506963
0.0520569
0.052421
0.0523952
0.0515246
0.0504156
0.0486767
0.0468418
0.0445646
0.0422736
0.0396675
0.0370841
0.0342817
0.0315273
0.0286557
0.0258689
0.0230524
0.02034
0.0176117
0.0149228
0.0121187
0.00926546
0.00617249
0.00358279
0.00194842
0.0193914
0.0208275
0.0238001
0.0264636
0.028885
0.0311969
0.0333538
0.0355402
0.0376699
0.0399254
0.0420584
0.0443748
0.046389
0.0486608
0.0504071
0.0525231
0.053882
0.0557303
0.0565538
0.0579537
0.057993
0.0586442
0.0575526
0.0570743
0.0545289
0.0526427
0.048584
0.0452372
0.0397319
0.0350119
0.0282254
0.0223144
0.0145017
0.00766709
-0.000839055
-0.00825984
-0.0170678
-0.0246876
-0.0333704
-0.0407771
-0.0488998
-0.0556837
-0.0628304
-0.0686111
-0.0744122
-0.0788635
-0.0830187
-0.0858899
-0.0881872
-0.0893193
-0.0896473
-0.0889829
-0.0873374
-0.084924
-0.0814072
-0.0773934
-0.0722069
-0.0668323
-0.0602631
-0.0538421
-0.0462442
-0.039145
-0.0309166
-0.023537
-0.0150958
-0.00783733
0.000405118
0.00716197
0.0148239
0.0207428
0.0274932
0.0323004
0.0378756
0.0413736
0.0455877
0.0476573
0.0504112
0.0510311
0.0522569
0.0516223
0.0515709
0.0500286
0.0490576
0.0469262
0.0453097
0.0427992
0.0407122
0.0379592
0.0355369
0.0326703
0.0300723
0.0272201
0.0245929
0.021803
0.0191623
0.0162999
0.0134629
0.0103535
0.0070746
0.00544553
0.0231513
0.0245886
0.0275812
0.0302546
0.0327591
0.0350981
0.0373683
0.0395462
0.0417918
0.0439328
0.0461719
0.0482315
0.0503402
0.0521942
0.0540214
0.0555401
0.0569602
0.0580088
0.0588685
0.059254
0.0593067
0.0587473
0.0576568
0.0558347
0.0532913
0.0500118
0.0459563
0.0412227
0.0357217
0.029651
0.0228699
0.0156687
0.00786214
-0.000180747
-0.00868016
-0.0172089
-0.0260098
-0.0346223
-0.0432983
-0.0515711
-0.0596873
-0.0672029
-0.0743439
-0.0807169
-0.0865134
-0.091415
-0.095567
-0.0987461
-0.101042
-0.10234
-0.102667
-0.102028
-0.100383
-0.0978543
-0.0943404
-0.0900709
-0.0848884
-0.0791181
-0.0725541
-0.0655972
-0.0580052
-0.0502305
-0.0420086
-0.0338156
-0.0253811
-0.0171763
-0.00894042
-0.00111251
0.00654337
0.0136452
0.0203903
0.0264745
0.0320452
0.0368912
0.041102
0.0445614
0.0473133
0.0493127
0.0505449
0.0511947
0.0511481
0.0507297
0.0497477
0.0485505
0.0469009
0.0451362
0.0429956
0.0408143
0.0383222
0.0358661
0.033184
0.030596
0.0278721
0.0252313
0.0224923
0.0197244
0.0168136
0.0137887
0.0104919
0.00890169
0.0266332
0.0280717
0.0310608
0.0337577
0.0363301
0.0387108
0.0410755
0.0432561
0.0456017
0.0476439
0.0499732
0.051803
0.05399
0.0554663
0.0573623
0.0583341
0.0598108
0.0601189
0.061012
0.0604582
0.0605232
0.0588428
0.0577534
0.0546867
0.0521452
0.0475754
0.0435229
0.037505
0.0320081
0.0246865
0.0179104
0.00951427
0.00171348
-0.00744833
-0.0159415
-0.0254962
-0.0342907
-0.0438224
-0.0524921
-0.061567
-0.0696772
-0.0778704
-0.0850062
-0.0919275
-0.0977198
-0.103039
-0.107187
-0.110652
-0.112945
-0.114397
-0.114725
-0.114108
-0.112465
-0.109829
-0.106317
-0.101811
-0.0966324
-0.0904955
-0.0839363
-0.0764831
-0.0688967
-0.0604963
-0.0522804
-0.0433343
-0.034906
-0.0258249
-0.017595
-0.00877519
-0.00112492
0.0070724
0.0138126
0.0210793
0.0266459
0.0327402
0.0369479
0.0416944
0.0444444
0.0477213
0.0489596
0.0507987
0.0507566
0.051379
0.0503868
0.0500548
0.0483745
0.0472948
0.0451102
0.0434496
0.0409015
0.0388183
0.0360656
0.0337159
0.0309088
0.028397
0.0255761
0.0228816
0.0199112
0.0169515
0.0136574
0.0121033
0.0298727
0.031314
0.0336105
0.0363418
0.0389122
0.0413671
0.0437255
0.0459931
0.0482236
0.0503481
0.0524342
0.0543359
0.0561548
0.0576914
0.0590919
0.0601103
0.0609437
0.0612808
0.0613709
0.0608219
0.0599362
0.0582449
0.0561146
0.0530384
0.0494534
0.0448835
0.0398299
0.0338128
0.0273712
0.0200514
0.0124041
0.00401068
-0.00457608
-0.0137346
-0.0229219
-0.0324727
-0.041867
-0.0513947
-0.0605713
-0.0696421
-0.0781708
-0.0863602
-0.0938323
-0.10075
-0.106804
-0.11212
-0.116463
-0.119925
-0.12235
-0.123801
-0.124201
-0.123585
-0.121956
-0.119322
-0.115764
-0.11126
-0.105969
-0.0998357
-0.0930899
-0.0856405
-0.0777835
-0.0693871
-0.0608065
-0.0518645
-0.0429682
-0.033891
-0.0250836
-0.0162673
-0.00792786
0.000266712
0.00780458
0.0150694
0.0215331
0.0276265
0.0328119
0.0375585
0.0413479
0.0446367
0.0469527
0.0488142
0.0498085
0.0504449
0.0503713
0.0500332
0.0491274
0.0480243
0.0464707
0.0447712
0.0427256
0.0405894
0.0382122
0.0357966
0.0332323
0.0306467
0.0279489
0.0251883
0.0223122
0.0193208
0.0168165
0.0152596
0.0320654
0.0335083
0.0360481
0.0388121
0.0413553
0.043876
0.0461976
0.0485387
0.0506805
0.0528737
0.0547804
0.0567419
0.0582724
0.0598593
0.0608516
0.0619083
0.0622021
0.0625623
0.0619723
0.0614314
0.0597316
0.0580396
0.0549924
0.0519166
0.0473716
0.0428045
0.036792
0.0307787
0.0234072
0.016092
0.00755947
-0.000828697
-0.0102421
-0.0193948
-0.0293386
-0.0388834
-0.0489553
-0.0584769
-0.068246
-0.0773112
-0.086344
-0.0945282
-0.102415
-0.109328
-0.115707
-0.12102
-0.1256
-0.129061
-0.131638
-0.133088
-0.133556
-0.13294
-0.131297
-0.128664
-0.125008
-0.120507
-0.115034
-0.108904
-0.101888
-0.0944435
-0.0862261
-0.0778351
-0.0688008
-0.0598644
-0.0504194
-0.0413479
-0.031897
-0.0230862
-0.0140121
-0.00582267
0.00253384
0.00979407
0.0171488
0.0232383
0.0293729
0.0341165
0.038887
0.042177
0.0454643
0.047336
0.0492296
0.0498737
0.0505893
0.0502472
0.0500034
0.048881
0.0478621
0.0461295
0.0444967
0.0423154
0.0402363
0.0377646
0.0353992
0.0327499
0.0301863
0.0273662
0.0245959
0.0215743
0.0188688
0.0173105
0.0338465
0.0352788
0.0381324
0.0408782
0.0434392
0.0459524
0.0482872
0.0506137
0.0527429
0.0548962
0.0567365
0.0586231
0.0600214
0.0614959
0.0622829
0.0631902
0.0631959
0.0633701
0.0624023
0.0616425
0.0594781
0.0575458
0.0539608
0.0506393
0.0455187
0.0407109
0.0341261
0.0278876
0.0199564
0.0124355
0.00336501
-0.00520673
-0.0151273
-0.0244399
-0.0348524
-0.0445332
-0.0550287
-0.0646631
-0.0748059
-0.0839622
-0.0933153
-0.101571
-0.109723
-0.116692
-0.123279
-0.128633
-0.133365
-0.136856
-0.139528
-0.140999
-0.141508
-0.140903
-0.139246
-0.136615
-0.132891
-0.128382
-0.122785
-0.116635
-0.109441
-0.101961
-0.0935097
-0.0850639
-0.0757394
-0.0667258
-0.0569344
-0.0477599
-0.0379081
-0.0289662
-0.0194395
-0.0110896
-0.00223422
0.00521555
0.013108
0.0194141
0.0261178
0.0311016
0.0364635
0.0400089
0.0438723
0.0460076
0.0484234
0.0493214
0.0504878
0.0503737
0.0504992
0.0495708
0.0488406
0.0472643
0.0458445
0.0437797
0.0418428
0.039449
0.0371659
0.0345641
0.0320486
0.0292624
0.0265247
0.0235413
0.020536
0.0189969
0.035496
0.0368993
0.0397613
0.042446
0.0450419
0.0474873
0.0498678
0.052095
0.054268
0.0562604
0.0581375
0.0597878
0.061215
0.0623731
0.0631801
0.0636876
0.0637029
0.0633917
0.0624236
0.0610994
0.0589295
0.0563763
0.0527881
0.0488255
0.0437076
0.0382774
0.031696
0.0248737
0.0169467
0.00889049
-0.000175096
-0.00922633
-0.0191416
-0.0288736
-0.0392805
-0.0493194
-0.0598094
-0.0697423
-0.0798797
-0.0892789
-0.0986269
-0.107076
-0.115222
-0.122341
-0.128924
-0.134391
-0.13912
-0.142691
-0.145362
-0.146886
-0.147395
-0.146819
-0.145162
-0.142536
-0.138814
-0.13428
-0.128687
-0.122479
-0.115289
-0.107709
-0.0992627
-0.0906684
-0.0813489
-0.0721283
-0.0623422
-0.0528944
-0.043048
-0.0337606
-0.0242391
-0.0154691
-0.00661849
0.00132501
0.00921323
0.0160812
0.0227812
0.0283867
0.0337458
0.0379563
0.0418264
0.0446322
0.047062
0.0485975
0.0497757
0.0502355
0.050364
0.0499313
0.0491928
0.0480299
0.046591
0.0448567
0.0428909
0.0407464
0.0384255
0.0360026
0.0334451
0.0307937
0.0280226
0.0251514
0.022138
0.0206493
0.0370236
0.0384001
0.0412697
0.0438978
0.0465261
0.0489086
0.0513315
0.0534668
0.0556804
0.0575238
0.0594349
0.0608665
0.0623204
0.0631855
0.0640111
0.0641481
0.0641724
0.0634116
0.0624434
0.0605964
0.0584214
0.0552933
0.0517022
0.0471458
0.0420303
0.0360237
0.0294457
0.0220826
0.0141596
0.00560759
-0.00345345
-0.0129487
-0.022859
-0.0329795
-0.0433811
-0.0537519
-0.0642365
-0.074446
-0.0845783
-0.0942024
-0.103546
-0.112173
-0.120316
-0.127572
-0.134152
-0.139722
-0.144449
-0.148095
-0.150765
-0.152338
-0.152847
-0.152298
-0.150642
-0.148019
-0.144298
-0.139743
-0.134152
-0.12789
-0.120704
-0.113033
-0.10459
-0.0958584
-0.0865436
-0.0771314
-0.0673502
-0.0576493
-0.0478078
-0.0382006
-0.0286839
-0.0195247
-0.0106786
-0.00227788
0.0056064
0.0129948
0.0196914
0.0258724
0.031229
0.0360554
0.0399318
0.0433585
0.0458012
0.0479271
0.0491163
0.0501076
0.0502387
0.0502652
0.0495189
0.0487389
0.0472824
0.045854
0.0438615
0.041948
0.0395919
0.0373349
0.0347384
0.0322118
0.0294097
0.0266425
0.0236215
0.0221795
0.0384363
0.0397899
0.0426171
0.0452094
0.0478479
0.050197
0.0526317
0.054709
0.0569281
0.0586633
0.0605687
0.0618323
0.0632695
0.0639028
0.0647031
0.0645395
0.064531
0.0633962
0.0623901
0.0600998
0.0578868
0.0542647
0.0506408
0.0455716
0.0404301
0.0339277
0.0273297
0.0195016
0.0115634
0.00258514
-0.00648619
-0.0163632
-0.026279
-0.0367334
-0.0471363
-0.0577921
-0.0682747
-0.0787218
-0.0888495
-0.0986668
-0.108004
-0.116785
-0.124921
-0.132296
-0.138871
-0.14453
-0.149253
-0.152963
-0.155631
-0.157248
-0.157757
-0.157231
-0.155579
-0.152959
-0.149245
-0.14467
-0.139088
-0.13278
-0.125603
-0.117854
-0.109421
-0.100571
-0.091264
-0.0816871
-0.0719116
-0.0619933
-0.0521538
-0.0422718
-0.0327527
-0.0232591
-0.0144053
-0.00561147
0.00228611
0.0101219
0.0168375
0.0235135
0.0288945
0.0342532
0.0381652
0.0421273
0.044616
0.0472465
0.0484843
0.0499241
0.0500995
0.0505074
0.0497971
0.0493306
0.0478998
0.0467186
0.0447393
0.0430085
0.0406526
0.0385211
0.0359166
0.0334802
0.030671
0.0279818
0.0250047
0.0236027
0.0397225
0.0410771
0.0434624
0.046066
0.0486264
0.0509974
0.0533331
0.0554324
0.0575033
0.0592555
0.0609587
0.0622329
0.0634172
0.0640544
0.0645539
0.064387
0.0640318
0.0628875
0.0614962
0.0591939
0.056577
0.0529462
0.048934
0.0438648
0.0383776
0.0318781
0.0249818
0.017157
0.00897541
1.04595e-06
-0.00925551
-0.0191282
-0.0291724
-0.0396223
-0.0501016
-0.0607528
-0.0712674
-0.08171
-0.0918357
-0.101649
-0.110962
-0.119739
-0.12784
-0.135212
-0.141753
-0.147409
-0.15211
-0.155818
-0.158483
-0.160098
-0.160627
-0.160101
-0.158492
-0.155873
-0.152222
-0.147649
-0.142144
-0.135839
-0.128744
-0.120998
-0.112639
-0.103793
-0.09454
-0.0849672
-0.0752107
-0.0652967
-0.0554292
-0.0455514
-0.0359468
-0.0264573
-0.0174535
-0.00866345
-0.000547772
0.00728467
0.0142842
0.0209573
0.0266813
0.0320407
0.0363575
0.0403318
0.0432629
0.0459113
0.0475884
0.0490447
0.0496305
0.0500484
0.0497063
0.0492414
0.0481312
0.0469435
0.0452321
0.0434867
0.0413402
0.0391876
0.0367351
0.0342763
0.0315868
0.0288856
0.0263906
0.0249875
0.0408799
0.0422353
0.0442479
0.046862
0.04935
0.0517413
0.0539854
0.0561051
0.0580399
0.059808
0.0613257
0.0626099
0.0635618
0.0642028
0.0644254
0.0642558
0.0635807
0.0624278
0.060681
0.0583678
0.0553777
0.051739
0.047368
0.0422986
0.0364925
0.0299955
0.0228214
0.0149998
0.00659035
-0.00238044
-0.0118118
-0.0216806
-0.0318476
-0.0422933
-0.0528477
-0.0634947
-0.0740437
-0.0844821
-0.0946106
-0.10442
-0.113715
-0.122488
-0.130561
-0.13793
-0.144443
-0.150097
-0.154779
-0.158486
-0.161147
-0.162763
-0.163308
-0.162783
-0.161212
-0.158594
-0.155
-0.150429
-0.144992
-0.13869
-0.131667
-0.123924
-0.11563
-0.106788
-0.0975799
-0.088011
-0.0782678
-0.0683576
-0.0584601
-0.0485862
-0.0388988
-0.0294131
-0.020267
-0.0114805
-0.00316027
0.00466906
0.0119335
0.018604
0.0246454
0.0300053
0.0346969
0.0386825
0.0420228
0.0446875
0.0467708
0.0482421
0.049207
0.0496339
0.0496312
0.0491676
0.0483525
0.0471585
0.0456933
0.0439344
0.0419804
0.0398081
0.037496
0.0350164
0.0324375
0.0297251
0.027639
0.026235
0.0413913
0.0427468
0.0450106
0.0476349
0.0500609
0.0524721
0.0546403
0.0567804
0.0586131
0.0603979
0.0617759
0.063072
0.063843
0.0644908
0.0644919
0.0643235
0.0633883
0.0622315
0.0601907
0.0578709
0.0545636
0.0509197
0.0462232
0.0411542
0.0350355
0.028541
0.0210806
0.0132618
0.00459677
-0.00437071
-0.0140244
-0.0238896
-0.0342441
-0.0446859
-0.055393
-0.0660361
-0.0767049
-0.0871394
-0.0973582
-0.107164
-0.116524
-0.125294
-0.133412
-0.140778
-0.147323
-0.152975
-0.157679
-0.161385
-0.164064
-0.165679
-0.166241
-0.165715
-0.16416
-0.161543
-0.157963
-0.153394
-0.147967
-0.141667
-0.134644
-0.126904
-0.118595
-0.109756
-0.100509
-0.0909441
-0.0811327
-0.0712262
-0.0612238
-0.0513536
-0.0415195
-0.0320373
-0.0226995
-0.0139162
-0.00535866
0.00246778
0.0100142
0.0166823
0.0230473
0.0284074
0.0334524
0.0374462
0.0411467
0.043823
0.0462546
0.0477356
0.0490207
0.0494517
0.0497316
0.0492654
0.0486896
0.0474867
0.0462146
0.0444408
0.0426358
0.0404437
0.0382468
0.0357468
0.0332605
0.0305373
0.028214
0.0268098
0.0418648
0.0432204
0.0457169
0.0483506
0.0507193
0.0531488
0.0552468
0.0574058
0.0591439
0.0609442
0.0621928
0.0634999
0.0641034
0.0647576
0.0645534
0.0643862
0.0632101
0.0620498
0.0597366
0.0574107
0.0538097
0.050161
0.045163
0.0400943
0.0336863
0.027194
0.0194685
0.0116524
0.00275058
-0.00621383
-0.0160735
-0.0259353
-0.0364634
-0.0469017
-0.0577502
-0.0683896
-0.0791693
-0.0896003
-0.0999026
-0.109705
-0.119125
-0.127892
-0.136053
-0.143416
-0.14999
-0.15564
-0.160365
-0.164069
-0.166765
-0.168379
-0.168956
-0.168431
-0.16689
-0.164274
-0.160707
-0.156139
-0.150722
-0.144424
-0.137401
-0.129664
-0.12134
-0.112504
-0.103222
-0.0936603
-0.0837858
-0.0738827
-0.0637832
-0.0539164
-0.0439464
-0.0344674
-0.0249521
-0.0161719
-0.00739451
0.000429252
0.00823686
0.0149026
0.0215674
0.0269277
0.0322998
0.0363013
0.0403354
0.0430225
0.0457766
0.0472665
0.0488481
0.0492829
0.0498245
0.049356
0.0490017
0.0477906
0.0466973
0.0449097
0.0432428
0.0410322
0.0389421
0.0364232
0.0340227
0.0312894
0.0287465
0.0273421
0.0422438
0.0435913
0.0461652
0.0487738
0.0511455
0.0535437
0.0556419
0.0577644
0.0594906
0.0612461
0.0624662
0.0637186
0.0642763
0.0648659
0.0645986
0.0643581
0.0631014
0.0618602
0.0594514
0.0570391
0.0533335
0.0495966
0.0444948
0.03934
0.0328385
0.0262669
0.0184547
0.0105695
0.0015908
-0.00743163
-0.0173578
-0.0272661
-0.0378499
-0.0483235
-0.0592168
-0.0698812
-0.0806956
-0.0911427
-0.101471
-0.111282
-0.12072
-0.129491
-0.137665
-0.145029
-0.151611
-0.157261
-0.161992
-0.165698
-0.168399
-0.170016
-0.170598
-0.170079
-0.168543
-0.165935
-0.162373
-0.157815
-0.152401
-0.146114
-0.139093
-0.131364
-0.123037
-0.114205
-0.104913
-0.0953483
-0.0854547
-0.0755394
-0.0654096
-0.0555189
-0.0455058
-0.0359898
-0.0264173
-0.017586
-0.00873725
-0.000848295
0.00704462
0.0137892
0.02055
0.0259998
0.0314859
0.0355824
0.0397387
0.0425222
0.0453944
0.0469776
0.0486641
0.049186
0.0498144
0.049425
0.0491379
0.047996
0.0469501
0.0452209
0.0435814
0.04142
0.0393415
0.0368648
0.0344696
0.0317699
0.0291537
0.0277609
0.0425644
0.0439005
0.0464757
0.0490593
0.0514378
0.0538058
0.0559127
0.0579952
0.0597291
0.0614302
0.0626556
0.0638372
0.064398
0.0649005
0.0646338
0.0642907
0.0630321
0.0616742
0.0592622
0.0567226
0.0530142
0.049146
0.0440438
0.0387616
0.032262
0.0255747
0.0177649
0.00977854
0.000802432
-0.00830534
-0.0182286
-0.0282058
-0.0387864
-0.0493128
-0.060203
-0.0709053
-0.0817165
-0.0921885
-0.102513
-0.112339
-0.121775
-0.130553
-0.138724
-0.146092
-0.152671
-0.158323
-0.163053
-0.16676
-0.169461
-0.171083
-0.171665
-0.171154
-0.169618
-0.167022
-0.163461
-0.158917
-0.153505
-0.147231
-0.140212
-0.132493
-0.124169
-0.115341
-0.106052
-0.0964816
-0.086591
-0.0766561
-0.0665294
-0.0566026
-0.0465923
-0.0370213
-0.0274516
-0.018545
-0.00969886
-0.00171437
0.00617623
0.0130358
0.0197947
0.0253772
0.0308644
0.0351038
0.0392645
0.0421926
0.0450703
0.0467913
0.048482
0.0491296
0.0497595
0.0494804
0.049192
0.0481432
0.047093
0.0454391
0.0437925
0.0416893
0.0396021
0.0371708
0.0347684
0.0321052
0.0294876
0.0281109
0.0428613
0.0441869
0.0467632
0.0493236
0.0517086
0.0540484
0.0561635
0.058209
0.05995
0.0616006
0.0628311
0.063947
0.0645107
0.0649325
0.0646664
0.0642282
0.062968
0.061502
0.059087
0.0564295
0.0527185
0.0487288
0.0436261
0.0382259
0.0317281
0.0249338
0.017126
0.00904602
7.23519e-05
-0.00911444
-0.019035
-0.029076
-0.0396538
-0.050229
-0.0611162
-0.0718536
-0.0826619
-0.093157
-0.103479
-0.113319
-0.122752
-0.131537
-0.139705
-0.147075
-0.153653
-0.159307
-0.164035
-0.167745
-0.170444
-0.172071
-0.172652
-0.172149
-0.170614
-0.168029
-0.164469
-0.159937
-0.154527
-0.148265
-0.141248
-0.133539
-0.125218
-0.116393
-0.107107
-0.0975311
-0.0876432
-0.0776904
-0.0675664
-0.0576061
-0.0475986
-0.0379765
-0.0284094
-0.0194331
-0.0105894
-0.00251642
0.00537204
0.0123381
0.0190952
0.0248006
0.0302888
0.0346606
0.0388253
0.0418874
0.0447701
0.0466188
0.0483134
0.0490773
0.0497087
0.0495318
0.049242
0.0482795
0.0472254
0.045641
0.043988
0.0419386
0.0398434
0.0374542
0.035045
0.0324157
0.0297967
0.028435
0.0431363
0.0444521
0.0470295
0.0495684
0.0519593
0.0542732
0.0563957
0.058407
0.0601545
0.0617584
0.0629935
0.0640488
0.0646151
0.0649622
0.0646966
0.0641704
0.0629086
0.0613425
0.0589247
0.0561581
0.0524447
0.0483423
0.0432393
0.0377299
0.0312337
0.0243402
0.0165344
0.00836766
-0.000603748
-0.00986373
-0.0197818
-0.0298819
-0.040457
-0.0510775
-0.0619619
-0.0727318
-0.0835374
-0.0940539
-0.104373
-0.114225
-0.123656
-0.132447
-0.140614
-0.147986
-0.154563
-0.160217
-0.164944
-0.168656
-0.171355
-0.172986
-0.173567
-0.173071
-0.171537
-0.168961
-0.165402
-0.160882
-0.155473
-0.149223
-0.142208
-0.134508
-0.126188
-0.117368
-0.108084
-0.098503
-0.0886176
-0.0786481
-0.0685267
-0.0585354
-0.0485304
-0.0388611
-0.0292965
-0.0202555
-0.011414
-0.00325916
0.00462731
0.0116921
0.0184475
0.0242667
0.0297558
0.0342502
0.0384186
0.0416048
0.0444921
0.0464591
0.0481573
0.0490289
0.0496616
0.0495793
0.0492883
0.0484058
0.047348
0.0458281
0.044169
0.0421696
0.0400669
0.0377166
0.0353013
0.0327032
0.0300831
0.0287352
0.0433909
0.0446976
0.0472761
0.0497951
0.0521914
0.0544813
0.0566108
0.0585904
0.0603439
0.0619045
0.063144
0.064143
0.0647118
0.0649897
0.0647246
0.0641168
0.0628536
0.0611948
0.0587745
0.0559068
0.0521911
0.0479845
0.042881
0.0372706
0.0307758
0.0237905
0.0159865
0.00773946
-0.00122986
-0.0105576
-0.0204734
-0.0306282
-0.0412008
-0.0518632
-0.0627451
-0.073545
-0.0843481
-0.0948845
-0.105202
-0.115065
-0.124494
-0.133291
-0.141455
-0.14883
-0.155405
-0.161061
-0.165787
-0.1695
-0.172199
-0.173833
-0.174414
-0.173925
-0.172391
-0.169824
-0.166266
-0.161757
-0.156349
-0.15011
-0.143097
-0.135405
-0.127088
-0.11827
-0.108989
-0.0994031
-0.0895199
-0.079535
-0.0694159
-0.059396
-0.0493934
-0.0396803
-0.0301179
-0.0210172
-0.0121777
-0.00394698
0.00393765
0.0110937
0.0178476
0.0237722
0.0292622
0.0338701
0.038042
0.0413431
0.0442347
0.0463111
0.0480127
0.0489841
0.049618
0.0496233
0.0493312
0.0485227
0.0474615
0.0460013
0.0443367
0.0423834
0.0402739
0.0379596
0.0355386
0.0329695
0.0303482
0.0290132
0.0436267
0.0449251
0.0475044
0.050005
0.0524065
0.054674
0.0568099
0.0587602
0.0605193
0.0620398
0.0632833
0.0642302
0.0648013
0.0650151
0.0647505
0.0640672
0.0628027
0.061058
0.0586353
0.055674
0.0519563
0.0476531
0.0425493
0.0368452
0.0303518
0.0232814
0.0154792
0.00715771
-0.00180968
-0.0112002
-0.0211138
-0.0313193
-0.0418896
-0.0525909
-0.0634704
-0.0742982
-0.0850989
-0.0956536
-0.105969
-0.115843
-0.125269
-0.134072
-0.142235
-0.149612
-0.156185
-0.161842
-0.166566
-0.170282
-0.17298
-0.174618
-0.175199
-0.174715
-0.173182
-0.170624
-0.167066
-0.162567
-0.15716
-0.150932
-0.14392
-0.136236
-0.12792
-0.119106
-0.109827
-0.100237
-0.0903556
-0.0803564
-0.0702395
-0.060193
-0.0501925
-0.0404389
-0.0308786
-0.0217225
-0.012885
-0.00458395
0.00329898
0.0105397
0.0172921
0.0233143
0.028805
0.0335181
0.0376933
0.0411007
0.0439963
0.0461742
0.0478788
0.0489426
0.0495776
0.0496641
0.049371
0.048631
0.0475666
0.0461617
0.0444919
0.0425815
0.0404655
0.0381847
0.0357583
0.0332161
0.0305938
0.0292706
0.0438451
0.0451357
0.0477159
0.0501994
0.0526056
0.0548524
0.0569943
0.0589174
0.0606817
0.0621652
0.0634123
0.064311
0.0648842
0.0650387
0.0647745
0.0640212
0.0627555
0.0609314
0.0585065
0.0554584
0.0517388
0.0473462
0.0422421
0.0364513
0.0299592
0.02281
0.0150093
0.00661897
-0.00234662
-0.0117953
-0.0217069
-0.0319593
-0.0425275
-0.0532647
-0.0641421
-0.0749956
-0.0857942
-0.0963659
-0.106679
-0.116563
-0.125988
-0.134795
-0.142956
-0.150335
-0.156907
-0.162565
-0.167289
-0.171005
-0.173703
-0.175344
-0.175925
-0.175448
-0.173914
-0.171364
-0.167807
-0.163318
-0.157912
-0.151692
-0.144682
-0.137006
-0.128691
-0.11988
-0.110602
-0.101008
-0.0911294
-0.081117
-0.0710021
-0.0609311
-0.0509326
-0.0411415
-0.031583
-0.0223756
-0.0135399
-0.00517383
0.00270753
0.0100266
0.0167777
0.0228903
0.0283817
0.0331922
0.0373703
0.0408763
0.0437756
0.0460473
0.0477548
0.0489042
0.0495402
0.0497019
0.0494078
0.0487312
0.0476639
0.0463103
0.0446357
0.0427649
0.040643
0.0383931
0.0359618
0.0334444
0.0308212
0.029509
0.0439926
0.0452826
0.0477228
0.0502134
0.0526042
0.0548646
0.0569864
0.0589222
0.060666
0.0621585
0.0633868
0.0642901
0.0648474
0.0650019
0.0647254
0.0639671
0.0626932
0.0608592
0.0584302
0.0553694
0.0516493
0.0472441
0.0421427
0.036343
0.0298555
0.0226997
0.014905
0.00650922
-0.00244695
-0.0118998
-0.0217987
-0.032054
-0.0426068
-0.0533458
-0.0642057
-0.07506
-0.0858403
-0.0964119
-0.106707
-0.11659
-0.125998
-0.134804
-0.142951
-0.150328
-0.156889
-0.162545
-0.167261
-0.170978
-0.173671
-0.175313
-0.175894
-0.175417
-0.173887
-0.171338
-0.16779
-0.163302
-0.157907
-0.15169
-0.144693
-0.137019
-0.12872
-0.11991
-0.110649
-0.101056
-0.0911938
-0.0811817
-0.0710826
-0.0610108
-0.0510267
-0.0412335
-0.0316875
-0.0224765
-0.0136509
-0.00527972
0.002594
0.00991959
0.0166632
0.0227855
0.02827
0.0330961
0.0372691
0.0407928
0.04369
0.0459773
0.0476873
0.0488473
0.0494911
0.0496575
0.0493764
0.0486989
0.0476492
0.0462892
0.0446354
0.0427534
0.0406529
0.0383899
0.0359759
0.0334516
0.0309719
0.0296605
0.0441235
0.0454134
0.0477147
0.0502051
0.0525921
0.0548528
0.0569688
0.058905
0.0606413
0.0621337
0.0633538
0.0642566
0.0648057
0.0649593
0.0646749
0.0639153
0.062634
0.0607986
0.0583635
0.0553017
0.0515776
0.0471725
0.0420712
0.0362724
0.0297883
0.0226337
0.0148451
0.0064508
-0.00249579
-0.011947
-0.0218329
-0.0320865
-0.0426234
-0.0533605
-0.0642026
-0.0750551
-0.0858165
-0.0963863
-0.106662
-0.116544
-0.125934
-0.134739
-0.14287
-0.150247
-0.156796
-0.162451
-0.167159
-0.170874
-0.173564
-0.175205
-0.175786
-0.175309
-0.173784
-0.171236
-0.167696
-0.163208
-0.157825
-0.151609
-0.144626
-0.136953
-0.12867
-0.119862
-0.110618
-0.101027
-0.0911809
-0.0811706
-0.0710877
-0.0610175
-0.0510482
-0.0412566
-0.0317234
-0.022514
-0.0136986
-0.0053289
0.00253708
0.00986141
0.0165991
0.0227204
0.0282018
0.0330278
0.037202
0.0407266
0.0436275
0.0459162
0.0476315
0.048793
0.0494434
0.0496109
0.0493376
0.0486608
0.0476197
0.0462598
0.0446146
0.0427323
0.0406388
0.0383756
0.0359668
0.0334427
0.0311048
0.0297935
0.0442446
0.0455345
0.0477072
0.0501975
0.0525808
0.0548419
0.0569526
0.0588891
0.0606184
0.0621108
0.0633232
0.0642256
0.0647671
0.0649198
0.0646281
0.0638673
0.0625792
0.0607426
0.0583017
0.0552391
0.0515113
0.0471061
0.042005
0.036207
0.029726
0.0225726
0.0147897
0.0063967
-0.00254103
-0.0119907
-0.0218646
-0.0321165
-0.0426388
-0.0533742
-0.0641998
-0.0750505
-0.0857945
-0.0963626
-0.106621
-0.116502
-0.125876
-0.134679
-0.142796
-0.150172
-0.156709
-0.162364
-0.167064
-0.170779
-0.173464
-0.175105
-0.175687
-0.17521
-0.173689
-0.171141
-0.167608
-0.163122
-0.157749
-0.151534
-0.144564
-0.136892
-0.128624
-0.119818
-0.110589
-0.100999
-0.091169
-0.0811603
-0.0710923
-0.0610238
-0.0510681
-0.0412781
-0.0317566
-0.0225487
-0.0137428
-0.00537443
0.00248436
0.00980753
0.0165397
0.0226601
0.0281387
0.0329646
0.0371399
0.0406652
0.0435695
0.0458596
0.0475799
0.0487427
0.0493993
0.0495679
0.0493017
0.0486255
0.0475924
0.0462327
0.0445954
0.0427128
0.0406259
0.0383623
0.0359583
0.0334344
0.0312279
0.0299167
0.0443568
0.0456466
0.0477003
0.0501904
0.0525704
0.0548319
0.0569375
0.0588744
0.0605971
0.0620895
0.0632949
0.0641969
0.0647313
0.0648833
0.0645848
0.0638229
0.0625284
0.0606906
0.0582444
0.0551811
0.0514498
0.0470447
0.0419437
0.0361465
0.0296684
0.0225161
0.0147384
0.0063466
-0.00258291
-0.0120312
-0.0218939
-0.0321444
-0.042653
-0.0533869
-0.0641972
-0.0750463
-0.0857741
-0.0963407
-0.106583
-0.116462
-0.125821
-0.134623
-0.142728
-0.150102
-0.156629
-0.162283
-0.166976
-0.17069
-0.173372
-0.175013
-0.175595
-0.175118
-0.173601
-0.171053
-0.167527
-0.163042
-0.157679
-0.151464
-0.144507
-0.136836
-0.128582
-0.119776
-0.110562
-0.100974
-0.091158
-0.0811508
-0.0710967
-0.0610296
-0.0510865
-0.041298
-0.0317874
-0.0225809
-0.0137837
-0.00541661
0.00243554
0.00975764
0.0164847
0.0226043
0.0280802
0.0329061
0.0370823
0.0406084
0.0435159
0.0458072
0.0475322
0.0486962
0.0493585
0.0495279
0.0492684
0.0485928
0.0475671
0.0462076
0.0445776
0.0426948
0.0406138
0.03835
0.0359504
0.0334267
0.0313419
0.0300307
0.0444607
0.0457505
0.0476939
0.0501838
0.0525608
0.0548226
0.0569236
0.0588608
0.0605775
0.0620698
0.0632687
0.0641703
0.0646982
0.0648495
0.0645446
0.0637818
0.0624814
0.0606425
0.0581914
0.0551273
0.0513929
0.0469878
0.0418869
0.0360904
0.029615
0.0224637
0.0146908
0.0063002
-0.0026217
-0.0120687
-0.0219211
-0.0321702
-0.0426662
-0.0533986
-0.0641947
-0.0750424
-0.0857553
-0.0963204
-0.106548
-0.116426
-0.125771
-0.134572
-0.142664
-0.150037
-0.156555
-0.162208
-0.166894
-0.170608
-0.173287
-0.174928
-0.175509
-0.175033
-0.173519
-0.170972
-0.167453
-0.162967
-0.157614
-0.1514
-0.144454
-0.136784
-0.128542
-0.119738
-0.110537
-0.10095
-0.0911478
-0.081142
-0.0711007
-0.061035
-0.0511036
-0.0413164
-0.0318159
-0.0226106
-0.0138217
-0.00545566
0.00239034
0.00971143
0.0164338
0.0225526
0.0280261
0.0328518
0.037029
0.0405558
0.0434662
0.0457587
0.0474879
0.0486531
0.0493207
0.049491
0.0492376
0.0485626
0.0475437
0.0461843
0.0445611
0.0426781
0.0406027
0.0383386
0.0359431
0.0334195
0.0314475
0.0301364
)
;

boundaryField
{
    inlet
    {
        type            cyclic;
    }
    outlet
    {
        type            cyclic;
    }
    top
    {
        type            zeroGradient;
    }
    hills
    {
        type            zeroGradient;
    }
    front
    {
        type            empty;
    }
    back
    {
        type            empty;
    }
}


// ************************************************************************* //
