/*--------------------------------*- C++ -*----------------------------------*\
| =========                 |                                                 |
| \\      /  F ield         | OpenFOAM: The Open Source CFD Toolbox           |
|  \\    /   O peration     | Version:  v2106                                 |
|   \\  /    A nd           | Website:  www.openfoam.com                      |
|    \\/     M anipulation  |                                                 |
\*---------------------------------------------------------------------------*/
FoamFile
{
    version     2.0;
    format      ascii;
    arch        "LSB;label=32;scalar=64";
    class       volScalarField;
    location    "0";
    object      expGpCoeffs50;
}
// * * * * * * * * * * * * * * * * * * * * * * * * * * * * * * * * * * * * * //

dimensions      [0 0 0 0 0 0 0];

internalField   nonuniform List<scalar> 
8000
(
0.000556442
0.000566998
0.000563494
0.00053108
0.000448135
0.000325797
0.000207573
0.000101957
2.99253e-05
-1.47483e-05
-0.000109773
-0.000263232
-0.000537162
-0.000931546
-0.00138388
-0.00188679
-0.00231286
-0.00266019
-0.00287296
-0.0029508
-0.00293362
-0.00282171
-0.00266465
-0.00246358
-0.00223773
-0.00198632
-0.00172332
-0.00145039
-0.00118698
-0.000934816
-0.000709891
-0.000513297
-0.000352052
-0.00022635
-0.000133223
-7.20474e-05
-3.25405e-05
-1.36334e-05
-2.85856e-06
7.98227e-07
6.69469e-06
1.53857e-05
2.99583e-05
5.03715e-05
7.36433e-05
9.9303e-05
0.000121444
0.000139533
0.000148997
0.000149595
0.000141135
0.000123827
0.00010203
7.62747e-05
5.26119e-05
3.15392e-05
1.63712e-05
7.17805e-06
9.22491e-07
-2.9704e-06
-1.45838e-05
-3.50332e-05
-7.84593e-05
-0.00014611
-0.000250536
-0.000392569
-0.000577244
-0.000804502
-0.00106823
-0.00136734
-0.00168486
-0.00201885
-0.00234563
-0.00266296
-0.00294723
-0.00319657
-0.00339174
-0.00353453
-0.00359638
-0.00357764
-0.00343156
-0.00315953
-0.0027596
-0.00223374
-0.00168891
-0.00112883
-0.000680006
-0.000347825
-0.000138525
-4.68022e-05
2.05901e-05
7.13009e-05
0.000152044
0.000264288
0.000365301
0.000444486
0.000480515
0.000471393
0.000450638
0.00042994
0.000555592
0.000566145
0.00056778
0.000535425
0.000451135
0.000328849
0.000203481
9.768e-05
2.93618e-05
-1.53475e-05
-0.000100378
-0.000253625
-0.000526958
-0.000921193
-0.00138478
-0.00188783
-0.00232383
-0.00267141
-0.00288333
-0.00296131
-0.00293846
-0.0028266
-0.00266699
-0.00246595
-0.00223942
-0.00198804
-0.00172333
-0.00145044
-0.00118526
-0.000933129
-0.000707099
-0.00051053
-0.000349105
-0.000223419
-0.000130953
-6.97854e-05
-3.13954e-05
-1.24908e-05
-2.77194e-06
8.84373e-07
6.20276e-06
1.48926e-05
2.95065e-05
4.99171e-05
7.36749e-05
9.93312e-05
0.000122026
0.000140113
0.000149828
0.000150425
0.000141748
0.000124443
0.000102095
7.63435e-05
5.21657e-05
3.10957e-05
1.58571e-05
6.66517e-06
1.00814e-06
-2.88425e-06
-1.33354e-05
-3.37822e-05
-7.59056e-05
-0.000143547
-0.000247103
-0.000389117
-0.000573826
-0.000801055
-0.00106589
-0.00136496
-0.00168443
-0.00201838
-0.00234745
-0.00266473
-0.00295094
-0.00320025
-0.00339666
-0.00353943
-0.00360454
-0.00358574
-0.00344385
-0.00317166
-0.00276761
-0.00224154
-0.00168317
-0.00112308
-0.000666708
-0.000334766
-0.000131969
-4.03953e-05
1.74743e-05
6.82995e-05
0.00015024
0.00026259
0.000369924
0.000449
0.000483125
0.000473969
0.000448967
0.000428274
0.000554674
0.000565225
0.00057241
0.000540118
0.000454374
0.000332145
0.000199061
9.3062e-05
2.87533e-05
-1.59945e-05
-9.02339e-05
-0.000243251
-0.000515938
-0.000910014
-0.00138576
-0.00188896
-0.00233567
-0.00268353
-0.00289452
-0.00297265
-0.00294369
-0.00283188
-0.00266952
-0.00246851
-0.00224124
-0.0019899
-0.00172334
-0.00145049
-0.00118341
-0.000931307
-0.000704084
-0.000507542
-0.000345922
-0.000220253
-0.000128502
-6.73427e-05
-3.01589e-05
-1.12569e-05
-2.67842e-06
9.77398e-07
5.67155e-06
1.43602e-05
2.90186e-05
4.94263e-05
7.3709e-05
9.93618e-05
0.000122655
0.000140739
0.000150724
0.000151322
0.000142411
0.000125107
0.000102166
7.64177e-05
5.16839e-05
3.06168e-05
1.5302e-05
6.11134e-06
1.10063e-06
-2.79122e-06
-1.19874e-05
-3.24313e-05
-7.31481e-05
-0.00014078
-0.000243396
-0.00038539
-0.000570135
-0.000797332
-0.00106336
-0.00136239
-0.00168396
-0.00201787
-0.00234941
-0.00266665
-0.00295494
-0.00320421
-0.00340198
-0.00354472
-0.00361335
-0.00359449
-0.00345712
-0.00318475
-0.00277627
-0.00224996
-0.00167698
-0.00111689
-0.000652347
-0.000320665
-0.00012489
-3.34768e-05
1.41097e-05
6.50585e-05
0.000148291
0.000260756
0.000374916
0.000453875
0.000485943
0.00047675
0.000447163
0.000426474
0.000553683
0.000564231
0.000577408
0.000545184
0.000457872
0.000335705
0.000194289
8.80753e-05
2.80961e-05
-1.66932e-05
-7.92795e-05
-0.00023205
-0.000504039
-0.000897943
-0.0013868
-0.00189018
-0.00234845
-0.00269661
-0.00290662
-0.00298491
-0.00294934
-0.00283757
-0.00267226
-0.00247128
-0.00224321
-0.00199191
-0.00172336
-0.00145055
-0.0011814
-0.000929339
-0.000700828
-0.000504316
-0.000342485
-0.000216835
-0.000125856
-6.4705e-05
-2.88237e-05
-9.92451e-06
-2.57742e-06
1.07785e-06
5.09793e-06
1.37853e-05
2.84917e-05
4.88964e-05
7.37457e-05
9.93947e-05
0.000123334
0.000141415
0.000151692
0.00015229
0.000143126
0.000125825
0.000102243
7.64979e-05
5.11636e-05
3.00996e-05
1.47026e-05
5.51329e-06
1.20051e-06
-2.69076e-06
-1.05317e-05
-3.09726e-05
-7.01704e-05
-0.000137793
-0.000239392
-0.000381366
-0.000566149
-0.000793313
-0.00106062
-0.00135961
-0.00168346
-0.00201732
-0.00235153
-0.00266872
-0.00295926
-0.0032085
-0.00340772
-0.00355044
-0.00362286
-0.00360394
-0.00347146
-0.0031989
-0.00278561
-0.00225904
-0.00167028
-0.00111019
-0.00063684
-0.000305438
-0.000117245
-2.60059e-05
1.04765e-05
6.15588e-05
0.000146187
0.000258776
0.000380307
0.000459139
0.000488987
0.000479753
0.000445214
0.000424531
0.000552612
0.000563158
0.000582806
0.000550415
0.000461649
0.000339548
0.000189136
8.26904e-05
2.73866e-05
-1.74476e-05
-6.74506e-05
-0.000219953
-0.00049119
-0.000884907
-0.00138794
-0.00189149
-0.00236225
-0.00271074
-0.00291967
-0.00299814
-0.00295544
-0.00284373
-0.00267521
-0.00247427
-0.00224534
-0.00199408
-0.00172337
-0.0014506
-0.00117924
-0.000927214
-0.000697313
-0.000500832
-0.000338774
-0.000213144
-0.000122997
-6.18568e-05
-2.73819e-05
-8.48574e-06
-2.46836e-06
1.18632e-06
4.47851e-06
1.31645e-05
2.79228e-05
4.83242e-05
7.37855e-05
9.94303e-05
0.000124066
0.000142145
0.000152737
0.000153335
0.000143898
0.0001266
0.000102325
7.65845e-05
5.06018e-05
2.95412e-05
1.40553e-05
4.86749e-06
1.30836e-06
-2.58229e-06
-8.95972e-06
-2.93973e-05
-6.69549e-05
-0.000134566
-0.000235069
-0.00037702
-0.000561845
-0.000788972
-0.00105767
-0.00135661
-0.00168292
-0.00201673
-0.00235381
-0.00267096
-0.00296392
-0.00321312
-0.00341392
-0.00355661
-0.00363314
-0.00361414
-0.00348694
-0.00321417
-0.00279571
-0.00226886
-0.00166306
-0.00110296
-0.000620096
-0.000288995
-0.00010899
-1.79386e-05
6.55323e-06
5.77796e-05
0.000143915
0.000256637
0.000386129
0.000464823
0.000491805
0.000482996
0.00044311
0.000422432
0.000551447
0.000562417
0.000583839
0.000554577
0.000465785
0.000346245
0.000185131
8.00027e-05
2.6723e-05
-1.80863e-05
-5.50873e-05
-0.000207327
-0.000477629
-0.00086987
-0.00138872
-0.00189214
-0.00237716
-0.002726
-0.00293377
-0.00301243
-0.00296202
-0.00285038
-0.0026784
-0.00247749
-0.00224708
-0.00199584
-0.00172305
-0.0014503
-0.00117678
-0.000924812
-0.00069357
-0.000497186
-0.000334911
-0.000209403
-0.000120063
-5.90332e-05
-2.5919e-05
-7.07974e-06
-2.34821e-06
1.33444e-06
3.92257e-06
1.27265e-05
2.75344e-05
4.81139e-05
7.41662e-05
9.99956e-05
0.000125305
0.00014351
0.000154409
0.000155029
0.000145328
0.000127943
0.000102998
7.70854e-05
5.04766e-05
2.922e-05
1.36487e-05
4.31174e-06
1.48147e-06
-2.45642e-06
-7.41845e-06
-2.77753e-05
-6.37461e-05
-0.000131156
-0.000230596
-0.000372259
-0.000557121
-0.000783922
-0.00105396
-0.00135258
-0.00168127
-0.0020148
-0.00235467
-0.00267161
-0.00296692
-0.00321595
-0.00342062
-0.00356327
-0.00364423
-0.00362515
-0.00350365
-0.00323067
-0.00280661
-0.00227946
-0.00165463
-0.00109495
-0.000601964
-0.000271983
-0.000100439
-9.46789e-06
2.7132e-06
5.38659e-05
0.000143812
0.000255207
0.000391621
0.000468752
0.000491963
0.000481064
0.000440571
0.00041971
0.000550169
0.000562462
0.00058388
0.000559072
0.00047036
0.000354582
0.000193644
8.57562e-05
3.26329e-05
-1.57649e-05
-5.27167e-05
-0.000198329
-0.000468512
-0.000846224
-0.0013647
-0.00185986
-0.00234634
-0.00270345
-0.0029103
-0.00300303
-0.00295021
-0.00284702
-0.00267347
-0.00247492
-0.00224382
-0.00199236
-0.00171962
-0.00144652
-0.00117306
-0.000921222
-0.000690023
-0.000494321
-0.000332077
-0.000207626
-0.000118303
-5.83165e-05
-2.52084e-05
-6.92708e-06
-2.19645e-06
1.78095e-06
4.3686e-06
1.43996e-05
2.92047e-05
5.16576e-05
7.77049e-05
0.000105474
0.000130779
0.000150326
0.000161222
0.000162096
0.000152397
0.000134067
0.000109127
8.13951e-05
5.47913e-05
3.14825e-05
1.59142e-05
5.02138e-06
2.19165e-06
-2.23962e-06
-7.20072e-06
-2.67529e-05
-6.27169e-05
-0.000128152
-0.000227574
-0.000366491
-0.000551319
-0.000775116
-0.0010451
-0.00134093
-0.00166955
-0.00200084
-0.00234064
-0.00265603
-0.00295128
-0.00319899
-0.00340626
-0.0035454
-0.00362982
-0.0036008
-0.00348216
-0.00319668
-0.00277311
-0.00224517
-0.00161896
-0.00107469
-0.000582001
-0.000266549
-9.50712e-05
-6.76383e-06
5.34555e-06
6.04209e-05
0.000150213
0.000260896
0.000397209
0.000468921
0.000492133
0.000477762
0.000437293
0.0004158
0.000548788
0.00056251
0.000583925
0.000563925
0.000475301
0.000363585
0.000202837
9.19692e-05
3.90147e-05
-1.32582e-05
-5.01569e-05
-0.000188613
-0.000458667
-0.000820691
-0.00133875
-0.00182501
-0.00231088
-0.00267413
-0.0028805
-0.0029869
-0.00293392
-0.00284052
-0.00266699
-0.00247135
-0.00224028
-0.0019886
-0.00171592
-0.00144244
-0.00116903
-0.000917345
-0.000686193
-0.000491228
-0.000329017
-0.000205706
-0.000116401
-5.75425e-05
-2.44412e-05
-6.76224e-06
-2.03257e-06
2.26311e-06
4.85023e-06
1.62063e-05
3.10084e-05
5.54842e-05
8.15263e-05
0.000111391
0.00013669
0.000157685
0.00016858
0.000169728
0.000160031
0.000140681
0.000115746
8.6049e-05
5.94506e-05
3.39257e-05
1.83606e-05
5.78769e-06
2.95852e-06
-2.00551e-06
-6.9656e-06
-2.56488e-05
-6.16055e-05
-0.000124908
-0.00022431
-0.000360263
-0.000545053
-0.000765607
-0.00103554
-0.00132835
-0.00165691
-0.00198575
-0.00232549
-0.0026392
-0.0029344
-0.00318067
-0.0033879
-0.0035226
-0.0036071
-0.00356771
-0.00344943
-0.00315403
-0.00273113
-0.00220601
-0.00158045
-0.00105281
-0.000560444
-0.000260681
-8.92748e-05
-3.84387e-06
8.18807e-06
6.74992e-05
0.000157125
0.000267039
0.000403242
0.000469104
0.000492316
0.000474196
0.000433753
0.000411578
0.000547298
0.000562562
0.000583974
0.000569166
0.000480635
0.000373307
0.000212764
9.86781e-05
4.59061e-05
-1.05514e-05
-4.73927e-05
-0.000178121
-0.000448037
-0.000793118
-0.00131074
-0.00178737
-0.00227259
-0.00264246
-0.00284832
-0.00296948
-0.00291632
-0.00283351
-0.00265999
-0.00246748
-0.00223647
-0.00198454
-0.00171192
-0.00143803
-0.00116469
-0.000913158
-0.000682057
-0.000487888
-0.000325712
-0.000203634
-0.000114348
-5.67067e-05
-2.36127e-05
-6.58424e-06
-1.8556e-06
2.78376e-06
5.37032e-06
1.81573e-05
3.29561e-05
5.96163e-05
8.56527e-05
0.000117779
0.000143073
0.000165633
0.000176525
0.000177969
0.000168274
0.000147822
0.000122893
9.10744e-05
6.44818e-05
3.6564e-05
2.10023e-05
6.61517e-06
3.78663e-06
-1.75271e-06
-6.71172e-06
-2.44566e-05
-6.04054e-05
-0.000121405
-0.000220785
-0.000353537
-0.000538287
-0.000755338
-0.00102521
-0.00131477
-0.00164325
-0.00196947
-0.00230913
-0.00262104
-0.00291617
-0.00316089
-0.00336808
-0.00349798
-0.00358256
-0.00353198
-0.00341408
-0.00310798
-0.00268579
-0.00216371
-0.00153885
-0.00102919
-0.000537167
-0.000254345
-8.30156e-05
-6.90786e-07
1.12575e-05
7.51426e-05
0.000164588
0.000273673
0.000409757
0.000469302
0.000492515
0.000470346
0.00042993
0.000407018
0.000545688
0.000562618
0.000584026
0.000574826
0.000486396
0.000383804
0.000223483
0.000105923
5.33476e-05
-7.62837e-06
-4.44078e-05
-0.000166791
-0.000436558
-0.000763345
-0.00128048
-0.00174673
-0.00223123
-0.00260827
-0.00281358
-0.00295068
-0.00289732
-0.00282594
-0.00265242
-0.00246331
-0.00223236
-0.00198016
-0.0017076
-0.00143328
-0.00116
-0.000908638
-0.000677591
-0.000484281
-0.000322144
-0.000201396
-0.000112131
-5.58042e-05
-2.2718e-05
-6.39203e-06
-1.66451e-06
3.34599e-06
5.93194e-06
2.0264e-05
3.50594e-05
6.40784e-05
9.01086e-05
0.000124678
0.000149966
0.000174215
0.000185104
0.000186868
0.000177175
0.000155534
0.000130611
9.6501e-05
6.99147e-05
3.9413e-05
2.38549e-05
7.50873e-06
4.68085e-06
-1.47973e-06
-6.43756e-06
-2.31692e-05
-5.91095e-05
-0.000117623
-0.00021698
-0.000346275
-0.000530981
-0.00074425
-0.00101406
-0.0013001
-0.0016285
-0.00195189
-0.00229147
-0.00260142
-0.00289648
-0.00313953
-0.00334667
-0.00347139
-0.00355606
-0.00349339
-0.00337592
-0.00305825
-0.00263683
-0.00211804
-0.00149394
-0.00100367
-0.000512031
-0.000247502
-7.62567e-05
2.71405e-06
1.45721e-05
8.33964e-05
0.000172647
0.000280836
0.000416792
0.000469515
0.000492729
0.000466188
0.000425802
0.000402095
0.00054395
0.000562679
0.000584083
0.000580937
0.000492616
0.000395141
0.000235059
0.000113746
6.13833e-05
-4.47202e-06
-4.11845e-05
-0.000154557
-0.000424162
-0.000731194
-0.00124781
-0.00170285
-0.00218658
-0.00257134
-0.00277606
-0.00293037
-0.0028768
-0.00281777
-0.00264426
-0.00245881
-0.00222791
-0.00197542
-0.00170294
-0.00142814
-0.00115493
-0.000903756
-0.000672769
-0.000480386
-0.00031829
-0.000198979
-0.000109737
-5.48297e-05
-2.17519e-05
-6.18447e-06
-1.45816e-06
3.9531e-06
6.53839e-06
2.25389e-05
3.73305e-05
6.88967e-05
9.49202e-05
0.000132127
0.000157409
0.000183482
0.000194368
0.000196477
0.000186787
0.000163862
0.000138945
0.000102361
7.57814e-05
4.24893e-05
2.69352e-05
8.47362e-06
5.64647e-06
-1.18495e-06
-6.14151e-06
-2.1779e-05
-5.77102e-05
-0.000113538
-0.00021287
-0.000338433
-0.000523091
-0.000732276
-0.00100201
-0.00128426
-0.00161258
-0.0019329
-0.00227239
-0.00258024
-0.00287522
-0.00311646
-0.00332355
-0.00344268
-0.00352745
-0.00345173
-0.00333471
-0.00300455
-0.00258397
-0.00206873
-0.00144544
-0.000976123
-0.000484888
-0.000240114
-6.89581e-05
6.39073e-06
1.81513e-05
9.23091e-05
0.00018135
0.000288571
0.000424389
0.000469745
0.00049296
0.000461698
0.000421344
0.000396778
0.000542073
0.000562745
0.000584144
0.000587536
0.000499333
0.000407382
0.000247558
0.000122194
7.00606e-05
-1.06365e-06
-3.7704e-05
-0.000141346
-0.000410776
-0.000696476
-0.00121254
-0.00165546
-0.00213836
-0.00253147
-0.00273554
-0.00290844
-0.00285465
-0.00280894
-0.00263544
-0.00245394
-0.00222311
-0.00197031
-0.0016979
-0.0014226
-0.00114946
-0.000898485
-0.000667561
-0.00047618
-0.000314129
-0.000196369
-0.000107152
-5.37773e-05
-2.07087e-05
-5.96034e-06
-1.23533e-06
4.60869e-06
7.19326e-06
2.49955e-05
3.9783e-05
7.40997e-05
0.000100116
0.000140171
0.000165446
0.000193489
0.000204372
0.000206854
0.000197166
0.000172854
0.000147944
0.000108689
8.21165e-05
4.58113e-05
3.02615e-05
9.51555e-06
6.68918e-06
-8.66635e-07
-5.82183e-06
-2.02778e-05
-5.61991e-05
-0.000109128
-0.000208432
-0.000329964
-0.000514572
-0.000719347
-0.00098901
-0.00126715
-0.00159539
-0.00191239
-0.00225179
-0.00255736
-0.00285227
-0.00309156
-0.00329859
-0.00341168
-0.00349656
-0.00340674
-0.00329021
-0.00294656
-0.00252688
-0.00201548
-0.00139307
-0.000946374
-0.000455578
-0.000232135
-6.10768e-05
1.0361e-05
2.20162e-05
0.000101933
0.000190748
0.000296924
0.000432593
0.000469993
0.000493209
0.000456849
0.000416531
0.000391037
0.000541064
0.000562791
0.000581529
0.000587169
0.000510974
0.000420863
0.000269598
0.000139963
8.10259e-05
5.99677e-06
-3.66334e-05
-0.000133
-0.000391213
-0.000661888
-0.00115781
-0.00159124
-0.00207041
-0.00246645
-0.002683
-0.00286807
-0.00282712
-0.00279198
-0.00262343
-0.00244526
-0.00221452
-0.00196154
-0.00169028
-0.00141466
-0.00114292
-0.000892113
-0.000662617
-0.000471951
-0.000311067
-0.000194395
-0.000105835
-5.35293e-05
-2.04458e-05
-6.26694e-06
-8.13262e-07
5.33018e-06
9.25863e-06
2.83077e-05
4.48163e-05
8.10365e-05
0.000108806
0.000150831
0.000177501
0.000206907
0.000218484
0.000221225
0.000211328
0.000186056
0.000160041
0.000118938
9.06034e-05
5.22138e-05
3.46793e-05
1.23516e-05
7.86564e-06
-1.91533e-07
-5.93658e-06
-1.95716e-05
-5.4994e-05
-0.000105907
-0.00020324
-0.000321965
-0.000503249
-0.000704945
-0.000970352
-0.00124562
-0.0015693
-0.00188398
-0.00221926
-0.00252322
-0.00281483
-0.00305274
-0.00326136
-0.00336932
-0.00344892
-0.00334909
-0.00321975
-0.00286988
-0.00244373
-0.00193949
-0.00133023
-0.000900733
-0.000431127
-0.000223024
-5.60672e-05
1.23572e-05
3.17362e-05
0.000115995
0.000205835
0.000312442
0.000436366
0.000469137
0.000484958
0.000446268
0.000410202
0.000384194
0.000541094
0.000562814
0.000578553
0.000584153
0.000525463
0.000435708
0.000304101
0.000175478
9.62882e-05
2.1658e-05
-4.07922e-05
-0.000137355
-0.000360719
-0.000630809
-0.00105948
-0.00149089
-0.00194092
-0.00233462
-0.00258485
-0.00276861
-0.00277909
-0.0027436
-0.00260157
-0.00242343
-0.00219866
-0.00194576
-0.00167784
-0.00140231
-0.00113465
-0.000883916
-0.000658592
-0.000467988
-0.000310532
-0.000193898
-0.000107272
-5.49827e-05
-2.18354e-05
-7.6611e-06
-5.9084e-09
6.13556e-06
1.41197e-05
3.31626e-05
5.48732e-05
9.10816e-05
0.000124156
0.000166168
0.000197063
0.000226459
0.000240136
0.000242877
0.000232342
0.000207078
0.000177715
0.000136625
0.000102958
6.45811e-05
4.10498e-05
1.87294e-05
9.23392e-06
1.17934e-06
-6.95147e-06
-2.05821e-05
-5.45194e-05
-0.000105416
-0.00019686
-0.000315547
-0.00048691
-0.000688541
-0.00094126
-0.00121644
-0.00152658
-0.00184116
-0.00216418
-0.00246804
-0.00274988
-0.00298772
-0.00318385
-0.00329187
-0.00333982
-0.0032408
-0.00306873
-0.00272085
-0.00229358
-0.001792
-0.00124742
-0.00081956
-0.000420259
-0.000212278
-5.85638e-05
9.98399e-06
5.54202e-05
0.000139047
0.000231452
0.000337344
0.000434885
0.00046772
0.000473069
0.00043454
0.000402087
0.000376096
0.000540529
0.000562243
0.00058145
0.000586965
0.000545044
0.000455588
0.000341359
0.000213827
0.000112769
3.85695e-05
-4.52832e-05
-0.000142058
-0.000327791
-0.000597249
-0.000953308
-0.00138251
-0.0018011
-0.00219227
-0.00247886
-0.0026612
-0.00272722
-0.00269137
-0.00257797
-0.00239986
-0.00218153
-0.00192872
-0.00166441
-0.00138897
-0.00112571
-0.000875064
-0.000654247
-0.000463708
-0.000309955
-0.000193361
-0.000108823
-5.65521e-05
-2.33359e-05
-9.16657e-06
8.65904e-07
7.00523e-06
1.93689e-05
3.84052e-05
6.57329e-05
0.000101929
0.000140732
0.000182729
0.000218186
0.000247571
0.000263518
0.000266257
0.000255034
0.000229779
0.0001968
0.000155724
0.0001163
7.79358e-05
4.79291e-05
2.56163e-05
1.07114e-05
2.65966e-06
-8.04739e-06
-2.16732e-05
-5.4007e-05
-0.000104886
-0.00018997
-0.000308616
-0.000469267
-0.000670827
-0.000909845
-0.00118493
-0.00148045
-0.00179492
-0.0021047
-0.00240846
-0.00267975
-0.0029175
-0.00310016
-0.00320824
-0.00322202
-0.00312386
-0.00290565
-0.00255993
-0.00213144
-0.00163273
-0.00115801
-0.000731906
-0.000408523
-0.000200675
-6.12596e-05
7.42135e-06
8.09952e-05
0.00016394
0.000259114
0.000364233
0.000437151
0.00047014
0.000462391
0.000424049
0.00039261
0.000366637
0.000530307
0.000552002
0.000595703
0.000601409
0.000588743
0.000500475
0.000373437
0.000246827
0.000116093
4.18901e-05
-2.49393e-05
-0.000121224
-0.000240444
-0.000507875
-0.000818638
-0.00124498
-0.00168268
-0.00207181
-0.00241398
-0.00259557
-0.00270667
-0.00267074
-0.00257294
-0.0023949
-0.0021738
-0.00192108
-0.0016493
-0.00137396
-0.00110546
-0.000854915
-0.000633057
-0.00044259
-0.000292516
-0.000175966
-9.83414e-05
-4.60899e-05
-1.99539e-05
-5.78982e-06
4.21313e-07
6.55834e-06
2.06206e-05
3.96497e-05
7.41645e-05
0.000110347
0.000159343
0.000201324
0.000246005
0.00027538
0.000295807
0.000298545
0.000285157
0.000259911
0.000218961
0.000177901
0.000127967
8.96176e-05
5.08885e-05
2.85842e-05
1.03613e-05
2.31257e-06
-4.77396e-06
-1.83947e-05
-4.11308e-05
-9.19905e-05
-0.00016432
-0.000282921
-0.00043105
-0.000632534
-0.000861916
-0.0011369
-0.00142682
-0.00174117
-0.00204901
-0.00235265
-0.00262508
-0.00286274
-0.00304309
-0.00315121
-0.0031429
-0.00304527
-0.00277855
-0.00243439
-0.00196724
-0.00147139
-0.00101581
-0.000592713
-0.000342386
-0.000136034
-5.38164e-05
1.47209e-05
9.26744e-05
0.000175383
0.000296357
0.000400417
0.000463078
0.000495366
0.000454921
0.000416682
0.000370857
0.000344917
0.000519177
0.000540895
0.000604892
0.000612641
0.000634753
0.00054533
0.000408017
0.000282384
0.000118358
4.41315e-05
-1.05428e-06
-9.67762e-05
-0.000142888
-0.000408062
-0.000671204
-0.00109444
-0.00156005
-0.00194701
-0.0023542
-0.00253499
-0.00269277
-0.00265675
-0.00257134
-0.00239337
-0.00216602
-0.00191341
-0.00163295
-0.00135773
-0.00108303
-0.000832587
-0.000609288
-0.000418899
-0.000272782
-0.000156279
-8.63694e-05
-3.4139e-05
-1.60329e-05
-1.87464e-06
-1.33261e-07
6.00127e-06
2.17348e-05
4.07562e-05
8.30923e-05
0.00011926
0.000179478
0.000221442
0.000276314
0.000305677
0.000331053
0.00033379
0.000317987
0.000292751
0.000242975
0.000201931
0.000140419
0.000102085
5.38441e-05
3.15488e-05
9.87869e-06
1.83321e-06
-9.99668e-07
-1.46149e-05
-2.65644e-05
-7.74034e-05
-0.000135644
-0.000254197
-0.000388751
-0.000590154
-0.000809407
-0.00108428
-0.00136869
-0.00168292
-0.00198933
-0.00229285
-0.00256717
-0.00280474
-0.0029877
-0.00309584
-0.00306862
-0.00297155
-0.00265132
-0.00230885
-0.00179165
-0.00129889
-0.000857746
-0.000437928
-0.000267672
-6.30033e-05
-4.5e-05
2.33687e-05
0.000103853
0.000186326
0.000336641
0.000439542
0.000488295
0.000521577
0.000445818
0.000406149
0.000347447
0.000321519
0.000501252
0.000526532
0.000590429
0.000615732
0.000637943
0.000574429
0.000438395
0.000316899
0.000150262
6.19809e-05
1.93646e-05
-7.03676e-05
-0.000108771
-0.000330378
-0.000585402
-0.000960669
-0.0014271
-0.0018033
-0.00221908
-0.00242492
-0.00258957
-0.00258201
-0.00249588
-0.00233369
-0.00210019
-0.00185895
-0.00157794
-0.0013146
-0.00103954
-0.00080147
-0.000578149
-0.000399266
-0.000253516
-0.000146294
-7.70131e-05
-3.06461e-05
-1.31714e-05
-6.53273e-07
7.40018e-07
9.60949e-06
2.54663e-05
5.08827e-05
9.38089e-05
0.000138423
0.000199489
0.000249721
0.000305363
0.000340507
0.000366257
0.000370574
0.000354589
0.000326169
0.000275728
0.000227564
0.000165177
0.000117824
6.88637e-05
3.83786e-05
1.64498e-05
3.78014e-06
1.27924e-06
-1.12733e-05
-2.23795e-05
-6.53976e-05
-0.000122521
-0.000226648
-0.000360093
-0.000541791
-0.000760168
-0.0010123
-0.00129617
-0.00158743
-0.00189361
-0.00217681
-0.00245117
-0.00267233
-0.00286199
-0.00295419
-0.00292693
-0.00280984
-0.00248178
-0.00213739
-0.00161436
-0.00116176
-0.000725902
-0.000367199
-0.000208036
-3.81818e-05
-2.67196e-05
4.48399e-05
0.000125189
0.000214776
0.000366383
0.000454303
0.000500675
0.000509376
0.000433841
0.000384646
0.000326083
0.000299827
0.000481896
0.000511023
0.000574812
0.00061907
0.000641387
0.000605851
0.00047064
0.000354147
0.000188459
8.28516e-05
4.07899e-05
-4.18497e-05
-7.95409e-05
-0.000248717
-0.000501994
-0.000819697
-0.00128345
-0.00164639
-0.00205969
-0.00229513
-0.00245839
-0.00248591
-0.00239942
-0.00225768
-0.00202428
-0.00179628
-0.0015154
-0.00126589
-0.000990956
-0.00076728
-0.000544066
-0.000378565
-0.000232884
-0.000136457
-6.72089e-05
-2.76628e-05
-1.01964e-05
4.13731e-07
1.80636e-06
1.38585e-05
2.97078e-05
6.25654e-05
0.000105471
0.000159915
0.000220952
0.000280807
0.000336423
0.000378295
0.000404033
0.000410188
0.00039421
0.000362084
0.000311667
0.000255216
0.000192859
0.000135011
8.60735e-05
4.60577e-05
2.41393e-05
6.08917e-06
3.58945e-06
-7.72682e-06
-1.88278e-05
-5.27471e-05
-0.000109843
-0.00019719
-0.000330572
-0.00048935
-0.000707623
-0.000933309
-0.00121705
-0.00148158
-0.00178762
-0.0020472
-0.00232142
-0.0025235
-0.00271308
-0.00278461
-0.00275805
-0.00261684
-0.00229084
-0.00194538
-0.00142532
-0.00102146
-0.000588233
-0.000302964
-0.000145183
-1.71387e-05
-6.20761e-06
6.94343e-05
0.000149188
0.000247611
0.000398417
0.000468043
0.000514043
0.000496201
0.000420908
0.000361426
0.000303014
0.000276403
0.000460995
0.000494275
0.000557948
0.000622674
0.000645107
0.000639782
0.00050546
0.000394369
0.000229705
0.000105389
6.39257e-05
-1.10549e-05
-4.79773e-05
-0.000160537
-0.000411926
-0.000667469
-0.00112833
-0.00147694
-0.00188756
-0.00215499
-0.00231674
-0.00238213
-0.00229526
-0.0021756
-0.00194231
-0.00172861
-0.00144787
-0.00121328
-0.000938494
-0.000730361
-0.000507261
-0.000356211
-0.000210604
-0.000125835
-5.66221e-05
-2.44413e-05
-6.98391e-06
1.56592e-06
2.95784e-06
1.84467e-05
3.42879e-05
7.51808e-05
0.000118065
0.000183124
0.000244129
0.000314375
0.000369963
0.000419101
0.000444825
0.000452964
0.000436995
0.000400867
0.000350475
0.000285077
0.000222751
0.000153569
0.000104657
5.43499e-05
3.24427e-05
8.58255e-06
6.08411e-06
-3.89722e-06
-1.49925e-05
-3.90865e-05
-9.61532e-05
-0.00016538
-0.000298694
-0.000432721
-0.000650882
-0.000848011
-0.00113161
-0.00136729
-0.00167317
-0.00190723
-0.00218132
-0.0023628
-0.00255228
-0.00260148
-0.00257568
-0.00240842
-0.00208465
-0.00173805
-0.00122119
-0.000869969
-0.000439573
-0.000233601
-7.73112e-05
5.5845e-06
1.59421e-05
9.59924e-05
0.000175102
0.000283067
0.000433008
0.000482879
0.000528479
0.000481974
0.000406942
0.000336353
0.000278103
0.000251109
0.000436283
0.000470863
0.000524035
0.000593551
0.000626576
0.00063337
0.000539856
0.00043167
0.000286876
0.000155608
8.90649e-05
1.75867e-05
-3.8443e-05
-0.000127475
-0.000338049
-0.00056699
-0.00095313
-0.00129329
-0.00166451
-0.00194252
-0.00211376
-0.00219436
-0.00213332
-0.00202389
-0.00181392
-0.00160588
-0.00135286
-0.00112418
-0.000875811
-0.000673816
-0.00047268
-0.000327322
-0.000196306
-0.000116115
-5.33336e-05
-2.40381e-05
-6.11571e-06
1.62718e-06
7.8439e-06
2.46682e-05
4.69632e-05
9.09763e-05
0.000139921
0.000209099
0.000274836
0.000349112
0.000408017
0.000459973
0.000487775
0.000496685
0.000481424
0.000443747
0.000392095
0.000323228
0.00025698
0.000183401
0.000127845
7.35398e-05
4.35302e-05
1.74119e-05
8.14046e-06
-1.31633e-06
-1.40735e-05
-3.43252e-05
-8.43413e-05
-0.000146475
-0.000261989
-0.000386311
-0.000576476
-0.000762392
-0.00101114
-0.00123548
-0.00150507
-0.00172911
-0.00196971
-0.00214308
-0.00230862
-0.00234756
-0.00230822
-0.00213172
-0.00183076
-0.00148716
-0.00104322
-0.00071606
-0.000363009
-0.000190312
-5.11228e-05
1.30662e-05
5.05852e-05
0.000132014
0.000217722
0.000328973
0.000446218
0.000487634
0.000506645
0.000449458
0.000378191
0.000305665
0.000254426
0.000227357
0.000400354
0.000434876
0.000486263
0.000555263
0.000618327
0.000624694
0.000586179
0.000479267
0.000351843
0.000222317
0.000110885
3.98924e-05
-3.34606e-05
-0.000122481
-0.00025797
-0.000485265
-0.000754573
-0.00109114
-0.00140236
-0.00167692
-0.00186483
-0.00194365
-0.00192979
-0.00182017
-0.00165554
-0.00144762
-0.00123604
-0.00100749
-0.000799961
-0.000598086
-0.000432027
-0.000286755
-0.00018073
-0.000100587
-5.10525e-05
-2.17746e-05
-6.32343e-06
1.41485e-06
1.31539e-05
2.99682e-05
6.2335e-05
0.000106322
0.000166774
0.00023591
0.000312299
0.00038653
0.000453723
0.000505648
0.000538311
0.000547216
0.000532491
0.000494837
0.000438724
0.000369898
0.000294204
0.000220669
0.000152026
9.77533e-05
5.41442e-05
2.80415e-05
9.42018e-06
-3.09676e-08
-1.24193e-05
-3.26588e-05
-6.79609e-05
-0.000130058
-0.000214402
-0.00033865
-0.00048275
-0.000668555
-0.000861691
-0.0010859
-0.00129844
-0.00152234
-0.00171188
-0.00188515
-0.00200298
-0.00204228
-0.0019764
-0.0018023
-0.00153872
-0.00119895
-0.000871714
-0.000547619
-0.000320711
-0.000148827
-4.97282e-05
1.4509e-05
8.87817e-05
0.000169313
0.000274638
0.000384387
0.000459568
0.000500685
0.000475655
0.000419364
0.000337639
0.000265605
0.000223813
0.000196793
0.000343382
0.000377711
0.000444407
0.00051449
0.000636969
0.000644336
0.000665562
0.000559653
0.000405382
0.000277243
0.000116553
4.56155e-05
1.30785e-06
-8.69328e-05
-0.000115423
-0.00033969
-0.000526771
-0.000859222
-0.0011716
-0.00144308
-0.0016716
-0.00174898
-0.00175801
-0.00164825
-0.00149886
-0.00129115
-0.00110762
-0.000879303
-0.000704085
-0.000502421
-0.000367958
-0.000222842
-0.000144888
-6.4835e-05
-3.70298e-05
-7.7868e-06
-5.15876e-06
2.57576e-06
1.20555e-05
2.88703e-05
6.94553e-05
0.000113429
0.00019015
0.000259257
0.00035531
0.000429505
0.000513905
0.000565805
0.000607873
0.00061678
0.000600594
0.000562963
0.000494844
0.000426056
0.000331488
0.000257987
0.00016953
0.000115273
5.73506e-05
3.12456e-05
9.09878e-06
-3.55202e-07
-2.43741e-06
-2.2654e-05
-3.33507e-05
-9.53693e-05
-0.000142655
-0.000266756
-0.000364972
-0.000550566
-0.000693821
-0.000917782
-0.00108192
-0.00130558
-0.00145711
-0.00163018
-0.00173414
-0.00177376
-0.00169703
-0.00152503
-0.00125323
-0.000917228
-0.000645088
-0.00032502
-0.000217898
-4.81393e-05
-3.68534e-05
2.70282e-05
0.000109326
0.000189426
0.000339539
0.000447567
0.0005106
0.000551354
0.000458666
0.000402072
0.000289356
0.000217891
0.000176761
0.000150051
0.000296389
0.000327988
0.000394368
0.000472651
0.000594292
0.000643611
0.000664871
0.000609021
0.000456112
0.000334875
0.00017483
7.90188e-05
3.55522e-05
-4.53952e-05
-7.09576e-05
-0.000227364
-0.000408795
-0.00065915
-0.000968664
-0.00120103
-0.00142974
-0.00151529
-0.00152412
-0.00144634
-0.00129623
-0.00113307
-0.000949656
-0.00076918
-0.000594085
-0.000436164
-0.000301794
-0.000190518
-0.000112618
-5.36689e-05
-2.58831e-05
-5.41938e-06
-2.79316e-06
5.60879e-06
1.50819e-05
3.80869e-05
7.86436e-05
0.00013078
0.000207448
0.000284372
0.000380359
0.000461012
0.000545353
0.000602069
0.000644107
0.000655901
0.000639727
0.00060234
0.000534269
0.000462141
0.000367638
0.0002868
0.000198404
0.000133871
7.59889e-05
3.97632e-05
1.76318e-05
3.09247e-06
1.01172e-06
-1.37745e-05
-2.44638e-05
-6.62507e-05
-0.000113503
-0.00020124
-0.000299387
-0.000435119
-0.000578274
-0.000745286
-0.000909314
-0.00107772
-0.00122914
-0.00135853
-0.00146153
-0.00148305
-0.00140666
-0.00125806
-0.00098805
-0.000727781
-0.000460956
-0.000235452
-0.000134455
-1.49089e-05
-5.71637e-06
6.61219e-05
0.000147773
0.000240413
0.000389885
0.000470904
0.000532551
0.000527407
0.000435267
0.000359177
0.000247327
0.00018175
0.000140848
0.000119488
0.000245645
0.000274296
0.000340393
0.000427472
0.000548208
0.000642828
0.000664125
0.000662331
0.000510752
0.000397097
0.000238519
0.000115089
7.24976e-05
-5.41161e-07
-2.50516e-05
-0.00010678
-0.000285868
-0.000445693
-0.000751865
-0.000940439
-0.00116638
-0.00126103
-0.00126882
-0.00122743
-0.00107742
-0.000962358
-0.000779085
-0.000650265
-0.000475302
-0.000364616
-0.000230348
-0.000155613
-7.77724e-05
-4.16113e-05
-1.38464e-05
-2.86294e-06
-2.38703e-07
8.88398e-06
1.835e-05
4.80394e-05
8.85655e-05
0.000149516
0.000226126
0.000311493
0.000407408
0.000495034
0.000579311
0.000641227
0.000683234
0.000698146
0.000681984
0.000644862
0.000576842
0.000501106
0.000406675
0.000317913
0.000229584
0.000153954
9.61154e-05
4.89609e-05
2.68462e-05
6.8154e-06
4.73622e-06
-4.18609e-06
-1.48673e-05
-3.48072e-05
-8.20243e-05
-0.000130493
-0.000228566
-0.000310454
-0.000453502
-0.000559018
-0.000722923
-0.000831666
-0.000982975
-0.00106519
-0.00116813
-0.00116909
-0.00109402
-0.000971927
-0.00070492
-0.000529018
-0.00026525
-0.000144006
-4.47856e-05
1.95205e-05
2.79067e-05
0.00010859
0.000189291
0.000295898
0.000444115
0.000495213
0.000556256
0.000501549
0.000409998
0.000312857
0.000201942
0.000142983
0.000102067
8.64852e-05
0.000203734
0.000231861
0.000285525
0.000372253
0.000472478
0.000573923
0.000626807
0.000635651
0.000568361
0.000457486
0.000332102
0.000204662
0.000115578
4.48732e-05
-1.60085e-05
-8.21791e-05
-0.000198856
-0.000338494
-0.000527038
-0.000703328
-0.000859847
-0.00095459
-0.000977764
-0.000944783
-0.000851639
-0.000745885
-0.000622111
-0.000503286
-0.000382619
-0.000281068
-0.000188422
-0.000120747
-6.64778e-05
-3.47123e-05
-1.30703e-05
-3.9127e-06
4.226e-06
1.34808e-05
3.18582e-05
6.28099e-05
0.000108568
0.000171168
0.000246221
0.000333151
0.000422353
0.000511259
0.000588496
0.000651368
0.000691005
0.000706502
0.000694857
0.000657813
0.000599278
0.000522901
0.00043781
0.000347587
0.000262925
0.000185217
0.000122673
7.34549e-05
4.04247e-05
1.93537e-05
6.92562e-06
-8.65852e-07
-1.24528e-05
-2.81898e-05
-5.95677e-05
-0.000100471
-0.00016345
-0.000234956
-0.000327318
-0.000420967
-0.000527484
-0.000624709
-0.000720581
-0.000793692
-0.000850583
-0.000846995
-0.000787487
-0.000673425
-0.000509401
-0.000353875
-0.000199207
-0.000100342
-2.0686e-05
3.20009e-05
8.91485e-05
0.000170656
0.00026257
0.000370691
0.000459173
0.000503813
0.000505212
0.000441369
0.000356632
0.000257229
0.000173811
0.000116213
8.14938e-05
6.68266e-05
0.000132937
0.000160963
0.000195756
0.000281563
0.000403668
0.000503643
0.000651959
0.000661596
0.000669701
0.000561633
0.000415889
0.000290454
0.000135189
6.48391e-05
7.69249e-06
-5.80284e-05
-7.56655e-05
-0.00021305
-0.000296133
-0.00046934
-0.00058324
-0.000675948
-0.000709352
-0.000676063
-0.000625093
-0.000519432
-0.000456063
-0.000337342
-0.000277301
-0.000175839
-0.000133007
-6.53916e-05
-4.50537e-05
-1.33162e-05
-9.23843e-06
-8.88932e-08
3.51025e-06
1.27569e-05
3.43655e-05
6.529e-05
0.000117076
0.000179621
0.000260367
0.000347221
0.000440875
0.000529702
0.000610734
0.000673551
0.000717078
0.000732562
0.000724701
0.000687689
0.000631361
0.000555052
0.000468547
0.000378404
0.000287478
0.000209837
0.000137172
8.79966e-05
4.48633e-05
2.38108e-05
7.48509e-06
-2.99526e-07
-2.86479e-06
-1.85879e-05
-2.32083e-05
-6.40756e-05
-8.17908e-05
-0.000153233
-0.000186092
-0.000279659
-0.000321108
-0.000418247
-0.00045693
-0.000529976
-0.000557612
-0.000554397
-0.000513709
-0.000401669
-0.000319065
-0.000166063
-0.000127417
-2.98376e-05
-1.09891e-05
4.15624e-05
0.000132834
0.000213421
0.000353577
0.000459505
0.000519925
0.000562861
0.00047943
0.000416256
0.000280769
0.00018235
0.000115627
5.8941e-05
4.84257e-05
3.38071e-05
8.92882e-05
0.000107687
0.000142532
0.000208588
0.000329182
0.000437246
0.000589472
0.000657562
0.000672543
0.000630779
0.000484576
0.000372088
0.000214214
0.000113906
5.81468e-05
-1.21689e-05
-2.07001e-05
-0.000104308
-0.000177302
-0.000281148
-0.000390644
-0.000453706
-0.000487874
-0.00047309
-0.00042687
-0.000365985
-0.000305904
-0.000236415
-0.00017974
-0.000120854
-8.08199e-05
-4.26475e-05
-2.42688e-05
-7.20345e-06
-4.21174e-06
1.67557e-06
4.90108e-06
1.57439e-05
3.74325e-05
6.81016e-05
0.000120173
0.000176676
0.000257746
0.000333143
0.000427093
0.000503178
0.000584478
0.000638843
0.000682617
0.000698009
0.000690348
0.000662025
0.000605774
0.000543446
0.000456806
0.000380223
0.000288918
0.000219362
0.000146154
9.78395e-05
5.42169e-05
2.94841e-05
1.30477e-05
3.20595e-06
1.25048e-06
-7.87049e-06
-1.0921e-05
-3.17219e-05
-4.68789e-05
-8.44531e-05
-0.000113999
-0.00016449
-0.000202335
-0.000255294
-0.000290871
-0.000330097
-0.000352755
-0.000347675
-0.00030834
-0.000241908
-0.000167181
-8.06312e-05
-5.30772e-05
1.44116e-05
2.72535e-05
9.7336e-05
0.000189783
0.000281423
0.000423463
0.000491329
0.000549637
0.000532946
0.000443399
0.000355393
0.000219205
0.000137103
7.1873e-05
3.6235e-05
2.56494e-05
1.7556e-05
5.31144e-05
6.45527e-05
9.8863e-05
0.000150818
0.00025248
0.000365117
0.000500275
0.000614729
0.000649439
0.000660869
0.000555353
0.00045365
0.000315402
0.000191584
0.00011922
4.55913e-05
1.89061e-05
-2.15134e-05
-8.18009e-05
-0.000129424
-0.000212877
-0.000251612
-0.000279909
-0.000280569
-0.000247443
-0.000221316
-0.000174102
-0.000142833
-9.76887e-05
-7.18542e-05
-3.97997e-05
-2.44833e-05
-9.33818e-06
-3.66213e-06
-4.94001e-08
3.305e-06
8.36442e-06
2.04425e-05
4.19468e-05
7.24088e-05
0.000119976
0.000171776
0.000243832
0.000310318
0.000392921
0.0004591
0.00053041
0.000578201
0.000616952
0.000632264
0.000626461
0.000604893
0.000556744
0.000505283
0.000430097
0.000364056
0.000283703
0.00022044
0.000154537
0.000106905
6.57678e-05
3.81863e-05
2.05043e-05
9.06916e-06
4.76011e-06
7.64065e-07
-2.92227e-06
-8.14706e-06
-2.04733e-05
-3.17589e-05
-5.50009e-05
-7.20562e-05
-0.000101707
-0.000120369
-0.000147847
-0.000160822
-0.000174622
-0.000168172
-0.000136993
-0.000108137
-5.12634e-05
-1.85845e-05
1.1503e-05
5.45488e-05
8.67218e-05
0.000170362
0.000261961
0.000362062
0.000473733
0.000510951
0.00054101
0.000476711
0.00038894
0.000281628
0.000167095
9.83001e-05
4.34269e-05
2.22132e-05
9.45683e-06
6.06578e-06
2.49407e-05
3.63357e-05
4.1571e-05
9.28187e-05
0.000148296
0.00025833
0.000394999
0.000506444
0.000639278
0.000650466
0.000658024
0.000558837
0.000437266
0.00031621
0.00017338
0.00010083
2.93874e-05
-1.08807e-05
-2.88245e-05
-7.57329e-05
-9.11455e-05
-0.00012897
-0.000138666
-0.000139145
-0.000132279
-0.000106181
-9.70353e-05
-6.58008e-05
-5.66169e-05
-3.08111e-05
-2.46701e-05
-9.37072e-06
-6.88161e-06
-1.21187e-06
4.36333e-07
3.78701e-06
1.03722e-05
2.24368e-05
4.0391e-05
7.08191e-05
0.000103871
0.000155614
0.000201962
0.000268375
0.000319992
0.000386097
0.000430843
0.000478581
0.000504493
0.000519788
0.000519673
0.000498129
0.00047236
0.000420956
0.000377184
0.000311216
0.000261191
0.000197998
0.000153058
0.000105478
7.27812e-05
4.52303e-05
2.62707e-05
1.48482e-05
6.4895e-06
2.49789e-06
-3.98577e-07
-5.61756e-06
-7.49756e-06
-1.87706e-05
-2.18319e-05
-3.88683e-05
-4.30235e-05
-6.16646e-05
-6.53743e-05
-7.83344e-05
-8.12018e-05
-7.48764e-05
-6.99834e-05
-4.1632e-05
-3.20403e-05
3.81939e-07
3.39953e-05
7.66812e-05
0.000170443
0.000252384
0.000371289
0.000468946
0.000513843
0.00055009
0.000477846
0.000415169
0.000290623
0.000186011
0.000110355
4.28811e-05
2.75756e-05
6.5397e-06
5.4696e-06
2.08651e-06
5.83798e-06
1.14614e-05
1.51994e-05
4.14108e-05
8.75907e-05
0.000162764
0.000299708
0.000412049
0.000562481
0.000636623
0.000658567
0.000635964
0.000513319
0.000418593
0.000265253
0.000167536
9.25879e-05
2.91777e-05
2.01955e-05
-1.78742e-05
-2.33558e-05
-4.48839e-05
-5.18496e-05
-5.42085e-05
-5.14935e-05
-4.16757e-05
-3.75942e-05
-2.52457e-05
-2.10788e-05
-1.08624e-05
-8.45986e-06
-2.51527e-06
-2.09918e-06
2.95168e-07
1.20041e-06
3.92636e-06
1.0213e-05
1.89842e-05
3.60645e-05
5.57928e-05
8.67251e-05
0.000118688
0.000161686
0.000201917
0.00024968
0.000289591
0.000331131
0.000360362
0.000384793
0.000395141
0.000395805
0.000384461
0.000361494
0.000332113
0.000292254
0.000253339
0.000207142
0.000168607
0.000126424
9.59392e-05
6.45421e-05
4.52777e-05
2.64771e-05
1.70394e-05
8.52196e-06
4.73768e-06
2.28716e-06
-2.86617e-07
-5.16235e-07
-4.61316e-06
-4.79867e-06
-1.07347e-05
-1.1342e-05
-1.75619e-05
-1.81368e-05
-2.15602e-05
-2.26758e-05
-1.66756e-05
-1.57782e-05
5.49574e-06
7.46036e-06
4.73122e-05
7.88909e-05
0.000145033
0.000246746
0.000328076
0.000452721
0.000500578
0.000538529
0.000510432
0.000422823
0.000336782
0.000203978
0.00012364
5.47056e-05
1.4795e-05
6.16062e-06
-8.50586e-06
-8.10247e-06
-1.29672e-05
-3.61995e-06
-9.41326e-07
7.21341e-06
2.15426e-05
5.73439e-05
0.000112344
0.000199864
0.000311252
0.00042566
0.000533616
0.000592629
0.000612384
0.000573279
0.000493992
0.000392954
0.000282425
0.000190664
0.000115313
6.64485e-05
3.37376e-05
1.35421e-05
1.40884e-06
-6.21959e-06
-9.62838e-06
-1.03876e-05
-9.52503e-06
-7.86296e-06
-5.90414e-06
-3.88185e-06
-2.2416e-06
-9.11008e-07
-1.1268e-07
5.5624e-07
1.14852e-06
2.58012e-06
4.96091e-06
9.78075e-06
1.67358e-05
2.77588e-05
4.15928e-05
6.03123e-05
8.13819e-05
0.000106662
0.000132474
0.000160204
0.00018569
0.000209765
0.000228805
0.000243179
0.000250799
0.000251719
0.000245991
0.00023342
0.000216163
0.000193717
0.000169697
0.000143168
0.000118212
9.33969e-05
7.23282e-05
5.31745e-05
3.84778e-05
2.62747e-05
1.7934e-05
1.16938e-05
8.02593e-06
5.62782e-06
4.5098e-06
3.91417e-06
3.76463e-06
3.75631e-06
3.92603e-06
4.22311e-06
4.83575e-06
5.8836e-06
7.70448e-06
1.08355e-05
1.65925e-05
2.64902e-05
4.35566e-05
7.02115e-05
0.000113647
0.000171447
0.000249631
0.000331999
0.000412147
0.000469747
0.000489702
0.000474343
0.000411151
0.000330365
0.000232431
0.000145292
7.93694e-05
3.24564e-05
7.95125e-06
-1.06881e-05
-2.24269e-05
-2.99156e-05
-3.55262e-05
-2.45831e-05
-1.92103e-05
-1.57266e-05
1.53725e-06
4.53066e-06
4.88902e-05
8.78701e-05
0.000177621
0.000300536
0.000402347
0.000539134
0.000582995
0.000624304
0.000581853
0.000498292
0.00040902
0.000277416
0.00019955
0.000112274
6.80597e-05
3.75089e-05
1.75204e-05
1.15871e-05
3.96718e-06
3.28483e-06
9.85805e-07
6.5513e-07
3.19231e-07
2.34386e-07
4.73915e-07
5.48483e-07
7.25249e-07
1.02465e-06
1.36824e-06
2.11642e-06
3.87679e-06
5.45797e-06
1.0506e-05
1.33717e-05
2.3293e-05
2.77374e-05
4.27807e-05
4.8663e-05
6.70778e-05
7.36579e-05
9.18693e-05
9.79058e-05
0.000111574
0.000115706
0.000121286
0.000122534
0.00011863
0.000116781
0.000104645
0.000100311
8.33023e-05
7.76379e-05
5.98799e-05
5.4126e-05
3.90493e-05
3.41288e-05
2.35323e-05
1.98772e-05
1.38191e-05
1.14371e-05
8.83983e-06
7.52121e-06
7.05067e-06
6.57778e-06
7.34692e-06
7.63682e-06
9.47575e-06
1.0658e-05
1.39709e-05
1.64225e-05
2.21619e-05
2.68006e-05
3.79449e-05
5.42287e-05
7.89608e-05
0.000128178
0.000176724
0.000268921
0.000337453
0.00042637
0.000479451
0.000486346
0.000479982
0.000391587
0.000323585
0.000210238
0.000127968
6.94757e-05
1.68811e-05
1.06347e-05
-1.80839e-05
-3.68054e-05
-6.12537e-05
-7.99448e-05
-9.05351e-05
-7.71756e-05
-6.6575e-05
-5.73036e-05
-3.43398e-05
-1.79702e-05
5.90787e-06
4.26438e-05
9.02725e-05
0.000183977
0.00027641
0.000388849
0.000484288
0.000536134
0.000569269
0.000526165
0.000478723
0.00038167
0.000296933
0.000215018
0.000145871
0.000103909
6.64031e-05
5.01473e-05
3.29668e-05
2.6404e-05
1.75416e-05
1.36645e-05
8.56675e-06
6.45654e-06
3.78999e-06
2.81685e-06
1.70416e-06
1.50106e-06
1.32912e-06
1.75866e-06
2.23417e-06
3.39049e-06
4.48847e-06
6.60096e-06
8.41773e-06
1.16554e-05
1.42142e-05
1.84618e-05
2.15531e-05
2.62807e-05
2.94204e-05
3.37483e-05
3.62901e-05
3.92549e-05
4.06119e-05
4.15206e-05
4.13899e-05
4.0087e-05
3.85617e-05
3.5473e-05
3.29888e-05
2.89275e-05
2.60796e-05
2.19287e-05
1.92649e-05
1.57008e-05
1.35968e-05
1.0978e-05
9.64805e-06
8.08226e-06
7.70241e-06
7.21941e-06
8.09173e-06
8.81782e-06
1.14942e-05
1.37579e-05
1.90629e-05
2.34075e-05
3.23276e-05
3.95499e-05
5.34281e-05
6.4585e-05
8.79605e-05
0.000112042
0.000154039
0.00020424
0.000264646
0.000337855
0.000388193
0.000443084
0.000441482
0.00042836
0.00036691
0.000289307
0.000209081
0.000121592
6.91211e-05
2.14012e-05
-5.01325e-06
-2.57679e-05
-6.34865e-05
-9.83875e-05
-0.000145128
-0.000168697
-0.000188925
-0.00019109
-0.000175589
-0.000143878
-0.000104767
-5.32741e-05
-1.51824e-05
-5.06814e-06
3.93544e-05
6.28128e-05
0.000137361
0.000224965
0.000309404
0.000422298
0.000465541
0.000523781
0.00050062
0.00046508
0.00040023
0.000313633
0.0002503
0.000176776
0.000135902
9.56999e-05
7.31654e-05
5.24537e-05
3.91668e-05
2.63801e-05
1.86057e-05
1.14178e-05
7.51274e-06
4.04527e-06
2.55477e-06
1.19776e-06
8.55561e-07
4.7725e-07
4.18447e-07
3.6924e-07
1.97691e-07
1.9149e-07
-9.95144e-08
-1.37038e-07
-3.47613e-07
-4.02771e-07
-3.31395e-07
-3.75025e-07
3.79293e-08
2.22978e-08
6.69704e-07
6.82723e-07
1.36695e-06
1.4011e-06
1.94922e-06
1.99272e-06
2.3374e-06
2.37682e-06
2.54735e-06
2.57093e-06
2.62767e-06
2.63215e-06
2.60341e-06
2.61901e-06
2.50495e-06
2.64956e-06
2.51996e-06
3.09316e-06
3.2421e-06
4.85034e-06
5.93594e-06
9.60837e-06
1.2697e-05
1.99127e-05
2.63732e-05
3.89044e-05
5.01373e-05
6.96508e-05
8.7019e-05
0.000114981
0.000141454
0.000185017
0.00022561
0.000285142
0.000334697
0.00037743
0.000409576
0.00038975
0.00037541
0.000295678
0.000237539
0.000155511
8.97258e-05
5.37536e-05
9.73486e-06
5.7349e-06
-2.99394e-05
-7.12291e-05
-0.000128815
-0.000222928
-0.000286348
-0.00033778
-0.000362658
-0.000387194
-0.000360068
-0.000319906
-0.000246091
-0.000171822
-9.82329e-05
-5.1327e-05
-1.35973e-05
1.91777e-05
5.33498e-05
0.000110862
0.000173797
0.000251536
0.000324466
0.000380362
0.000418372
0.000417626
0.000399958
0.000352185
0.00030077
0.000243356
0.000191821
0.000148635
0.000111248
8.3321e-05
5.8852e-05
4.09399e-05
2.64014e-05
1.64672e-05
9.43153e-06
4.99277e-06
2.54658e-06
9.97541e-07
2.25424e-07
-6.95445e-07
-2.10093e-06
-3.93694e-06
-7.30827e-06
-1.07375e-05
-1.63411e-05
-2.12361e-05
-2.84257e-05
-3.4064e-05
-4.16031e-05
-4.6959e-05
-5.34162e-05
-5.74615e-05
-6.15867e-05
-6.35453e-05
-6.45566e-05
-6.40709e-05
-6.18093e-05
-5.90035e-05
-5.39456e-05
-4.93842e-05
-4.25236e-05
-3.70802e-05
-2.97031e-05
-2.43594e-05
-1.77476e-05
-1.33468e-05
-8.44615e-06
-5.43461e-06
-2.53939e-06
-7.32477e-07
7.49595e-07
2.31564e-06
3.94128e-06
7.00705e-06
1.11419e-05
1.80075e-05
2.73954e-05
4.04614e-05
5.75497e-05
7.86841e-05
0.000104888
0.000134907
0.000170053
0.000208829
0.000247459
0.000286281
0.000310428
0.000325382
0.000312709
0.000284384
0.000235721
0.000177668
0.000123233
7.05709e-05
3.6808e-05
6.12663e-06
-1.86716e-05
-5.17902e-05
-0.000111342
-0.000187121
-0.000294465
-0.000400729
-0.000499218
-0.000556382
-0.00059234
-0.00070212
-0.000668776
-0.000608267
-0.000505728
-0.000360107
-0.000236878
-0.000136117
-5.44107e-05
-3.34705e-05
9.38453e-06
1.60889e-05
5.65848e-05
0.000101797
0.000152109
0.000227255
0.000267713
0.000320813
0.000328181
0.0003239
0.000298366
0.000253993
0.000215111
0.000165305
0.000130161
9.14262e-05
6.64177e-05
4.12637e-05
2.66624e-05
1.36459e-05
7.18737e-06
2.72038e-06
6.44188e-07
1.51758e-07
-1.80216e-06
-2.66282e-06
-8.19299e-06
-1.25254e-05
-2.38776e-05
-3.29711e-05
-5.04225e-05
-6.36926e-05
-8.55281e-05
-0.000100914
-0.000123886
-0.000138547
-0.000158703
-0.000169802
-0.000183454
-0.000188848
-0.000193462
-0.000192159
-0.000186937
-0.000179273
-0.000165299
-0.00015282
-0.000132781
-0.000117889
-9.54169e-05
-8.08386e-05
-5.96476e-05
-4.78074e-05
-3.08319e-05
-2.3235e-05
-1.19306e-05
-8.66738e-06
-2.66257e-06
-2.17963e-06
6.51462e-07
1.39101e-06
4.41624e-06
9.32794e-06
1.62928e-05
2.91836e-05
4.31823e-05
6.65939e-05
8.89564e-05
0.000122819
0.000151272
0.000187003
0.000212197
0.000229643
0.000236699
0.000215746
0.000196207
0.00014457
0.000108522
6.4532e-05
3.09179e-05
1.8005e-05
-1.11314e-05
-1.6105e-05
-6.70313e-05
-0.00012231
-0.00022693
-0.000368285
-0.000513209
-0.000680185
-0.000798114
-0.00087271
-0.000913069
-0.00108866
-0.00105109
-0.000983835
-0.00086602
-0.000677393
-0.000521204
-0.000328287
-0.000215234
-9.99672e-05
-5.08746e-05
-1.1189e-05
1.26542e-05
2.37147e-05
5.68998e-05
7.78279e-05
0.000119519
0.000152973
0.000178331
0.000199663
0.000193145
0.000186688
0.000157348
0.000131992
9.86521e-05
7.29648e-05
4.75619e-05
3.13196e-05
1.66797e-05
9.47448e-06
3.45833e-06
1.74706e-06
-4.68339e-08
-1.77323e-06
-4.62351e-06
-1.2359e-05
-2.10184e-05
-3.95286e-05
-5.69351e-05
-8.82458e-05
-0.000114685
-0.000157224
-0.000190168
-0.000238852
-0.00027353
-0.000320824
-0.00035137
-0.000389052
-0.000409932
-0.0004311
-0.000438449
-0.000439201
-0.000431732
-0.00041209
-0.000391353
-0.00035519
-0.000325155
-0.000279182
-0.000245259
-0.000197371
-0.000165121
-0.000122537
-9.64003e-05
-6.40923e-05
-4.6408e-05
-2.61747e-05
-1.67389e-05
-7.13757e-06
-3.3927e-06
-4.96574e-07
1.68409e-06
2.9398e-06
8.06012e-06
1.23309e-05
2.39743e-05
3.41401e-05
5.3571e-05
6.98403e-05
9.28972e-05
0.000106292
0.000121112
0.000119112
0.000113474
9.63608e-05
7.19617e-05
5.47727e-05
2.82864e-05
1.99583e-05
1.87946e-06
-1.53108e-05
-4.09741e-05
-0.000104202
-0.000174037
-0.000312132
-0.0004487
-0.000645159
-0.000814123
-0.000996403
-0.00112321
-0.00120104
-0.00124432
-0.00146664
-0.00143049
-0.0013579
-0.00123455
-0.00105637
-0.000859861
-0.00065644
-0.000460414
-0.000316235
-0.000182848
-0.000117087
-5.28774e-05
-3.15155e-05
-7.11328e-06
8.2735e-06
2.3201e-05
4.69137e-05
6.22062e-05
8.13063e-05
8.9232e-05
8.88691e-05
8.35812e-05
6.68936e-05
5.43097e-05
3.5865e-05
2.50347e-05
1.33821e-05
7.68216e-06
2.79729e-06
9.31169e-07
-2.92166e-07
-1.96596e-06
-4.63635e-06
-1.1113e-05
-2.09924e-05
-3.73016e-05
-5.91215e-05
-8.87112e-05
-0.000124551
-0.000167846
-0.000216078
-0.000269718
-0.000324914
-0.000382026
-0.000435946
-0.000487491
-0.000530947
-0.000567838
-0.000592928
-0.000608319
-0.000610402
-0.000601455
-0.000580295
-0.000548895
-0.000508667
-0.000460868
-0.000409033
-0.000353438
-0.000298857
-0.000244438
-0.000195251
-0.000149256
-0.000111126
-7.7662e-05
-5.27995e-05
-3.24087e-05
-1.95818e-05
-9.80692e-06
-5.23613e-06
-1.88793e-06
-6.91738e-07
6.44194e-07
2.90399e-06
5.58918e-06
1.16649e-05
1.70986e-05
2.70739e-05
3.31376e-05
4.076e-05
4.2021e-05
3.86338e-05
3.30398e-05
2.07689e-05
1.24283e-05
1.43993e-06
-1.03516e-05
-2.09171e-05
-5.246e-05
-8.48503e-05
-0.000162437
-0.000248373
-0.000388291
-0.000543832
-0.000729976
-0.000925488
-0.00110599
-0.00127334
-0.00139605
-0.00147786
-0.00151994
-0.00175264
-0.00172297
-0.00166402
-0.00156571
-0.00140594
-0.00124033
-0.00101487
-0.000820253
-0.00060646
-0.000436001
-0.000293083
-0.000177415
-0.000111984
-4.96799e-05
-3.40251e-05
-5.9329e-06
-5.10874e-06
7.32412e-06
1.12974e-05
1.62256e-05
2.00574e-05
1.88894e-05
1.71967e-05
1.26591e-05
8.94846e-06
4.97003e-06
2.97541e-06
9.68634e-07
5.92509e-07
-1.40345e-07
-6.3241e-07
-2.17339e-06
-6.15211e-06
-1.16069e-05
-2.3463e-05
-3.62517e-05
-6.01269e-05
-8.28955e-05
-0.000121066
-0.000154509
-0.000205962
-0.000247977
-0.000307762
-0.000353344
-0.000413124
-0.000455192
-0.000504974
-0.000536017
-0.000566635
-0.000580683
-0.000586266
-0.000580555
-0.000560134
-0.000535914
-0.000493659
-0.000455786
-0.000399793
-0.000355334
-0.000295384
-0.000251696
-0.000196754
-0.000159668
-0.000115912
-8.86266e-05
-5.85293e-05
-4.14e-05
-2.40054e-05
-1.51801e-05
-7.26704e-06
-3.77973e-06
-1.38567e-06
-2.73866e-07
-1.61613e-08
8.85242e-07
1.06973e-06
2.74035e-06
3.56442e-06
5.41067e-06
5.66822e-06
5.48413e-06
4.45085e-06
2.10724e-07
-1.37816e-07
-1.18437e-05
-1.64181e-05
-4.58647e-05
-7.47619e-05
-0.000138622
-0.000217509
-0.000328781
-0.000471131
-0.000625761
-0.000816275
-0.000986812
-0.00117739
-0.00132606
-0.00146879
-0.00157167
-0.00164836
-0.00168667
-0.00178621
-0.00176112
-0.00171464
-0.00163835
-0.00155741
-0.0014263
-0.00128287
-0.00111046
-0.000919359
-0.00074538
-0.000558631
-0.000420959
-0.000280013
-0.000193074
-0.000111324
-6.73649e-05
-3.3993e-05
-1.55922e-05
-7.46191e-06
-5.86867e-07
3.1151e-07
2.03496e-06
2.04733e-06
1.4374e-06
1.4098e-06
4.89304e-07
4.88287e-07
5.74151e-08
1.79731e-08
-2.21002e-07
-5.21375e-07
-1.70025e-06
-2.88786e-06
-6.86331e-06
-1.00953e-05
-1.90838e-05
-2.58977e-05
-4.17939e-05
-5.35955e-05
-7.71177e-05
-9.44264e-05
-0.000124384
-0.000146151
-0.000179181
-0.000202567
-0.000233595
-0.000254446
-0.000277841
-0.000291813
-0.000302926
-0.000306861
-0.000303404
-0.000296408
-0.000279158
-0.000262909
-0.000235461
-0.000213616
-0.000181274
-0.000158236
-0.000126475
-0.000106037
-7.91165e-05
-6.35277e-05
-4.36795e-05
-3.34241e-05
-2.08108e-05
-1.50316e-05
-8.31284e-06
-5.55987e-06
-2.73143e-06
-1.63819e-06
-7.95906e-07
-4.36321e-07
-2.49386e-07
-1.5764e-07
-3.781e-08
-6.08819e-08
-2.53236e-07
-6.2105e-07
-2.37251e-06
-4.90806e-06
-1.11301e-05
-2.2816e-05
-4.06783e-05
-7.6046e-05
-0.000118513
-0.000193266
-0.00027379
-0.000393517
-0.000515741
-0.000668274
-0.00081809
-0.000971959
-0.00111994
-0.00124098
-0.00136154
-0.00144655
-0.00153344
-0.00160481
-0.00164037
-0.00157093
-0.00155135
-0.00151295
-0.00146576
-0.00143034
-0.00135436
-0.00128537
-0.00116432
-0.00104676
-0.000893848
-0.000749814
-0.000600327
-0.00046403
-0.000347091
-0.000242922
-0.000169209
-0.000105044
-6.81764e-05
-3.70521e-05
-2.25301e-05
-1.07745e-05
-6.12864e-06
-2.58631e-06
-1.31995e-06
-4.43828e-07
-1.71214e-07
-3.92076e-08
-1.72274e-08
-2.38436e-08
-9.69398e-08
-1.77454e-07
-5.38067e-07
-8.7558e-07
-1.98612e-06
-2.84662e-06
-5.36942e-06
-7.04581e-06
-1.17031e-05
-1.44821e-05
-2.17865e-05
-2.58425e-05
-3.57395e-05
-4.09478e-05
-5.25301e-05
-5.83088e-05
-6.98062e-05
-7.51326e-05
-8.42897e-05
-8.79673e-05
-9.2727e-05
-9.38165e-05
-9.30383e-05
-9.12446e-05
-8.5131e-05
-8.09343e-05
-7.09557e-05
-6.54088e-05
-5.37606e-05
-4.80652e-05
-3.69171e-05
-3.2004e-05
-2.28784e-05
-1.91969e-05
-1.2711e-05
-1.02722e-05
-6.26246e-06
-4.8321e-06
-2.69644e-06
-1.97395e-06
-1.01409e-06
-7.1474e-07
-3.56222e-07
-2.54914e-07
-1.63785e-07
-2.31896e-07
-4.29423e-07
-1.14884e-06
-2.26538e-06
-5.25426e-06
-9.42548e-06
-1.89979e-05
-3.17386e-05
-5.61481e-05
-8.73245e-05
-0.000136518
-0.000197035
-0.000276757
-0.000371386
-0.000477478
-0.000598479
-0.000714286
-0.000840464
-0.000941516
-0.00104826
-0.00111981
-0.00120041
-0.00125477
-0.00132183
-0.00138233
-0.00141448
-0.00124164
-0.0012261
-0.00118897
-0.0011676
-0.00114835
-0.0011313
-0.00108852
-0.00104523
-0.000954394
-0.000872276
-0.000746785
-0.000641828
-0.000513551
-0.000410745
-0.000305612
-0.000223925
-0.000153942
-0.000100887
-6.38816e-05
-3.62537e-05
-2.09701e-05
-9.87549e-06
-4.95813e-06
-1.85813e-06
-6.35617e-07
-2.68959e-09
3.24029e-07
1.30799e-06
1.78582e-06
3.92341e-06
4.69272e-06
7.4805e-06
8.28298e-06
1.07813e-05
1.13613e-05
1.28599e-05
1.31139e-05
1.33925e-05
1.3315e-05
1.25603e-05
1.21474e-05
1.07332e-05
9.97158e-06
8.28559e-06
7.23463e-06
5.61688e-06
4.48745e-06
3.23114e-06
2.35832e-06
1.70122e-06
1.39888e-06
1.48131e-06
1.87153e-06
2.69479e-06
3.63713e-06
5.06265e-06
6.23626e-06
8.02198e-06
9.09752e-06
1.09283e-05
1.17023e-05
1.3189e-05
1.35956e-05
1.42843e-05
1.43148e-05
1.37908e-05
1.34342e-05
1.1553e-05
1.08424e-05
7.97612e-06
7.09045e-06
4.14288e-06
3.38665e-06
1.34826e-06
8.39624e-07
-1.18817e-07
-1.02952e-06
-2.54433e-06
-5.98801e-06
-1.20571e-05
-2.28923e-05
-3.9832e-05
-6.61509e-05
-0.000100972
-0.000151086
-0.000207817
-0.000284838
-0.000360775
-0.000458635
-0.000542418
-0.000644151
-0.000718421
-0.000801387
-0.000853809
-0.00090835
-0.000947112
-0.000990901
-0.00103724
-0.00109695
-0.00112459
-0.000882616
-0.000868209
-0.000832454
-0.000813902
-0.000815765
-0.000804174
-0.000805851
-0.000775469
-0.000744785
-0.000682979
-0.000616986
-0.000534441
-0.000450958
-0.000367159
-0.000286387
-0.000217353
-0.000153309
-0.000106679
-6.56546e-05
-4.05514e-05
-2.04678e-05
-1.03823e-05
-3.79477e-06
-8.78777e-07
-9.07299e-08
1.85008e-06
2.50965e-06
6.72887e-06
9.87504e-06
1.67143e-05
2.20674e-05
2.99667e-05
3.57152e-05
4.25997e-05
4.68657e-05
5.12405e-05
5.30192e-05
5.44314e-05
5.37949e-05
5.27063e-05
5.04562e-05
4.78137e-05
4.4953e-05
4.17625e-05
3.90955e-05
3.61791e-05
3.41677e-05
3.20971e-05
3.09209e-05
3.00505e-05
2.97464e-05
3.02561e-05
3.08351e-05
3.2741e-05
3.42251e-05
3.73649e-05
3.97278e-05
4.37087e-05
4.67378e-05
5.08652e-05
5.4004e-05
5.72551e-05
5.95557e-05
6.06952e-05
6.10281e-05
5.89728e-05
5.65285e-05
5.08998e-05
4.58058e-05
3.74073e-05
3.10452e-05
2.18767e-05
1.64715e-05
8.96909e-06
6.31081e-06
1.89871e-06
1.53962e-06
-9.27404e-07
-2.6032e-06
-7.53589e-06
-1.63276e-05
-3.012e-05
-5.21481e-05
-8.09307e-05
-0.000119958
-0.000166709
-0.00022188
-0.000283947
-0.000348586
-0.0004165
-0.000477263
-0.000537079
-0.000579531
-0.000621936
-0.00064508
-0.000677751
-0.000703165
-0.000744141
-0.000800592
-0.000825717
-0.000573059
-0.000560224
-0.000538836
-0.000523902
-0.000522451
-0.000520445
-0.000520493
-0.000510238
-0.000494094
-0.000461049
-0.000423607
-0.000371273
-0.00032129
-0.000262407
-0.000212026
-0.000159238
-0.000117757
-7.92463e-05
-5.17541e-05
-2.9875e-05
-1.63027e-05
-7.57961e-06
-2.91744e-06
-2.49292e-07
2.7825e-06
6.44352e-06
1.35985e-05
2.20725e-05
3.4865e-05
4.78882e-05
6.41548e-05
7.87774e-05
9.46741e-05
0.000107328
0.000119383
0.000127541
0.000133936
0.000136839
0.000137665
0.000136136
0.000132862
0.000128603
0.000123247
0.000118077
0.000112511
0.000107885
0.000103478
0.000100336
9.79211e-05
9.67706e-05
9.67779e-05
9.78486e-05
0.000100437
0.000103768
0.00010885
0.000114245
0.000121367
0.000128236
0.000136366
0.000143515
0.000150894
0.000156465
0.000160712
0.000162445
0.00016111
0.000157042
0.000148555
0.000137997
0.000122688
0.000107013
8.75932e-05
7.02425e-05
5.12072e-05
3.65185e-05
2.23224e-05
1.33684e-05
5.92194e-06
2.15263e-06
-1.10545e-06
-4.44224e-06
-9.59302e-06
-1.90369e-05
-3.19666e-05
-5.25794e-05
-7.64462e-05
-0.000109808
-0.000144147
-0.000187463
-0.000227901
-0.000273755
-0.000311997
-0.00035064
-0.000378668
-0.000405184
-0.00042419
-0.000447088
-0.000468843
-0.000503384
-0.000538166
-0.000559988
-0.000346833
-0.000337318
-0.000310612
-0.000300517
-0.000298874
-0.000299053
-0.000302991
-0.000299842
-0.000291936
-0.000276089
-0.000251425
-0.000224312
-0.000189406
-0.00015805
-0.000122168
-9.37262e-05
-6.39787e-05
-4.33577e-05
-2.43973e-05
-1.30096e-05
-5.52016e-06
-2.24336e-07
5.95635e-07
6.33135e-06
8.92882e-06
2.07973e-05
3.14729e-05
5.04873e-05
6.98981e-05
9.27926e-05
0.00011697
0.000138557
0.000161763
0.000177454
0.000194845
0.000202299
0.000211492
0.000210962
0.000212237
0.000205873
0.000201371
0.000192081
0.000184655
0.00017512
0.000167394
0.000159561
0.000153462
0.000148494
0.000145212
0.000143714
0.000143875
0.000146157
0.000150003
0.000156206
0.000163616
0.000173621
0.000183944
0.000197071
0.000208829
0.000223452
0.000234124
0.00024744
0.000253613
0.000261892
0.000260016
0.00025952
0.000247237
0.000235677
0.00021327
0.000191224
0.000162394
0.00013385
0.000105051
7.64213e-05
5.45344e-05
3.22153e-05
2.10925e-05
8.31094e-06
6.11996e-06
2.56113e-07
-4.88395e-07
-5.69384e-06
-1.17915e-05
-2.17424e-05
-3.65756e-05
-5.35846e-05
-7.71406e-05
-0.000100281
-0.000129473
-0.000154821
-0.000183104
-0.000204985
-0.000225543
-0.000240941
-0.000254344
-0.000268724
-0.000287059
-0.00031096
-0.000351306
-0.000367389
-0.000191297
-0.000182929
-0.00017044
-0.00015984
-0.00015775
-0.000155743
-0.000156388
-0.000153453
-0.000149988
-0.000138942
-0.000128972
-0.00011024
-9.65304e-05
-7.49043e-05
-6.14446e-05
-4.20853e-05
-3.17696e-05
-1.81971e-05
-1.22683e-05
-5.20535e-06
-1.94329e-06
1.91121e-06
7.82372e-06
1.48226e-05
2.92377e-05
4.43488e-05
6.81276e-05
9.13026e-05
0.000120302
0.000147088
0.000174735
0.000199062
0.000219366
0.000236246
0.000245934
0.000253101
0.000252223
0.000250333
0.000241501
0.000233227
0.000220191
0.000208916
0.000195237
0.000183981
0.000172272
0.000163175
0.000154973
0.000149286
0.000145346
0.000143712
0.000144404
0.000147164
0.000152752
0.000160088
0.000170752
0.000182574
0.000198138
0.000213733
0.000233153
0.000250724
0.000271555
0.00028793
0.000306135
0.000317002
0.000327489
0.000328409
0.000326443
0.000314497
0.000297657
0.000273107
0.000242926
0.000209972
0.000172263
0.000138134
0.000101398
7.38015e-05
4.59717e-05
2.94741e-05
1.4558e-05
7.60352e-06
1.98284e-06
-1.45235e-06
-4.19447e-06
-9.82999e-06
-1.43968e-05
-2.51302e-05
-3.3453e-05
-4.92407e-05
-6.09116e-05
-7.91173e-05
-9.16191e-05
-0.000108217
-0.000118518
-0.000131496
-0.000139945
-0.000153536
-0.000165224
-0.000187247
-0.000207964
-0.000221954
-9.76029e-05
-9.27329e-05
-7.98217e-05
-7.42235e-05
-7.09482e-05
-7.01272e-05
-6.94625e-05
-6.82859e-05
-6.53207e-05
-6.03803e-05
-5.38648e-05
-4.55869e-05
-3.76139e-05
-2.8223e-05
-2.14651e-05
-1.30081e-05
-9.07212e-06
-2.50738e-06
-1.53604e-06
4.11778e-06
4.77395e-06
1.29984e-05
1.95545e-05
3.43821e-05
5.27652e-05
7.46615e-05
0.000103719
0.000128626
0.000162189
0.000184321
0.000214321
0.000228766
0.000248695
0.000253182
0.000260177
0.000255464
0.000250554
0.000239529
0.000226411
0.000212652
0.000195898
0.000182447
0.000166023
0.00015482
0.00014137
0.000133307
0.00012419
0.000119517
0.000115263
0.000114011
0.000114849
0.000117121
0.000123319
0.00012941
0.000141301
0.000151625
0.000169291
0.000184086
0.000206726
0.000225502
0.000250724
0.000271621
0.000295056
0.000314501
0.000330238
0.000343358
0.000345462
0.00034745
0.00033225
0.000320342
0.000288572
0.000263722
0.000221295
0.000188534
0.000145121
0.000112153
7.77206e-05
5.2086e-05
3.32078e-05
1.79354e-05
1.17075e-05
4.06884e-06
3.3659e-06
-1.33153e-06
-1.98923e-06
-7.12334e-06
-1.04574e-05
-1.73854e-05
-2.39152e-05
-3.22308e-05
-4.0527e-05
-4.85945e-05
-5.6353e-05
-6.30345e-05
-6.99904e-05
-7.73972e-05
-8.75909e-05
-0.000100425
-0.000121583
-0.000130329
-4.47218e-05
-4.14353e-05
-3.72148e-05
-3.27644e-05
-3.0595e-05
-2.91208e-05
-2.82049e-05
-2.70512e-05
-2.5533e-05
-2.30494e-05
-2.03045e-05
-1.66752e-05
-1.33395e-05
-9.55764e-06
-6.35931e-06
-3.0921e-06
-3.52128e-08
3.09299e-06
7.26926e-06
1.22695e-05
2.03935e-05
3.08941e-05
4.61543e-05
6.48736e-05
8.75799e-05
0.00011273
0.000138156
0.00016388
0.000185949
0.000205823
0.000219301
0.000228974
0.00023154
0.000230054
0.000222711
0.000212278
0.000198392
0.000182974
0.000166634
0.000150242
0.000134823
0.000120334
0.000107806
9.66359e-05
8.76591e-05
8.01001e-05
7.45501e-05
7.03684e-05
6.79047e-05
6.68368e-05
6.728e-05
6.93155e-05
7.28227e-05
7.83086e-05
8.54044e-05
9.4999e-05
0.000106436
0.000120835
0.000137181
0.000156524
0.000177451
0.000200512
0.000224018
0.000247582
0.000269655
0.000288641
0.00030385
0.000312549
0.000315692
0.000309883
0.000298163
0.000277235
0.000251928
0.000219849
0.000186514
0.000150982
0.000117598
8.74228e-05
6.19072e-05
4.23332e-05
2.71248e-05
1.72615e-05
9.87145e-06
5.57999e-06
2.11392e-06
-3.47202e-07
-2.83211e-06
-5.62834e-06
-8.59953e-06
-1.2369e-05
-1.60165e-05
-2.03006e-05
-2.41387e-05
-2.84601e-05
-3.27316e-05
-3.83041e-05
-4.47702e-05
-5.45363e-05
-6.30547e-05
-6.93984e-05
-1.93463e-05
-1.70226e-05
-1.47242e-05
-1.16263e-05
-1.11398e-05
-9.8885e-06
-9.78431e-06
-8.58481e-06
-8.52679e-06
-6.25199e-06
-6.23168e-06
-2.93119e-06
-2.96402e-06
8.76551e-07
1.19705e-06
5.38653e-06
7.22038e-06
1.2369e-05
1.79975e-05
2.58529e-05
3.8591e-05
5.15633e-05
7.3812e-05
9.25187e-05
0.000120807
0.00014185
0.00016714
0.000185069
0.000200054
0.000210436
0.000211378
0.000212391
0.000200199
0.000192909
0.000172218
0.000159627
0.000136487
0.000121979
0.000101465
8.75634e-05
7.23741e-05
6.03447e-05
5.07552e-05
4.09827e-05
3.57646e-05
2.83991e-05
2.59495e-05
2.1303e-05
2.0398e-05
1.89096e-05
1.89589e-05
2.09289e-05
2.19842e-05
2.74302e-05
3.02263e-05
3.9032e-05
4.50534e-05
5.72288e-05
6.84927e-05
8.41644e-05
0.000102408
0.000121308
0.000146655
0.000167297
0.000197041
0.000216189
0.000244563
0.000257623
0.00027716
0.000279661
0.000283875
0.00027349
0.000259773
0.000237828
0.000209074
0.000180663
0.000144706
0.000117162
8.50773e-05
6.44066e-05
4.30692e-05
3.04504e-05
1.92518e-05
1.22987e-05
7.74503e-06
3.59389e-06
2.38712e-06
-8.98473e-07
-9.70556e-07
-4.25031e-06
-4.41272e-06
-7.72562e-06
-8.36937e-06
-1.15688e-05
-1.27829e-05
-1.6757e-05
-1.92868e-05
-2.61517e-05
-3.25159e-05
-3.7129e-05
-4.47647e-06
-3.86147e-06
-2.09966e-06
-1.06896e-06
-3.29458e-07
4.96772e-07
9.34705e-07
1.94706e-06
2.43165e-06
3.98543e-06
4.5769e-06
7.00067e-06
7.79384e-06
1.15003e-05
1.29326e-05
1.86052e-05
2.17525e-05
3.05158e-05
3.74161e-05
5.05345e-05
6.39589e-05
8.15008e-05
0.00010306
0.000121728
0.000147578
0.000161175
0.000183037
0.000186806
0.000198389
0.000191514
0.000190048
0.000175305
0.000162284
0.000144426
0.000124471
0.00010794
8.65518e-05
7.36822e-05
5.51117e-05
4.57243e-05
3.19249e-05
2.43549e-05
1.52225e-05
7.98177e-06
2.37685e-06
-4.64586e-06
-7.87364e-06
-1.33712e-05
-1.48841e-05
-1.71391e-05
-1.71412e-05
-1.52884e-05
-1.37094e-05
-8.32927e-06
-4.80159e-06
2.57994e-06
8.95221e-06
1.70975e-05
2.78001e-05
3.68132e-05
5.33869e-05
6.47397e-05
8.76046e-05
0.000102956
0.000130142
0.000149608
0.000176287
0.000197298
0.00021677
0.000234392
0.000240444
0.000249227
0.000238872
0.000235338
0.000210554
0.000195064
0.000162617
0.000139973
0.000109662
8.70584e-05
6.57852e-05
4.81526e-05
3.60547e-05
2.43029e-05
1.85752e-05
1.14709e-05
9.21474e-06
5.17898e-06
4.36245e-06
2.13663e-06
1.55263e-06
2.54809e-07
-6.07485e-07
-1.54919e-06
-2.8736e-06
-4.00279e-06
-6.51176e-06
-8.74069e-06
-1.388e-05
-1.54203e-05
-2.11303e-06
-1.49598e-06
-8.53142e-07
1.94139e-07
1.13682e-06
2.00322e-06
3.19928e-06
4.28e-06
6.13478e-06
7.79338e-06
1.08625e-05
1.34483e-05
1.8279e-05
2.22372e-05
2.93636e-05
3.53988e-05
4.5541e-05
5.47479e-05
6.8654e-05
8.21909e-05
9.94927e-05
0.000117286
0.000134817
0.000153505
0.000164766
0.000178347
0.000178062
0.000181826
0.000170139
0.000163273
0.000144254
0.000129528
0.000109276
9.14381e-05
7.52244e-05
5.87123e-05
4.87177e-05
3.5863e-05
3.0676e-05
2.12995e-05
1.73792e-05
9.81798e-06
3.99404e-06
-3.23834e-06
-1.17202e-05
-1.87348e-05
-2.77929e-05
-3.32841e-05
-3.93789e-05
-4.16314e-05
-4.20265e-05
-4.01758e-05
-3.46588e-05
-2.92849e-05
-2.0277e-05
-1.2904e-05
-3.8957e-06
4.24021e-06
1.09496e-05
1.99522e-05
2.47803e-05
3.612e-05
4.19894e-05
5.73226e-05
6.77576e-05
8.72008e-05
0.00010382
0.000124806
0.000145701
0.000163303
0.000183314
0.000192087
0.000204917
0.000201387
0.00020248
0.000187008
0.000175673
0.000153038
0.000133651
0.000110888
9.06017e-05
7.26412e-05
5.59608e-05
4.38398e-05
3.18942e-05
2.44974e-05
1.66692e-05
1.24554e-05
7.76823e-06
5.45443e-06
2.95607e-06
1.6175e-06
4.09978e-07
-5.63099e-07
-1.19583e-06
-2.3701e-06
-2.97932e-06
-5.25457e-06
-6.22128e-06
-7.76875e-06
5.56456e-07
1.62471e-06
2.16624e-06
4.48707e-06
5.3775e-06
8.01417e-06
9.36407e-06
1.26056e-05
1.48861e-05
1.91825e-05
2.30895e-05
2.87876e-05
3.49424e-05
4.21844e-05
5.11217e-05
5.99981e-05
7.23558e-05
8.30706e-05
9.92582e-05
0.000111729
0.000130561
0.000143367
0.000160417
0.000169875
0.000177442
0.000179403
0.000172905
0.000166213
0.000147509
0.000134368
0.000109666
9.40091e-05
7.10242e-05
5.62029e-05
4.06732e-05
2.75037e-05
2.07716e-05
7.08348e-06
6.01374e-06
-1.18862e-05
-1.26475e-05
-3.73163e-05
-4.2043e-05
-7.25424e-05
-8.1957e-05
-0.000113227
-0.000124221
-0.0001487
-0.000156331
-0.000167107
-0.000167637
-0.000161527
-0.000154694
-0.000133629
-0.000122804
-9.28495e-05
-8.29815e-05
-5.15037e-05
-4.60916e-05
-1.86157e-05
-1.74983e-05
4.12997e-06
4.81452e-06
2.21433e-05
2.7745e-05
4.36747e-05
5.77827e-05
7.4089e-05
9.60715e-05
0.00011193
0.000136651
0.000148936
0.000168831
0.00017389
0.00018233
0.000178138
0.000172414
0.000160117
0.000143162
0.000127144
0.000106703
9.144e-05
7.32531e-05
6.08402e-05
4.70304e-05
3.76906e-05
2.82297e-05
2.15132e-05
1.5701e-05
1.10888e-05
8.04177e-06
4.99395e-06
3.71466e-06
1.6813e-06
1.30915e-06
-2.57939e-07
-2.6379e-07
-2.03315e-06
-2.32813e-06
-3.38058e-06
3.52664e-06
5.16249e-06
5.97452e-06
9.72078e-06
1.09996e-05
1.56067e-05
1.74872e-05
2.32077e-05
2.61383e-05
3.35469e-05
3.82247e-05
4.75851e-05
5.45758e-05
6.5647e-05
7.53648e-05
8.75577e-05
0.000100495
0.000112918
0.000129323
0.000140232
0.000158799
0.00016495
0.000181246
0.000178593
0.000185169
0.000172143
0.000165031
0.00014485
0.000126041
0.000104802
8.04692e-05
6.36042e-05
4.11975e-05
3.0261e-05
1.50908e-05
6.22743e-06
-8.09971e-07
-1.55784e-05
-1.79198e-05
-4.68201e-05
-4.98523e-05
-9.65952e-05
-0.000104315
-0.000164836
-0.000177437
-0.000240003
-0.000253732
-0.000302711
-0.000312035
-0.000333812
-0.00033462
-0.000323011
-0.000314983
-0.000273672
-0.000260444
-0.000201352
-0.0001884
-0.000126803
-0.000118268
-6.69552e-05
-6.3265e-05
-2.83579e-05
-2.60362e-05
-6.12684e-06
8.58544e-08
1.14907e-05
2.53852e-05
3.56616e-05
5.70085e-05
7.06238e-05
9.4739e-05
0.000111559
0.000131226
0.000147365
0.000156092
0.000166448
0.000161503
0.000162755
0.000146575
0.000139483
0.000119508
0.000107869
8.97636e-05
7.71015e-05
6.30583e-05
5.13881e-05
4.15104e-05
3.17778e-05
2.54885e-05
1.8088e-05
1.46078e-05
9.48505e-06
7.8673e-06
4.58229e-06
3.96271e-06
1.95593e-06
1.7776e-06
5.94374e-07
2.83519e-07
-1.45477e-07
7.60779e-06
9.24693e-06
1.26543e-05
1.64907e-05
2.12942e-05
2.61771e-05
3.21285e-05
3.82806e-05
4.58652e-05
5.38205e-05
6.34573e-05
7.34582e-05
8.49762e-05
9.67682e-05
0.000109465
0.000122403
0.000135286
0.000148352
0.000159858
0.000171176
0.000178611
0.000184906
0.000184693
0.000182047
0.000171713
0.000158698
0.000140024
0.000119861
9.83025e-05
7.70831e-05
5.86214e-05
4.1772e-05
2.94401e-05
1.85137e-05
1.00688e-05
1.21359e-06
-1.06619e-05
-2.54168e-05
-5.002e-05
-7.88937e-05
-0.000122663
-0.000169363
-0.000231553
-0.000292019
-0.000363173
-0.000425681
-0.000489974
-0.000538909
-0.000579644
-0.000601401
-0.000607329
-0.000595731
-0.000565407
-0.000524134
-0.000466374
-0.000407337
-0.000337618
-0.000276079
-0.000210583
-0.000159317
-0.000109271
-7.43964e-05
-4.308e-05
-2.3189e-05
-6.56864e-06
4.82571e-06
1.45888e-05
2.48557e-05
3.49852e-05
4.8588e-05
6.24594e-05
7.92635e-05
9.56016e-05
0.000111726
0.000126144
0.000136491
0.000144397
0.000145671
0.000144695
0.000137622
0.000129604
0.000117831
0.000106264
9.32965e-05
8.10403e-05
6.89779e-05
5.77193e-05
4.76044e-05
3.82567e-05
3.05348e-05
2.35189e-05
1.81515e-05
1.33617e-05
9.9164e-06
6.85943e-06
4.77569e-06
2.91653e-06
1.71812e-06
7.76505e-07
3.4732e-07
1.06783e-05
1.26209e-05
1.87797e-05
2.3424e-05
3.07866e-05
3.66457e-05
4.54034e-05
5.26346e-05
6.3592e-05
7.26408e-05
8.61234e-05
9.71069e-05
0.000112353
0.000124827
0.000140212
0.000153317
0.000166787
0.00017932
0.000188154
0.000198161
0.000198631
0.000203022
0.000191489
0.00018688
0.000163166
0.000148841
0.000119378
9.90183e-05
7.29818e-05
5.24986e-05
3.70195e-05
2.10449e-05
1.67856e-05
5.60747e-06
4.66158e-06
-6.95269e-06
-1.91831e-05
-4.0231e-05
-7.9263e-05
-0.000118207
-0.000192932
-0.000252707
-0.000359442
-0.000434254
-0.000555428
-0.000631224
-0.000739868
-0.000798644
-0.000867264
-0.000893571
-0.000903888
-0.000890703
-0.00084026
-0.000791613
-0.000694498
-0.000623751
-0.000505233
-0.00042982
-0.000317268
-0.000252314
-0.000166171
-0.000119781
-6.81115e-05
-4.00752e-05
-1.84039e-05
-2.47809e-06
1.74535e-06
1.35451e-05
1.43124e-05
2.76044e-05
3.45629e-05
5.04821e-05
6.61527e-05
8.1814e-05
0.000102342
0.000113134
0.000131513
0.000134027
0.000143635
0.000138107
0.000137684
0.000127214
0.000119537
0.000107346
9.58306e-05
8.39955e-05
7.13493e-05
6.10219e-05
4.92105e-05
4.10039e-05
3.13647e-05
2.54103e-05
1.84266e-05
1.44077e-05
9.75358e-06
7.17731e-06
4.27429e-06
2.71112e-06
1.21313e-06
6.61616e-07
1.63947e-05
1.98316e-05
2.60274e-05
3.37959e-05
4.13811e-05
5.0608e-05
5.97713e-05
7.05086e-05
8.19871e-05
9.43536e-05
0.000108416
0.000121876
0.000137733
0.00015097
0.000166958
0.000178221
0.0001922
0.00019958
0.000208737
0.00021014
0.000210734
0.000204125
0.000192605
0.000177317
0.000153621
0.000132394
0.000102955
8.1489e-05
5.54732e-05
3.87616e-05
2.32948e-05
1.18327e-05
7.57683e-06
-4.95763e-06
-5.90278e-06
-3.19773e-05
-4.41981e-05
-9.82084e-05
-0.000137209
-0.000228919
-0.000303585
-0.000431897
-0.000538548
-0.000688606
-0.000809684
-0.000955191
-0.00106375
-0.00117417
-0.00124274
-0.00129292
-0.00130323
-0.00128169
-0.00123129
-0.00114393
-0.00104689
-0.000914697
-0.000796273
-0.000648081
-0.000535618
-0.000398904
-0.000312829
-0.000206088
-0.00015446
-8.37563e-05
-6.21021e-05
-2.24391e-05
-1.8219e-05
1.63386e-06
2.40056e-06
1.41174e-05
2.10704e-05
3.2424e-05
4.80823e-05
6.13804e-05
8.18922e-05
9.50491e-05
0.000113414
0.000122592
0.000132242
0.00013511
0.000134721
0.000131711
0.000123963
0.000116844
0.000105133
9.57259e-05
8.2807e-05
7.26891e-05
6.05892e-05
5.10922e-05
4.11841e-05
3.32121e-05
2.60025e-05
1.98519e-05
1.50417e-05
1.05645e-05
7.59063e-06
4.5523e-06
3.04499e-06
1.88625e-06
2.17095e-05
2.652e-05
3.28756e-05
4.3421e-05
5.12947e-05
6.35381e-05
7.31414e-05
8.7061e-05
9.90575e-05
0.000114461
0.000129084
0.000144813
0.000161238
0.00017518
0.000191709
0.000201283
0.000215733
0.000218342
0.000227799
0.000221234
0.000221942
0.000205147
0.000193638
0.00016846
0.000144781
0.000117164
8.77465e-05
6.52559e-05
3.92591e-05
2.60402e-05
1.05848e-05
3.30171e-06
-9.51077e-07
-1.47416e-05
-1.5686e-05
-5.51517e-05
-6.73635e-05
-0.000151899
-0.000190872
-0.000331445
-0.000406057
-0.000597839
-0.000704411
-0.000924152
-0.00104514
-0.0012552
-0.00136368
-0.00152193
-0.00159045
-0.00166274
-0.00167304
-0.00164377
-0.00159341
-0.0014702
-0.00137323
-0.00118413
-0.00106579
-0.000850205
-0.000737824
-0.000534655
-0.000448643
-0.000286015
-0.000234424
-0.000124208
-0.000102569
-4.09243e-05
-3.67073e-05
-9.39665e-06
-8.63051e-06
1.6276e-06
8.57548e-06
1.57012e-05
3.13479e-05
4.24576e-05
6.29544e-05
7.83011e-05
9.66537e-05
0.000112002
0.000121691
0.000132335
0.000131977
0.000135875
0.000128062
0.000125639
0.000113747
0.000106568
9.34177e-05
8.34844e-05
7.11265e-05
6.04445e-05
5.02775e-05
4.04582e-05
3.30182e-05
2.49341e-05
1.99389e-05
1.37638e-05
1.06734e-05
6.32834e-06
4.74495e-06
3.02767e-06
3.0899e-05
3.57171e-05
4.33721e-05
5.40586e-05
6.49365e-05
7.7535e-05
9.02946e-05
0.000104697
0.000119321
0.000135263
0.000151208
0.000167485
0.000183172
0.000197634
0.000210757
0.000220765
0.000228787
0.000231676
0.000232083
0.000225573
0.000216328
0.000199435
0.000180229
0.000154976
0.000128998
0.000101383
7.54972e-05
5.30192e-05
3.36091e-05
2.04082e-05
9.16847e-06
1.90104e-06
-7.4138e-06
-2.11982e-05
-4.28706e-05
-8.23439e-05
-0.000134747
-0.000219303
-0.000317674
-0.000458278
-0.000606802
-0.000798616
-0.000985248
-0.00120502
-0.0014018
-0.00161189
-0.00178144
-0.00193971
-0.00204596
-0.00211826
-0.00213761
-0.00210834
-0.00203709
-0.00191388
-0.00176915
-0.00158003
-0.00139389
-0.00117828
-0.000987609
-0.000784408
-0.000620189
-0.000457527
-0.000337457
-0.000227214
-0.000153676
-9.20167e-05
-5.53022e-05
-2.7991e-05
-1.26877e-05
-2.44027e-06
5.90356e-06
1.30136e-05
2.33775e-05
3.4474e-05
4.90949e-05
6.44367e-05
8.04688e-05
9.5878e-05
0.000108338
0.000119129
0.000124996
0.000128992
0.000128083
0.000125621
0.00011937
0.000112042
0.000102432
9.22755e-05
8.13307e-05
7.03948e-05
5.98978e-05
4.98273e-05
4.09468e-05
3.26466e-05
2.57725e-05
1.94509e-05
1.45323e-05
1.01361e-05
7.29505e-06
5.57594e-06
3.67095e-05
4.15315e-05
5.24539e-05
6.32628e-05
7.69932e-05
8.99179e-05
0.000105552
0.000120409
0.000137638
0.000154092
0.000171739
0.00018854
0.000204244
0.000219206
0.000229942
0.000240367
0.000243173
0.000246325
0.000238855
0.000232436
0.000213862
0.000196959
0.000169431
0.000144179
0.000113901
8.63039e-05
6.17381e-05
3.92742e-05
2.56426e-05
1.245e-05
7.33313e-06
7.02716e-08
-9.2222e-06
-2.29979e-05
-5.79882e-05
-9.74366e-05
-0.000182342
-0.000266846
-0.000419169
-0.000559684
-0.000780849
-0.000972541
-0.00124258
-0.00146221
-0.0017414
-0.00195135
-0.00218917
-0.00234734
-0.00249616
-0.00256842
-0.00259736
-0.00256811
-0.00247204
-0.0023489
-0.00214958
-0.00196059
-0.0016997
-0.00148422
-0.00121086
-0.00100779
-0.000765148
-0.000602588
-0.000417996
-0.000307822
-0.00018906
-0.00012744
-6.54356e-05
-3.81416e-05
-1.40367e-05
-3.79576e-06
2.8015e-06
9.90706e-06
1.4439e-05
2.55286e-05
3.54663e-05
5.07985e-05
6.62106e-05
8.16291e-05
9.7733e-05
0.000108599
0.000120462
0.000124518
0.000129693
0.0001272
0.000125618
0.000118153
0.000111215
0.00010085
9.06639e-05
7.9491e-05
6.83225e-05
5.80185e-05
4.76721e-05
3.91738e-05
3.05827e-05
2.41327e-05
1.7537e-05
1.31008e-05
8.69186e-06
6.97217e-06
4.18702e-05
4.70339e-05
6.0289e-05
7.18502e-05
8.73348e-05
0.000101019
0.000118504
0.000134001
0.000153029
0.000169804
0.000188803
0.000205403
0.000221528
0.000235632
0.000245395
0.000254304
0.000254411
0.000255561
0.000243666
0.000235146
0.000211049
0.000192538
0.000159778
0.000133991
0.000100697
7.38104e-05
4.96296e-05
2.86036e-05
1.83265e-05
6.11477e-06
5.0764e-06
-3.28116e-06
-1.15899e-05
-3.01918e-05
-7.18428e-05
-0.000121055
-0.000224197
-0.000323733
-0.000507716
-0.000667759
-0.000932702
-0.00114658
-0.0014678
-0.0017097
-0.00204007
-0.0022695
-0.00255004
-0.00272227
-0.00289782
-0.00297682
-0.00301167
-0.00298096
-0.0028691
-0.00273657
-0.00250288
-0.00229791
-0.0019904
-0.00175457
-0.00143027
-0.00120513
-0.000914923
-0.000731254
-0.000508312
-0.000380215
-0.000235315
-0.000160357
-8.43967e-05
-4.87407e-05
-2.03937e-05
-6.19711e-06
-1.25919e-06
6.64856e-06
7.53709e-06
1.78004e-05
2.51221e-05
3.93777e-05
5.47164e-05
6.97349e-05
8.82642e-05
9.96814e-05
0.000115178
0.000120474
0.000129167
0.000128135
0.000129118
0.000122935
0.000117333
0.000107831
9.78607e-05
8.70556e-05
7.53051e-05
6.49445e-05
5.36165e-05
4.47849e-05
3.51408e-05
2.8231e-05
2.06654e-05
1.57536e-05
1.0333e-05
8.39907e-06
4.76308e-05
5.36442e-05
6.69319e-05
8.01524e-05
9.58212e-05
0.000111027
0.000128812
0.000145438
0.000164808
0.000181894
0.000201222
0.000216877
0.000233289
0.000244898
0.000254875
0.000259724
0.000259935
0.000255864
0.000243967
0.000230028
0.00020588
0.000183233
0.000150449
0.000123263
8.99872e-05
6.48991e-05
4.07313e-05
2.33764e-05
1.31049e-05
3.39943e-06
2.36162e-06
-8.81429e-06
-1.71186e-05
-4.8128e-05
-8.97565e-05
-0.000164083
-0.000267169
-0.000405392
-0.000589275
-0.000799604
-0.0010644
-0.00133546
-0.0016565
-0.00195578
-0.00228598
-0.0025656
-0.002846
-0.00305448
-0.00322993
-0.00332632
-0.00336115
-0.00332668
-0.00321487
-0.00305811
-0.00282455
-0.00257838
-0.00227104
-0.00198272
-0.0016586
-0.00137657
-0.00108652
-0.000848481
-0.00062566
-0.000451427
-0.000306605
-0.000197336
-0.000121417
-6.42598e-05
-3.59281e-05
-1.1563e-05
-6.62781e-06
3.34693e-06
4.23499e-06
1.2387e-05
1.97047e-05
3.12102e-05
4.65409e-05
6.05117e-05
7.90706e-05
9.18266e-05
0.000107403
0.000115781
0.000124552
0.000127191
0.000128194
0.000125282
0.000119624
0.000112411
0.000102325
9.2646e-05
8.07434e-05
7.04874e-05
5.89949e-05
4.95701e-05
3.97847e-05
3.19272e-05
2.42816e-05
1.83117e-05
1.28788e-05
1.04106e-05
5.29655e-05
5.97658e-05
7.30837e-05
8.78408e-05
0.00010368
0.000120294
0.000138358
0.00015603
0.000175717
0.00019309
0.000212724
0.000227503
0.000244181
0.00025348
0.000263654
0.000264743
0.000265051
0.000256144
0.000244245
0.000225288
0.000201093
0.000174616
0.000141811
0.000113329
8.00692e-05
5.66466e-05
3.2491e-05
1.85357e-05
8.2693e-06
8.84862e-07
-1.5243e-07
-1.39383e-05
-2.22384e-05
-6.47381e-05
-0.000106346
-0.000203929
-0.000306963
-0.000481013
-0.000664805
-0.000921701
-0.00118637
-0.00151036
-0.00183125
-0.00218367
-0.0025137
-0.00283981
-0.00312007
-0.00336212
-0.00353749
-0.00364997
-0.00368479
-0.00364683
-0.00353508
-0.00335587
-0.00312243
-0.00283811
-0.00253092
-0.00219399
-0.00187004
-0.00153533
-0.00124543
-0.00095704
-0.000734331
-0.000517374
-0.000372624
-0.000231581
-0.0001557
-7.86315e-05
-5.0314e-05
-1.65322e-05
-1.15995e-05
2.89419e-07
1.17703e-06
7.37379e-06
1.46879e-05
2.36465e-05
3.897e-05
5.19705e-05
7.05567e-05
8.45525e-05
0.000100202
0.000111436
0.000120278
0.000126316
0.000127338
0.000127455
0.000121746
0.000116652
0.000106459
9.7823e-05
8.57795e-05
7.56205e-05
6.39757e-05
5.40014e-05
4.40852e-05
3.53501e-05
2.76304e-05
2.06806e-05
1.52363e-05
1.22734e-05
5.80644e-05
6.55351e-05
7.88332e-05
9.48958e-05
0.000110924
0.000128787
0.000147056
0.000165708
0.00018553
0.000203266
0.00022289
0.000237073
0.000253575
0.00026108
0.000270944
0.000268994
0.000268924
0.000256003
0.000243765
0.000220559
0.00019619
0.000166426
0.000133696
0.000104096
7.11369e-05
4.91481e-05
2.5302e-05
1.4272e-05
4.09061e-06
-1.29673e-06
-2.71149e-06
-1.87424e-05
-2.80511e-05
-8.04349e-05
-0.000123719
-0.000241308
-0.00034657
-0.000551438
-0.00073777
-0.00103472
-0.00130195
-0.00167148
-0.00199468
-0.00239281
-0.00272473
-0.00309083
-0.00337245
-0.00364339
-0.00381959
-0.00394592
-0.00398103
-0.00394007
-0.00382805
-0.00362955
-0.00339526
-0.00307812
-0.00276948
-0.00239074
-0.00206476
-0.00168475
-0.0013924
-0.0010607
-0.000835357
-0.000581649
-0.000434374
-0.000265998
-0.000187986
-9.37899e-05
-6.39329e-05
-2.20508e-05
-1.62302e-05
-2.69489e-06
-1.48971e-06
3.02469e-06
1.02701e-05
1.70373e-05
3.21126e-05
4.42783e-05
6.27045e-05
7.77774e-05
9.34547e-05
0.000107132
0.00011617
0.000125073
0.000126372
0.000128998
0.000123555
0.000120184
0.000110172
0.000102359
9.03749e-05
8.02527e-05
6.85568e-05
5.80904e-05
4.8061e-05
3.85792e-05
3.07438e-05
2.29789e-05
1.74902e-05
1.41058e-05
6.45386e-05
7.20138e-05
8.4584e-05
0.000100723
0.000117348
0.00013539
0.000153825
0.000172687
0.000191831
0.000209752
0.000227583
0.000241893
0.000255472
0.000263027
0.000269123
0.000267134
0.000263076
0.000250044
0.000234603
0.000211275
0.000185692
0.000155858
0.000124699
9.50993e-05
6.5927e-05
4.39477e-05
2.40066e-05
1.29813e-05
3.85151e-06
-1.53351e-06
-7.88165e-06
-2.39056e-05
-4.6428e-05
-9.87893e-05
-0.000164193
-0.000281731
-0.000416658
-0.000621438
-0.000841972
-0.0011388
-0.00144095
-0.00181033
-0.00216558
-0.00256353
-0.00292195
-0.00328789
-0.00358898
-0.0038598
-0.00404783
-0.00417411
-0.00421323
-0.00417228
-0.00405621
-0.0038578
-0.00361111
-0.00329411
-0.00296474
-0.00258617
-0.00223199
-0.00185214
-0.0015262
-0.00119464
-0.000933637
-0.000680039
-0.000498976
-0.000330673
-0.000224413
-0.000130257
-8.01437e-05
-3.82796e-05
-2.0842e-05
-7.3125e-06
-1.95669e-06
2.55577e-06
8.94626e-06
1.57105e-05
2.78164e-05
3.99826e-05
5.58902e-05
7.10094e-05
8.60649e-05
9.98398e-05
0.000110171
0.000119184
0.000122944
0.000125643
0.000122938
0.000119578
0.0001119
0.000104039
9.35881e-05
8.33726e-05
7.23238e-05
6.17433e-05
5.16489e-05
4.20699e-05
3.37603e-05
2.59556e-05
2.0376e-05
1.69897e-05
7.03475e-05
7.78266e-05
8.98688e-05
0.000106079
0.000123272
0.00014148
0.000160086
0.000179144
0.000197684
0.000215777
0.000231983
0.000246412
0.00025732
0.000264923
0.000267554
0.00026553
0.00025778
0.000244648
0.000226213
0.000202772
0.000176007
0.000146108
0.000116324
8.67249e-05
6.09794e-05
3.90087e-05
2.26845e-05
1.16636e-05
3.62624e-06
-1.75664e-06
-1.24278e-05
-2.84454e-05
-6.28758e-05
-0.000115216
-0.000200789
-0.00031828
-0.000480502
-0.000685201
-0.000937479
-0.00123418
-0.00156906
-0.00193828
-0.00232383
-0.00272163
-0.00310533
-0.00347112
-0.00379091
-0.00406162
-0.00426105
-0.00438727
-0.00443017
-0.00438924
-0.00426913
-0.00407079
-0.00381206
-0.00349518
-0.00314592
-0.0027675
-0.00238654
-0.00200684
-0.00164934
-0.00131792
-0.00102368
-0.000770184
-0.00055787
-0.000389634
-0.000257424
-0.000163305
-9.47113e-05
-5.28638e-05
-2.49244e-05
-1.14003e-05
-2.37602e-06
2.13464e-06
7.65665e-06
1.44182e-05
2.37866e-05
3.59534e-05
4.9572e-05
6.47341e-05
7.92573e-05
9.31223e-05
0.000104681
0.000113795
0.000119843
0.000122607
0.00012243
0.000119078
0.000113538
0.000105631
9.65754e-05
8.62733e-05
7.58038e-05
6.51176e-05
5.4949e-05
4.52805e-05
3.65195e-05
2.86782e-05
2.29638e-05
1.95758e-05
7.2634e-05
8.01131e-05
9.42317e-05
0.0001105
0.000128377
0.000146727
0.000165759
0.000184993
0.000203461
0.000221723
0.000237075
0.000251639
0.000260741
0.000268427
0.000268341
0.000266333
0.000255275
0.000242093
0.000220406
0.000196887
0.000167837
0.000137885
0.000107663
7.80637e-05
5.41053e-05
3.21428e-05
1.91786e-05
8.16175e-06
3.3458e-06
-2.03509e-06
-1.21343e-05
-2.8146e-05
-6.74792e-05
-0.0001198
-0.000218181
-0.000335628
-0.000519843
-0.000724466
-0.00100748
-0.00130408
-0.0016761
-0.00204519
-0.00247034
-0.00286799
-0.00328888
-0.00365454
-0.00400422
-0.00427483
-0.00449287
-0.00461905
-0.00466687
-0.00462595
-0.00449661
-0.00429834
-0.0040177
-0.00370094
-0.00332019
-0.00294191
-0.00252404
-0.00214448
-0.00174915
-0.00141784
-0.001089
-0.000835599
-0.000595053
-0.000426879
-0.000274521
-0.000180437
-9.99159e-05
-5.80839e-05
-2.51939e-05
-1.16748e-05
-2.51975e-06
1.98925e-06
5.27725e-06
1.20363e-05
1.8974e-05
3.11427e-05
4.35527e-05
5.87558e-05
7.37074e-05
8.76458e-05
0.000100903
0.000110086
0.000118384
0.00012118
0.000123126
0.000119756
0.000115767
0.000107802
9.95645e-05
8.91765e-05
7.88707e-05
6.8091e-05
5.76438e-05
4.79016e-05
3.86255e-05
3.07565e-05
2.39575e-05
2.05696e-05
7.47515e-05
8.22305e-05
9.82721e-05
0.000114594
0.000133103
0.000151586
0.000171012
0.00019041
0.00020881
0.000227228
0.000241791
0.000256479
0.00026391
0.000271673
0.00026907
0.000267076
0.000252956
0.000239728
0.000215029
0.000191438
0.000160272
0.00013027
9.96432e-05
7.00428e-05
4.77394e-05
2.57844e-05
1.59319e-05
4.91884e-06
3.0861e-06
-2.29295e-06
-1.18625e-05
-2.78688e-05
-7.17422e-05
-0.000124045
-0.000234287
-0.000351694
-0.000556275
-0.000760828
-0.00107231
-0.0013688
-0.00177522
-0.00214419
-0.00260602
-0.00300353
-0.00345887
-0.0038244
-0.00420176
-0.00447228
-0.00470755
-0.00483369
-0.00488606
-0.00484516
-0.00470727
-0.00450907
-0.00420814
-0.00389149
-0.00348158
-0.00310343
-0.00265137
-0.00227194
-0.00184157
-0.00151038
-0.00114949
-0.000896178
-0.000629488
-0.000461371
-0.000290354
-0.000196303
-0.000104736
-6.2918e-05
-2.54435e-05
-1.1929e-05
-2.65286e-06
1.8546e-06
3.07379e-06
9.83056e-06
1.45173e-05
2.66878e-05
3.79784e-05
5.32195e-05
6.85679e-05
8.25742e-05
9.74034e-05
0.000106652
0.000117033
0.000119858
0.00012377
0.000120384
0.000117832
0.000109812
0.000102333
9.18651e-05
8.17109e-05
7.08446e-05
6.01394e-05
5.03289e-05
4.05758e-05
3.26811e-05
2.48778e-05
2.14899e-05
7.65317e-05
8.41168e-05
0.000100794
0.000117271
0.000136118
0.000154651
0.000174384
0.000193697
0.000212253
0.000230388
0.00024484
0.000259
0.00026599
0.000272995
0.000269617
0.000266728
0.000251581
0.000237488
0.000211722
0.00018752
0.000155575
0.000125432
9.46441e-05
6.54516e-05
4.37225e-05
2.25735e-05
1.37583e-05
3.48996e-06
2.65018e-06
-2.69679e-06
-1.20882e-05
-2.94614e-05
-7.48366e-05
-0.000130439
-0.000244604
-0.000367455
-0.000578771
-0.00079071
-0.0011116
-0.00141683
-0.00183461
-0.0022128
-0.00268673
-0.00309297
-0.00355968
-0.00393253
-0.00431902
-0.00459472
-0.00483567
-0.00496436
-0.00501824
-0.00497704
-0.00483633
-0.00463503
-0.00432741
-0.00400514
-0.00358561
-0.00319988
-0.00273654
-0.00234833
-0.00190639
-0.00156614
-0.00119467
-0.00093294
-0.000657606
-0.00048251
-0.000305319
-0.000206205
-0.000110982
-6.61257e-05
-2.71334e-05
-1.23405e-05
-3.02594e-06
1.53109e-06
2.06169e-06
8.27307e-06
1.21976e-05
2.37982e-05
3.47302e-05
4.97172e-05
6.52575e-05
7.94204e-05
9.48464e-05
0.000104563
0.000115684
0.000119112
0.000123678
0.000120863
0.000118746
0.00011115
0.000103849
9.36163e-05
8.34205e-05
7.2622e-05
6.17403e-05
5.18784e-05
4.19061e-05
3.38781e-05
2.57432e-05
2.22719e-05
7.80884e-05
8.58259e-05
0.00010251
0.000119254
0.000138149
0.000156847
0.000176654
0.000195948
0.00021458
0.000232405
0.000246917
0.000260409
0.000267436
0.000273422
0.000270052
0.000265908
0.000250739
0.000235389
0.000209587
0.000184464
0.000152492
0.000122107
9.13135e-05
6.27012e-05
4.09784e-05
2.09908e-05
1.21782e-05
2.9845e-06
2.14497e-06
-3.15649e-06
-1.25452e-05
-3.1897e-05
-7.72589e-05
-0.000137639
-0.000251771
-0.000382508
-0.000593762
-0.000816412
-0.00113721
-0.00145512
-0.00187278
-0.00226435
-0.00273815
-0.00315707
-0.00362363
-0.00400712
-0.0043935
-0.00467672
-0.0049176
-0.00505
-0.00510386
-0.00506222
-0.00492156
-0.00471573
-0.0044082
-0.00407776
-0.00365835
-0.0032616
-0.00279839
-0.00239744
-0.00195563
-0.00160223
-0.00123087
-0.00095694
-0.000681687
-0.000496473
-0.000319335
-0.000212887
-0.000117692
-6.84369e-05
-2.94561e-05
-1.2813e-05
-3.50122e-06
1.12823e-06
1.65867e-06
7.08278e-06
1.10062e-05
2.17834e-05
3.27207e-05
4.73648e-05
6.29272e-05
7.73555e-05
9.28152e-05
0.000103238
0.000114389
0.00011869
0.000123268
0.000121248
0.000119122
0.000112091
0.000104763
9.48166e-05
8.45813e-05
7.3827e-05
6.29053e-05
5.2924e-05
4.29268e-05
3.46891e-05
2.65512e-05
2.29604e-05
7.953e-05
8.74088e-05
0.000104098
0.00012109
0.00014003
0.00015888
0.000178757
0.000198033
0.000216734
0.000234273
0.00024884
0.000261713
0.000268775
0.000273817
0.000270454
0.000265148
0.000249959
0.000233446
0.00020761
0.000181635
0.000149636
0.000119027
8.82292e-05
6.01542e-05
3.84371e-05
1.95251e-05
1.07149e-05
2.51642e-06
1.67712e-06
-3.58221e-06
-1.29683e-05
-3.41525e-05
-7.95021e-05
-0.000144307
-0.000258407
-0.000396449
-0.000607645
-0.000840214
-0.00116092
-0.00149058
-0.00190812
-0.00231209
-0.00278576
-0.00321642
-0.00368286
-0.00407619
-0.00446247
-0.00475266
-0.00499348
-0.00512931
-0.00518316
-0.00514111
-0.00500048
-0.00479046
-0.00448302
-0.00414501
-0.00372571
-0.00331875
-0.00285567
-0.00244291
-0.00200122
-0.00163565
-0.00126439
-0.000979166
-0.000703987
-0.000509404
-0.000332314
-0.000219075
-0.000123905
-7.05773e-05
-3.16071e-05
-1.32506e-05
-3.94135e-06
7.55154e-07
1.28545e-06
5.98049e-06
9.90295e-06
1.99176e-05
3.08599e-05
4.51863e-05
6.07691e-05
7.54433e-05
9.09341e-05
0.000102011
0.000113189
0.0001183
0.000122888
0.000121605
0.00011947
0.000112962
0.000105608
9.59282e-05
8.56563e-05
7.4943e-05
6.39842e-05
5.38924e-05
4.38719e-05
3.54402e-05
2.72995e-05
2.3598e-05
8.0865e-05
8.88745e-05
0.00010557
0.000122791
0.000141773
0.000160763
0.000180705
0.000199963
0.00021873
0.000236003
0.000250622
0.000262922
0.000270014
0.000274183
0.000270827
0.000264445
0.000249237
0.000231646
0.000205779
0.000179014
0.000146992
0.000116176
8.53729e-05
5.77955e-05
3.60837e-05
1.81678e-05
9.3598e-06
2.08295e-06
1.24386e-06
-3.97645e-06
-1.33602e-05
-3.62413e-05
-8.15794e-05
-0.000150481
-0.000264553
-0.000409359
-0.000620502
-0.000862257
-0.00118288
-0.00152341
-0.00194085
-0.0023563
-0.00282985
-0.00327138
-0.0037377
-0.00414016
-0.00452634
-0.00482299
-0.00506374
-0.00520275
-0.00525659
-0.00521416
-0.00507357
-0.00485967
-0.00455231
-0.00420728
-0.00378809
-0.00337168
-0.00290872
-0.00248503
-0.00204344
-0.0016666
-0.00129543
-0.000999748
-0.000724639
-0.000521379
-0.000344333
-0.000224806
-0.00012966
-7.25595e-05
-3.3599e-05
-1.36559e-05
-4.34894e-06
4.09662e-07
9.39822e-07
4.95971e-06
8.88123e-06
1.81897e-05
2.91366e-05
4.31688e-05
5.87706e-05
7.36725e-05
8.91922e-05
0.000100875
0.000112079
0.000117938
0.000122536
0.000121936
0.000119792
0.000113769
0.000106392
9.69576e-05
8.66518e-05
7.59764e-05
6.49833e-05
5.47892e-05
4.47472e-05
3.61357e-05
2.79925e-05
2.41885e-05
8.21013e-05
9.02319e-05
0.000106932
0.000124365
0.000143386
0.000162507
0.000182508
0.000201751
0.000220577
0.000237605
0.000252271
0.00026404
0.000271163
0.000274522
0.000271172
0.000263793
0.000248568
0.000229979
0.000204084
0.000176587
0.000144544
0.000113535
8.27278e-05
5.56112e-05
3.39044e-05
1.69108e-05
8.10489e-06
1.68153e-06
8.42633e-07
-4.34154e-06
-1.37231e-05
-3.81756e-05
-8.35031e-05
-0.000156199
-0.000270245
-0.000421314
-0.000632408
-0.000882669
-0.00120322
-0.00155382
-0.00197116
-0.00239724
-0.00287068
-0.00332228
-0.00378849
-0.0041994
-0.00458549
-0.00488811
-0.00512881
-0.00527076
-0.00532459
-0.00528181
-0.00514126
-0.00492376
-0.00461647
-0.00426495
-0.00384586
-0.0034207
-0.00295784
-0.00252403
-0.00208255
-0.00169526
-0.00132418
-0.00101881
-0.000743763
-0.000532469
-0.000355464
-0.000230113
-0.000134989
-7.43951e-05
-3.54437e-05
-1.40312e-05
-4.7264e-06
8.9715e-08
6.19751e-07
4.0144e-06
7.93506e-06
1.65896e-05
2.75407e-05
4.13006e-05
5.69199e-05
7.20326e-05
8.7579e-05
9.98232e-05
0.00011105
0.000117603
0.00012221
0.000122242
0.00012009
0.000114517
0.000107117
9.79108e-05
8.75737e-05
7.69334e-05
6.59085e-05
5.56197e-05
4.55578e-05
3.67798e-05
2.86342e-05
2.47353e-05
8.32462e-05
9.1489e-05
0.000108194
0.000125824
0.00014488
0.000164122
0.000184178
0.000203406
0.000222289
0.000239089
0.000253799
0.000265077
0.000272226
0.000274836
0.000271491
0.00026319
0.000247948
0.000228436
0.000202514
0.00017434
0.000142276
0.000111089
8.02782e-05
5.35883e-05
3.18861e-05
1.57468e-05
6.94277e-06
1.30979e-06
4.71072e-07
-4.67964e-06
-1.40592e-05
-3.99669e-05
-8.52846e-05
-0.000161495
-0.000275515
-0.000432385
-0.000643433
-0.000901572
-0.00122206
-0.00158198
-0.00199923
-0.00243516
-0.00290849
-0.00336942
-0.00383553
-0.00425426
-0.00464027
-0.00494842
-0.00518907
-0.00533374
-0.00538756
-0.00534446
-0.00520394
-0.00498311
-0.00467589
-0.00431836
-0.00389936
-0.00346609
-0.00300333
-0.00256014
-0.00211876
-0.00172181
-0.0013508
-0.00103646
-0.000761474
-0.000542739
-0.000365772
-0.000235027
-0.000139924
-7.60949e-05
-3.7152e-05
-1.43787e-05
-5.07594e-06
-2.06576e-07
3.23346e-07
3.13899e-06
7.05884e-06
1.51078e-05
2.60629e-05
3.95704e-05
5.5206e-05
7.0514e-05
8.60851e-05
9.88489e-05
0.000110097
0.000117293
0.000121908
0.000122526
0.000120366
0.000115209
0.000107789
9.87936e-05
8.84274e-05
7.78197e-05
6.67654e-05
5.63887e-05
4.63084e-05
3.73763e-05
2.92285e-05
2.52416e-05
8.43064e-05
9.2653e-05
0.000109362
0.000127174
0.000146264
0.000165618
0.000185725
0.000204939
0.000223873
0.000240462
0.000255214
0.000266036
0.000273211
0.000275127
0.000271787
0.000262631
0.000247375
0.000227006
0.00020106
0.000172259
0.000140176
0.000108824
7.80098e-05
5.17151e-05
3.00171e-05
1.46688e-05
5.86657e-06
9.65531e-07
1.26984e-07
-4.99274e-06
-1.43704e-05
-4.16257e-05
-8.69344e-05
-0.000166398
-0.000280396
-0.000442638
-0.000653644
-0.000919078
-0.0012395
-0.00160805
-0.00202522
-0.00247027
-0.00294351
-0.00341307
-0.00387909
-0.00430506
-0.00469099
-0.00500427
-0.00524487
-0.00539207
-0.00544587
-0.00540248
-0.00526198
-0.00503808
-0.00473091
-0.00436782
-0.0039489
-0.00350812
-0.00304546
-0.00259359
-0.00215229
-0.00174639
-0.00137545
-0.00105281
-0.000777875
-0.000552249
-0.000375318
-0.000239578
-0.000144494
-7.76691e-05
-3.8734e-05
-1.47005e-05
-5.39964e-06
-4.80959e-07
4.88564e-08
2.3283e-06
6.24741e-06
1.37356e-05
2.46943e-05
3.79682e-05
5.36188e-05
6.91077e-05
8.47017e-05
9.79466e-05
0.000109215
0.000117005
0.000121628
0.000122788
0.000120622
0.00011585
0.000108411
9.96111e-05
8.92181e-05
7.86404e-05
6.75588e-05
5.71009e-05
4.70035e-05
3.79287e-05
2.97789e-05
2.57106e-05
8.52285e-05
9.35852e-05
0.000109569
0.000127445
0.000146401
0.000165873
0.000185761
0.000205105
0.000223765
0.000240459
0.000254926
0.000265809
0.000272746
0.000274664
0.000271204
0.000261986
0.000246788
0.000226307
0.000200622
0.000171705
0.000140036
0.000108626
7.82262e-05
5.19664e-05
3.04613e-05
1.5194e-05
6.14934e-06
1.32167e-06
-3.25591e-07
-5.44139e-06
-1.61625e-05
-4.35469e-05
-9.04673e-05
-0.000170241
-0.000285643
-0.00044839
-0.000660035
-0.000926148
-0.00124599
-0.00161534
-0.00203058
-0.00247646
-0.00294667
-0.00341701
-0.00387952
-0.00430614
-0.00468893
-0.00500267
-0.00524127
-0.0053887
-0.00544214
-0.00539872
-0.00525956
-0.00503539
-0.00473087
-0.00436728
-0.00395164
-0.00351018
-0.00305065
-0.00259799
-0.00215903
-0.0017523
-0.00138257
-0.00105915
-0.000784279
-0.000558008
-0.00038026
-0.000244047
-0.00014769
-8.05795e-05
-4.03396e-05
-1.61852e-05
-5.86072e-06
-9.37963e-07
1.87567e-07
2.41348e-06
6.50675e-06
1.39424e-05
2.47656e-05
3.80482e-05
5.34222e-05
6.89823e-05
8.43171e-05
9.76575e-05
0.000108782
0.000116649
0.000121269
0.000122463
0.000120408
0.000115627
0.000108361
9.95153e-05
8.93003e-05
7.86565e-05
6.77157e-05
5.7195e-05
4.71778e-05
3.80678e-05
3.02318e-05
2.61557e-05
8.6076e-05
9.44323e-05
0.000109693
0.000127571
0.00014646
0.000165941
0.000185714
0.000205066
0.000223567
0.000240264
0.000254555
0.000265432
0.000272222
0.000274129
0.000270603
0.000261369
0.000246241
0.000225746
0.000200299
0.000171377
0.000140088
0.000108683
7.86834e-05
5.24287e-05
3.11142e-05
1.58494e-05
6.55326e-06
1.72641e-06
-7.59573e-07
-5.8745e-06
-1.79892e-05
-4.53689e-05
-9.39616e-05
-0.000173721
-0.000290582
-0.000453301
-0.000665612
-0.00093168
-0.00125094
-0.00162022
-0.00203347
-0.00247927
-0.00294634
-0.0034166
-0.00387549
-0.00430204
-0.00468158
-0.00499526
-0.0052318
-0.0053792
-0.00543227
-0.00538886
-0.00525108
-0.00502695
-0.00472516
-0.00436164
-0.00394938
-0.003508
-0.00305169
-0.00259911
-0.00216256
-0.00175591
-0.00138742
-0.00106405
-0.000789236
-0.000563003
-0.000384404
-0.000248215
-0.000150535
-8.34361e-05
-4.18421e-05
-1.76918e-05
-6.30562e-06
-1.38371e-06
3.59644e-07
2.58518e-06
6.8638e-06
1.42977e-05
2.50004e-05
3.82796e-05
5.34109e-05
6.89711e-05
8.40864e-05
9.74331e-05
0.000108436
0.000116312
0.000120921
0.000122123
0.000120144
0.000115367
0.00010822
9.9374e-05
8.92768e-05
7.8629e-05
6.77744e-05
5.7249e-05
4.72792e-05
3.81681e-05
3.0645e-05
2.65691e-05
8.68608e-05
9.52167e-05
0.000109809
0.000127687
0.000146516
0.000166003
0.000185671
0.00020503
0.000223385
0.000240083
0.000254211
0.000265084
0.000271736
0.000273634
0.000270046
0.000260798
0.000245733
0.000225226
0.000199999
0.000171073
0.000140136
0.000108735
7.91067e-05
5.28569e-05
3.17188e-05
1.64564e-05
6.92731e-06
2.10123e-06
-1.16147e-06
-6.27558e-06
-1.96807e-05
-4.70561e-05
-9.71976e-05
-0.000176945
-0.000295156
-0.000457849
-0.000670778
-0.000936803
-0.00125552
-0.00162474
-0.00203614
-0.00248187
-0.00294604
-0.00341622
-0.00387176
-0.00429824
-0.00467477
-0.00498841
-0.00522303
-0.00537041
-0.00542313
-0.00537973
-0.00524322
-0.00501913
-0.00471988
-0.00435641
-0.00394729
-0.00350598
-0.00305266
-0.00260015
-0.00216584
-0.00175925
-0.00139191
-0.00106859
-0.000793825
-0.000567629
-0.000388241
-0.000252074
-0.00015317
-8.60814e-05
-4.32335e-05
-1.90871e-05
-6.71762e-06
-1.79649e-06
5.18999e-07
2.74418e-06
7.19446e-06
1.46267e-05
2.52179e-05
3.84939e-05
5.34003e-05
6.89607e-05
8.38728e-05
9.72252e-05
0.000108115
0.000116
0.000120599
0.000121809
0.000119899
0.000115127
0.000108089
9.92432e-05
8.92551e-05
7.86035e-05
6.78287e-05
5.72991e-05
4.73731e-05
3.8261e-05
3.10277e-05
2.69519e-05
8.75876e-05
9.59432e-05
0.000109915
0.000127795
0.000146567
0.000166061
0.000185632
0.000204997
0.000223215
0.000239915
0.000253893
0.000264761
0.000271287
0.000273175
0.00026953
0.000260269
0.000245264
0.000224745
0.000199721
0.000170792
0.00014018
0.000108783
7.94988e-05
5.32534e-05
3.22786e-05
1.70186e-05
7.2737e-06
2.44834e-06
-1.53365e-06
-6.647e-06
-2.12472e-05
-4.86185e-05
-0.000100194
-0.00017993
-0.000299392
-0.000462061
-0.000675562
-0.000941548
-0.00125976
-0.00162893
-0.00203861
-0.00248428
-0.00294576
-0.00341587
-0.0038683
-0.00429472
-0.00466847
-0.00498205
-0.00521491
-0.00536226
-0.00541467
-0.00537127
-0.00523595
-0.00501189
-0.00471499
-0.00435157
-0.00394535
-0.00350411
-0.00305356
-0.00260111
-0.00216887
-0.00176234
-0.00139606
-0.0010728
-0.000798076
-0.000571912
-0.000391795
-0.000255647
-0.00015561
-8.85311e-05
-4.4522e-05
-2.03792e-05
-7.09916e-06
-2.17876e-06
6.66571e-07
2.89142e-06
7.50066e-06
1.49314e-05
2.54193e-05
3.86923e-05
5.33906e-05
6.89512e-05
8.3675e-05
9.70326e-05
0.000107819
0.000115711
0.000120301
0.000121518
0.000119672
0.000114904
0.000107968
9.91221e-05
8.92349e-05
7.85799e-05
6.7879e-05
5.73454e-05
4.74601e-05
3.83471e-05
3.1382e-05
2.73064e-05
8.82607e-05
9.66159e-05
0.000110014
0.000127894
0.000146615
0.000166114
0.000185595
0.000204966
0.000223058
0.00023976
0.000253598
0.000264463
0.000270871
0.00027275
0.000269053
0.00025978
0.000244829
0.0002243
0.000199464
0.000170532
0.000140221
0.000108828
7.98619e-05
5.36205e-05
3.27971e-05
1.75391e-05
7.59449e-06
2.76978e-06
-1.87831e-06
-6.99097e-06
-2.26979e-05
-5.00655e-05
-0.000102969
-0.000182694
-0.000303315
-0.000465962
-0.000679991
-0.000945941
-0.00126368
-0.00163281
-0.0020409
-0.00248651
-0.0029455
-0.00341555
-0.0038651
-0.00429146
-0.00466263
-0.00497617
-0.00520739
-0.00535472
-0.00540683
-0.00536344
-0.00522921
-0.00500518
-0.00471046
-0.00434709
-0.00394356
-0.00350237
-0.00305439
-0.00260201
-0.00217168
-0.00176521
-0.00139991
-0.00107669
-0.000802012
-0.000575879
-0.000395086
-0.000258957
-0.000157869
-9.07997e-05
-4.57153e-05
-2.15757e-05
-7.45249e-06
-2.53276e-06
8.03232e-07
3.02778e-06
7.78422e-06
1.52135e-05
2.56058e-05
3.88761e-05
5.33816e-05
6.89423e-05
8.34918e-05
9.68543e-05
0.000107544
0.000115444
0.000120025
0.000121248
0.000119462
0.000114697
0.000107856
9.90099e-05
8.92163e-05
7.8558e-05
6.79257e-05
5.73883e-05
4.75406e-05
3.84267e-05
3.17101e-05
2.76347e-05
)
;

boundaryField
{
    inlet
    {
        type            cyclic;
    }
    outlet
    {
        type            cyclic;
    }
    top
    {
        type            zeroGradient;
    }
    hills
    {
        type            zeroGradient;
    }
    front
    {
        type            empty;
    }
    back
    {
        type            empty;
    }
}


// ************************************************************************* //
