/*--------------------------------*- C++ -*----------------------------------*\
| =========                 |                                                 |
| \\      /  F ield         | OpenFOAM: The Open Source CFD Toolbox           |
|  \\    /   O peration     | Version:  v2106                                 |
|   \\  /    A nd           | Website:  www.openfoam.com                      |
|    \\/     M anipulation  |                                                 |
\*---------------------------------------------------------------------------*/
FoamFile
{
    version     2.0;
    format      ascii;
    arch        "LSB;label=32;scalar=64";
    class       volScalarField;
    location    "0";
    object      expGpCoeffs19;
}
// * * * * * * * * * * * * * * * * * * * * * * * * * * * * * * * * * * * * * //

dimensions      [0 0 0 0 0 0 0];

internalField   nonuniform List<scalar> 
8000
(
0.0114284
0.0110792
0.0104634
0.00961051
0.00863303
0.00756874
0.006483
0.00536279
0.00429044
0.00325538
0.0023382
0.00154559
0.000926109
0.000482724
0.000218055
0.000125364
0.000156409
0.000306441
0.000506731
0.000755851
0.00101057
0.00126894
0.00152313
0.00177073
0.00201829
0.00226614
0.00251627
0.00276837
0.0030184
0.0032658
0.00350536
0.00373662
0.00395537
0.00416129
0.00435189
0.004527
0.00468629
0.00482977
0.00495926
0.00507495
0.00518041
0.00527597
0.00536625
0.00545163
0.00553694
0.00562252
0.00571254
0.00580726
0.00590946
0.00601926
0.00613749
0.00626408
0.0063976
0.00653776
0.00668074
0.00682606
0.00696766
0.00710492
0.00723006
0.00734234
0.00743316
0.00750176
0.00753982
0.00754668
0.0075156
0.00744612
0.00733426
0.00717988
0.00698267
0.00674282
0.00646409
0.00614702
0.00579919
0.00542146
0.00502013
0.00459557
0.00413883
0.00365051
0.00311805
0.00254739
0.00196818
0.00138528
0.000886696
0.000474826
0.000251023
0.000220097
0.000424463
0.000869703
0.00151645
0.00235819
0.00330439
0.00434565
0.00537968
0.00641345
0.00738528
0.00830853
0.00915815
0.00991031
0.0104644
0.0107854
0.0114565
0.0111074
0.010476
0.00962333
0.00863858
0.00757415
0.00648412
0.00536345
0.00428485
0.0032492
0.0023263
0.00153309
0.00091134
0.000467443
0.000205364
0.000112352
0.000149746
0.000299671
0.00050531
0.000754412
0.00101113
0.00126948
0.00152341
0.00177097
0.00201802
0.00226584
0.00251623
0.0027683
0.00301885
0.00326622
0.00350624
0.00373747
0.00395656
0.00416245
0.00435321
0.0045283
0.00468754
0.00483101
0.00496026
0.00507594
0.00518104
0.00527659
0.00536645
0.00545182
0.00553673
0.0056223
0.00571202
0.00580673
0.00590878
0.00601856
0.00613683
0.00626341
0.00639717
0.00653733
0.00668076
0.00682606
0.00696831
0.00710554
0.00723144
0.00734371
0.00743531
0.0075039
0.00754266
0.00754951
0.00751892
0.00744944
0.00733778
0.00718341
0.00698602
0.00674621
0.00646692
0.0061499
0.0058012
0.00542352
0.00502184
0.00459734
0.00414219
0.00365393
0.00312116
0.00255053
0.00196572
0.00138285
0.000874868
0.000463166
0.000231636
0.000201146
0.000405267
0.000851119
0.00150403
0.00234638
0.00330166
0.00434341
0.00538441
0.00641846
0.00739093
0.00831428
0.00916733
0.00991934
0.0104903
0.0108113
0.0114868
0.0111378
0.0104897
0.00963717
0.00864456
0.00757999
0.00648532
0.00536416
0.00427882
0.00324252
0.00231344
0.00151959
0.000895393
0.000450942
0.000191659
9.83013e-05
0.000142551
0.000292359
0.000503776
0.000752857
0.00101174
0.00127006
0.00152371
0.00177124
0.00201772
0.00226551
0.00251619
0.00276823
0.00301933
0.00326667
0.0035072
0.00373839
0.00395785
0.00416371
0.00435463
0.0045297
0.0046889
0.00483234
0.00496135
0.00507701
0.00518172
0.00527726
0.00536666
0.00545203
0.00553651
0.00562207
0.00571145
0.00580616
0.00590804
0.00601781
0.00613612
0.00626268
0.00639672
0.00653685
0.00668079
0.00682607
0.00696901
0.00710622
0.00723294
0.00734519
0.00743764
0.00750622
0.00754572
0.00755257
0.00752251
0.00745304
0.00734157
0.00718723
0.00698965
0.00674986
0.00646999
0.00615301
0.00580337
0.00542574
0.00502369
0.00459925
0.00414583
0.00365763
0.00312452
0.00255393
0.00196306
0.00138022
0.000862096
0.000450575
0.0002107
0.000180682
0.000384539
0.000831051
0.00149063
0.00233364
0.00329871
0.004341
0.00538951
0.00642386
0.00739704
0.00832048
0.00917724
0.0099291
0.0105183
0.0108392
0.0115196
0.0111707
0.0105044
0.00965212
0.00865103
0.00758629
0.00648661
0.00536493
0.0042723
0.00323532
0.00229956
0.00150501
0.000878172
0.000433123
0.000176859
8.31287e-05
0.000134781
0.000284464
0.000502119
0.000751179
0.00101239
0.00127069
0.00152404
0.00177153
0.00201741
0.00226516
0.00251614
0.00276814
0.00301986
0.00326716
0.00350823
0.00373938
0.00395924
0.00416506
0.00435617
0.00453121
0.00469036
0.00483378
0.00496252
0.00507816
0.00518246
0.00527798
0.0053669
0.00545225
0.00553627
0.00562182
0.00571085
0.00580554
0.00590724
0.006017
0.00613535
0.0062619
0.00639623
0.00653634
0.00668081
0.00682607
0.00696976
0.00710696
0.00723455
0.00734679
0.00744014
0.00750871
0.00754902
0.00755588
0.00752638
0.00745692
0.00734567
0.00719135
0.00699356
0.00675381
0.0064733
0.00615637
0.00580572
0.00542814
0.00502569
0.00460131
0.00414975
0.00366162
0.00312816
0.0025576
0.00196018
0.00137738
0.000848304
0.000436979
0.000188093
0.000158585
0.000362156
0.000809382
0.00147615
0.00231987
0.00329553
0.00433839
0.00539502
0.0064297
0.00740363
0.00832718
0.00918794
0.00993964
0.0105485
0.0108693
0.011555
0.0112062
0.0105203
0.00966911
0.00865801
0.0075931
0.00648801
0.00536576
0.00426527
0.00322754
0.00228458
0.00148927
0.000859576
0.000413881
0.000160878
6.67447e-05
0.000126391
0.000275939
0.000500331
0.000749366
0.0010131
0.00127137
0.00152439
0.00177184
0.00201706
0.00226477
0.00251609
0.00276805
0.00302043
0.00326768
0.00350934
0.00374046
0.00396073
0.00416653
0.00435784
0.00453285
0.00469193
0.00483533
0.00496379
0.00507941
0.00518325
0.00527876
0.00536715
0.00545249
0.00553601
0.00562154
0.00571019
0.00580487
0.00590638
0.00601612
0.00613453
0.00626105
0.0063957
0.00653579
0.00668084
0.00682608
0.00697057
0.00710775
0.00723629
0.00734851
0.00744285
0.00751141
0.00755259
0.00755944
0.00753056
0.00746111
0.00735009
0.0071958
0.00699779
0.00675808
0.00647687
0.00615999
0.00580825
0.00543074
0.00502785
0.00460354
0.00415399
0.00366594
0.00313208
0.00256157
0.00195708
0.00137432
0.000833411
0.000422298
0.000163681
0.000134723
0.000337985
0.000785982
0.00146051
0.00230501
0.00329209
0.00433557
0.00540097
0.00643601
0.00741074
0.00833441
0.00919976
0.00995102
0.0105812
0.0109019
0.0115916
0.0112412
0.0105473
0.00969267
0.00867159
0.00761385
0.00649241
0.00537558
0.00425834
0.00322177
0.00227043
0.00147671
0.000842498
0.000397976
0.0001443
4.95796e-05
0.000117332
0.000266733
0.000498399
0.000747409
0.00101386
0.0012721
0.00152477
0.00177218
0.00201454
0.0022618
0.00251344
0.00276486
0.00301786
0.00326448
0.0035067
0.00373711
0.00395779
0.00416282
0.00435431
0.00452854
0.00468757
0.00483019
0.00495837
0.00507326
0.00517667
0.00527149
0.00535939
0.00544414
0.00552717
0.00561217
0.00570046
0.00579468
0.005896
0.00600536
0.00612382
0.00624999
0.00638495
0.00652478
0.00667039
0.00681548
0.00696074
0.00709787
0.00722732
0.00733966
0.00743495
0.00750373
0.00754576
0.00755302
0.00752472
0.00745584
0.00734504
0.00719142
0.00699319
0.00675426
0.00647239
0.00615634
0.00580356
0.00542691
0.00502361
0.00460017
0.00415857
0.00367059
0.00313631
0.00256585
0.00195373
0.00137102
0.000817329
0.000406444
0.0001379
0.0001098
0.000317516
0.000764212
0.00144832
0.00229103
0.00329078
0.00433305
0.00541371
0.00644418
0.00742613
0.00834471
0.00921417
0.00996984
0.0106111
0.0109336
0.0116277
0.0112724
0.0105787
0.00971812
0.00869739
0.00764207
0.0065209
0.00541089
0.00429411
0.00326059
0.00230991
0.00151045
0.000876859
0.000418367
0.000165097
5.35239e-05
0.00012081
0.000257536
0.000489847
0.000733855
0.0010001
0.00125674
0.00150751
0.00175207
0.00199188
0.00223492
0.00248651
0.00273271
0.00298566
0.00322615
0.00346832
0.00369176
0.0039124
0.00410986
0.00430132
0.0044677
0.0046267
0.00476158
0.00488973
0.00499728
0.00510067
0.00518879
0.00527667
0.00535544
0.00543846
0.00551822
0.00560649
0.00569615
0.00579745
0.00590291
0.00602134
0.00614428
0.00627922
0.00641663
0.0065622
0.00670585
0.00685108
0.00698796
0.00711739
0.00723087
0.00732614
0.00739757
0.0074396
0.00745102
0.00742272
0.00735941
0.00724862
0.00710172
0.00690353
0.00667219
0.00639038
0.00608248
0.00572975
0.0053615
0.00495828
0.00454307
0.00410833
0.00362734
0.00309791
0.00253185
0.00192018
0.00134745
0.000792853
0.000402878
0.00013491
0.000131016
0.000338297
0.000801599
0.00148503
0.00233123
0.00333034
0.00436464
0.00544495
0.00646421
0.00744607
0.00836044
0.00922973
0.00999163
0.0106327
0.0109605
0.0116667
0.011306
0.0106127
0.00974559
0.00872525
0.00767255
0.00655167
0.00544903
0.00433273
0.00330252
0.00235253
0.00154688
0.000913963
0.000440385
0.000187554
5.77831e-05
0.000125183
0.000247699
0.00047987
0.000716464
0.000982497
0.00123577
0.0014864
0.00172766
0.00196742
0.00220589
0.00245743
0.00269799
0.0029509
0.00318476
0.00342688
0.0036428
0.00386339
0.00405267
0.00424409
0.00440201
0.00456097
0.00468748
0.00481561
0.00491524
0.00501861
0.00509948
0.00518734
0.00525966
0.00534266
0.00541676
0.00550501
0.00558975
0.00569103
0.00579227
0.00591068
0.00603014
0.00616505
0.00629983
0.00644538
0.00658746
0.00673267
0.00686927
0.00699868
0.00711339
0.00720864
0.00728293
0.00732495
0.00734087
0.00731258
0.00725527
0.0071445
0.00700487
0.00680672
0.00658358
0.00630182
0.00600271
0.00565006
0.00529087
0.00488773
0.00448142
0.00404676
0.00357388
0.00304478
0.0024879
0.00187675
0.0013197
0.000765508
0.000399661
0.00013168
0.000153926
0.000360737
0.000841971
0.00152467
0.00237463
0.00337305
0.00439874
0.00547869
0.00648584
0.00746761
0.00837743
0.00924652
0.0100152
0.010656
0.0109896
0.0117087
0.0113423
0.0106493
0.00977526
0.00875533
0.00770546
0.00658489
0.0054902
0.00437443
0.00334779
0.00239855
0.00158623
0.00095403
0.000464161
0.000211805
6.23823e-05
0.000129906
0.000237077
0.000469096
0.000697685
0.000963493
0.00121312
0.0014636
0.0017013
0.001941
0.00217454
0.00242602
0.00266051
0.00291335
0.00314006
0.00338213
0.00358992
0.00381046
0.00399092
0.0041823
0.00433107
0.00449
0.00460747
0.00473557
0.00482664
0.00492999
0.00500304
0.00509088
0.00515623
0.00523922
0.0053072
0.00539543
0.00547485
0.00557611
0.0056728
0.00579118
0.00590688
0.00604177
0.00617371
0.00631923
0.00645962
0.0066048
0.00674111
0.00687049
0.00698653
0.00708176
0.00715914
0.00720115
0.00722193
0.00719364
0.00714281
0.00703207
0.00690028
0.00670217
0.00648789
0.00620619
0.00591657
0.005564
0.0052146
0.00481155
0.00441484
0.00398028
0.00351616
0.0029874
0.00244045
0.00182986
0.00128974
0.00073598
0.000396188
0.000128193
0.000178666
0.000384969
0.000885566
0.00156747
0.00242151
0.00341918
0.00443557
0.00551512
0.00650919
0.00749087
0.00839576
0.00926466
0.0100406
0.0106811
0.011021
0.0117542
0.0113815
0.0106889
0.0098073
0.00878782
0.007741
0.00662077
0.00553467
0.00441947
0.00339668
0.00244825
0.00162872
0.000997296
0.000489836
0.000237992
6.73488e-05
0.000135006
0.000225607
0.000457462
0.000677407
0.000942972
0.00118866
0.00143899
0.00167283
0.00191248
0.00214069
0.00239211
0.00262003
0.00287282
0.0030918
0.00333381
0.00353282
0.00375331
0.00392424
0.00411557
0.00425447
0.00441336
0.00452107
0.00464914
0.00473097
0.00483429
0.0048989
0.00498672
0.00504454
0.00512751
0.00518889
0.0052771
0.00535079
0.00545202
0.00554379
0.00566214
0.00577378
0.00590864
0.00603753
0.00618301
0.00632158
0.00646672
0.00660272
0.00673206
0.00684955
0.00694475
0.00702547
0.00706747
0.00709349
0.00706521
0.00702138
0.00691067
0.00678734
0.00658928
0.00638456
0.00610293
0.00582356
0.00547107
0.00513224
0.00472928
0.00434294
0.0039085
0.00345382
0.00292544
0.0023892
0.00177921
0.00125739
0.000704095
0.000392437
0.000124427
0.00020538
0.000411136
0.000932641
0.0016137
0.00247213
0.00346899
0.00447534
0.00555445
0.00653441
0.00751599
0.00841557
0.00928425
0.010068
0.0107083
0.0110549
0.0118032
0.0114239
0.0107316
0.0098419
0.0088229
0.00777938
0.00665951
0.00558268
0.0044681
0.00344947
0.00250192
0.00167459
0.00104402
0.000517561
0.00026627
7.27117e-05
0.000140512
0.000213221
0.000444899
0.00065551
0.000920812
0.00116225
0.00141241
0.00164209
0.00188167
0.00210414
0.0023555
0.00257632
0.00282904
0.00303968
0.00328162
0.00347116
0.0036916
0.00385223
0.00404351
0.00417175
0.0043306
0.00442777
0.00455581
0.00462766
0.00473096
0.00478644
0.00487424
0.00492394
0.00500689
0.00506114
0.00514933
0.00521681
0.00531802
0.00540448
0.00552281
0.00563006
0.00576488
0.00589046
0.00603591
0.00617251
0.00631761
0.00645327
0.00658258
0.00670162
0.0067968
0.00688113
0.00692312
0.00695479
0.00692652
0.00689025
0.00677957
0.00666539
0.00646738
0.00627298
0.00599142
0.00572312
0.00537072
0.00504331
0.00464045
0.00426531
0.00383098
0.00338651
0.00285853
0.00233387
0.00172453
0.00122245
0.000669664
0.000388387
0.00012036
0.000234228
0.000439392
0.000983476
0.00166361
0.00252678
0.00352278
0.00451829
0.00559693
0.00656164
0.00754311
0.00843695
0.00930541
0.0100976
0.0107376
0.0110915
0.0118562
0.0114696
0.0107777
0.00987926
0.00886078
0.00782082
0.00670134
0.00563453
0.00452062
0.00350648
0.00255987
0.00172413
0.00109447
0.000547499
0.000296805
7.85029e-05
0.000146459
0.000199846
0.000431332
0.000631865
0.000896882
0.00113374
0.00138371
0.00160889
0.00184841
0.00206466
0.00231596
0.00252912
0.00278177
0.0029834
0.00322528
0.00340459
0.00362496
0.00377447
0.0039657
0.00408243
0.00424123
0.00432703
0.00445503
0.0045161
0.00461937
0.00466501
0.00475278
0.00479371
0.00487663
0.00492318
0.00501135
0.00507214
0.00517332
0.00525405
0.00537234
0.00547486
0.00560964
0.00573166
0.00587707
0.00601154
0.0061566
0.0062919
0.00642117
0.00654189
0.00663704
0.00672526
0.00676724
0.00680503
0.00677676
0.00674866
0.006638
0.0065337
0.00633574
0.00615249
0.00587101
0.00561467
0.00526236
0.00494727
0.00454453
0.00418148
0.00374727
0.00331382
0.00278628
0.00227412
0.00166548
0.00118473
0.000632483
0.000384013
0.000115969
0.000265379
0.000469904
0.00103837
0.00171751
0.00258581
0.00358086
0.00456466
0.0056428
0.00659105
0.00757239
0.00846004
0.00932825
0.0101296
0.0107693
0.011131
0.0119054
0.011515
0.0108372
0.00993509
0.00892414
0.00788004
0.0067713
0.00570687
0.00460223
0.00359073
0.00265092
0.00180772
0.00117338
0.000610084
0.000340821
0.000104544
0.000153072
0.000191472
0.000412565
0.000603481
0.000865468
0.00109718
0.00134428
0.0015658
0.00179752
0.00200945
0.00225512
0.00246294
0.00270868
0.00290404
0.00313805
0.00331025
0.00352206
0.00366385
0.00384617
0.0039549
0.00410487
0.00418276
0.00430237
0.00435597
0.00445154
0.00449037
0.00457127
0.00460611
0.00468298
0.0047242
0.00480704
0.00486318
0.00495968
0.0050364
0.00515059
0.00524985
0.00538117
0.0055007
0.00564351
0.00577648
0.00592002
0.00605505
0.00618419
0.00630602
0.00640266
0.00649359
0.00653884
0.00658087
0.00655773
0.00653526
0.00643145
0.00633401
0.00614436
0.00596885
0.00569681
0.00544877
0.00510663
0.00480013
0.00440718
0.00405255
0.00363709
0.0032126
0.00269301
0.00219476
0.00159294
0.00113323
0.000598428
0.000376202
0.000135783
0.000311147
0.000537789
0.00112563
0.00180616
0.00267961
0.00366171
0.00463749
0.00570029
0.00664051
0.00761011
0.00849798
0.00936311
0.0101671
0.010795
0.0111608
0.0119497
0.0115594
0.010902
0.0100008
0.00900237
0.0079598
0.00687788
0.00581585
0.00474379
0.00373567
0.00280552
0.00196593
0.0013034
0.000743038
0.0004144
0.000179696
0.000160892
0.000199454
0.000372907
0.000563292
0.000803213
0.00103442
0.00127162
0.00149298
0.00171358
0.00192544
0.00215428
0.00236204
0.00258703
0.00278233
0.00299276
0.00316489
0.00335098
0.00349272
0.00364828
0.00375697
0.00388037
0.00395824
0.00405261
0.00410619
0.00417863
0.00421744
0.00427769
0.00431251
0.00437118
0.00441239
0.00447922
0.00453535
0.00461774
0.00469443
0.00479632
0.00489555
0.00501656
0.00513606
0.00527107
0.00540399
0.00554302
0.00567801
0.00580678
0.00592857
0.00602974
0.00612064
0.00617581
0.00621783
0.0062101
0.00618764
0.00610439
0.00600697
0.00584227
0.00566683
0.00542308
0.00517513
0.00486346
0.00455705
0.00419343
0.00383891
0.00344625
0.00302213
0.00253066
0.00203369
0.00148527
0.00102698
0.00057876
0.000356829
0.00021554
0.000389189
0.000686474
0.00127101
0.00197065
0.00284034
0.00379213
0.00476493
0.00577738
0.0067161
0.00765748
0.00854463
0.00940432
0.0102077
0.010813
0.0111787
0.0120082
0.0116181
0.0109919
0.0100915
0.00908897
0.008048
0.00699297
0.00593353
0.00489666
0.00389219
0.00297246
0.00213676
0.00144381
0.000886607
0.000493854
0.000260849
0.000169336
0.000208074
0.000330082
0.000519894
0.000735988
0.000966645
0.00119315
0.00141433
0.00162294
0.00183472
0.00204539
0.00225307
0.00245567
0.0026509
0.00283586
0.00300794
0.00316624
0.00330794
0.00343459
0.00354324
0.00363796
0.0037158
0.0037829
0.00383646
0.00388392
0.00392272
0.00396067
0.00399548
0.00403449
0.00407569
0.00412522
0.00418133
0.0042485
0.00432516
0.00441377
0.00451296
0.00462285
0.0047423
0.00486889
0.00500177
0.00513593
0.00527087
0.00539923
0.00552098
0.00562704
0.00571791
0.0057838
0.0058258
0.00583472
0.00581226
0.00575121
0.00565383
0.00551607
0.00534069
0.0051275
0.00487963
0.00460087
0.00429457
0.00396261
0.00360822
0.00324017
0.00281647
0.00235535
0.00185977
0.001369
0.000912247
0.000557521
0.00033591
0.000301665
0.000473462
0.00084703
0.00142799
0.00214826
0.00301391
0.00393295
0.00490254
0.00586063
0.00679773
0.00771004
0.00859644
0.00946079
0.0102636
0.0108426
0.0112082
0.0122441
0.0118545
0.0111252
0.0102267
0.00919458
0.00815582
0.00712083
0.0060643
0.00504329
0.00404217
0.00310482
0.00227196
0.00152593
0.000970347
0.000510961
0.000278103
0.000133848
0.000171816
0.000267049
0.000455977
0.000663472
0.00089354
0.00111175
0.00133274
0.00152535
0.00173706
0.00192913
0.00213674
0.00231785
0.002513
0.00267252
0.00284454
0.00297398
0.00311562
0.00321107
0.00331968
0.00338234
0.00346015
0.00349588
0.00354943
0.0035675
0.00360629
0.00361765
0.00365245
0.00366802
0.0037092
0.0037384
0.00379449
0.0038443
0.00392094
0.00399519
0.00409434
0.00419321
0.00431262
0.00443218
0.00456501
0.00469695
0.00483184
0.00496358
0.00508529
0.00520079
0.00529163
0.00537304
0.00541502
0.00544502
0.00542257
0.00538714
0.0052898
0.00518092
0.0050056
0.0048232
0.00457542
0.00432815
0.00402197
0.00372365
0.00336939
0.00303591
0.00261262
0.00217553
0.00168136
0.00121674
0.000762061
0.000463169
0.000243408
0.000297616
0.000469743
0.000938085
0.00151727
0.00229903
0.00316144
0.00408646
0.00505253
0.00597311
0.00690777
0.00777532
0.00866059
0.00954426
0.0103459
0.0110365
0.0114018
0.0124969
0.0121065
0.0112622
0.0103502
0.00930777
0.00826679
0.00725892
0.00620553
0.00519994
0.00420241
0.0032441
0.00241423
0.00161027
0.00105634
0.00052253
0.000289763
8.83362e-05
0.000125449
0.000195498
0.000383468
0.000585184
0.000814615
0.00102446
0.00124526
0.00141999
0.00163161
0.00180366
0.00201119
0.00216923
0.00236431
0.00249648
0.00266842
0.00276675
0.00290833
0.00297009
0.00307865
0.00310664
0.00318442
0.00318618
0.0032397
0.00322592
0.00326468
0.00324721
0.003282
0.00327213
0.0033133
0.00332045
0.00337652
0.00340754
0.00348414
0.0035429
0.00364201
0.00372904
0.0038484
0.00396048
0.00409325
0.00422296
0.00435779
0.00449338
0.00461504
0.00474097
0.00483177
0.00493016
0.00497213
0.00502504
0.00500261
0.00499494
0.00489764
0.00481993
0.00464468
0.0044954
0.00424772
0.00403425
0.00372818
0.00346616
0.00311204
0.00281876
0.00239592
0.00198355
0.00149091
0.00104686
0.000594424
0.000349953
0.000132226
0.00028363
0.000456203
0.00103133
0.00160871
0.00245874
0.00331771
0.00425236
0.00521463
0.00609477
0.00702675
0.0078416
0.00872911
0.00961753
0.0104323
0.0112431
0.0116091
0.0126418
0.0122265
0.0113831
0.0104369
0.00939608
0.00835742
0.0073551
0.00632676
0.00532826
0.00435347
0.00339605
0.00256385
0.00175715
0.00116822
0.000627246
0.000337278
0.000127748
0.000107801
0.000173717
0.000321764
0.000522147
0.000727859
0.000935842
0.00113768
0.00130964
0.0014995
0.00166992
0.00185332
0.00200951
0.00217818
0.00230817
0.00245212
0.00254798
0.0026612
0.00272031
0.00280161
0.00282689
0.00287984
0.00287895
0.00291088
0.00289462
0.00291514
0.00289543
0.00291467
0.00290282
0.00293003
0.00293547
0.00297797
0.00300752
0.00307012
0.00312764
0.00321218
0.00329824
0.0034031
0.00351456
0.00363432
0.00376381
0.00388898
0.00402481
0.00414204
0.00426873
0.00436186
0.00446153
0.00451348
0.00456816
0.00456345
0.00455794
0.00448543
0.00441018
0.00426555
0.0041189
0.00390614
0.00369537
0.00342697
0.00316787
0.00285315
0.00256504
0.00218123
0.00177403
0.00133095
0.000891604
0.000512552
0.000277568
0.000150191
0.000315842
0.00056586
0.00115169
0.00176485
0.0026183
0.0034651
0.0043977
0.00531798
0.00618815
0.00708189
0.00789077
0.00877396
0.00966174
0.010516
0.0113261
0.0117203
0.0127983
0.012356
0.0115137
0.0105306
0.00949144
0.00845529
0.00745472
0.00645748
0.00546164
0.00451432
0.00356031
0.00272505
0.00192173
0.00129045
0.000751937
0.000392812
0.000184334
9.50645e-05
0.000160802
0.000259193
0.000458892
0.00063378
0.000841289
0.0010189
0.00119078
0.00135531
0.00152565
0.00168098
0.0018371
0.00197504
0.00210497
0.00221635
0.00231217
0.00239239
0.00245147
0.00250105
0.00252632
0.00255036
0.00254948
0.00255628
0.00254003
0.0025393
0.00251961
0.00252074
0.0025089
0.00251987
0.0025253
0.00255203
0.00258156
0.00262787
0.00268537
0.00275293
0.00283896
0.00292695
0.00303835
0.00314299
0.00327241
0.00338634
0.00352211
0.00363418
0.00376081
0.00385667
0.00395628
0.00401987
0.00407452
0.00409043
0.00408493
0.00404126
0.00396605
0.00385704
0.00371045
0.0035383
0.00332764
0.00310305
0.00284408
0.00257518
0.00228721
0.00195332
0.00154723
0.00116846
0.000730851
0.000443095
0.000209148
0.00019147
0.000356353
0.000699921
0.0012831
0.00193958
0.00278945
0.00362177
0.00455114
0.00542047
0.00628876
0.00713556
0.00794385
0.00882239
0.00970948
0.0106064
0.0114156
0.0118403
0.0129673
0.0124958
0.0116547
0.0106318
0.00959441
0.00856098
0.0075623
0.00659863
0.00560566
0.00468801
0.00373768
0.00289913
0.00209944
0.00142243
0.000886585
0.000452781
0.000245438
8.13108e-05
0.000146857
0.000191626
0.000390586
0.00053219
0.000739186
0.00089064
0.00106242
0.00119961
0.00136987
0.00149489
0.00165092
0.00175569
0.00188555
0.00196176
0.00205753
0.00210211
0.00216117
0.00217649
0.00220174
0.00219458
0.0021937
0.00217337
0.00215713
0.00213346
0.00211377
0.00209537
0.00208354
0.00207696
0.00208239
0.00209207
0.0021216
0.00215031
0.00220778
0.00225702
0.002343
0.00241278
0.00252413
0.00261243
0.00274179
0.00284357
0.00297928
0.00308578
0.00321234
0.00331114
0.0034107
0.00348684
0.00354146
0.00357965
0.00357415
0.00356163
0.00348646
0.00341591
0.0032694
0.0031411
0.00293054
0.00275328
0.00249443
0.00227501
0.00198721
0.00170721
0.00130231
0.000992986
0.000557264
0.000368092
0.000135265
0.000236045
0.000400099
0.000844686
0.00142501
0.00212826
0.00297427
0.00379095
0.00471684
0.00553114
0.00639741
0.00719352
0.00800118
0.00887468
0.00976102
0.0107041
0.0115124
0.01197
0.0130113
0.0125314
0.0117233
0.0107034
0.0096703
0.00864301
0.00765252
0.00670437
0.00574317
0.00483967
0.00392565
0.0030883
0.00230657
0.0016135
0.00106028
0.000597788
0.000337686
0.000143232
0.000145191
0.000166433
0.000315322
0.000440835
0.000617684
0.000756957
0.000908004
0.00103448
0.00118233
0.00129548
0.00142774
0.00151953
0.00162599
0.00168844
0.00176238
0.00179304
0.00183314
0.00183509
0.0018453
0.00182596
0.00181434
0.00178343
0.00176032
0.0017277
0.00170376
0.00167774
0.00166241
0.00164899
0.00164971
0.00165274
0.00167469
0.00169654
0.00174269
0.00178475
0.00185581
0.00191846
0.00201246
0.00209435
0.002206
0.00230301
0.00242314
0.00252744
0.00264313
0.00274303
0.00283853
0.00291954
0.00297827
0.00302513
0.00303237
0.00303201
0.00297779
0.00292227
0.0028038
0.00269266
0.00251567
0.00235692
0.00213336
0.00193332
0.00167979
0.00142492
0.00107684
0.000801202
0.000455159
0.000309782
0.000175125
0.000324543
0.000555487
0.00103936
0.00162819
0.00234777
0.00315505
0.0039629
0.00483293
0.00562319
0.00645025
0.00722491
0.00803562
0.00890413
0.0098028
0.0107465
0.0115153
0.0119825
0.0131124
0.0126329
0.0118151
0.0107963
0.00973232
0.00870562
0.0077338
0.00678646
0.00587842
0.00497741
0.00411869
0.00328537
0.00252235
0.00183384
0.0012439
0.00078509
0.000437874
0.000245093
0.000143523
0.000164671
0.000229761
0.000354585
0.000478532
0.000617545
0.000732569
0.000858965
0.000969516
0.0010826
0.0011757
0.00126744
0.00133487
0.00139728
0.00143428
0.00146492
0.00147243
0.00147438
0.00145826
0.00143893
0.00140815
0.00137726
0.00134162
0.00130902
0.00127716
0.00125116
0.00122946
0.00121604
0.00120851
0.00121154
0.00122051
0.00124235
0.00126928
0.00131131
0.00135717
0.00141978
0.00148472
0.00156657
0.00164884
0.0017458
0.00184059
0.00194483
0.00204346
0.00214331
0.00223346
0.00231441
0.00238155
0.00242838
0.00245825
0.0024579
0.00243954
0.00238405
0.0023126
0.00220152
0.00208005
0.0019214
0.00175739
0.00155747
0.0013661
0.00111178
0.000864005
0.000590027
0.00039481
0.000250331
0.000277117
0.000424873
0.000769137
0.00124877
0.00186547
0.0025801
0.00333732
0.00414148
0.00492177
0.00571078
0.00646772
0.00724331
0.00803987
0.00890912
0.00984971
0.0107927
0.0115847
0.0120516
0.0134727
0.0129907
0.0119388
0.0109039
0.00977864
0.00874858
0.0078112
0.00686314
0.00601862
0.00512013
0.00430157
0.00347189
0.00270142
0.0020163
0.00136181
0.000905177
0.000463057
0.000270626
8.8082e-05
0.000108487
0.000122874
0.000246862
0.000332906
0.000471644
0.000546293
0.000672539
0.000744509
0.000857456
0.000911498
0.00100312
0.00103007
0.0010924
0.00108941
0.00112
0.00109064
0.00109258
0.00104532
0.00102601
0.000971472
0.000940635
0.000888653
0.000856137
0.000813575
0.00078763
0.000757609
0.000744253
0.000726945
0.000729996
0.000724446
0.000746242
0.000752137
0.000794132
0.000812869
0.000875374
0.000909704
0.0009914
0.00104376
0.00114056
0.00121098
0.00131504
0.00139932
0.00149905
0.00158808
0.00166894
0.00174963
0.0017964
0.00185405
0.00185372
0.00187543
0.00182003
0.00179816
0.00168723
0.00162194
0.00146349
0.00136362
0.00116394
0.00104909
0.000795343
0.000624201
0.000352081
0.000253091
0.000110484
0.000273412
0.000421335
0.000904721
0.00138185
0.00207566
0.00278635
0.00353233
0.00433258
0.00503798
0.00582505
0.00648379
0.00726154
0.00800613
0.00887974
0.00989342
0.0108546
0.011902
0.0123719
0.0136419
0.0131158
0.0120652
0.0109582
0.00983345
0.00877644
0.00783805
0.00691395
0.00607092
0.0052242
0.00440796
0.00362683
0.00285948
0.00219
0.00153792
0.00104792
0.000604869
0.00034069
0.00015534
9.62585e-05
0.000107774
0.000168761
0.000253269
0.000347104
0.000423368
0.000512061
0.00058398
0.000662651
0.000716656
0.000777106
0.000804037
0.000840446
0.000837457
0.00085016
0.000820827
0.000815477
0.000768251
0.000753582
0.000699081
0.000684026
0.000632079
0.000623243
0.00058071
0.000580965
0.000550964
0.000559783
0.000542487
0.000557372
0.000551825
0.000570452
0.000576343
0.000598264
0.000616988
0.000643851
0.000678158
0.000712982
0.000765303
0.000810455
0.000880832
0.000935746
0.00101997
0.00107983
0.0011688
0.00122419
0.00130482
0.00134338
0.00140099
0.00141018
0.00143188
0.00140229
0.00138044
0.00130896
0.00124372
0.00113532
0.00103553
0.000896361
0.000777993
0.000601787
0.000434062
0.000270276
0.000177388
0.000161329
0.000329887
0.000578134
0.00106365
0.00157325
0.00226432
0.00293488
0.0036776
0.00439769
0.00510115
0.00581416
0.00647233
0.00722351
0.00797074
0.00888736
0.00990153
0.0109557
0.012002
0.0125254
0.0138246
0.0132509
0.0122001
0.0110169
0.00989263
0.00880653
0.00786705
0.00696881
0.00612544
0.00533625
0.00452151
0.00379413
0.00302981
0.00237757
0.00172904
0.00120227
0.000762006
0.000418534
0.000234404
8.6675e-05
9.8106e-05
8.75411e-05
0.000171664
0.000214429
0.000290629
0.00033877
0.000410636
0.000452293
0.000506257
0.00053305
0.000559961
0.000568379
0.000565392
0.000558779
0.000529468
0.000516252
0.000469061
0.000459402
0.000404942
0.000406928
0.00035502
0.000371754
0.000329254
0.000357798
0.00032782
0.000360585
0.000343302
0.000370965
0.000365422
0.000380628
0.000386514
0.000386758
0.000405468
0.000393845
0.000428125
0.000412336
0.000464618
0.000453997
0.00052432
0.00052617
0.000610332
0.00062714
0.000716039
0.000743932
0.000824505
0.000854194
0.00091176
0.00093123
0.00095291
0.000951197
0.000929363
0.000900497
0.000835305
0.000780954
0.000681232
0.000607417
0.000489153
0.000401155
0.000234351
0.000193528
0.000101423
0.000226453
0.000393994
0.000753067
0.00123546
0.00178084
0.00246804
0.00309454
0.00383446
0.00446594
0.00516894
0.00579974
0.00645995
0.00718244
0.00793253
0.00889558
0.00991029
0.0110639
0.0121099
0.012691
0.0137411
0.0131616
0.0122509
0.011069
0.0099324
0.00884321
0.00786652
0.00697237
0.00613909
0.00536092
0.00460183
0.00388642
0.00319183
0.00254572
0.00194678
0.00141578
0.00097013
0.000612924
0.000364189
0.000198425
0.000123222
9.59196e-05
0.000114836
0.000145341
0.000186339
0.000226669
0.000269672
0.000304201
0.000335921
0.00035624
0.000370386
0.000373429
0.000369899
0.000359586
0.000344352
0.000329636
0.000312185
0.000303493
0.00029323
0.000298482
0.000301328
0.00032294
0.000339334
0.000373287
0.000398292
0.000435616
0.00046106
0.000491156
0.000508964
0.000523526
0.00052893
0.000524992
0.000518416
0.000499418
0.000486341
0.000460869
0.000449737
0.000428423
0.000427403
0.000419094
0.000432817
0.000441339
0.00046878
0.000491378
0.000525619
0.0005536
0.000583624
0.000605051
0.000619063
0.0006227
0.000612025
0.000591351
0.000553717
0.000509768
0.000449551
0.000388322
0.00031884
0.000252087
0.000186451
0.000174718
0.000213276
0.000367688
0.000617853
0.00099673
0.00146678
0.00201589
0.00261612
0.0032314
0.00386708
0.0044806
0.00511185
0.00572819
0.00639013
0.00710967
0.00793325
0.00890429
0.00996476
0.0111197
0.0120206
0.0126091
0.0141738
0.0135953
0.0123377
0.0111466
0.00986967
0.00877756
0.0077937
0.00689464
0.00611753
0.00533662
0.00465903
0.00394358
0.0033276
0.00268365
0.00212129
0.00159341
0.00111818
0.000763378
0.000439294
0.000274461
0.000120501
9.3173e-05
5.37308e-05
8.41309e-05
8.3108e-05
0.000123402
0.000133191
0.00016769
0.000173365
0.000193666
0.000190732
0.000193772
0.000186156
0.000175852
0.000174087
0.000159384
0.000176263
0.000167579
0.000212719
0.000217967
0.000293175
0.000314768
0.00041192
0.000445844
0.00054817
0.00058546
0.000671944
0.000702012
0.000753438
0.000767987
0.000772633
0.000768698
0.000725769
0.000706788
0.000626522
0.000601073
0.000501582
0.000480286
0.000382234
0.000373931
0.000294774
0.000303289
0.000252845
0.000275423
0.000254046
0.000282002
0.000281784
0.000303192
0.000311732
0.000315366
0.000320871
0.000300215
0.000296302
0.000252392
0.000240944
0.000179768
0.000176646
0.000110133
0.000140125
0.00012876
0.000291219
0.000444691
0.000802114
0.00117798
0.00167731
0.00222257
0.00275501
0.00336805
0.00388176
0.00449622
0.0050107
0.00563162
0.00622171
0.00694853
0.00778813
0.00876246
0.0100021
0.0111675
0.0124682
0.0130557
0.0143646
0.0137271
0.0124653
0.0111622
0.00988303
0.00871133
0.0077217
0.00679784
0.00602007
0.00526801
0.0045927
0.00394285
0.00333088
0.00276073
0.00220237
0.00172169
0.00124598
0.000888842
0.000559641
0.000351318
0.000191147
0.000109664
6.60429e-05
5.34887e-05
5.16544e-05
6.16253e-05
6.95788e-05
8.4154e-05
8.8387e-05
9.9653e-05
9.57568e-05
0.000104269
9.63975e-05
0.000110866
0.000109813
0.000143398
0.00016215
0.000226822
0.000275018
0.00037587
0.000455088
0.000586646
0.000688287
0.000834181
0.000940819
0.0010773
0.00116718
0.00126916
0.00132246
0.00137042
0.00137502
0.00136048
0.0013155
0.00124304
0.00115902
0.00104491
0.00094048
0.000807848
0.000704392
0.000576817
0.000492492
0.00038808
0.000333316
0.000260627
0.000236191
0.000193584
0.000191723
0.000169791
0.000178059
0.000164342
0.00017077
0.00015535
0.000153316
0.000133281
0.000124561
0.000104925
0.000102433
9.87805e-05
0.000135837
0.00020449
0.000377225
0.000589863
0.000955135
0.00132438
0.001824
0.00229186
0.00281817
0.00332204
0.00382996
0.00435429
0.00486561
0.00545418
0.00604611
0.00681873
0.00766759
0.00876258
0.0100059
0.0113262
0.0126306
0.0132953
0.0144065
0.0137286
0.0125639
0.0111945
0.00990423
0.00867433
0.00764416
0.00669956
0.00589687
0.00516658
0.00449198
0.0038937
0.00330232
0.00279084
0.00226563
0.00182274
0.00137752
0.00101859
0.000700233
0.000456488
0.000286669
0.00015972
0.000100476
5.16222e-05
4.04181e-05
2.68577e-05
2.86016e-05
2.77132e-05
3.09008e-05
3.5153e-05
3.63287e-05
4.90849e-05
5.39291e-05
8.76162e-05
0.000108401
0.000179445
0.000229891
0.000351461
0.000440546
0.000615549
0.00074243
0.000959253
0.00111117
0.00134391
0.00149808
0.00171146
0.0018404
0.00199814
0.00207696
0.00215086
0.00216402
0.00214121
0.0020867
0.00197277
0.00186248
0.00167963
0.00153581
0.00131683
0.00116599
0.000945932
0.000811895
0.000619871
0.000518319
0.00037173
0.00030744
0.000210113
0.00017776
0.000122202
0.000110175
8.30017e-05
7.89227e-05
6.75713e-05
6.3742e-05
6.22357e-05
5.93539e-05
7.19569e-05
7.8786e-05
0.000128297
0.000184781
0.000320393
0.000503197
0.000763864
0.00110875
0.00147256
0.00192581
0.00233192
0.00281185
0.00322921
0.00371158
0.00416528
0.00468074
0.0052453
0.00587783
0.00668865
0.00760154
0.00878613
0.0100605
0.0114757
0.0126781
0.0133962
0.0147055
0.0140286
0.0126391
0.011271
0.0098171
0.00858221
0.00746105
0.00650721
0.00567772
0.00493836
0.004301
0.00369585
0.00319551
0.00268008
0.00226909
0.00182535
0.00146821
0.00111054
0.000818164
0.00057595
0.000379533
0.000253342
0.000152377
0.000103642
6.21558e-05
4.86104e-05
3.45009e-05
3.36135e-05
3.40723e-05
3.83198e-05
5.32026e-05
6.59446e-05
0.000107483
0.000141133
0.000229296
0.000300261
0.000454385
0.000575821
0.000805138
0.000979946
0.00127629
0.00149288
0.00182833
0.00206081
0.0023915
0.00260465
0.00287989
0.00303745
0.00321163
0.00328544
0.00332915
0.00330637
0.00321348
0.00309968
0.00288846
0.00270581
0.00241388
0.00219514
0.00186993
0.00165012
0.00133773
0.00114592
0.000881414
0.000734989
0.000536692
0.000439474
0.00030857
0.000253074
0.00017809
0.000150947
0.000115419
0.00010408
9.4754e-05
9.32494e-05
0.000106155
0.000118744
0.000162285
0.000211636
0.000321754
0.000456291
0.00066878
0.000927309
0.00122387
0.00158598
0.00190776
0.00231509
0.00263666
0.00305933
0.00342259
0.00388518
0.00435922
0.00493505
0.00561615
0.00643791
0.00748816
0.00867809
0.0101814
0.0115946
0.0130866
0.0138036
0.0149881
0.0142524
0.0127997
0.0112958
0.00981815
0.00845992
0.00731502
0.00627346
0.00543356
0.00466207
0.00402476
0.00344466
0.00295315
0.00250646
0.00210977
0.00175114
0.00140536
0.00111512
0.000825413
0.000612576
0.000412765
0.000284597
0.000179037
0.0001182
7.30742e-05
5.09921e-05
3.51149e-05
3.09345e-05
3.10766e-05
3.71331e-05
5.36519e-05
7.77283e-05
0.000123966
0.000186587
0.000283928
0.000410358
0.000579294
0.000788599
0.00103866
0.00133346
0.00165551
0.00201601
0.00237979
0.00276451
0.00312275
0.00347612
0.00377431
0.00403919
0.0042283
0.00435971
0.00440808
0.00438417
0.00428502
0.00411221
0.00388494
0.00359567
0.00328047
0.00292473
0.00257249
0.00220552
0.00186592
0.00153562
0.00124674
0.000984427
0.000766569
0.000583105
0.000438234
0.00032641
0.0002428
0.000184674
0.000144973
0.000121546
0.000111479
0.00011146
0.000126256
0.000151266
0.00019956
0.000265969
0.00038233
0.000517437
0.000734243
0.000948104
0.0012397
0.0015069
0.00181162
0.00210559
0.00240686
0.00274265
0.0030934
0.00352875
0.00400172
0.00462764
0.0053219
0.00627277
0.00735537
0.00872887
0.0102669
0.011879
0.0134403
0.0142423
0.0148788
0.014115
0.0129292
0.0113729
0.00987894
0.00845414
0.00721279
0.00611809
0.00518927
0.0043947
0.00371467
0.00314375
0.00265042
0.00223809
0.00187349
0.00155973
0.00127112
0.00101719
0.000784277
0.000587309
0.000418641
0.000288811
0.000188553
0.000120544
7.32417e-05
4.6481e-05
3.01555e-05
2.41676e-05
2.46606e-05
3.17077e-05
5.01722e-05
8.04639e-05
0.000134088
0.000212596
0.000328339
0.000485178
0.00068871
0.000946185
0.00124962
0.00161019
0.00200278
0.00244217
0.00288742
0.00335559
0.00379618
0.00422642
0.00459592
0.00491963
0.00515784
0.00532082
0.00538808
0.00536358
0.00525024
0.0050451
0.00477335
0.00442565
0.00404341
0.0036126
0.00318162
0.00273399
0.00231533
0.00190913
0.00155042
0.00122457
0.000951993
0.000721234
0.000538459
0.000395741
0.000289219
0.000214099
0.00016273
0.000132672
0.000118474
0.000119273
0.000135438
0.000167259
0.000220694
0.000297216
0.000405261
0.000541327
0.000711686
0.000901178
0.00111408
0.00132992
0.00156107
0.00179499
0.00205985
0.00235202
0.00271222
0.00313799
0.00367562
0.00433521
0.00515895
0.00618612
0.00741546
0.00888709
0.0104763
0.0121674
0.0134523
0.0142955
0.0155287
0.0147423
0.0131359
0.0115154
0.00982806
0.00833045
0.00697046
0.00580607
0.00481398
0.00397133
0.00327277
0.00268316
0.00221908
0.00181487
0.00151765
0.00123008
0.00102063
0.000800155
0.000630427
0.000464168
0.000331813
0.000226041
0.000140854
9.34721e-05
5.64527e-05
4.70097e-05
3.84205e-05
3.96773e-05
4.00521e-05
4.10785e-05
5.22279e-05
6.5253e-05
0.000112506
0.000168765
0.000291955
0.000430031
0.000667913
0.000918067
0.00129108
0.00166065
0.00215782
0.00262268
0.00319726
0.00370262
0.00427874
0.00474939
0.00523783
0.00559543
0.00591453
0.00609655
0.0061919
0.00616697
0.00602441
0.00579985
0.00544825
0.00506732
0.00457059
0.00410109
0.00354198
0.00305937
0.00251975
0.00208952
0.0016328
0.00129739
0.00095747
0.000730504
0.000510109
0.000379526
0.000257523
0.000195848
0.000140681
0.000118801
0.000103508
0.000103413
0.000117169
0.000139354
0.000189697
0.000250573
0.000343123
0.000455081
0.000578092
0.00073328
0.000864603
0.00104354
0.00117848
0.00138505
0.00157345
0.00185864
0.00218692
0.00263644
0.00319522
0.00391638
0.00481815
0.00594039
0.00733143
0.0089103
0.0107693
0.0125612
0.0143575
0.0152379
0.0156335
0.0148044
0.013381
0.0116604
0.00997497
0.00833774
0.00692016
0.00562289
0.00456465
0.00363663
0.00289391
0.00227945
0.00179333
0.00141768
0.00111591
0.000893197
0.000695713
0.000553561
0.000408448
0.000313022
0.000209728
0.000159968
0.000104162
0.00010329
9.30021e-05
0.000119479
0.000126883
0.000143173
0.000144634
0.000133169
0.00012923
0.000106446
0.000125099
0.000135272
0.000221873
0.000321208
0.000521287
0.000756599
0.00109683
0.00148559
0.00195915
0.00247754
0.00303903
0.00362223
0.00419425
0.00474944
0.00523933
0.00566775
0.00598981
0.00621155
0.00630823
0.00628244
0.00613842
0.00587324
0.00551858
0.00506812
0.00456976
0.00401934
0.00346381
0.00290791
0.00238006
0.00189942
0.00146359
0.00110787
0.000796117
0.000576692
0.000387331
0.000281745
0.000187714
0.000153852
0.0001178
0.000112858
0.000103895
0.000101947
0.000108429
0.000110649
0.00014271
0.000168292
0.00023607
0.000292889
0.000388482
0.000465625
0.000574558
0.000667307
0.000794352
0.000932384
0.00112971
0.00138751
0.00174409
0.00222783
0.00284493
0.00367871
0.00467261
0.00598085
0.00745815
0.00924676
0.0111203
0.0130736
0.0146719
0.0156229
0.0162751
0.0154345
0.0137256
0.0119638
0.0100845
0.00838835
0.0067872
0.00542285
0.00422736
0.00324582
0.00243293
0.00179263
0.00130599
0.000932652
0.000680241
0.00047919
0.000356914
0.000247306
0.000187691
0.000132044
0.000115686
0.000113927
0.00015141
0.000206617
0.000297082
0.000373397
0.000442121
0.000481413
0.000486056
0.000463872
0.00040184
0.000336445
0.000248938
0.000192719
0.000150466
0.000171705
0.000250195
0.000408583
0.00066038
0.000983956
0.00141694
0.00188792
0.00245663
0.00301099
0.00362426
0.00416551
0.00470831
0.00513176
0.00549498
0.00571507
0.0058243
0.00579701
0.00563186
0.005366
0.00496466
0.00451838
0.0039663
0.00343079
0.00283714
0.00231213
0.00178103
0.00134936
0.000954381
0.000663013
0.00043189
0.000284429
0.000198232
0.000160798
0.000167081
0.000185088
0.000220547
0.000240975
0.000256217
0.00024806
0.000226565
0.000194474
0.000155466
0.000136574
0.000128838
0.000146568
0.000164063
0.000208705
0.00024135
0.000306346
0.000370126
0.000487053
0.000642051
0.000895378
0.0012521
0.00176327
0.0024574
0.00335691
0.00452356
0.00592253
0.00765907
0.00953529
0.011699
0.0137222
0.0157039
0.0166774
0.0164103
0.0155429
0.0141125
0.0122717
0.0104199
0.00858435
0.00692793
0.00540816
0.00412875
0.00303303
0.00215944
0.00147534
0.000963993
0.000615254
0.000372825
0.000245789
0.000163947
0.000158095
0.000163387
0.000230643
0.00030063
0.000441506
0.000581718
0.000790542
0.000978692
0.00118079
0.00131136
0.00140871
0.00142817
0.00137892
0.00127944
0.0011065
0.000934402
0.000710735
0.000548312
0.000372786
0.000310844
0.000275747
0.000382829
0.000542893
0.000840772
0.0011934
0.00164659
0.00212954
0.00265236
0.00315979
0.00363887
0.00405082
0.00437642
0.00459283
0.00468937
0.00465831
0.00450507
0.00423685
0.00387296
0.00343612
0.00294847
0.00244926
0.0019474
0.00149897
0.00108438
0.000775094
0.000514253
0.000384356
0.000293084
0.000326653
0.000370419
0.000504641
0.000614205
0.000762979
0.000860399
0.000944815
0.000971547
0.000947716
0.000888239
0.000769609
0.000652009
0.000511237
0.000418573
0.000317466
0.000264725
0.000204136
0.00018172
0.00015349
0.00017683
0.000220418
0.000360223
0.000583733
0.00096845
0.00152787
0.00230581
0.00335162
0.00464274
0.0062605
0.00808622
0.0101765
0.0123222
0.0144833
0.0161505
0.0171769
0.0173154
0.016443
0.0146913
0.0128109
0.0107886
0.0088641
0.00703255
0.00539182
0.00397335
0.00277336
0.00182985
0.0011021
0.000608156
0.00029376
0.000136634
0.000111192
0.000145645
0.000286201
0.00042154
0.000664584
0.000884846
0.00122731
0.00156492
0.00198687
0.002396
0.00277251
0.00304175
0.00322122
0.00326791
0.00319213
0.00300585
0.00270406
0.00234827
0.00191596
0.00150705
0.00107609
0.000746888
0.000445432
0.000304152
0.000218213
0.000315097
0.00046333
0.000775295
0.00110455
0.00154238
0.00194529
0.00238102
0.00272982
0.00303576
0.00322187
0.00330906
0.0032762
0.00312071
0.00288143
0.00253057
0.00216149
0.00171847
0.00133582
0.000927776
0.000650991
0.000390098
0.000304627
0.000254381
0.000384906
0.000541541
0.000844088
0.00113887
0.00151416
0.00183598
0.00216012
0.0023915
0.00255506
0.00261058
0.00255403
0.00240948
0.00215522
0.00185716
0.00153006
0.00127264
0.00098868
0.000815004
0.000585725
0.000454043
0.000269295
0.000178832
9.73814e-05
0.000132358
0.000301443
0.000643151
0.00124944
0.00209324
0.0032776
0.00474326
0.00653506
0.00860942
0.0108379
0.0132359
0.0154726
0.0175612
0.0186053
0.0178248
0.0169507
0.0153142
0.0134175
0.0113514
0.00936449
0.00739837
0.00566546
0.00407302
0.00279295
0.00172312
0.000960865
0.000455992
0.000166943
0.000139236
0.000195679
0.000479679
0.000744892
0.00121017
0.00160728
0.0022078
0.00272523
0.00346738
0.00406238
0.00483559
0.00534433
0.00583921
0.00608093
0.00617628
0.0060804
0.00576179
0.00536232
0.00471879
0.00412827
0.00332255
0.00269785
0.00191939
0.00141582
0.000828112
0.000555389
0.00025274
0.000245631
0.000232014
0.000444336
0.000640017
0.000963295
0.00123654
0.00153715
0.00175062
0.0019136
0.00197068
0.00193646
0.00181292
0.00159578
0.00134719
0.0010298
0.00077238
0.000478487
0.00034969
0.000203447
0.00031446
0.000399011
0.000794178
0.00112241
0.00175833
0.00226499
0.00301646
0.0035746
0.00426634
0.00472347
0.00517898
0.00540255
0.00549577
0.00541441
0.00511128
0.00475417
0.00413193
0.00365327
0.00301584
0.00257034
0.00202152
0.00164104
0.00115108
0.000831115
0.000433959
0.00025086
0.000102196
0.000229775
0.000570929
0.00121359
0.00223101
0.00352063
0.00524374
0.00716638
0.00944786
0.0117717
0.0142494
0.0165208
0.0184945
0.0195488
0.0183783
0.0175264
0.0159659
0.0140786
0.012045
0.00997733
0.00798137
0.00607863
0.00442076
0.00295399
0.00182667
0.00095663
0.000432294
0.00018863
0.000202794
0.000485536
0.000884254
0.00153311
0.00217251
0.00305402
0.00385735
0.00489057
0.00582495
0.00688457
0.00779759
0.0086292
0.00919954
0.00956576
0.00966461
0.00948202
0.00909619
0.00842075
0.00765209
0.00664586
0.00567704
0.00456224
0.00360551
0.00260463
0.00184459
0.00112309
0.000669952
0.000297978
0.000164555
0.000108302
0.000216788
0.000361035
0.000576813
0.000770945
0.000952099
0.0010647
0.00111148
0.00107615
0.000964769
0.000802805
0.000593102
0.000405975
0.000220629
0.000154696
0.00013661
0.000331083
0.000592265
0.00112675
0.00170475
0.00256297
0.00339894
0.00446065
0.00540653
0.00647135
0.00732512
0.00816236
0.0087221
0.00913286
0.00925382
0.0091277
0.00877001
0.00813704
0.00738183
0.00645117
0.00561655
0.00463458
0.00386283
0.00294091
0.00224388
0.00145713
0.000911089
0.000425952
0.00021671
0.000270231
0.000636216
0.00142288
0.00252228
0.00408099
0.00589873
0.00807332
0.0103979
0.0128451
0.0152799
0.0175495
0.0194316
0.0204625
0.0191736
0.0183591
0.0167002
0.0148782
0.0128203
0.010771
0.00866759
0.006703
0.00487514
0.00328588
0.00199742
0.00100588
0.000417577
0.000125577
0.000237939
0.000601406
0.00127322
0.00214488
0.00319097
0.00439171
0.00566042
0.00701498
0.0083883
0.00967993
0.0109154
0.0118579
0.012589
0.0129451
0.0130265
0.0127253
0.0121582
0.0112811
0.0102049
0.0089523
0.00760478
0.00624093
0.00489424
0.00367841
0.00256912
0.00169059
0.000962896
0.000498816
0.000177
8.43009e-05
8.14376e-05
0.000224378
0.000383728
0.000587805
0.000743153
0.000858255
0.000893945
0.00084688
0.000738604
0.000558532
0.000382007
0.000190928
9.57165e-05
6.67705e-05
0.000223426
0.000519874
0.00105682
0.0017706
0.00272055
0.00382969
0.00510301
0.00646172
0.00785606
0.00922211
0.0104671
0.0115598
0.0123853
0.0129586
0.0131672
0.0130768
0.0126006
0.0118585
0.0107872
0.00959741
0.00829573
0.00693337
0.00563224
0.00431062
0.00311284
0.00202994
0.00111733
0.00051674
0.00015717
0.000276146
0.000717664
0.00168017
0.00300369
0.00474163
0.00680346
0.00906297
0.0115365
0.0139444
0.0163989
0.0185629
0.0205618
0.021536
0.0195422
0.0187622
0.0172222
0.0154718
0.0135449
0.0115423
0.00947163
0.00749502
0.005564
0.0039054
0.00242287
0.00133743
0.000554164
0.000192022
0.00021637
0.000580819
0.00135673
0.00232311
0.00366751
0.0050334
0.00668704
0.00820803
0.00986477
0.0112531
0.0125669
0.0135216
0.0142025
0.0145067
0.0144222
0.0140212
0.0132065
0.0122034
0.0108477
0.00946954
0.00786536
0.00640201
0.00486821
0.00359746
0.00239878
0.00151699
0.000801069
0.000379534
0.00014934
0.000127956
0.000256861
0.000476353
0.000760621
0.00102281
0.00125506
0.0013925
0.00143332
0.00136667
0.00119236
0.000957636
0.000669127
0.00040657
0.000196686
0.000104257
0.000193091
0.000458756
0.00101669
0.00175019
0.00283211
0.00401715
0.00552842
0.00701071
0.00871625
0.0102323
0.0118078
0.0130476
0.0141597
0.0148466
0.0152399
0.0152048
0.0147722
0.0140085
0.0128246
0.011512
0.00984564
0.00827142
0.00646373
0.00492502
0.00331463
0.0021013
0.00103104
0.000426571
0.000185529
0.000403697
0.00113067
0.00222971
0.00384301
0.00568019
0.00788828
0.0101566
0.0125578
0.0148834
0.0171138
0.0191608
0.0209711
0.0218907
0.0193948
0.0186654
0.0173668
0.015726
0.0139759
0.0120686
0.01015
0.00819686
0.00632847
0.00460406
0.00306951
0.00185513
0.000921844
0.000422278
0.000252032
0.000535084
0.00113939
0.00212065
0.0033552
0.00481382
0.00638971
0.00800023
0.00952652
0.010924
0.0120335
0.0129111
0.0133863
0.0135645
0.0133118
0.0127661
0.0118544
0.0107196
0.00936536
0.00790066
0.00641115
0.00493244
0.00362484
0.00242232
0.00154183
0.000806992
0.00046596
0.000247812
0.000403291
0.000606073
0.00108201
0.00150472
0.00205225
0.00245795
0.00283591
0.00302993
0.00308156
0.00297497
0.00267788
0.00231698
0.00179137
0.00134414
0.00081655
0.000519826
0.000252922
0.000336008
0.000544953
0.00115224
0.00193234
0.00306826
0.00435542
0.00586856
0.0074449
0.00905716
0.0106009
0.0119746
0.0131416
0.013966
0.0144802
0.0145548
0.0142822
0.0135693
0.0125499
0.0111865
0.00960675
0.00788635
0.00612144
0.0044381
0.00294299
0.00169596
0.000854159
0.000358073
0.000398879
0.000813971
0.00176824
0.00305601
0.00474966
0.0066785
0.00878382
0.0110019
0.0131566
0.0153194
0.0172655
0.0191325
0.0205997
0.0214362
0.0190878
0.0184362
0.0171392
0.015688
0.0140254
0.0123332
0.0104785
0.00867916
0.00683049
0.00513668
0.00357404
0.00225392
0.00125202
0.000537138
0.000272705
0.000286774
0.000797568
0.00151633
0.00267805
0.00390483
0.0054241
0.00680143
0.00825648
0.00938366
0.0103871
0.0109875
0.0113706
0.0113257
0.0110008
0.0103351
0.00938852
0.00827577
0.00693933
0.00566444
0.00425519
0.00313839
0.00197485
0.00128559
0.000603918
0.000488247
0.000381571
0.000823486
0.00122181
0.00205001
0.00274655
0.00368522
0.00440176
0.00515129
0.00562375
0.0059483
0.00600736
0.00580422
0.00542738
0.00475782
0.00407744
0.00315013
0.00241477
0.00152615
0.00102644
0.000475082
0.000455185
0.000454426
0.00103518
0.00164882
0.00278451
0.00390406
0.00538605
0.00675603
0.00826266
0.00954731
0.0107269
0.0115999
0.0121639
0.0123964
0.0121962
0.0117102
0.0107855
0.00965788
0.00813796
0.00663534
0.00492086
0.00349022
0.00207755
0.00116098
0.000440124
0.000311282
0.000481424
0.00120156
0.00225109
0.003685
0.00541255
0.00727741
0.00934204
0.0113027
0.0133492
0.0151583
0.0169645
0.0185158
0.0199577
0.0206625
0.018495
0.0178766
0.0166333
0.0152659
0.013797
0.0122077
0.0105521
0.00885212
0.00712685
0.00550127
0.00394491
0.00264115
0.00152002
0.000759205
0.000268675
0.000175839
0.000394006
0.000959001
0.0018088
0.00285775
0.00407023
0.00526961
0.00641624
0.00738591
0.00809805
0.00857804
0.00873044
0.00862438
0.00817529
0.00752421
0.00659635
0.00558346
0.0044346
0.00334451
0.00229919
0.00144121
0.000802294
0.00042524
0.000389322
0.000611444
0.00121175
0.00198574
0.00307947
0.00420319
0.00550788
0.00667879
0.00784836
0.00874683
0.00946667
0.00984506
0.00991932
0.00967166
0.00907834
0.00827085
0.00716887
0.00602243
0.00470854
0.00353798
0.00236556
0.00149261
0.000774702
0.00043899
0.000362777
0.000655459
0.00123149
0.00207008
0.0031303
0.00428142
0.00552617
0.00666971
0.00775051
0.00856754
0.00918263
0.00944265
0.00941931
0.00903441
0.00837369
0.00740326
0.00619289
0.00488903
0.0035177
0.0023044
0.00128021
0.00056507
0.000236677
0.000254156
0.000738699
0.00152114
0.00273234
0.00413605
0.00583391
0.00758901
0.00944203
0.0112455
0.0129639
0.014611
0.016096
0.0175113
0.0188178
0.0194673
0.0173425
0.0167666
0.0157865
0.0145237
0.0132061
0.0117528
0.010281
0.00871097
0.00717974
0.00564074
0.00423456
0.00294806
0.00188743
0.00106269
0.000517595
0.000283707
0.000323899
0.000688517
0.0012508
0.00206567
0.00292994
0.00389012
0.00472203
0.00547878
0.00598002
0.00630223
0.00635127
0.0061648
0.0057487
0.00511629
0.00436829
0.00348578
0.00265012
0.00180198
0.00117067
0.000652091
0.000482922
0.000515813
0.000956374
0.00162255
0.00266185
0.00387282
0.00533501
0.00684798
0.00843153
0.00990857
0.011261
0.0123559
0.0131643
0.0136138
0.0136871
0.0133807
0.0127002
0.0117108
0.0104356
0.00900028
0.00742622
0.0058842
0.00436694
0.00307067
0.00193391
0.00115776
0.000611728
0.000482886
0.000574356
0.00104446
0.00165159
0.00251605
0.00338845
0.00434752
0.00517992
0.00592415
0.006443
0.00673948
0.00677551
0.00652324
0.00605855
0.0053004
0.00443294
0.00339559
0.00244163
0.00151373
0.000859179
0.000405987
0.000318671
0.000528618
0.00108921
0.00195794
0.00308095
0.00445071
0.005928
0.00754307
0.00911021
0.0107079
0.0121595
0.0135937
0.0148633
0.0161123
0.0170888
0.0176679
0.0164618
0.0159351
0.0148306
0.0136978
0.0124539
0.0111737
0.00978151
0.00839882
0.00691664
0.00554305
0.00415078
0.00297363
0.00189113
0.00109214
0.000486402
0.000178559
0.000124601
0.00031942
0.000772941
0.00135298
0.00211366
0.00282879
0.00356207
0.00411839
0.00452998
0.00473035
0.00471815
0.00450968
0.00407268
0.00353085
0.00281494
0.00213555
0.00139777
0.000849542
0.000388485
0.000237877
0.000308403
0.000740689
0.00147621
0.00253513
0.00389977
0.00546335
0.00724854
0.00904934
0.0109177
0.0126034
0.0141691
0.0153881
0.0163128
0.016802
0.016881
0.0165328
0.0157474
0.0146374
0.0131603
0.0115279
0.00967936
0.00786792
0.00603456
0.00440511
0.0029437
0.00178681
0.000937852
0.000406029
0.000240129
0.000318334
0.000728884
0.00125005
0.00199292
0.00269306
0.00346139
0.00405843
0.00457144
0.00484564
0.00492686
0.00477586
0.00439964
0.00385308
0.00309707
0.00234748
0.0015217
0.000889228
0.000377277
0.000147997
0.000187479
0.000496001
0.00113565
0.00196144
0.00310252
0.0043053
0.00574225
0.00710715
0.00858031
0.00989888
0.0112139
0.0123926
0.0135364
0.0145879
0.0156644
0.0161661
0.0151361
0.0146282
0.0137337
0.0126405
0.0115487
0.0103209
0.00911922
0.00779681
0.00653248
0.00521561
0.00402572
0.00288753
0.00194802
0.00115769
0.000602837
0.000265827
0.00014995
0.000276991
0.000557471
0.00104058
0.00156041
0.00217163
0.00268565
0.0031582
0.00344131
0.00359318
0.00354749
0.0033305
0.00297048
0.00246509
0.00193208
0.00133387
0.000859542
0.000430758
0.000274038
0.000269468
0.000640433
0.00123066
0.00222324
0.00343685
0.00498976
0.00669163
0.0085895
0.0105027
0.0124191
0.0141859
0.0157577
0.0170247
0.0179387
0.0184432
0.0185128
0.0181484
0.0173593
0.0162025
0.0147164
0.0130076
0.0111222
0.0092057
0.00728191
0.00552192
0.00389728
0.00259054
0.00150175
0.000810669
0.000344493
0.00026725
0.000352111
0.000736663
0.00117565
0.00177245
0.00230753
0.00284563
0.00323466
0.00349975
0.00358399
0.0034733
0.00322071
0.00276265
0.00225578
0.00162838
0.00109841
0.000588167
0.000299988
0.000160414
0.000282093
0.000629472
0.0011961
0.00200657
0.00294297
0.00408506
0.00523262
0.00650995
0.00767559
0.00890257
0.00995666
0.0110581
0.0119981
0.0129915
0.0138101
0.0142827
0.014057
0.0135912
0.0126138
0.0116294
0.0105754
0.00949129
0.00833535
0.00717893
0.00595219
0.00480552
0.00364518
0.00265723
0.0017374
0.00105211
0.00050072
0.00020283
7.00136e-05
0.000162584
0.000410031
0.000800023
0.00128136
0.00178057
0.00225865
0.00264406
0.00289974
0.00301245
0.00295178
0.00274999
0.00239187
0.00195333
0.0014427
0.000949369
0.000520708
0.000211482
0.000123764
0.000226114
0.000686104
0.00134653
0.00244155
0.00367441
0.00533401
0.00700388
0.0090024
0.0108462
0.0128473
0.0145313
0.0161637
0.0173618
0.0183069
0.018779
0.018848
0.0184982
0.0176778
0.0165783
0.0150337
0.0134065
0.0114408
0.00960321
0.00758434
0.00587227
0.0041455
0.00283497
0.00164481
0.00089115
0.000331654
0.00014217
0.000148012
0.00039393
0.000772954
0.00123619
0.0017333
0.00217425
0.00254827
0.00277556
0.00286774
0.00278906
0.00256523
0.00220681
0.0017458
0.00125932
0.000783181
0.000397975
0.000158207
7.01616e-05
0.000217093
0.000515317
0.00107474
0.00174103
0.00264156
0.00357283
0.00466566
0.00570483
0.006804
0.00780402
0.00878417
0.00969382
0.0105749
0.0114205
0.0123045
0.0127185
0.012665
0.0122187
0.0114863
0.0105431
0.00958351
0.00855375
0.00751631
0.00642697
0.00536032
0.004287
0.00329939
0.00237885
0.0016092
0.000972251
0.000523113
0.000244196
0.000149007
0.000226084
0.000439964
0.000784956
0.0011809
0.00162412
0.00201804
0.00235973
0.00257807
0.00267184
0.00262165
0.00242733
0.00212626
0.00172022
0.00129387
0.000851408
0.000500903
0.000249489
0.000195412
0.000349201
0.000765903
0.00145969
0.00241843
0.00365972
0.00509696
0.00675026
0.00847094
0.01028
0.0119962
0.0136392
0.015035
0.0161991
0.0170046
0.0174607
0.0175168
0.0171743
0.0164711
0.0154
0.0140784
0.0124918
0.0108091
0.00901075
0.00727873
0.00559094
0.00410211
0.00279066
0.00175264
0.000969357
0.000463105
0.000219683
0.000192069
0.000371028
0.000662194
0.00106076
0.00145776
0.0018516
0.0021529
0.00236182
0.00243436
0.00237115
0.00218596
0.00187752
0.00151521
0.00109929
0.00072865
0.00040435
0.000208206
0.000144074
0.000243322
0.000517874
0.000944255
0.00154389
0.00224919
0.00308511
0.00395718
0.00489243
0.00579399
0.00670115
0.00754491
0.00838238
0.0091602
0.00995141
0.0105807
0.0109677
0.0117302
0.0113051
0.0104514
0.00955684
0.00866384
0.00769055
0.00673627
0.00571511
0.00472676
0.00373253
0.00282254
0.00198449
0.00129125
0.000729428
0.000346934
0.000125619
7.82919e-05
0.000189554
0.000432047
0.000789521
0.00120207
0.00164672
0.00205267
0.00239753
0.00262442
0.00272785
0.00267863
0.00249759
0.00218829
0.00179166
0.00134553
0.000896675
0.000512188
0.000224635
0.000119798
0.000195901
0.000543617
0.00111286
0.00198535
0.0030596
0.00439778
0.00585663
0.00747373
0.00908492
0.0107046
0.012175
0.0134939
0.0145383
0.0152983
0.0157075
0.0157574
0.0154493
0.0147808
0.0138197
0.0125692
0.0111496
0.00956383
0.0079626
0.00633944
0.00484898
0.00346644
0.00232632
0.00137986
0.000724386
0.000287334
0.00012203
0.000139042
0.000351353
0.000665339
0.0010655
0.00146968
0.00184972
0.00214981
0.0023441
0.0024135
0.00234408
0.00215726
0.00185393
0.00149369
0.00108717
0.000715889
0.00038743
0.000173097
7.52654e-05
0.000124237
0.000331395
0.000672582
0.00117841
0.00177489
0.00250537
0.00326025
0.00409521
0.00487991
0.00570384
0.0064316
0.00720304
0.00789065
0.00862445
0.00934659
0.00970811
0.0106348
0.0102483
0.00944249
0.00863984
0.00774975
0.00689818
0.0059452
0.00507007
0.00409322
0.00326116
0.00237177
0.00169559
0.00102627
0.000607311
0.000246586
0.000133301
0.000102123
0.000277646
0.000528407
0.000910079
0.00132381
0.00177199
0.00217719
0.00252823
0.00275789
0.00287902
0.00283625
0.00267916
0.00237851
0.00199852
0.00155808
0.00109706
0.000708275
0.000354629
0.000228475
0.000163335
0.000467968
0.000811304
0.0016184
0.00239005
0.00364517
0.004752
0.00627796
0.00753113
0.00906436
0.0102226
0.0114735
0.0123011
0.0130227
0.0133471
0.0133948
0.0131488
0.0125147
0.0117524
0.0105668
0.00944942
0.00794817
0.00670361
0.00517102
0.00403776
0.00273874
0.00190896
0.00102893
0.000605191
0.000212309
0.000188928
0.000228033
0.000501276
0.000819951
0.00122351
0.00162222
0.00197762
0.00226954
0.00243742
0.00250146
0.00242065
0.0022327
0.00193864
0.00158152
0.00119154
0.000821135
0.00048381
0.000261446
0.000100253
0.000130982
0.000212051
0.000527726
0.000855972
0.00142454
0.00194956
0.00268126
0.00331229
0.00408573
0.00473273
0.00546243
0.00609296
0.00678172
0.00740915
0.00808437
0.0083996
0.00962111
0.00923386
0.00855103
0.00773645
0.0069584
0.00608426
0.00527
0.00437265
0.00356548
0.00271666
0.00201393
0.00132715
0.000840618
0.000416398
0.000216605
0.000102457
0.000197278
0.000374719
0.000710749
0.00109486
0.00156071
0.00201029
0.00245588
0.00280688
0.00308112
0.00320211
0.00320127
0.00304435
0.00276865
0.00238909
0.00193148
0.00147099
0.000991506
0.000638268
0.00031905
0.000253986
0.000247073
0.000590013
0.00097217
0.00174293
0.00249012
0.00359567
0.00458443
0.00583616
0.0068718
0.00802871
0.00889281
0.00971947
0.0102242
0.0105483
0.0105832
0.0103375
0.00989679
0.00913541
0.00831836
0.0072023
0.00618766
0.00494453
0.00394512
0.00281317
0.00202302
0.00119419
0.000741949
0.000318699
0.000239339
0.000215986
0.000447902
0.000720829
0.00112844
0.00153153
0.00194672
0.00230171
0.00257236
0.00274005
0.00277258
0.00269187
0.00247649
0.00218245
0.00180596
0.00141464
0.00101034
0.000670514
0.000369619
0.000206322
0.000101265
0.000183113
0.000312419
0.000646274
0.000997072
0.00153374
0.00204382
0.00269349
0.00327174
0.00394351
0.00452203
0.00517788
0.00574753
0.00638865
0.00693473
0.00725094
0.00882131
0.00846109
0.00773159
0.00698056
0.00621968
0.00542072
0.00462818
0.00381964
0.00303738
0.00229135
0.00162075
0.00104451
0.000597052
0.000281485
0.000124571
0.000108197
0.000246241
0.000505319
0.00088252
0.00133209
0.00183551
0.00233964
0.00281853
0.00321968
0.00351939
0.00368634
0.00369737
0.00357492
0.00329432
0.00292507
0.00244187
0.00195044
0.00142111
0.000978354
0.000583146
0.000357994
0.000249939
0.000360862
0.000621455
0.00110092
0.00171487
0.00249675
0.00335277
0.00428628
0.00520385
0.00609039
0.00686502
0.00750803
0.00796325
0.00821783
0.00824976
0.0080591
0.00766238
0.00707148
0.00633967
0.00548307
0.00458391
0.00365082
0.00278296
0.00196915
0.00131177
0.000770881
0.000439648
0.000246648
0.0002672
0.000403506
0.000709472
0.00107312
0.00152857
0.00196626
0.00240607
0.00275789
0.00303472
0.00317911
0.00320399
0.0030921
0.00285807
0.00253042
0.00212884
0.00169843
0.00126388
0.000869028
0.000530807
0.000287995
0.000138307
0.000115467
0.000195034
0.000406451
0.00070733
0.00111717
0.00158319
0.00211612
0.00265977
0.00323406
0.00378515
0.00436119
0.00491143
0.00548482
0.00606621
0.00635342
0.00801231
0.00768678
0.00697038
0.00629843
0.0055309
0.00483166
0.00402954
0.00334048
0.00255285
0.00194367
0.00127367
0.000841583
0.000399152
0.000222962
7.32973e-05
0.000181839
0.000327823
0.000691663
0.00107603
0.00161024
0.002119
0.00269431
0.00317673
0.00364359
0.00394645
0.00417274
0.00418762
0.00410958
0.00383314
0.00347703
0.00299669
0.00246517
0.00193537
0.00137698
0.000976024
0.000544305
0.000423974
0.000235686
0.00047748
0.00058142
0.00117153
0.00153624
0.00236622
0.00288967
0.00378268
0.00432086
0.00507624
0.00548262
0.00592702
0.00609209
0.00612343
0.00600364
0.00561656
0.0052453
0.00453165
0.00400935
0.00313378
0.00260021
0.00175762
0.00135384
0.000719794
0.000550056
0.000237415
0.000341315
0.000374259
0.000716552
0.0010287
0.00150951
0.00196614
0.00244863
0.00288653
0.00323438
0.00350815
0.00362254
0.00364472
0.00349256
0.0032563
0.00288471
0.00248042
0.00199925
0.00155981
0.00109414
0.00074855
0.000404013
0.000245559
8.92336e-05
0.000160391
0.00021513
0.000509858
0.00075502
0.00121967
0.00159836
0.00214716
0.0025921
0.00315307
0.00362591
0.0041838
0.00467533
0.00524335
0.00549351
0.00718549
0.00685929
0.0063303
0.00564977
0.00497517
0.00426027
0.00357215
0.00286831
0.00222537
0.00160596
0.00109568
0.000658348
0.000371176
0.000194025
0.000182214
0.000293234
0.000553296
0.000921547
0.00139422
0.00193269
0.00250947
0.00308732
0.00362922
0.00409626
0.00446337
0.00468946
0.00477518
0.0046972
0.00448488
0.00412909
0.00368107
0.00315004
0.00258985
0.00203198
0.00150942
0.0010781
0.000728466
0.000540351
0.000448463
0.000552308
0.000730813
0.00109519
0.00148293
0.0020059
0.00248631
0.00302399
0.00345806
0.00386407
0.00412876
0.00429367
0.00431521
0.00419554
0.00396886
0.00359794
0.00318722
0.00266541
0.00218579
0.00165271
0.00123839
0.000834974
0.000602201
0.000432619
0.000447848
0.000551652
0.000813248
0.00115523
0.00159384
0.00207421
0.00257159
0.00305364
0.00347471
0.00382224
0.00405158
0.00416587
0.00413948
0.00398746
0.00370981
0.00333796
0.00289523
0.00241129
0.00191957
0.00144915
0.00102262
0.000672892
0.000398923
0.000239171
0.000164778
0.000219514
0.000349388
0.000598889
0.000896867
0.00128486
0.00168756
0.00214632
0.00259714
0.00308486
0.00355425
0.00405412
0.00445069
0.00470155
0.00668007
0.00635956
0.00576315
0.00509249
0.00447294
0.00376481
0.00314176
0.00244693
0.00187556
0.00126983
0.000843228
0.000423974
0.000232749
7.62801e-05
0.000168749
0.000301097
0.000669498
0.00105833
0.00164056
0.0021979
0.0028822
0.00347673
0.00412099
0.00460268
0.00505725
0.00529794
0.00544404
0.00537963
0.00519109
0.00484538
0.00437384
0.00384588
0.00320467
0.0026392
0.00197217
0.00151992
0.0009638
0.000740834
0.000391256
0.000448408
0.000338664
0.000649317
0.000746949
0.00121602
0.00143737
0.00192868
0.00216666
0.00254084
0.00269767
0.00285021
0.00286613
0.00275533
0.00262531
0.0022828
0.00205711
0.00157842
0.00134703
0.000864949
0.000730315
0.000378273
0.000424049
0.000299602
0.000564111
0.000702215
0.00116412
0.00152763
0.00210806
0.00259784
0.00317861
0.00366057
0.00411379
0.00445518
0.00467618
0.0047815
0.00471615
0.00455436
0.00421406
0.00383197
0.00331192
0.00281484
0.00223697
0.00174973
0.00122724
0.000857188
0.000478461
0.000296038
0.000111242
0.000142941
0.000163843
0.000392637
0.000591762
0.000963771
0.00128262
0.00173062
0.00210952
0.00258922
0.00300024
0.00348952
0.00393302
0.00417813
0.00613036
0.0058401
0.00524104
0.00463977
0.00401011
0.00338589
0.00275104
0.00215419
0.00157347
0.00107845
0.000646189
0.000343614
0.000150183
0.000108245
0.000201563
0.000440362
0.000811938
0.00129664
0.00188292
0.00252645
0.00321401
0.00388861
0.00453415
0.00509444
0.00554868
0.0058666
0.00601259
0.00601884
0.00583044
0.00553613
0.00506497
0.00455109
0.00391039
0.00330312
0.00263662
0.00207337
0.00151769
0.00111178
0.000762482
0.000575848
0.00046619
0.000497215
0.00059477
0.00078388
0.00100506
0.00125581
0.0014936
0.00170282
0.00185954
0.001948
0.00196391
0.00189907
0.00176915
0.0015738
0.00134829
0.00109321
0.000862007
0.00064462
0.000510093
0.000425225
0.000470965
0.000581904
0.000846204
0.00116405
0.0016256
0.00210295
0.00268292
0.00322374
0.00380405
0.00428728
0.00474015
0.0050507
0.00527152
0.00533034
0.00526505
0.00505162
0.00471156
0.00427536
0.00375381
0.00319744
0.00261573
0.0020568
0.00152925
0.0010702
0.000686903
0.000397936
0.000210654
0.000123095
0.000144481
0.000250401
0.000453413
0.000710034
0.0010364
0.00138492
0.00177395
0.00217058
0.00259069
0.00301106
0.00345705
0.00367167
0.005621
0.00535873
0.00475974
0.00422058
0.00358344
0.00303499
0.00239059
0.0018831
0.00129471
0.000901233
0.00046481
0.000269196
7.4846e-05
0.000137846
0.000232572
0.00056933
0.000943847
0.00151734
0.00210736
0.0028307
0.00352129
0.00427005
0.00491676
0.00554985
0.00600378
0.00639322
0.0065391
0.00661078
0.00642252
0.00617581
0.005705
0.00520416
0.00456393
0.00391795
0.00325194
0.0025859
0.00203063
0.00145531
0.00110626
0.000693864
0.000584287
0.00035636
0.000453843
0.000383696
0.000604715
0.000632697
0.000870312
0.000926773
0.00108337
0.0011125
0.0011284
0.00110611
0.000976285
0.000917218
0.000691874
0.000643874
0.000412841
0.000440583
0.000306153
0.000468706
0.000514412
0.000843333
0.00110744
0.00159174
0.00205295
0.00263573
0.00321528
0.00380336
0.00438325
0.00486765
0.00532019
0.00560219
0.00582285
0.00583861
0.00577337
0.0055121
0.00517227
0.00468597
0.00416303
0.00355175
0.00296649
0.00234116
0.00180894
0.00126746
0.000879933
0.000492934
0.000302717
0.000105908
0.00012655
0.000119898
0.000325293
0.000476256
0.000808393
0.0010666
0.0014632
0.00178569
0.00221199
0.00257154
0.0030162
0.00320267
0.00509026
0.00482754
0.00438106
0.00383683
0.00327281
0.0027156
0.0021595
0.00164441
0.00116228
0.000764268
0.000439792
0.000242788
0.000152355
0.000216656
0.000398964
0.000739065
0.00118224
0.00176005
0.00240082
0.00312839
0.00385858
0.00461016
0.00529461
0.00592842
0.00643073
0.00682009
0.0070343
0.00710611
0.00699935
0.00675293
0.00636076
0.0058603
0.00527437
0.00462873
0.00397109
0.00330524
0.00269731
0.00212195
0.00165594
0.00124325
0.000963409
0.000734969
0.000633034
0.000562271
0.000587389
0.000614779
0.000694262
0.000750293
0.000814787
0.000843749
0.000849556
0.000827389
0.000769733
0.000711055
0.000624782
0.000577348
0.000525096
0.000553446
0.000604767
0.000767847
0.000975326
0.00130458
0.00168383
0.00216824
0.00268775
0.00327041
0.00385448
0.00444228
0.00498663
0.00547071
0.005867
0.00614874
0.00631128
0.00632693
0.00621526
0.00595405
0.00558451
0.00509756
0.00455149
0.00393719
0.00332195
0.00269181
0.00211393
0.00156713
0.0011131
0.00072143
0.000445179
0.000245534
0.000165237
0.000158277
0.000256825
0.000410425
0.000642825
0.000906556
0.00122152
0.00155078
0.00190974
0.0022733
0.00258518
0.00277204
0.00474593
0.00448297
0.00404286
0.00349409
0.00298518
0.00241991
0.00192834
0.00140586
0.000997447
0.000594425
0.000351228
0.000151793
0.000146196
0.000210434
0.00047733
0.000819434
0.00134465
0.00192574
0.00264557
0.00337641
0.00418331
0.00493699
0.00569735
0.00633129
0.00690973
0.00729884
0.00758683
0.0076586
0.0076177
0.00737143
0.0070265
0.00652635
0.00595614
0.00531091
0.00462621
0.00396078
0.00327712
0.00270212
0.00211402
0.00170158
0.00126487
0.00103657
0.000762724
0.000692005
0.00055477
0.000582143
0.000533646
0.000589642
0.000580567
0.000609511
0.000607308
0.000585155
0.000585063
0.000526422
0.000552319
0.000504914
0.00059997
0.000628302
0.000838292
0.00100127
0.00135556
0.00168461
0.00218056
0.00266465
0.00326036
0.00384266
0.00446077
0.00504821
0.0055903
0.00607408
0.00644222
0.00672378
0.00684368
0.00685932
0.00669913
0.00643809
0.00601736
0.00553014
0.00493043
0.00431358
0.00363921
0.00300486
0.00235918
0.0018077
0.00127647
0.00088103
0.000519852
0.000318301
0.000149685
0.000143088
0.000156088
0.000312533
0.000468077
0.000737032
0.00098625
0.00132181
0.00162524
0.00199256
0.0022908
0.00247789
0.00445586
0.00420085
0.00373742
0.00320607
0.00272322
0.00217655
0.00171531
0.00121426
0.000840936
0.000462263
0.000260354
8.65659e-05
0.000127453
0.000216361
0.000533356
0.000897439
0.00147542
0.00207525
0.00284988
0.00359674
0.00445914
0.00522747
0.00604229
0.00669164
0.00732048
0.0077285
0.00806222
0.00815646
0.00815255
0.00793012
0.00760793
0.00712897
0.00656107
0.00592965
0.00522194
0.00455892
0.00382507
0.0032389
0.00257587
0.00213925
0.00161002
0.00134797
0.000975123
0.00086682
0.00063751
0.000630316
0.000509932
0.00054082
0.000490648
0.000508544
0.000501878
0.000484488
0.000516535
0.000476996
0.000565811
0.000547582
0.000725987
0.000787536
0.00108858
0.00128242
0.00172285
0.00207507
0.002642
0.0031384
0.00378361
0.00436676
0.00501102
0.00558976
0.00613671
0.00660578
0.00696214
0.00722702
0.00732396
0.00732427
0.0071343
0.00686092
0.006406
0.00590881
0.00526971
0.00464222
0.0039244
0.00327651
0.00258355
0.00201445
0.00143311
0.00101586
0.000603122
0.00037656
0.000157286
0.000124497
9.10595e-05
0.000222547
0.000338649
0.000585557
0.000802094
0.00111852
0.00139509
0.00174487
0.00205661
0.00223588
0.00416055
0.00392597
0.00346113
0.00297598
0.00248798
0.00199609
0.00152924
0.00109016
0.000712882
0.000400919
0.000197209
8.96568e-05
0.000130664
0.000280174
0.000598889
0.00101498
0.00159571
0.00223888
0.00301632
0.00380054
0.00466489
0.0054692
0.00628463
0.0069744
0.00760292
0.00805985
0.00839339
0.00854543
0.00854152
0.00838009
0.00805807
0.00763303
0.00706543
0.00646889
0.00576157
0.00510409
0.00437063
0.00375523
0.00309256
0.00259344
0.00206449
0.00171554
0.00134289
0.001138
0.000908815
0.000812869
0.000692551
0.000659009
0.000608864
0.000598422
0.00059176
0.000586573
0.000618602
0.000628065
0.000716832
0.000773487
0.000951796
0.00109868
0.00139956
0.00167282
0.00211301
0.00252506
0.00309169
0.00362012
0.00426498
0.00485089
0.0054948
0.00605179
0.00659843
0.00703021
0.00738638
0.00760868
0.00770557
0.00766655
0.00747668
0.00717138
0.00671669
0.00619354
0.00555357
0.00490137
0.00418101
0.00350356
0.00280687
0.00219919
0.00161386
0.00114733
0.000731354
0.000445996
0.000224891
0.000127623
9.40603e-05
0.000161008
0.000278919
0.000466478
0.000686514
0.000950884
0.00123111
0.00153651
0.00184933
0.00200864
0.00388707
0.00367141
0.00320527
0.0027629
0.00227014
0.00182897
0.00135692
0.000975238
0.000594295
0.000344111
0.000138733
9.25191e-05
0.000133637
0.000339269
0.000659577
0.00112383
0.0017071
0.00239042
0.00317045
0.00398928
0.00485544
0.00569306
0.00650905
0.00723625
0.00786446
0.0083667
0.00870007
0.00890564
0.00890174
0.00879679
0.00847493
0.00809981
0.0075325
0.00696827
0.00626129
0.00560895
0.00487586
0.00423338
0.00357104
0.00301404
0.00248536
0.00205593
0.00168347
0.00138913
0.00116006
0.000981925
0.000861667
0.00076846
0.00071834
0.000681654
0.000674996
0.00068111
0.000713124
0.000767964
0.000856687
0.000982689
0.00116091
0.00138681
0.00168755
0.00203435
0.00247432
0.00294178
0.00350812
0.00406622
0.00471076
0.00529922
0.00594281
0.00647965
0.00702602
0.00742326
0.00777925
0.00796213
0.00805897
0.00798352
0.00779374
0.00745889
0.00700442
0.00645722
0.00581643
0.00514136
0.00441864
0.00371382
0.00301368
0.00237027
0.00178124
0.00126908
0.000850105
0.000510299
0.000287496
0.000130517
9.68392e-05
0.00010402
0.000223605
0.000356203
0.00057948
0.000795641
0.00107925
0.00134355
0.00165737
0.0017982
0.0036324
0.00343294
0.00297365
0.00256635
0.00207462
0.00167495
0.00120415
0.000869835
0.000491799
0.000292959
9.20989e-05
9.69627e-05
0.000143252
0.000395755
0.000720905
0.00122581
0.00181293
0.00253075
0.00331321
0.00416226
0.00502948
0.00589635
0.00671241
0.00747212
0.00810037
0.00864157
0.00897725
0.00922887
0.00922893
0.00917258
0.00885585
0.0085237
0.00796184
0.00742541
0.00672324
0.00607533
0.00534555
0.0046798
0.00401878
0.003412
0.00288261
0.00238396
0.00200923
0.00163794
0.00140581
0.00115696
0.00103377
0.000889237
0.000837115
0.000777854
0.00077061
0.000786445
0.000819338
0.000913218
0.00100389
0.00118956
0.0013701
0.00166399
0.00196659
0.00237665
0.00281731
0.00333243
0.00389785
0.00448146
0.00512346
0.00571411
0.00635395
0.00687343
0.00741554
0.00778305
0.00813506
0.00828401
0.00837785
0.00827106
0.00807966
0.0077194
0.0072652
0.00669707
0.0060562
0.00536091
0.00463675
0.00390784
0.0032047
0.00253037
0.00193685
0.00138587
0.000961422
0.00057587
0.000347207
0.000140368
0.000101244
5.88147e-05
0.000174179
0.000261733
0.00048222
0.000659446
0.00094097
0.00117196
0.00147929
0.00160433
0.00338087
0.0031812
0.00280235
0.00239276
0.00194612
0.00154282
0.00112467
0.000787745
0.000467472
0.000267777
0.000122238
0.000127839
0.000219496
0.000473941
0.00082998
0.00133753
0.00194011
0.00266053
0.0034456
0.00429643
0.00515996
0.00602754
0.00684256
0.00760212
0.00824234
0.00878331
0.00915108
0.00940259
0.00945445
0.00939813
0.00914656
0.00881455
0.00832065
0.00778445
0.00714098
0.00649335
0.00580261
0.00513715
0.00448955
0.00388303
0.00334149
0.00284305
0.0024365
0.00206537
0.00179197
0.00154323
0.00138108
0.0012366
0.00115808
0.00109884
0.00108392
0.00109975
0.00114429
0.00123813
0.00135483
0.00154041
0.00175232
0.00204608
0.00237476
0.00278465
0.00323676
0.00375166
0.00430831
0.00489166
0.00550425
0.00609464
0.00668921
0.00720846
0.00769799
0.00806534
0.00836741
0.00851631
0.00857148
0.00846474
0.00825106
0.00789095
0.00743107
0.00686296
0.00622628
0.00552993
0.00481057
0.00407936
0.0033744
0.00269679
0.00208984
0.00153533
0.00108428
0.000695689
0.000428372
0.000219425
0.000133212
8.9917e-05
0.000155681
0.000243836
0.000418305
0.000597268
0.000838409
0.00107076
0.00131075
0.00143593
0.00315292
0.00295306
0.00264414
0.00223243
0.00182679
0.00142014
0.00105
0.000710629
0.000443075
0.000242538
0.000147559
0.000153778
0.000287158
0.000543335
0.000928276
0.00143822
0.00205594
0.00277871
0.00356735
0.00441982
0.0052812
0.00614944
0.00696479
0.00772421
0.00837681
0.00891756
0.00931557
0.00956698
0.00966671
0.00961041
0.00941855
0.00908668
0.00865475
0.00811876
0.00752855
0.00688118
0.0062256
0.0055604
0.00492452
0.00431824
0.00376506
0.00326682
0.00283075
0.00245977
0.00214831
0.00189967
0.00170167
0.00155725
0.00145446
0.00139525
0.00137326
0.00138909
0.0014443
0.0015381
0.0016787
0.00186421
0.002105
0.00239864
0.00275147
0.0031612
0.00362417
0.00413886
0.00468795
0.00527107
0.00585724
0.00644739
0.00700095
0.00752
0.0079617
0.00832891
0.00858536
0.00873419
0.00875377
0.00864707
0.00841249
0.00805253
0.00758642
0.00701834
0.00638456
0.00568723
0.00497136
0.00423802
0.00353047
0.00284984
0.00222975
0.00167201
0.00119595
0.000804582
0.000501477
0.000290625
0.000161101
0.000117048
0.000137265
0.000226011
0.000358233
0.000538824
0.000742923
0.000976532
0.00115779
0.00128311
0.0030244
0.00282446
0.00250308
0.00208948
0.0017111
0.00130121
0.000961605
0.000619432
0.000384949
0.000182698
0.000122155
0.000127762
0.00029476
0.00055129
0.000967194
0.00147826
0.00212376
0.00284801
0.0036622
0.00451593
0.00540245
0.00627136
0.00711382
0.00787316
0.0085571
0.00909765
0.00953314
0.00978446
0.00992678
0.00987049
0.00972238
0.00939063
0.00899794
0.00846216
0.00790083
0.0072537
0.00661218
0.00594722
0.00530872
0.00470267
0.00413169
0.00363363
0.00316918
0.00279834
0.00245466
0.00220612
0.00197939
0.00183502
0.00171317
0.00165398
0.00162625
0.00164207
0.00170514
0.00179891
0.00195798
0.00214342
0.00240781
0.00270135
0.0030764
0.00348598
0.00396383
0.00447832
0.00503084
0.00561375
0.00619059
0.00678052
0.00731351
0.00783237
0.00824598
0.00861305
0.0088387
0.00898748
0.00897807
0.00887141
0.0086125
0.00825267
0.00776711
0.00719899
0.00654812
0.00584976
0.00511645
0.00438119
0.00365332
0.00297028
0.00232546
0.00176542
0.00125983
0.000866773
0.000530344
0.000318647
0.00015431
0.000110392
9.69854e-05
0.00018691
0.000288396
0.000470852
0.00064785
0.000882717
0.00106798
0.00119336
0.00290538
0.00270538
0.00237246
0.00195711
0.00160396
0.00119107
0.000879746
0.000534978
0.000331121
0.000127282
9.86288e-05
0.000103671
0.0003018
0.000558657
0.00100324
0.00151534
0.00218658
0.00291219
0.00375003
0.00460494
0.00551473
0.00638427
0.00725184
0.0080111
0.00872405
0.00926442
0.00973462
0.00998586
0.0101676
0.0101113
0.0100038
0.00967211
0.00931577
0.00878016
0.0082456
0.00759869
0.00697017
0.00630544
0.00566452
0.00505868
0.00447121
0.00397332
0.0034826
0.00311188
0.00273837
0.00248991
0.00223657
0.00209225
0.00195276
0.00189359
0.00186053
0.00187634
0.0019467
0.00204043
0.0022166
0.00240198
0.00268824
0.00298167
0.00337731
0.00378675
0.00427837
0.00479269
0.00534839
0.00593109
0.00649929
0.00708903
0.00760295
0.00812163
0.00850924
0.00887618
0.00907332
0.00922205
0.00918579
0.00907916
0.00879772
0.00843802
0.00793443
0.00736628
0.00669959
0.00600027
0.00525081
0.00451377
0.00376708
0.00308181
0.00241409
0.00185193
0.00131898
0.000924364
0.000557076
0.000344598
0.000148021
0.000104228
5.96838e-05
0.0001507
0.000223723
0.000407906
0.000559806
0.000795839
0.000984805
0.00111024
0.00281865
0.00262247
0.00228548
0.00188003
0.00153137
0.00113015
0.000824576
0.000492153
0.000295935
0.000104411
8.49694e-05
0.000101324
0.000309326
0.000575496
0.00102996
0.00154884
0.00222967
0.00295972
0.00380674
0.00466464
0.0055833
0.00645577
0.00733212
0.00809594
0.00881812
0.00936582
0.00984749
0.0101092
0.010304
0.0102606
0.0101665
0.00984839
0.00950421
0.00898076
0.0084552
0.00781701
0.00719295
0.00653211
0.00589052
0.00528335
0.00469052
0.00418687
0.0036875
0.00330831
0.00292495
0.00266758
0.00240543
0.00225398
0.00210864
0.00204576
0.00201094
0.00202713
0.00209989
0.00219766
0.00237948
0.00257113
0.0028646
0.00316457
0.00356698
0.00398118
0.00447727
0.00499301
0.00554965
0.00612969
0.0066949
0.00727817
0.00778565
0.00829521
0.00867408
0.00903093
0.00921855
0.00935794
0.00931276
0.00919887
0.00891
0.00854561
0.00803649
0.00746583
0.0067933
0.00609263
0.00533618
0.00459745
0.00384232
0.00315385
0.0024763
0.00190869
0.0013649
0.000962441
0.000583928
0.00036168
0.000154277
9.97015e-05
4.5739e-05
0.000125868
0.000191477
0.000365272
0.000511441
0.000738387
0.000928773
0.00105053
0.00275029
0.00255949
0.00222219
0.00182887
0.00147899
0.00109211
0.000785263
0.000468726
0.000271719
9.65715e-05
7.69211e-05
0.000108569
0.000316862
0.000595833
0.00105098
0.00157947
0.00226116
0.00299788
0.00384561
0.0047084
0.00562739
0.00650474
0.00738105
0.0081518
0.00887377
0.00943219
0.00991371
0.0101905
0.0103853
0.0103604
0.0102663
0.00996779
0.00962372
0.00911775
0.00859235
0.00796665
0.00734278
0.00668744
0.00604603
0.00543686
0.0048442
0.00433214
0.00383292
0.00344143
0.00305818
0.00278788
0.00252581
0.00236402
0.00221872
0.00215046
0.00211566
0.0021324
0.00220514
0.00230874
0.00249051
0.00269126
0.00298465
0.0032941
0.0036964
0.00411754
0.00461349
0.00513134
0.00568782
0.00626411
0.00682916
0.00740318
0.00791051
0.00840698
0.00878573
0.00912806
0.00931561
0.00944154
0.00939637
0.00927198
0.00898319
0.00861197
0.008103
0.00752838
0.00685578
0.00615239
0.00539541
0.00465326
0.00389717
0.0032031
0.00252435
0.00194814
0.00140324
0.000989119
0.000609783
0.000373564
0.000165736
9.61846e-05
4.22742e-05
0.000107836
0.000173978
0.000334518
0.000481387
0.000696871
0.000887463
0.00100402
0.00268698
0.00250116
0.00216359
0.00178149
0.00143048
0.00105689
0.000748857
0.00044703
0.000249292
8.93117e-05
6.94679e-05
0.000115279
0.00032384
0.000614666
0.00107045
0.00160783
0.00229032
0.00303321
0.0038816
0.00474892
0.00566823
0.00655008
0.00742635
0.00820354
0.00892531
0.00949364
0.00997503
0.0102659
0.0104606
0.0104529
0.0103588
0.0100784
0.00973438
0.00924461
0.00871935
0.00810523
0.00748152
0.00683129
0.00619005
0.00557902
0.00498652
0.00446668
0.00396759
0.00356471
0.00318156
0.00289929
0.00263729
0.00246593
0.00232067
0.00224743
0.00221263
0.00222988
0.0023026
0.00241161
0.00259333
0.0028025
0.00309581
0.00341406
0.00381625
0.00424382
0.00473963
0.00525945
0.00581578
0.00638859
0.00695349
0.00751894
0.00802614
0.00851048
0.00888913
0.00921799
0.0094055
0.00951896
0.0094738
0.00933968
0.00905097
0.00867343
0.00816459
0.00758632
0.00691365
0.00620773
0.00545027
0.00470493
0.00394796
0.00324871
0.00256885
0.00198468
0.00143874
0.00101382
0.000633727
0.00038457
0.000176348
9.29277e-05
3.90656e-05
9.11375e-05
0.000157772
0.000306038
0.000453556
0.000658424
0.000849207
0.000960958
0.00262836
0.00244715
0.00210932
0.00173761
0.00138556
0.00102426
0.000715142
0.000426939
0.000228524
8.25886e-05
6.25657e-05
0.000121492
0.000330303
0.000632107
0.00108847
0.0016341
0.00231732
0.00306593
0.00391492
0.00478644
0.00570604
0.00659207
0.00746831
0.00825145
0.00897304
0.00955055
0.0100318
0.0103356
0.0105303
0.0105385
0.0104445
0.0101808
0.00983687
0.00936209
0.00883696
0.00823356
0.00761001
0.0069645
0.00632343
0.00571067
0.00511832
0.00459126
0.0040923
0.00367887
0.00329582
0.00300246
0.00274053
0.0025603
0.00241507
0.00233722
0.00230243
0.00232015
0.00239286
0.00250688
0.00268855
0.00290553
0.00319876
0.00352515
0.00392723
0.00436076
0.00485645
0.00537809
0.00593428
0.00650387
0.00706862
0.00762615
0.00813322
0.00860632
0.00898488
0.00930128
0.00948874
0.00959065
0.0095455
0.00940237
0.00911373
0.00873034
0.00822162
0.00763996
0.00696723
0.00625897
0.00550108
0.00475279
0.003995
0.00329095
0.00261006
0.00201852
0.00147161
0.0010367
0.0006559
0.000394762
0.000186176
8.99115e-05
3.60942e-05
7.56736e-05
0.000142765
0.000279663
0.000427783
0.000622819
0.000813779
0.000921075
0.00257406
0.00239713
0.00205906
0.00169697
0.00134396
0.00099405
0.000683921
0.000408334
0.000209291
7.63627e-05
5.61739e-05
0.000127247
0.000336287
0.000648258
0.00110517
0.00165842
0.00234232
0.00309623
0.00394579
0.00482119
0.00574106
0.00663096
0.00750717
0.00829581
0.00901724
0.00960325
0.0100844
0.0104003
0.0105949
0.0106178
0.0105238
0.0102756
0.00993178
0.00947088
0.00894587
0.0083524
0.007729
0.00708786
0.00644694
0.00583258
0.00524037
0.00470664
0.00420779
0.00378459
0.00340163
0.003098
0.00283613
0.00264769
0.0025025
0.00242038
0.0023856
0.00240376
0.00247644
0.0025951
0.00277673
0.00300093
0.0032941
0.00362802
0.00403002
0.00446906
0.00496463
0.00548796
0.00604402
0.00661063
0.00717525
0.00772543
0.00823238
0.00869508
0.00907355
0.00937842
0.00956583
0.00965704
0.00961191
0.00946043
0.00917186
0.00878304
0.00827444
0.00768965
0.00701686
0.00630643
0.00554812
0.00479711
0.00403856
0.00333006
0.00264823
0.00204985
0.00150205
0.00105789
0.000676433
0.0004042
0.000195276
8.71184e-05
3.33425e-05
6.13532e-05
0.000128867
0.000255239
0.000403915
0.000589848
0.000780971
0.00088414
0.00252379
0.00235081
0.00201252
0.00165935
0.00130543
0.000966072
0.000655008
0.000391104
0.000191481
7.0597e-05
5.02547e-05
0.000132575
0.000341829
0.000663215
0.00112062
0.00168095
0.00236548
0.00312429
0.00397437
0.00485337
0.00577349
0.00666697
0.00754315
0.0083369
0.00905817
0.00965206
0.0101331
0.0104601
0.0106547
0.0106912
0.0105972
0.0103634
0.0100197
0.00957163
0.00904674
0.00846245
0.00783918
0.0072021
0.00656132
0.00594548
0.0053534
0.00481348
0.00431474
0.00388249
0.00349962
0.00318648
0.00292467
0.00272862
0.00258346
0.00249739
0.00246261
0.00248118
0.00255385
0.0026768
0.00285839
0.00308928
0.00338238
0.00372329
0.0041252
0.00456934
0.00506481
0.0055897
0.00614564
0.00670949
0.00727399
0.00781737
0.00832421
0.00877728
0.00915567
0.00944984
0.00963722
0.00971853
0.0096734
0.0095142
0.00922569
0.00883185
0.00832336
0.00773565
0.00706281
0.00635038
0.00559169
0.00483815
0.0040789
0.00336628
0.00268357
0.00207887
0.00153024
0.00107751
0.000695449
0.00041294
0.000203704
8.45318e-05
3.07943e-05
4.80915e-05
0.000115997
0.00023262
0.000381812
0.000559314
0.000750588
0.000849937
0.00247722
0.00230792
0.00196941
0.0016245
0.00126975
0.000940163
0.000628232
0.000375148
0.000174987
6.52577e-05
4.47731e-05
0.00013751
0.000346962
0.000677066
0.00113494
0.00170181
0.00238693
0.00315027
0.00400084
0.00488317
0.00580352
0.00670032
0.00757647
0.00837495
0.00909608
0.00969726
0.0101782
0.0105155
0.0107101
0.0107592
0.0106652
0.0104447
0.0101011
0.00966493
0.00914014
0.00856437
0.00794123
0.0073079
0.00666724
0.00605003
0.00545807
0.00491242
0.00441379
0.00397316
0.00359036
0.00326841
0.00300665
0.00280357
0.00265844
0.0025687
0.00253393
0.00255287
0.00262553
0.00275246
0.00293401
0.0031711
0.00346414
0.00381152
0.00421334
0.00466222
0.00515759
0.00568392
0.00623975
0.00680104
0.00736543
0.00790251
0.00840925
0.0088534
0.00923171
0.00951599
0.00970333
0.00977546
0.00973035
0.00956399
0.00927554
0.00887705
0.00836866
0.00777826
0.00710537
0.00639108
0.00563204
0.00487616
0.00411625
0.00339983
0.0027163
0.00210574
0.00155635
0.00109568
0.000713059
0.000421035
0.000211509
8.21365e-05
2.84345e-05
3.58104e-05
0.000104079
0.000211674
0.000361343
0.000531037
0.000722452
0.000818263
0.00245617
0.00228715
0.00196546
0.00161972
0.00126979
0.000938599
0.000632275
0.000378076
0.000183029
7.29829e-05
5.60887e-05
0.000149181
0.000359998
0.000690965
0.00114765
0.00171574
0.00239719
0.0031619
0.0040069
0.00489045
0.00580439
0.00670209
0.00757233
0.00837131
0.00908814
0.00968995
0.0101687
0.010507
0.0107014
0.0107518
0.0106597
0.0104406
0.0101002
0.00966535
0.00914454
0.00856971
0.00795043
0.00731758
0.00668007
0.00606283
0.00547297
0.00492685
0.00442924
0.00398786
0.00360525
0.00328249
0.00302047
0.00281672
0.00267127
0.00258118
0.00254626
0.00256524
0.00263798
0.00276528
0.00294699
0.00318465
0.0034776
0.00382556
0.0042267
0.00467597
0.00516979
0.00569618
0.00624954
0.00681049
0.00737171
0.00790808
0.00841143
0.00885462
0.00922993
0.00951318
0.00969851
0.00976972
0.00972407
0.00955703
0.00926969
0.00887081
0.0083653
0.00777454
0.0071061
0.0063908
0.0056371
0.00487959
0.00412496
0.0034065
0.00272729
0.00211463
0.00156801
0.0011055
0.000723826
0.000430438
0.000220054
8.99495e-05
3.38936e-05
4.13159e-05
0.00010633
0.000214592
0.000361028
0.000531089
0.000710329
0.000805854
0.00243903
0.00227002
0.00196455
0.00161881
0.00127175
0.00094051
0.000637667
0.000383501
0.000191911
8.20508e-05
6.76369e-05
0.000161042
0.000372632
0.000703992
0.00115937
0.00172787
0.00240594
0.00317093
0.00401086
0.00489447
0.00580249
0.00670006
0.00756461
0.00836344
0.00907602
0.00967772
0.0101542
0.0104924
0.0106868
0.0107372
0.010647
0.0104279
0.010091
0.00965619
0.0091395
0.00856476
0.00794949
0.00731674
0.00668249
0.00606536
0.00547766
0.00493163
0.00443508
0.00399377
0.00361137
0.00328866
0.00302638
0.00282266
0.00267686
0.00258679
0.00255172
0.00257069
0.00264352
0.0027708
0.00295267
0.00319029
0.00348315
0.00383105
0.00423148
0.00468068
0.0051729
0.0056992
0.00625003
0.00681088
0.00736883
0.00790511
0.00840494
0.00884806
0.00922025
0.00950346
0.00968671
0.00975792
0.0097117
0.00954469
0.00925851
0.00885969
0.00835696
0.00776631
0.00710189
0.00638672
0.00563745
0.00487994
0.00412941
0.00341075
0.00273469
0.00212171
0.00157698
0.00111413
0.000732978
0.00043927
0.000228168
9.7802e-05
4.01206e-05
4.73783e-05
0.000110405
0.000218598
0.000363118
0.000533145
0.000700646
0.000796167
0.00242316
0.00225415
0.00196371
0.00161797
0.00127357
0.000942279
0.000642659
0.000388525
0.000200137
9.04483e-05
7.83313e-05
0.000172025
0.000384332
0.000716056
0.00117023
0.0017391
0.00241404
0.00317929
0.00401453
0.00489819
0.00580072
0.00669818
0.00755746
0.00835615
0.00906479
0.00966639
0.0101407
0.0104789
0.0106732
0.0107236
0.0106353
0.0104162
0.0100824
0.00964771
0.00913483
0.00856018
0.00794862
0.00731597
0.00668473
0.0060677
0.00548201
0.00493606
0.00444049
0.00399926
0.00361704
0.00329438
0.00303185
0.00282816
0.00268204
0.00259199
0.00255677
0.00257574
0.00264865
0.00277591
0.00295793
0.00319551
0.0034883
0.00383614
0.00423592
0.00468504
0.00517579
0.005702
0.00625047
0.00681124
0.00736617
0.00790236
0.00839894
0.00884199
0.0092113
0.00949445
0.00967579
0.00974698
0.00970024
0.00953326
0.00924815
0.00884939
0.00834923
0.00775869
0.007098
0.00638294
0.00563778
0.00488027
0.00413352
0.00341469
0.00274154
0.00212827
0.00158528
0.00112211
0.000741452
0.000447449
0.000235681
0.000105074
4.58872e-05
5.29924e-05
0.000114179
0.000222308
0.000365054
0.00053505
0.000691679
0.000787195
0.00240846
0.00223946
0.00196293
0.00161718
0.00127525
0.000943918
0.000647282
0.000393178
0.000207754
9.82249e-05
8.8235e-05
0.000182196
0.000395167
0.000727228
0.00118029
0.0017495
0.00242155
0.00318704
0.00401794
0.00490164
0.00579909
0.00669643
0.00755084
0.00834941
0.00905438
0.0096559
0.0101283
0.0104664
0.0106607
0.010711
0.0106244
0.0104054
0.0100745
0.00963985
0.0091305
0.00855594
0.00794781
0.00731526
0.00668681
0.00606986
0.00548603
0.00494017
0.00444551
0.00400433
0.00362228
0.00329967
0.00303691
0.00283326
0.00268684
0.0025968
0.00256145
0.00258042
0.0026534
0.00278064
0.0029628
0.00320035
0.00349306
0.00384085
0.00424002
0.00468908
0.00517846
0.0057046
0.00625089
0.00681157
0.0073637
0.00789981
0.00839338
0.00883636
0.009203
0.00948612
0.00966567
0.00973685
0.00968964
0.00952268
0.00923855
0.00883986
0.00834208
0.00775163
0.0070944
0.00637944
0.00563809
0.00488057
0.00413733
0.00341833
0.00274789
0.00213435
0.00159297
0.00112951
0.0007493
0.000455023
0.000242638
0.000111808
5.12275e-05
5.81914e-05
0.000117674
0.000225744
0.000366846
0.000536814
0.000683375
0.000778887
0.00239484
0.00222585
0.0019622
0.00161646
0.00127681
0.000945435
0.000651564
0.000397487
0.000214809
0.000105427
9.74064e-05
0.000191615
0.000405201
0.000737574
0.0011896
0.00175913
0.00242849
0.00319421
0.00402108
0.00490483
0.00579758
0.00669482
0.00754471
0.00834316
0.00904475
0.00964619
0.0101168
0.0104548
0.010649
0.0106994
0.0106143
0.0103953
0.0100672
0.00963258
0.0091265
0.00855202
0.00794706
0.00731459
0.00668873
0.00607187
0.00548976
0.00494397
0.00445015
0.00400903
0.00362714
0.00330458
0.0030416
0.00283797
0.00269129
0.00260126
0.00256578
0.00258475
0.0026578
0.00278502
0.00296731
0.00320483
0.00349747
0.00384521
0.00424383
0.00469282
0.00518093
0.005707
0.00625127
0.00681187
0.00736141
0.00789745
0.00838823
0.00883116
0.00919532
0.0094784
0.0096563
0.00972748
0.00967981
0.00951288
0.00922967
0.00883103
0.00833545
0.00774509
0.00709106
0.0063762
0.00563837
0.00488085
0.00414086
0.00342171
0.00275377
0.00213997
0.00160009
0.00113635
0.000756568
0.000462037
0.000249082
0.000118045
5.61729e-05
6.3006e-05
0.00012091
0.000228926
0.000368506
0.000538447
0.000675685
0.000771193
)
;

boundaryField
{
    inlet
    {
        type            cyclic;
    }
    outlet
    {
        type            cyclic;
    }
    top
    {
        type            zeroGradient;
    }
    hills
    {
        type            zeroGradient;
    }
    front
    {
        type            empty;
    }
    back
    {
        type            empty;
    }
}


// ************************************************************************* //
