/*--------------------------------*- C++ -*----------------------------------*\
| =========                 |                                                 |
| \\      /  F ield         | OpenFOAM: The Open Source CFD Toolbox           |
|  \\    /   O peration     | Version:  v2106                                 |
|   \\  /    A nd           | Website:  www.openfoam.com                      |
|    \\/     M anipulation  |                                                 |
\*---------------------------------------------------------------------------*/
FoamFile
{
    version     2.0;
    format      ascii;
    arch        "LSB;label=32;scalar=64";
    class       volScalarField;
    location    "0";
    object      expGpCoeffs38;
}
// * * * * * * * * * * * * * * * * * * * * * * * * * * * * * * * * * * * * * //

dimensions      [0 0 0 0 0 0 0];

internalField   nonuniform List<scalar> 
8000
(
0.00223904
0.00246776
0.00286665
0.00341346
0.00400707
0.00461754
0.00513937
0.00557879
0.0058545
0.00597646
0.00593887
0.00574308
0.00542797
0.00499829
0.00452194
0.00400239
0.00351548
0.00306052
0.00268276
0.00238299
0.00216819
0.00204055
0.00197497
0.00197257
0.00198715
0.00201681
0.00203087
0.00202828
0.00200308
0.00195527
0.00188627
0.00179634
0.00168931
0.00156563
0.00143108
0.00128623
0.00113793
0.000986844
0.000839827
0.000697478
0.000565593
0.000444633
0.000338382
0.000247084
0.000171904
0.000112842
6.82906e-05
3.80094e-05
1.79732e-05
7.75969e-06
1.73718e-06
-6.12068e-07
-5.41201e-06
-1.31715e-05
-2.93195e-05
-5.42551e-05
-9.16942e-05
-0.000141848
-0.000206062
-0.000284325
-0.00037542
-0.000479108
-0.000591877
-0.000713317
-0.000838254
-0.000966172
-0.00109112
-0.00121254
-0.00132466
-0.00142697
-0.00151473
-0.00158756
-0.00164238
-0.00167899
-0.00170048
-0.00170755
-0.00172506
-0.00175473
-0.00183733
-0.00197177
-0.00218233
-0.00246702
-0.00282051
-0.00324207
-0.00368986
-0.00416448
-0.00459556
-0.00497976
-0.00525489
-0.00541662
-0.00543188
-0.00529977
-0.00502975
-0.00461294
-0.00412401
-0.00355682
-0.0030047
-0.00249401
-0.00211956
-0.00190367
0.00222062
0.00244929
0.00285933
0.00340603
0.00400851
0.0046192
0.00515043
0.00559041
0.00586798
0.00599041
0.00595064
0.00575512
0.0054353
0.00500568
0.00452248
0.00400281
0.00351041
0.00305529
0.00267577
0.0023759
0.00216148
0.0020338
0.00197161
0.00196921
0.00198792
0.00201758
0.0020327
0.00203011
0.00200489
0.00195709
0.00188785
0.00179793
0.00169045
0.00156678
0.00143163
0.0012868
0.00113786
0.000986792
0.000839175
0.000696844
0.000564503
0.000443558
0.000337066
0.00024578
0.00017061
0.000111556
6.72572e-05
3.69799e-05
1.73851e-05
7.17294e-06
1.69003e-06
-6.58915e-07
-4.92906e-06
-1.26876e-05
-2.8419e-05
-5.33513e-05
-9.05652e-05
-0.000140713
-0.000204932
-0.000283184
-0.000374511
-0.000478186
-0.000591369
-0.000712793
-0.000838256
-0.000966157
-0.00109166
-0.00121306
-0.00132567
-0.00142798
-0.0015161
-0.00158892
-0.00164393
-0.00168054
-0.00170132
-0.00170838
-0.00172241
-0.00175207
-0.00183154
-0.001966
-0.00217607
-0.00246084
-0.00281593
-0.00323764
-0.00369054
-0.00416526
-0.00460269
-0.00498683
-0.0052662
-0.00542767
-0.00544457
-0.00531203
-0.00503995
-0.00462264
-0.00412542
-0.00355804
-0.00299813
-0.00248754
-0.00210213
-0.00188629
0.00220073
0.00242935
0.00285143
0.003398
0.00401006
0.00462098
0.00516236
0.00560295
0.00588253
0.00600547
0.00596335
0.00576812
0.00544321
0.00501366
0.00452307
0.00400328
0.00350494
0.00304965
0.00266822
0.00236825
0.00215423
0.00202652
0.00196799
0.00196558
0.00198876
0.00201841
0.00203467
0.00203209
0.00200685
0.00195905
0.00188955
0.00179964
0.00169167
0.00156803
0.00143223
0.00128742
0.00113778
0.000986735
0.000838471
0.00069616
0.000563326
0.000442397
0.000335645
0.000244371
0.000169212
0.000110167
6.61413e-05
3.58682e-05
1.67501e-05
6.53933e-06
1.63912e-06
-7.09503e-07
-4.40755e-06
-1.2165e-05
-2.74465e-05
-5.23754e-05
-8.9346e-05
-0.000139487
-0.000203711
-0.000281953
-0.000373529
-0.00047719
-0.00059082
-0.000712228
-0.000838258
-0.000966141
-0.00109224
-0.00121363
-0.00132677
-0.00142906
-0.00151758
-0.00159039
-0.00164561
-0.00168222
-0.00170221
-0.00170928
-0.00171954
-0.00174921
-0.00182529
-0.00195978
-0.0021693
-0.00245416
-0.00281099
-0.00323285
-0.00369127
-0.0041661
-0.0046104
-0.00499446
-0.00527842
-0.00543961
-0.00545828
-0.00532526
-0.00505098
-0.00463311
-0.00412695
-0.00355936
-0.00299103
-0.00248055
-0.00208331
-0.00186752
0.00217925
0.00240781
0.00284289
0.00338934
0.00401174
0.0046229
0.00517525
0.0056165
0.00589825
0.00602174
0.00597708
0.00578215
0.00545175
0.00502228
0.0045237
0.00400378
0.00349903
0.00304355
0.00266007
0.00235999
0.00214641
0.00201866
0.00196407
0.00196166
0.00198966
0.00201931
0.00203681
0.00203422
0.00200897
0.00196118
0.00189138
0.00180149
0.001693
0.00156937
0.00143288
0.00128809
0.0011377
0.000986673
0.000837711
0.000695421
0.000562054
0.000441144
0.00033411
0.00024285
0.000167704
0.000108667
6.49363e-05
3.46677e-05
1.60644e-05
5.85514e-06
1.58414e-06
-7.64129e-07
-3.84441e-06
-1.16007e-05
-2.63964e-05
-5.13216e-05
-8.80295e-05
-0.000138163
-0.000202393
-0.000280624
-0.000372469
-0.000476114
-0.000590227
-0.000711617
-0.00083826
-0.000966125
-0.00109286
-0.00121424
-0.00132796
-0.00143023
-0.00151918
-0.00159198
-0.00164743
-0.00168403
-0.00170318
-0.00171024
-0.00171645
-0.00174611
-0.00181853
-0.00195306
-0.002162
-0.00244695
-0.00280565
-0.00322768
-0.00369206
-0.004167
-0.00461872
-0.0050027
-0.00529161
-0.00545251
-0.00547308
-0.00533955
-0.00506288
-0.00464442
-0.0041286
-0.00356078
-0.00298337
-0.002473
-0.00206298
-0.00184724
0.00215606
0.00238456
0.00283368
0.00337912
0.00401355
0.00462498
0.00518917
0.00563113
0.00591522
0.0060393
0.0059919
0.0057973
0.00546098
0.00503159
0.00452439
0.00400432
0.00349265
0.00303697
0.00265127
0.00235107
0.00213796
0.00201016
0.00195984
0.00195742
0.00199063
0.00202028
0.00203911
0.00203653
0.00201125
0.00196347
0.00189337
0.00180349
0.00169442
0.00157082
0.00143358
0.00128882
0.00113761
0.000986607
0.00083689
0.000694623
0.000560682
0.00043979
0.000332453
0.000241207
0.000166074
0.000107047
6.36351e-05
3.33714e-05
1.53239e-05
5.11632e-06
1.52478e-06
-8.23117e-07
-3.2363e-06
-1.09914e-05
-2.52625e-05
-5.01837e-05
-8.66079e-05
-0.000136733
-0.00020097
-0.000279188
-0.000371324
-0.000474953
-0.000589587
-0.000710957
-0.000838262
-0.000966106
-0.00109354
-0.0012149
-0.00132924
-0.0014315
-0.00152091
-0.0015937
-0.00164939
-0.00168598
-0.00170423
-0.00171129
-0.00171311
-0.00174277
-0.00181124
-0.0019458
-0.00215411
-0.00243917
-0.00279989
-0.00322209
-0.00369292
-0.00416798
-0.00462771
-0.0050116
-0.00530585
-0.00546643
-0.00548906
-0.00535498
-0.00507573
-0.00465663
-0.00413038
-0.00356232
-0.00297459
-0.00246485
-0.00204104
-0.00182535
0.00213488
0.00236285
0.00281914
0.00336278
0.00400866
0.00461874
0.00520133
0.00564428
0.00593336
0.00605879
0.00600839
0.00581658
0.00547322
0.00504805
0.00452629
0.00400656
0.00348576
0.00302986
0.00264176
0.00234144
0.00212884
0.00200099
0.00195528
0.00195285
0.00199804
0.00202778
0.0020479
0.00204519
0.00201989
0.00197171
0.0019013
0.00181079
0.00170118
0.00157676
0.00143881
0.00129314
0.00114115
0.000989234
0.000838789
0.000695684
0.000561186
0.000439601
0.00033197
0.000240204
0.000165084
0.000105724
6.26206e-05
3.21861e-05
1.46767e-05
4.41058e-06
1.4762e-06
-8.84664e-07
-2.65276e-06
-1.04484e-05
-2.42122e-05
-4.92662e-05
-8.54157e-05
-0.000135814
-0.000200056
-0.000278704
-0.000371119
-0.000475333
-0.000590467
-0.000712533
-0.000840479
-0.000969065
-0.00109717
-0.00121926
-0.00133421
-0.00143711
-0.00152697
-0.00160024
-0.00165616
-0.00169305
-0.00171042
-0.00171758
-0.0017095
-0.00173916
-0.00180336
-0.00193796
-0.00214559
-0.00243076
-0.00279367
-0.00321606
-0.00369529
-0.00417008
-0.00464311
-0.00502325
-0.00532383
-0.00548191
-0.00550682
-0.0053715
-0.00508773
-0.00466751
-0.0041261
-0.00355866
-0.00296201
-0.00245354
-0.00202151
-0.00180625
0.00212024
0.00234628
0.0028024
0.00334513
0.00399075
0.00460831
0.0051909
0.00565116
0.00594065
0.00608868
0.00603914
0.00586851
0.00552639
0.00511525
0.00459496
0.00407958
0.00355684
0.00309291
0.00270635
0.00239469
0.00218548
0.00205147
0.00201309
0.00201184
0.00206484
0.00209558
0.0021157
0.00211158
0.00208628
0.00203389
0.00196349
0.00186629
0.0017567
0.00162373
0.00148581
0.00133057
0.00117861
0.00101703
0.000866611
0.000714615
0.000580143
0.000451141
0.00034353
0.000246241
0.000171135
0.000108233
6.51378e-05
3.28904e-05
1.53843e-05
4.50146e-06
1.56763e-06
-9.31254e-07
-2.69902e-06
-1.09262e-05
-2.46874e-05
-5.11583e-05
-8.7301e-05
-0.000140594
-0.000204825
-0.000288059
-0.000380457
-0.000490849
-0.000605961
-0.000735399
-0.000863321
-0.000999851
-0.00112794
-0.00125778
-0.00137271
-0.00148241
-0.00157225
-0.0016507
-0.00170661
-0.00174656
-0.00176393
-0.00177214
-0.00175767
-0.00178785
-0.00184581
-0.00198676
-0.00219142
-0.00248731
-0.00284881
-0.00327898
-0.00375995
-0.00423145
-0.00470318
-0.00507136
-0.0053708
-0.00551052
-0.00553462
-0.00537967
-0.00509546
-0.00466027
-0.00411878
-0.00354489
-0.00294843
-0.00244076
-0.00200887
-0.00179529
0.00210443
0.00232838
0.00278434
0.00332608
0.00397142
0.00459704
0.00517963
0.00565858
0.00594852
0.00612095
0.00607235
0.00592458
0.0055838
0.00518783
0.00466912
0.00415844
0.00363726
0.00317001
0.00278471
0.00246752
0.0022591
0.00212239
0.00208431
0.00208399
0.00213698
0.0021688
0.00218891
0.00218327
0.00215798
0.00210103
0.00203065
0.00192622
0.00181665
0.00167446
0.00153656
0.00137099
0.00121906
0.00104704
0.000896653
0.000735058
0.000600613
0.000463602
0.000356014
0.000252761
0.00017767
0.000110942
6.78559e-05
3.3651e-05
1.61484e-05
4.59959e-06
1.66636e-06
-9.81565e-07
-2.74897e-06
-1.14421e-05
-2.52006e-05
-5.32015e-05
-8.93368e-05
-0.000145757
-0.000209974
-0.000298161
-0.000390541
-0.000507603
-0.000622692
-0.000760092
-0.000887988
-0.0010331
-0.00116115
-0.00129938
-0.00141428
-0.00153133
-0.00162115
-0.00170519
-0.00176109
-0.00180435
-0.00182171
-0.00183105
-0.00181659
-0.00184778
-0.00190548
-0.00205019
-0.00225415
-0.00255591
-0.00291631
-0.00335018
-0.00382976
-0.00429773
-0.00476804
-0.0051233
-0.00542153
-0.00554142
-0.00556464
-0.00538849
-0.00510382
-0.00465245
-0.00411088
-0.00353003
-0.00293376
-0.00242697
-0.00199522
-0.00178346
0.00208736
0.00230906
0.00276482
0.0033055
0.00395054
0.00458488
0.00516746
0.0056666
0.00595702
0.00615581
0.0061082
0.00598513
0.00564579
0.00526619
0.0047492
0.00424359
0.0037241
0.00325326
0.00286932
0.00254615
0.0023386
0.00219896
0.00216121
0.00216189
0.00221488
0.00224786
0.00226797
0.00226068
0.0022354
0.00217353
0.00210317
0.00199093
0.00188139
0.00172923
0.00159136
0.00141463
0.00126274
0.00107945
0.000929094
0.000757133
0.000622717
0.000477058
0.000369493
0.000259801
0.000184727
0.000113868
7.07911e-05
3.44723e-05
1.69735e-05
4.70556e-06
1.77297e-06
-1.03589e-06
-2.80291e-06
-1.19993e-05
-2.57547e-05
-5.54078e-05
-9.15352e-05
-0.000151331
-0.000215535
-0.00030907
-0.00040143
-0.000525695
-0.000640759
-0.000786755
-0.000914623
-0.00106899
-0.00119702
-0.0013443
-0.00145917
-0.00158415
-0.00167396
-0.00176403
-0.00181992
-0.00186675
-0.0018841
-0.00189467
-0.00188021
-0.00191249
-0.00196991
-0.00211867
-0.0023219
-0.00262999
-0.0029892
-0.00342705
-0.00390515
-0.0043693
-0.00483809
-0.00517939
-0.00547631
-0.00557478
-0.00559705
-0.00539802
-0.00511284
-0.004644
-0.00410235
-0.00351398
-0.00291792
-0.00241207
-0.00198047
-0.00177068
0.00206893
0.00228819
0.00274376
0.00328327
0.00392799
0.00457174
0.00515433
0.00567526
0.0059662
0.00619345
0.00614693
0.00605051
0.00571274
0.00535082
0.00483567
0.00433554
0.00381788
0.00334316
0.00296069
0.00263107
0.00242445
0.00228166
0.00224426
0.00224602
0.002299
0.00233323
0.00235334
0.00234428
0.002319
0.00225182
0.00218148
0.00206081
0.00195129
0.00178837
0.00165053
0.00146176
0.0013099
0.00111444
0.000964126
0.00078097
0.000646587
0.000491589
0.00038405
0.000267403
0.000192347
0.000117027
7.39606e-05
3.53591e-05
1.78645e-05
4.81999e-06
1.8881e-06
-1.09456e-06
-2.86116e-06
-1.26009e-05
-2.63531e-05
-5.77902e-05
-9.39091e-05
-0.000157351
-0.000221539
-0.00032085
-0.000413188
-0.000545231
-0.000660268
-0.000815548
-0.000943386
-0.00110776
-0.00123576
-0.0013928
-0.00150765
-0.0016412
-0.00173098
-0.00182757
-0.00188344
-0.00193413
-0.00195148
-0.00196337
-0.00194891
-0.00198237
-0.00203949
-0.00219263
-0.00239505
-0.00270998
-0.00306791
-0.00351007
-0.00398656
-0.00444658
-0.00491372
-0.00523996
-0.00553546
-0.00561081
-0.00563206
-0.00540832
-0.00512258
-0.00463488
-0.00409314
-0.00349664
-0.00290081
-0.00239598
-0.00196455
-0.00175688
0.00204902
0.00226565
0.00272101
0.00325928
0.00390364
0.00455756
0.00514014
0.00568462
0.00597611
0.00623409
0.00618874
0.00612111
0.00578503
0.0054422
0.00492905
0.00443483
0.00391914
0.00344023
0.00305935
0.00272277
0.00251715
0.00237095
0.00233393
0.00233687
0.00238984
0.00242542
0.00244553
0.00243455
0.00240928
0.00233637
0.00226604
0.00213627
0.00202678
0.00185224
0.00171444
0.00151266
0.00136083
0.00115223
0.00100195
0.000806711
0.000672362
0.00050728
0.000399768
0.000275612
0.000200575
0.000120439
7.73832e-05
3.63168e-05
1.88266e-05
4.94356e-06
2.01242e-06
-1.15791e-06
-2.92406e-06
-1.32506e-05
-2.69992e-05
-6.03629e-05
-9.64725e-05
-0.000163851
-0.000228023
-0.00033357
-0.000425884
-0.000566327
-0.000681334
-0.00084664
-0.000974445
-0.00114962
-0.00127758
-0.00144518
-0.00156
-0.00170279
-0.00179255
-0.00189618
-0.00195204
-0.00200689
-0.00202424
-0.00203755
-0.00202309
-0.00205783
-0.00211463
-0.00227249
-0.00247404
-0.00279636
-0.00315291
-0.00359972
-0.00407447
-0.00453004
-0.00499539
-0.00530537
-0.00559933
-0.00564972
-0.00566986
-0.00541943
-0.00513309
-0.00462503
-0.00408319
-0.00347793
-0.00288234
-0.0023786
-0.00194736
-0.00174198
0.00202752
0.00224132
0.00269644
0.00323337
0.00387735
0.00454225
0.00512482
0.00569472
0.00598682
0.00627798
0.00623389
0.00619735
0.00586309
0.00554087
0.00502988
0.00454205
0.00402849
0.00354506
0.00316589
0.00282179
0.00261725
0.00246737
0.00243076
0.00243496
0.00248792
0.00252497
0.00254507
0.00253203
0.00250676
0.00242766
0.00235735
0.00221775
0.00210829
0.0019212
0.00178344
0.00156761
0.00141583
0.00119304
0.0010428
0.000834507
0.000700195
0.000524224
0.000416741
0.000284477
0.000209461
0.000124123
8.1079e-05
3.73509e-05
1.98656e-05
5.07699e-06
2.14666e-06
-1.22631e-06
-2.99198e-06
-1.39521e-05
-2.7697e-05
-6.31409e-05
-9.92406e-05
-0.00017087
-0.000235025
-0.000347306
-0.000439595
-0.000589107
-0.000704083
-0.000880213
-0.00100798
-0.00119482
-0.00132275
-0.00150173
-0.00161652
-0.00176931
-0.00185904
-0.00197026
-0.00202611
-0.00208546
-0.0021028
-0.00211766
-0.0021032
-0.00213932
-0.00219576
-0.00235872
-0.00255934
-0.00288963
-0.00324469
-0.00369652
-0.0041694
-0.00462015
-0.00508359
-0.005376
-0.0056683
-0.00569173
-0.00571067
-0.00543143
-0.00514445
-0.0046144
-0.00407245
-0.00345772
-0.00286239
-0.00235984
-0.0019288
-0.00172589
0.00201256
0.00222463
0.00265988
0.00319811
0.00383507
0.00450964
0.00510144
0.00569009
0.00600366
0.00631946
0.00630179
0.00628727
0.00598008
0.00567081
0.00517419
0.00469245
0.0041754
0.00369509
0.00330362
0.00296114
0.00274614
0.00259771
0.00256165
0.00256661
0.00263157
0.00266963
0.00268861
0.00267413
0.0026457
0.00256231
0.00248604
0.00233964
0.00222193
0.00202616
0.00187864
0.0016531
0.00149098
0.00125837
0.00109814
0.000880817
0.000737666
0.000554159
0.000439563
0.000301691
0.00022154
0.000132604
8.63217e-05
4.07528e-05
2.15256e-05
6.11103e-06
2.30401e-06
-1.20912e-06
-3.73829e-06
-1.51365e-05
-3.02734e-05
-6.71564e-05
-0.000105882
-0.000180452
-0.000248831
-0.000365772
-0.000463955
-0.000619737
-0.000742032
-0.000925648
-0.00106164
-0.00125655
-0.0013929
-0.00157976
-0.00170237
-0.00186207
-0.00195827
-0.00207475
-0.00213509
-0.00219755
-0.00221783
-0.00223375
-0.00221125
-0.00224874
-0.00230595
-0.00246939
-0.00267987
-0.00300996
-0.00337635
-0.00382624
-0.00430262
-0.00474861
-0.00519963
-0.00548109
-0.00574973
-0.00575405
-0.00575015
-0.00544949
-0.00514423
-0.00459811
-0.00404838
-0.00342577
-0.00283686
-0.00233372
-0.00192001
-0.00171865
0.00200546
0.00221746
0.00261983
0.00315749
0.00378333
0.00445688
0.00506762
0.00565579
0.00603317
0.0063502
0.00641294
0.00640151
0.00616635
0.00586165
0.00541361
0.00493717
0.00443593
0.00396044
0.00355918
0.00322012
0.00299101
0.00284438
0.00279692
0.00280218
0.0028598
0.00289785
0.00291345
0.00289898
0.00286096
0.0027776
0.00268327
0.00253692
0.00239427
0.00219856
0.00202154
0.00179607
0.00160267
0.00137013
0.00117965
0.000962401
0.000792493
0.000609045
0.000472915
0.000335087
0.000239398
0.00015049
9.44083e-05
4.88541e-05
2.4361e-05
8.95146e-06
2.49794e-06
-1.01407e-06
-5.84818e-06
-1.72428e-05
-3.65887e-05
-7.34598e-05
-0.00012013
-0.000194676
-0.000275845
-0.000392748
-0.00050877
-0.000664502
-0.000808944
-0.000992501
-0.00115338
-0.00134823
-0.00151006
-0.00169686
-0.00184314
-0.00200279
-0.00211856
-0.002235
-0.00230896
-0.0023714
-0.00240052
-0.00241644
-0.00240621
-0.00244344
-0.00251614
-0.00267803
-0.00290512
-0.00323223
-0.00360991
-0.00405556
-0.00451949
-0.0049608
-0.00536985
-0.00564724
-0.00585336
-0.00585488
-0.00578184
-0.00547992
-0.00512043
-0.0045745
-0.00400877
-0.00338685
-0.0028079
-0.00230517
-0.00192327
-0.00172197
0.00199196
0.00220389
0.002558
0.00309517
0.00372549
0.00439799
0.0050311
0.00561875
0.00606503
0.0063834
0.00653297
0.00652488
0.0063675
0.00606773
0.00567215
0.00520143
0.00471726
0.00424699
0.00383514
0.00349978
0.00325543
0.00311076
0.00305098
0.00305656
0.00310625
0.00314428
0.00315625
0.00314178
0.00309341
0.00301008
0.00289626
0.00274996
0.00258037
0.00238473
0.00217585
0.00195046
0.00172327
0.00149082
0.00126768
0.0010505
0.000851698
0.000668314
0.000508929
0.000371149
0.000258681
0.000169804
0.000103141
5.76023e-05
2.74229e-05
1.20187e-05
2.70735e-06
-8.03436e-07
-8.12654e-06
-1.95172e-05
-4.34082e-05
-8.02665e-05
-0.000135516
-0.000210035
-0.000305016
-0.000421878
-0.000557164
-0.000712841
-0.000881198
-0.00106469
-0.00125245
-0.00144722
-0.00163657
-0.00182331
-0.00199516
-0.00215475
-0.00229166
-0.00240805
-0.00249671
-0.00255913
-0.00259781
-0.00261372
-0.00261673
-0.00265368
-0.00274312
-0.00290334
-0.00314835
-0.00347225
-0.00386211
-0.00430319
-0.00475368
-0.00518993
-0.00555366
-0.00582665
-0.00596527
-0.00596375
-0.00581605
-0.00551279
-0.00509473
-0.00454901
-0.00396432
-0.00334311
-0.00276033
-0.00225794
-0.00192125
-0.00172001
0.00188358
0.00209531
0.00245739
0.00299316
0.00365177
0.00432268
0.00503824
0.00562679
0.00616723
0.00648923
0.00673379
0.00673132
0.00664126
0.00634827
0.00597112
0.00550706
0.00500397
0.00453895
0.00409808
0.00376615
0.00350254
0.00335963
0.00330541
0.0033113
0.00338058
0.0034186
0.0034344
0.00341994
0.00335998
0.00327668
0.00313953
0.00299329
0.0027907
0.00259514
0.00234687
0.00212157
0.00185258
0.00162022
0.00135699
0.00113989
0.000906305
0.00072299
0.000536703
0.000398975
0.000268651
0.000179808
0.000103932
5.84105e-05
2.58064e-05
1.0408e-05
2.50238e-06
-1.00708e-06
-6.60845e-06
-1.79948e-05
-4.32883e-05
-8.01328e-05
-0.000142673
-0.000217165
-0.000326947
-0.000443766
-0.000601588
-0.000757207
-0.000954653
-0.00113808
-0.00135909
-0.00155379
-0.00177738
-0.00196405
-0.00216763
-0.00232716
-0.00249004
-0.0026064
-0.00271268
-0.00277508
-0.00281898
-0.00283489
-0.0028287
-0.00286537
-0.0029555
-0.0031142
-0.00337997
-0.00370088
-0.00411955
-0.004556
-0.00502637
-0.00545668
-0.0058071
-0.00607396
-0.00615468
-0.00614799
-0.00591674
-0.00561002
-0.00510926
-0.00456247
-0.00390607
-0.003286
-0.00267832
-0.00217705
-0.00182989
-0.00162882
0.00176735
0.00197888
0.00235499
0.00288909
0.00357176
0.00424214
0.00504629
0.00563591
0.00628379
0.00660981
0.00695605
0.00695976
0.0069404
0.00665483
0.00629595
0.0058391
0.00531081
0.00485147
0.00437474
0.00404651
0.0037604
0.0036194
0.00357642
0.00358266
0.00367726
0.00371527
0.00373561
0.00372116
0.00364868
0.00356541
0.00340294
0.00325676
0.00301833
0.00282285
0.00253178
0.00230657
0.00199217
0.0017599
0.00145312
0.00123611
0.000964771
0.00078153
0.000566097
0.000428425
0.000278833
0.000190026
0.000104322
5.8819e-05
2.37964e-05
8.40417e-06
2.25789e-06
-1.25015e-06
-4.75537e-06
-1.61371e-05
-4.27567e-05
-7.95862e-05
-0.000149893
-0.000224355
-0.000350115
-0.000466886
-0.000649138
-0.000804694
-0.00103373
-0.00121708
-0.00147423
-0.00166886
-0.00192966
-0.00211625
-0.00235433
-0.0025138
-0.00270489
-0.0028212
-0.0029466
-0.00300897
-0.00305825
-0.00307415
-0.00305472
-0.0030911
-0.00317726
-0.00333432
-0.00362373
-0.00394142
-0.00439519
-0.00482665
-0.00532278
-0.00574667
-0.00608417
-0.00634433
-0.00636437
-0.006352
-0.00603119
-0.00572066
-0.00512533
-0.0045773
-0.00384382
-0.00322397
-0.00259487
-0.00209501
-0.00173203
-0.00153112
0.00169353
0.00189349
0.00226899
0.00278931
0.00347005
0.00415938
0.00496836
0.00561777
0.00628101
0.00669766
0.0070576
0.00716136
0.00715437
0.00695316
0.00660399
0.00619671
0.00567136
0.00522523
0.00474801
0.00441384
0.00412792
0.00398334
0.00394722
0.00395962
0.00406452
0.00410542
0.00412611
0.00410106
0.00402764
0.00391911
0.00375474
0.00357066
0.00332955
0.00308706
0.00279279
0.00251595
0.00219815
0.00191447
0.00160443
0.0013407
0.00106654
0.000844756
0.000627145
0.000461084
0.000310055
0.000203256
0.000116823
6.22579e-05
2.70619e-05
8.6661e-06
2.65915e-06
-1.54423e-06
-4.88511e-06
-1.86332e-05
-4.53451e-05
-8.9752e-05
-0.000160634
-0.000250416
-0.000377367
-0.000518327
-0.000702405
-0.000890582
-0.00112197
-0.00134444
-0.0016043
-0.0018414
-0.00210499
-0.00233356
-0.00257422
-0.0027711
-0.00296431
-0.00310984
-0.00323668
-0.00331732
-0.00336699
-0.00339002
-0.00336316
-0.00340223
-0.00348369
-0.00365024
-0.0039403
-0.00426848
-0.00472327
-0.00514764
-0.00564162
-0.00602541
-0.00635454
-0.00654244
-0.00655155
-0.00645171
-0.00611855
-0.00572822
-0.00511916
-0.00451808
-0.00378009
-0.00314294
-0.00251535
-0.00202731
-0.00166483
-0.00147413
0.00161382
0.00180129
0.00217613
0.00268157
0.00336021
0.00407
0.00487726
0.00559802
0.00626167
0.00678814
0.00715119
0.00737509
0.00737376
0.0072729
0.00693124
0.00658276
0.00606531
0.00563591
0.00516533
0.0048263
0.00454474
0.00439791
0.00436349
0.00438342
0.00448829
0.00453257
0.00455325
0.00451588
0.00444249
0.00430456
0.00414027
0.00391209
0.0036711
0.0033739
0.00307977
0.00274285
0.0024252
0.00208169
0.00177179
0.0014537
0.00117967
0.000913031
0.000695523
0.000496421
0.000345464
0.000217726
0.000131334
6.62226e-05
3.10433e-05
9.15234e-06
3.14824e-06
-1.86444e-06
-5.20374e-06
-2.17057e-05
-4.8405e-05
-0.000101631
-0.00017248
-0.000280091
-0.000406982
-0.000576094
-0.000760085
-0.000986224
-0.00121751
-0.00148549
-0.00174523
-0.00203177
-0.00229524
-0.00257264
-0.00281319
-0.00305363
-0.00324674
-0.00342627
-0.00355305
-0.00365496
-0.00370461
-0.00373593
-0.00370906
-0.00375189
-0.0038319
-0.0040089
-0.0042952
-0.00463452
-0.00508349
-0.00549881
-0.00598576
-0.00632206
-0.00664439
-0.00674636
-0.0067502
-0.00654537
-0.00620914
-0.00572215
-0.00511236
-0.00444811
-0.00371128
-0.00305545
-0.00242947
-0.0019542
-0.00159226
-0.00141258
0.00152775
0.00170172
0.00207585
0.00256522
0.0032416
0.00397349
0.0047789
0.0055767
0.00624078
0.00688585
0.00725226
0.00760589
0.00761067
0.00761816
0.00728462
0.00699963
0.00649072
0.00607937
0.00561596
0.00527168
0.00499484
0.00484557
0.00481299
0.00484107
0.0049459
0.00499382
0.00501449
0.00496382
0.00489047
0.00472078
0.00455657
0.00428078
0.00403991
0.00368364
0.00338966
0.00298786
0.00267038
0.00226226
0.00195252
0.00157573
0.00130183
0.000986756
0.00076936
0.000534581
0.000383701
0.000233352
0.000147003
7.05039e-05
3.53426e-05
9.6774e-06
3.67637e-06
-2.21021e-06
-5.5478e-06
-2.50236e-05
-5.17093e-05
-0.000114459
-0.000185271
-0.000312136
-0.000438962
-0.000638474
-0.00082237
-0.0010895
-0.00132067
-0.00163781
-0.00189741
-0.00223733
-0.00250067
-0.00283082
-0.00307125
-0.00335871
-0.00355172
-0.00376797
-0.00389469
-0.00401956
-0.00406918
-0.00410946
-0.00408259
-0.00412947
-0.0042079
-0.0043962
-0.00467843
-0.00502978
-0.00547247
-0.00587802
-0.00635738
-0.0066424
-0.00695739
-0.00696656
-0.00696472
-0.00664652
-0.00630696
-0.0057156
-0.00510501
-0.00437255
-0.00363697
-0.00296096
-0.00233675
-0.00187525
-0.00151391
-0.00134612
0.00147145
0.00164083
0.0019897
0.00247295
0.00311931
0.00385556
0.00465082
0.00547821
0.00618498
0.00687933
0.00732571
0.00773467
0.00784065
0.00789624
0.00766639
0.00741306
0.00698084
0.00658419
0.00615676
0.00581747
0.00555118
0.00540562
0.00537003
0.00540208
0.00550037
0.00554968
0.00555975
0.0055039
0.00541038
0.00522837
0.00503145
0.00473718
0.00445392
0.00407473
0.0037325
0.00330553
0.00293826
0.00250508
0.00214819
0.00174863
0.00143369
0.00109982
0.00084978
0.000601163
0.000426854
0.000267734
0.000166498
8.55816e-05
4.20756e-05
1.49473e-05
4.21807e-06
-2.00745e-06
-9.81392e-06
-3.04432e-05
-6.45854e-05
-0.000131029
-0.000214923
-0.000349255
-0.000496415
-0.00070772
-0.000919595
-0.00120263
-0.00146848
-0.00180469
-0.00210356
-0.00246419
-0.00276833
-0.00311895
-0.00339817
-0.00370387
-0.0039301
-0.0041606
-0.00431183
-0.00444562
-0.00451257
-0.00455633
-0.00454357
-0.00459209
-0.00468119
-0.00487079
-0.00515075
-0.00550127
-0.00591791
-0.00631321
-0.00672908
-0.00698803
-0.00721382
-0.0071815
-0.00709146
-0.00672466
-0.00631515
-0.00568015
-0.00503157
-0.00427265
-0.00354413
-0.0028638
-0.00226497
-0.0018086
-0.00147305
-0.00130932
0.00138626
0.00155546
0.00184518
0.00232688
0.00295718
0.00369008
0.00450395
0.00532814
0.0061224
0.00681615
0.00741311
0.00782515
0.00810737
0.00816986
0.00810062
0.00785715
0.00753747
0.00715122
0.00677812
0.00644708
0.00619967
0.00605882
0.00602061
0.00605346
0.00614394
0.00619323
0.00619003
0.00613421
0.00600592
0.00582401
0.00556967
0.00527558
0.0049173
0.00453834
0.00411047
0.00368375
0.00322809
0.00279516
0.00235482
0.00195549
0.00156845
0.00123478
0.000928258
0.00067979
0.000466165
0.00030714
0.000182497
0.000101629
4.68917e-05
1.97796e-05
4.49236e-06
-1.72944e-06
-1.37341e-05
-3.43511e-05
-7.84255e-05
-0.000144829
-0.000249311
-0.000383563
-0.000564979
-0.000776158
-0.00103662
-0.00131948
-0.00164646
-0.00198247
-0.00235102
-0.00271143
-0.00308816
-0.00343857
-0.00378675
-0.00409227
-0.00437732
-0.00460768
-0.004802
-0.0049357
-0.00502913
-0.00507286
-0.00508176
-0.00512957
-0.00523566
-0.00542124
-0.00569775
-0.0060411
-0.00642059
-0.0068067
-0.00713158
-0.00738163
-0.00747085
-0.00743208
-0.0071884
-0.00681841
-0.00627635
-0.00564132
-0.00491449
-0.00415786
-0.00341009
-0.00273233
-0.00214566
-0.00169054
-0.00140937
-0.00124581
0.00120551
0.00137331
0.00164413
0.00211897
0.00272778
0.0034572
0.00435049
0.00517108
0.00611967
0.00681472
0.00760652
0.00802453
0.00850277
0.00857468
0.00864635
0.00841522
0.0081508
0.00777597
0.00740213
0.00707945
0.0068229
0.00668663
0.0066867
0.00672038
0.00686381
0.00691307
0.00691013
0.00685429
0.00668651
0.00650461
0.00618195
0.00588788
0.00543868
0.00505976
0.00452727
0.00410062
0.00353693
0.00310409
0.00256253
0.00216327
0.00169044
0.00135684
0.000985703
0.000737289
0.000482402
0.000323416
0.000179159
9.83121e-05
4.04735e-05
1.33683e-05
3.87635e-06
-2.34394e-06
-8.4115e-06
-2.90254e-05
-7.54378e-05
-0.000141829
-0.000263652
-0.000397879
-0.000615657
-0.000826794
-0.00114339
-0.0014262
-0.00182649
-0.00216244
-0.002616
-0.00297636
-0.00344217
-0.00379253
-0.00422522
-0.0045307
-0.00488722
-0.00511756
-0.00536321
-0.00549692
-0.00561002
-0.00565376
-0.00563624
-0.00568332
-0.00577076
-0.0059524
-0.00624863
-0.0065847
-0.00697647
-0.00735243
-0.0076401
-0.00787893
-0.00785204
-0.00780442
-0.00738955
-0.0070136
-0.00629655
-0.0056597
-0.00479288
-0.00403885
-0.00321734
-0.00254224
-0.00197122
-0.00152213
-0.0012535
-0.0010912
0.00108574
0.00123014
0.00149999
0.0019281
0.00253304
0.00323955
0.00412775
0.0049905
0.00593874
0.00675257
0.00754731
0.00814516
0.00863015
0.00890728
0.00899154
0.00894257
0.0086919
0.00844201
0.0080784
0.00782297
0.00757371
0.00747226
0.00747983
0.00753379
0.00768189
0.00772791
0.00772497
0.00763425
0.00746659
0.00721929
0.00689686
0.00651238
0.00606349
0.0055774
0.00504528
0.00450456
0.00394127
0.0033976
0.00285641
0.00235858
0.00188608
0.00147274
0.00110187
0.000795922
0.000541212
0.000346631
0.000202475
0.000104306
4.65076e-05
1.40073e-05
4.522e-06
-3.08564e-06
-9.14897e-06
-3.53434e-05
-8.17236e-05
-0.000165105
-0.000286843
-0.000454644
-0.00067227
-0.000935975
-0.00125235
-0.00160604
-0.00200606
-0.00242755
-0.00288079
-0.00333513
-0.00380062
-0.00424547
-0.00467786
-0.00506974
-0.00542601
-0.00572648
-0.00597196
-0.00615291
-0.00626594
-0.00633089
-0.00630956
-0.00635637
-0.00643818
-0.00660565
-0.00689624
-0.0071882
-0.00757141
-0.00784953
-0.00812514
-0.00821054
-0.00817212
-0.00794458
-0.00752311
-0.0069853
-0.00626491
-0.00551828
-0.00465107
-0.00385449
-0.00303703
-0.00237829
-0.00181049
-0.00140192
-0.00113412
-0.00099297
0.000956398
0.00107553
0.00134519
0.001722
0.00232276
0.00300452
0.00388723
0.0047955
0.00573982
0.00668505
0.00747947
0.00827543
0.0087647
0.00926643
0.00935959
0.00951083
0.00927197
0.00916077
0.00880879
0.00863038
0.0083896
0.0083294
0.00834046
0.00841726
0.00856529
0.00860781
0.00860488
0.00847648
0.00830895
0.00799103
0.00766884
0.00718674
0.00673819
0.00613637
0.00560465
0.00494075
0.00437788
0.00371454
0.00317377
0.00256949
0.00209734
0.00159791
0.00122731
0.000859236
0.000604719
0.0003717
0.000227653
0.000110778
5.30234e-05
1.46974e-05
5.2192e-06
-3.88656e-06
-9.94532e-06
-4.2166e-05
-8.85111e-05
-0.000190239
-0.000311885
-0.00051594
-0.000733402
-0.00105387
-0.00137001
-0.00180025
-0.00219997
-0.00271382
-0.00316672
-0.00372254
-0.00418768
-0.00473458
-0.00516664
-0.00565182
-0.00600782
-0.00638401
-0.00662931
-0.00686128
-0.00697422
-0.00706208
-0.00704074
-0.0070874
-0.00716619
-0.00731632
-0.00759949
-0.00784072
-0.00821357
-0.0083831
-0.00864788
-0.00856467
-0.00851775
-0.00809335
-0.00766734
-0.00695125
-0.00623037
-0.00536237
-0.00449793
-0.00365541
-0.00284233
-0.00220126
-0.00163693
-0.00127281
-0.0010052
-0.000886902
0.000874117
0.00098925
0.00122761
0.00159811
0.00213742
0.0028089
0.00361793
0.00453002
0.00547214
0.0064404
0.00732255
0.00815769
0.00881579
0.00936573
0.00969057
0.00988976
0.0098927
0.00982124
0.00965569
0.00950563
0.00937299
0.00933011
0.00935873
0.00944181
0.00955517
0.00959699
0.00955726
0.00942172
0.00919903
0.00886778
0.00846713
0.00796662
0.00742302
0.0067994
0.00616416
0.00547708
0.00481073
0.00412488
0.00348841
0.00286411
0.00231007
0.00179446
0.00135934
0.000979592
0.000678627
0.00043839
0.00026398
0.000143596
6.72934e-05
2.78762e-05
5.89435e-06
-3.49273e-06
-2.23802e-05
-5.57352e-05
-0.000121279
-0.000226459
-0.000378572
-0.000589445
-0.00085174
-0.00118289
-0.00155911
-0.00200375
-0.00247732
-0.00300855
-0.00354531
-0.00412023
-0.0046736
-0.00523971
-0.00575748
-0.00626023
-0.0066921
-0.00708257
-0.00738711
-0.00762871
-0.00778685
-0.00787905
-0.00790204
-0.00794787
-0.00802909
-0.00816872
-0.00837555
-0.00859572
-0.00881901
-0.00895613
-0.00901486
-0.00889044
-0.00863875
-0.00817143
-0.00759264
-0.00684062
-0.00603756
-0.00514751
-0.00427882
-0.00343134
-0.00267753
-0.00204452
-0.00153284
-0.00117403
-0.000939531
-0.000824843
0.000681562
0.000796388
0.000955605
0.00132124
0.00177279
0.00243893
0.00324324
0.00414581
0.00518274
0.0061448
0.00722808
0.00806252
0.00900611
0.00956197
0.0101891
0.0104002
0.0106456
0.0105885
0.010576
0.0104382
0.0103903
0.0103548
0.0104557
0.0105401
0.0107044
0.0107462
0.0106826
0.0105472
0.0102447
0.00991373
0.0093923
0.00889223
0.00819789
0.00757481
0.00677313
0.00608666
0.00525372
0.00456848
0.00377995
0.00315621
0.00247637
0.00196121
0.00143375
0.00105434
0.000696294
0.000456269
0.000256346
0.000136067
5.74444e-05
1.80618e-05
5.38255e-06
-3.99626e-06
-1.4805e-05
-4.81306e-05
-0.000118945
-0.000224032
-0.000404403
-0.000615091
-0.000934488
-0.00126534
-0.00172885
-0.0021731
-0.00276085
-0.00329161
-0.00396192
-0.00453633
-0.00523182
-0.00579743
-0.00645311
-0.00695541
-0.00750785
-0.00789798
-0.00829402
-0.00853541
-0.0087399
-0.00883202
-0.00883588
-0.00888049
-0.00892249
-0.00905563
-0.00921205
-0.00942117
-0.00953213
-0.009656
-0.00951699
-0.009381
-0.00886633
-0.00839248
-0.00755292
-0.00680031
-0.005806
-0.00492047
-0.00395516
-0.00311549
-0.00235494
-0.00172656
-0.0012873
-0.000932985
-0.000768173
-0.000653768
0.000550238
0.000635005
0.000794059
0.00108092
0.00152505
0.00210188
0.00289397
0.00375224
0.00478685
0.00579561
0.00688696
0.00787679
0.00883764
0.00964303
0.0102976
0.0108035
0.0110779
0.0112919
0.0113016
0.01136
0.0113272
0.0114
0.0115121
0.0116315
0.0117964
0.0118177
0.011753
0.0115556
0.0112488
0.010822
0.0102941
0.00967245
0.00896998
0.00821038
0.00739975
0.00657364
0.00573177
0.0049152
0.00411856
0.00338132
0.00269483
0.00209043
0.00155817
0.00111631
0.000755415
0.000478266
0.000277225
0.000140016
6.15478e-05
1.75673e-05
5.6742e-06
-5.31098e-06
-1.54123e-05
-5.67898e-05
-0.000127643
-0.000255436
-0.000437123
-0.00069107
-0.00101338
-0.00141088
-0.00187897
-0.00241269
-0.0030065
-0.00364556
-0.00432302
-0.00501761
-0.00572074
-0.00640918
-0.00707228
-0.00768967
-0.0082486
-0.00873569
-0.00913667
-0.00944797
-0.00965476
-0.00978153
-0.00978547
-0.00981727
-0.0098513
-0.00990946
-0.0100546
-0.0101095
-0.0102023
-0.0100974
-0.0099332
-0.0095355
-0.0089956
-0.00829032
-0.00743379
-0.00652914
-0.00552582
-0.00458526
-0.00362032
-0.00280949
-0.00205877
-0.00150464
-0.00107185
-0.000788394
-0.000623742
-0.000537651
0.000433651
0.000496743
0.000651788
0.000884855
0.00129376
0.00180026
0.00253358
0.00335359
0.00434194
0.00538561
0.00646537
0.00757737
0.00857248
0.00957591
0.0103187
0.0110605
0.0114628
0.0118964
0.012033
0.0122548
0.0123103
0.0124764
0.0126108
0.0127602
0.0128997
0.012905
0.0128178
0.0125723
0.0122385
0.0117374
0.0111769
0.0104612
0.00972312
0.00885781
0.00801123
0.00707701
0.00620117
0.00528293
0.00445611
0.00363102
0.00291928
0.0022458
0.0016936
0.00120343
0.000827568
0.000521693
0.000309717
0.000159411
7.26292e-05
2.50953e-05
5.85503e-06
-6.37338e-06
-2.45709e-05
-7.2184e-05
-0.000153476
-0.000298851
-0.000494622
-0.00078206
-0.00112296
-0.00157206
-0.00206357
-0.00266654
-0.00328825
-0.00401115
-0.00472001
-0.00550764
-0.00624406
-0.00702761
-0.0077238
-0.0084303
-0.00901972
-0.00958191
-0.0100083
-0.0103738
-0.010602
-0.0107556
-0.0107829
-0.0108036
-0.0108225
-0.0108157
-0.0108882
-0.0108142
-0.010797
-0.0105064
-0.0102256
-0.00961831
-0.00899342
-0.00810413
-0.00721071
-0.0061861
-0.00518766
-0.00420506
-0.00327683
-0.0024916
-0.00179124
-0.00129575
-0.000894714
-0.000659483
-0.000500593
-0.000434914
0.000301814
0.000364693
0.000437569
0.000667979
0.000952124
0.00145059
0.00204843
0.00285582
0.00376988
0.00479975
0.00593019
0.00703074
0.00823206
0.0092294
0.0103145
0.0110577
0.0118616
0.0123034
0.0127985
0.0130306
0.0133291
0.0135024
0.0137404
0.0138911
0.014031
0.0140364
0.013887
0.0136418
0.013205
0.0127044
0.0120104
0.0112955
0.0104052
0.00954085
0.0085364
0.00760322
0.00657681
0.0056596
0.00470063
0.00387646
0.00305894
0.00238621
0.00175852
0.00126888
0.000847306
0.000541771
0.000309224
0.000159084
6.89051e-05
2.14241e-05
5.88482e-06
-6.33001e-06
-2.44665e-05
-7.20268e-05
-0.000166845
-0.000312059
-0.000542839
-0.000829957
-0.00123224
-0.00168085
-0.00226142
-0.00286372
-0.00359976
-0.00432186
-0.00516426
-0.00595101
-0.00683111
-0.00761379
-0.00845256
-0.00915827
-0.00987698
-0.0104385
-0.0109693
-0.0113343
-0.0116306
-0.0117841
-0.011824
-0.0118433
-0.0117906
-0.0117768
-0.0116585
-0.0115743
-0.0112548
-0.0109552
-0.010316
-0.00970538
-0.00875704
-0.00787141
-0.00676747
-0.00575181
-0.00468333
-0.00371234
-0.00283131
-0.0020572
-0.00146699
-0.0009789
-0.000689018
-0.000456303
-0.000376523
-0.00031105
0.000195904
0.000233571
0.00030305
0.000451745
0.000705686
0.00107589
0.00163839
0.00230557
0.00319945
0.0041413
0.00527501
0.006393
0.00762352
0.00877132
0.0099117
0.0109235
0.011794
0.0125544
0.0131067
0.0136139
0.0139513
0.0142838
0.0145426
0.0147281
0.0148631
0.0148305
0.0146736
0.0143619
0.0139091
0.0133275
0.0126121
0.0118084
0.0108931
0.00993944
0.00890884
0.00789227
0.0068409
0.00585147
0.0048708
0.00398905
0.00315464
0.00244042
0.00180143
0.00128579
0.000858508
0.000539985
0.000306496
0.000152428
6.45928e-05
1.72824e-05
5.46704e-06
-7.86143e-06
-2.29338e-05
-7.80972e-05
-0.000172397
-0.000336155
-0.000570441
-0.000890262
-0.00130098
-0.00179804
-0.00239219
-0.00305847
-0.00381273
-0.00461217
-0.00547633
-0.0063498
-0.00725352
-0.00812673
-0.00898898
-0.0097824
-0.0105223
-0.0111616
-0.0117092
-0.0121354
-0.012441
-0.0126275
-0.0126724
-0.0126618
-0.0125934
-0.0124436
-0.0122945
-0.0119669
-0.0115987
-0.0110037
-0.0103039
-0.00942945
-0.00842697
-0.00737803
-0.00624202
-0.00518566
-0.00410891
-0.00319947
-0.00233261
-0.00167594
-0.00111563
-0.000742661
-0.000480149
-0.000325446
-0.000248924
-0.000208619
0.000125957
0.000150746
0.000212967
0.000323086
0.000536021
0.00083363
0.0012863
0.00187031
0.00262202
0.00350755
0.00452155
0.00564146
0.00681697
0.00804159
0.00922836
0.0103846
0.0114145
0.0123503
0.0131217
0.0137839
0.0143019
0.0147265
0.0150367
0.0152437
0.0153299
0.0152765
0.0150799
0.014732
0.0142484
0.0136227
0.0128861
0.0120342
0.0111084
0.0101062
0.00907449
0.00801274
0.00696715
0.00593866
0.00496717
0.00405434
0.00322882
0.00249225
0.00185868
0.00132907
0.000901609
0.000576148
0.000336073
0.000179945
7.96029e-05
3.2418e-05
3.62788e-06
-1.03042e-05
-4.48899e-05
-0.000104198
-0.000218663
-0.000392513
-0.000646186
-0.00098378
-0.00141235
-0.00193574
-0.00254618
-0.0032472
-0.00401673
-0.00485817
-0.00573747
-0.00665804
-0.00757776
-0.00850018
-0.00938
-0.0102211
-0.0109804
-0.0116622
-0.0122306
-0.0126902
-0.0130197
-0.0132244
-0.0133
-0.013271
-0.0131473
-0.0129177
-0.0125953
-0.0121291
-0.0115448
-0.0107859
-0.00991607
-0.00889826
-0.0078286
-0.00669432
-0.00558994
-0.00451755
-0.00353799
-0.00266928
-0.0019268
-0.00134025
-0.000881959
-0.000574354
-0.000352203
-0.000234205
-0.000166881
-0.000139427
5.47087e-05
7.27977e-05
8.97881e-05
0.000171011
0.0002694
0.00050693
0.000804982
0.0012968
0.0018976
0.00267994
0.00360039
0.00463607
0.00582627
0.00701479
0.0083508
0.00953677
0.0108145
0.0118353
0.0128673
0.0136275
0.0143373
0.0148221
0.0152071
0.0154197
0.0154828
0.0154117
0.0151691
0.0148072
0.0142678
0.0136381
0.012843
0.0119972
0.0110154
0.0100285
0.00894779
0.00790802
0.00682387
0.00582099
0.00482343
0.00393655
0.00309804
0.00238486
0.00175063
0.00123978
0.000821952
0.000509614
0.000286435
0.00013788
5.79118e-05
1.37324e-05
4.62532e-06
-9.32398e-06
-2.90551e-05
-8.96883e-05
-0.000197806
-0.000372763
-0.000631437
-0.000968847
-0.00141548
-0.00193692
-0.0025789
-0.00327636
-0.00408995
-0.00492688
-0.00586044
-0.0067766
-0.00775726
-0.00867651
-0.00961942
-0.0104597
-0.011279
-0.011963
-0.012583
-0.013048
-0.0134132
-0.0136222
-0.0137049
-0.0136582
-0.0134606
-0.0131629
-0.012666
-0.0120934
-0.0112616
-0.0104028
-0.00928038
-0.00821185
-0.00696866
-0.00584827
-0.004695
-0.00368797
-0.00276876
-0.00199009
-0.00137216
-0.000871274
-0.000552292
-0.000303509
-0.000192605
-0.000104471
-8.36991e-05
-6.34736e-05
2.01778e-05
2.54897e-05
4.47103e-05
7.7009e-05
0.00016246
0.000285091
0.000536413
0.00084976
0.00136502
0.00195003
0.00276363
0.00364472
0.00472748
0.005862
0.00711661
0.00837967
0.00963008
0.0108318
0.01189
0.0128506
0.0136008
0.0142073
0.0146025
0.0148287
0.0148695
0.0147618
0.0145157
0.0141242
0.0135981
0.0129591
0.0121958
0.0113617
0.0104267
0.00947012
0.00844598
0.00745038
0.00642609
0.00547495
0.00453402
0.00369975
0.00290906
0.00224342
0.00164435
0.00117171
0.000774832
0.000489284
0.000273669
0.00014062
5.7744e-05
1.97415e-05
1.62815e-06
-1.2376e-05
-4.22302e-05
-0.000105699
-0.000220335
-0.000397834
-0.000655699
-0.000993201
-0.00142948
-0.00194761
-0.00256919
-0.00326022
-0.00404459
-0.00487334
-0.00577153
-0.0066798
-0.00762268
-0.00853667
-0.00944367
-0.0102834
-0.0110729
-0.0117623
-0.0123622
-0.0128391
-0.0131946
-0.0134129
-0.0135008
-0.0134139
-0.0131876
-0.01275
-0.0121909
-0.0114001
-0.0105168
-0.0094484
-0.00832622
-0.00714068
-0.00595575
-0.00484651
-0.00378478
-0.00289534
-0.00207385
-0.00146641
-0.000931092
-0.000595538
-0.00032487
-0.000188462
-9.22077e-05
-5.45789e-05
-3.19617e-05
-2.55182e-05
4.36573e-06
8.34868e-06
8.20792e-06
3.15574e-05
4.6011e-05
0.000139984
0.000232352
0.000483888
0.000762614
0.00125257
0.00180249
0.00256918
0.00343177
0.00445527
0.00560672
0.00678815
0.00808604
0.00925096
0.0104591
0.0114174
0.0123122
0.0129212
0.0133455
0.0135629
0.0135483
0.0134357
0.0131632
0.0127853
0.0122742
0.0116692
0.0109589
0.0101764
0.00932738
0.00843496
0.00752045
0.0065953
0.00569253
0.00481138
0.00399154
0.00322065
0.00253966
0.00192613
0.00141745
0.00098307
0.000653349
0.000392024
0.00022063
9.97822e-05
4.21659e-05
8.12198e-06
2.81479e-06
-1.06798e-05
-3.25474e-05
-9.39924e-05
-0.000198131
-0.000367758
-0.000606782
-0.000927493
-0.00133307
-0.00182409
-0.0024023
-0.00305628
-0.00378648
-0.00457035
-0.00540774
-0.0062668
-0.007148
-0.00801286
-0.00886383
-0.00965921
-0.0104046
-0.0110589
-0.0116315
-0.012086
-0.0124355
-0.0126435
-0.0127396
-0.0126426
-0.0123425
-0.011879
-0.0111341
-0.0103175
-0.00923099
-0.00816949
-0.00693404
-0.00580373
-0.00465625
-0.00363952
-0.00274629
-0.00196148
-0.00137163
-0.000856562
-0.000544985
-0.000272797
-0.000162898
-5.7501e-05
-3.83216e-05
-1.0996e-05
-1.0779e-05
-5.96726e-06
-5.73035e-06
-4.80778e-06
-2.21837e-06
3.00645e-06
1.9315e-05
4.72346e-05
0.000119685
0.000226836
0.00043582
0.000706785
0.00113258
0.00164216
0.0023354
0.00311944
0.00407651
0.00509404
0.00621282
0.00731547
0.00839756
0.00936338
0.0101869
0.0108045
0.0112069
0.011404
0.0113946
0.0112692
0.0110255
0.0106808
0.0102298
0.00970906
0.00909282
0.0084384
0.00770843
0.0069756
0.00619377
0.00544396
0.00467481
0.00396796
0.00327064
0.00265768
0.00207833
0.00159469
0.00116061
0.000821661
0.00053775
0.000336847
0.000185195
9.48078e-05
3.7483e-05
1.33369e-05
-1.81207e-06
-1.40537e-05
-4.54595e-05
-0.000101951
-0.000205437
-0.000355629
-0.000575954
-0.000855109
-0.0012192
-0.00164304
-0.00215593
-0.0027181
-0.00336184
-0.00403448
-0.00477028
-0.00550736
-0.00628041
-0.0070235
-0.00776974
-0.00845531
-0.00910956
-0.00967697
-0.0101811
-0.0105803
-0.0108849
-0.0110678
-0.0111391
-0.0110116
-0.0106977
-0.0101656
-0.0094409
-0.00854942
-0.00753878
-0.00647005
-0.00537536
-0.00434771
-0.00337351
-0.00255269
-0.00182237
-0.00127118
-0.000807966
-0.000505026
-0.00026946
-0.000144919
-5.95231e-05
-2.55778e-05
-5.47452e-06
9.19531e-07
4.17595e-06
5.22736e-06
-2.85507e-05
-2.7189e-05
-2.52386e-05
-1.69264e-05
-1.21967e-05
8.91949e-06
1.42305e-05
7.3241e-05
0.000134272
0.000291279
0.000494118
0.00082067
0.00124791
0.00179785
0.00250291
0.00327416
0.00421476
0.00510678
0.00610206
0.00692179
0.0077132
0.00824692
0.0085997
0.00876309
0.0087076
0.00859823
0.00837458
0.00809635
0.00772495
0.00731668
0.00682661
0.00632134
0.00575306
0.00519283
0.00459341
0.00402428
0.0034418
0.00290825
0.00238601
0.00192553
0.00149682
0.0011352
0.000819077
0.000567113
0.000365861
0.00021786
0.000116621
5.11771e-05
1.98844e-05
2.90403e-06
5.36504e-07
-9.78627e-06
-2.92078e-05
-7.61526e-05
-0.00015668
-0.000278444
-0.000455503
-0.000679359
-0.000974272
-0.00131231
-0.0017289
-0.00217597
-0.00269961
-0.00323367
-0.0038329
-0.00441764
-0.00504805
-0.00563743
-0.00624713
-0.00679112
-0.00732726
-0.00777815
-0.00819357
-0.00851193
-0.00877098
-0.00891454
-0.00899208
-0.00886388
-0.00854601
-0.00804853
-0.00729134
-0.00649042
-0.00549501
-0.00458982
-0.0036085
-0.00279868
-0.00203216
-0.00143647
-0.000952484
-0.000588509
-0.000347718
-0.000167778
-8.98637e-05
-2.02715e-05
-1.22222e-05
1.3128e-05
1.76213e-05
2.74436e-05
2.92336e-05
3.07708e-05
-8.96858e-05
-8.80237e-05
-8.58924e-05
-7.55838e-05
-4.61969e-05
-3.01881e-05
-6.53009e-06
1.63747e-05
3.35095e-05
0.000104195
0.000160518
0.000347167
0.000510347
0.000879282
0.00121708
0.00179431
0.00232258
0.00304257
0.00366804
0.00436121
0.00489366
0.00535109
0.00559566
0.00573073
0.00569059
0.0055934
0.00545651
0.00522893
0.00501293
0.00469033
0.00441497
0.00402329
0.00371075
0.00328196
0.00295714
0.00252558
0.00221332
0.00181172
0.00153403
0.00118964
0.000963174
0.000694459
0.000528458
0.000342716
0.00023768
0.000129947
7.73498e-05
3.08895e-05
1.40576e-05
2.53046e-06
-1.2253e-06
-1.00841e-05
-2.6312e-05
-6.5977e-05
-0.000119311
-0.000219411
-0.000329766
-0.000511486
-0.000690827
-0.000963493
-0.00121376
-0.00157313
-0.00188554
-0.00231401
-0.00266998
-0.00313866
-0.00351206
-0.00398433
-0.00434473
-0.00478086
-0.00509744
-0.00545955
-0.00570493
-0.00596173
-0.00611278
-0.00622643
-0.00626246
-0.00613462
-0.00587293
-0.00541287
-0.00484283
-0.00412622
-0.00344031
-0.0026724
-0.0020744
-0.00143812
-0.00104175
-0.000621131
-0.000422148
-0.000201772
-0.000130512
-4.39045e-05
-2.33048e-05
5.06243e-06
3.18942e-05
5.07943e-05
8.61325e-05
9.8181e-05
0.000100817
0.000102687
-0.000230158
-0.000233836
-0.000233863
-0.000216195
-0.000180354
-0.000130789
-9.47374e-05
-5.04351e-05
-3.26969e-05
-6.17752e-06
1.98833e-05
5.73897e-05
0.000145851
0.000245044
0.000456068
0.000664408
0.00102701
0.00134601
0.00180326
0.00215317
0.00255686
0.0028024
0.00298959
0.00306089
0.00303249
0.00298462
0.00288239
0.00277996
0.0026224
0.00248485
0.00228703
0.00212529
0.00190301
0.00172979
0.00150044
0.00132892
0.00110968
0.000952087
0.000758043
0.000624385
0.000466867
0.000363766
0.000248952
0.000178763
0.00010676
6.70903e-05
3.16787e-05
1.54659e-05
4.6634e-06
9.11362e-07
-1.58231e-06
-6.4143e-06
-1.90029e-05
-3.90916e-05
-7.9578e-05
-0.000127578
-0.000210386
-0.000295371
-0.00042915
-0.000555014
-0.000741064
-0.000905662
-0.0011374
-0.00133259
-0.00159619
-0.00180876
-0.00208485
-0.00229817
-0.00256428
-0.00276045
-0.00299386
-0.00315602
-0.00333663
-0.00345102
-0.00356101
-0.0036064
-0.00362747
-0.00353574
-0.00332069
-0.00303294
-0.00257844
-0.00216921
-0.00164493
-0.00126453
-0.000835765
-0.000579984
-0.000320517
-0.000194537
-8.03411e-05
-3.18974e-05
3.38371e-06
3.57429e-05
5.71794e-05
0.000111879
0.000155414
0.000219057
0.000264271
0.000287967
0.000287994
0.000283518
-0.000466981
-0.000484948
-0.00051064
-0.00050891
-0.000451768
-0.00038604
-0.000297642
-0.000211311
-0.000151106
-8.25514e-05
-6.29311e-05
-1.47137e-05
-1.33336e-05
3.68862e-05
6.25844e-05
0.000147022
0.000243429
0.000379722
0.000552303
0.000714521
0.000895601
0.00101603
0.00110032
0.00113707
0.00111737
0.00109545
0.00105628
0.00100995
0.000955312
0.000894305
0.000828567
0.000757708
0.000685962
0.000610729
0.000538273
0.000464249
0.000396119
0.00032844
0.000268969
0.000211811
0.000164207
0.000120323
8.62806e-05
5.66055e-05
3.5987e-05
1.9424e-05
1.00959e-05
3.50159e-06
1.41131e-06
-1.16287e-07
-5.56094e-07
-3.09085e-06
-8.3047e-06
-1.8247e-05
-3.4555e-05
-5.76443e-05
-9.02206e-05
-0.000130569
-0.000182489
-0.00024181
-0.000313379
-0.000390572
-0.000479079
-0.000570225
-0.000670187
-0.000769009
-0.000872848
-0.000971525
-0.00107059
-0.00116076
-0.00124648
-0.00132038
-0.0013854
-0.0014368
-0.00147586
-0.00149375
-0.00150258
-0.00144865
-0.00133002
-0.0011765
-0.000939631
-0.000736575
-0.000507294
-0.000335825
-0.000200781
-9.38527e-05
-5.30092e-05
9.92678e-06
1.21674e-05
7.21872e-05
9.2505e-05
0.000180561
0.000253197
0.000368758
0.000483706
0.000575923
0.000655167
0.000661438
0.000629038
0.00060598
-0.000805239
-0.000838269
-0.000920713
-0.000944312
-0.000907543
-0.000848321
-0.000723712
-0.000620851
-0.000479647
-0.000381614
-0.000268255
-0.000195034
-0.000124354
-7.2838e-05
-4.40964e-05
2.63571e-06
6.80589e-06
6.66401e-05
7.26749e-05
0.000144168
0.000160766
0.000215866
0.000226236
0.000243957
0.000240808
0.00023197
0.000229208
0.00021073
0.000207311
0.000183805
0.000180013
0.000153322
0.000149424
0.000121544
0.000117777
9.06761e-05
8.72483e-05
6.2703e-05
5.97876e-05
3.92289e-05
3.69581e-05
2.13186e-05
1.97643e-05
9.33692e-06
8.47964e-06
2.81638e-06
2.51513e-06
3.94822e-07
3.67622e-07
-1.24532e-07
-2.93988e-07
-1.55956e-06
-2.37889e-06
-6.97894e-06
-8.96723e-06
-1.92167e-05
-2.27989e-05
-4.03521e-05
-4.57514e-05
-7.12587e-05
-7.84146e-05
-0.000111332
-0.000119871
-0.000158454
-0.000167728
-0.000209235
-0.000218413
-0.000259481
-0.000267686
-0.000304776
-0.00031123
-0.000341121
-0.000345253
-0.000365446
-0.000366966
-0.000372039
-0.000372067
-0.000341741
-0.000319939
-0.000242332
-0.000210515
-0.000113508
-9.96983e-05
-1.97554e-05
-1.6497e-05
4.41208e-05
7.3269e-05
0.000138717
0.000222811
0.000317884
0.000464142
0.000596279
0.000789506
0.000934253
0.00111549
0.00120515
0.00126924
0.00124355
0.00113477
0.00109129
-0.00120064
-0.00125814
-0.00138387
-0.00145015
-0.00147511
-0.00143957
-0.00135668
-0.00124408
-0.00110124
-0.000962955
-0.000803859
-0.000673913
-0.000523724
-0.000420254
-0.000297947
-0.000228121
-0.000146194
-0.000105254
-6.07118e-05
-3.7051e-05
-1.6595e-05
-3.54513e-06
3.75828e-06
8.03442e-06
8.9811e-06
8.59146e-06
8.36349e-06
7.05743e-06
6.77437e-06
5.37009e-06
5.22802e-06
3.83347e-06
3.83059e-06
2.52241e-06
2.62631e-06
1.45589e-06
1.62087e-06
6.25847e-07
8.11255e-07
2.40421e-08
2.05767e-07
-3.47353e-07
-1.76401e-07
-4.87176e-07
-3.26938e-07
-4.24453e-07
-2.82884e-07
-2.52532e-07
-1.5959e-07
-1.52494e-07
-1.66593e-07
-3.91798e-07
-5.95202e-07
-1.29136e-06
-1.77435e-06
-3.16384e-06
-4.00109e-06
-6.23589e-06
-7.46108e-06
-1.0574e-05
-1.21604e-05
-1.6036e-05
-1.7888e-05
-2.22635e-05
-2.42247e-05
-2.87227e-05
-3.05969e-05
-3.47845e-05
-3.63675e-05
-3.98267e-05
-4.09404e-05
-4.33342e-05
-4.38558e-05
-4.49764e-05
-4.46392e-05
-4.34938e-05
-4.14412e-05
-3.34454e-05
-2.43724e-05
-5.5339e-06
1.71466e-05
4.70045e-05
9.74036e-05
0.000146377
0.000245364
0.000331457
0.000489063
0.00062342
0.000827946
0.00100524
0.00123303
0.00143102
0.00164704
0.00181842
0.00195784
0.00202514
0.00201036
0.00192928
0.00175887
0.00168156
-0.00156755
-0.00166849
-0.00182616
-0.00198454
-0.00205324
-0.00210708
-0.00206105
-0.00200966
-0.00188836
-0.00176527
-0.00160954
-0.00144355
-0.00127807
-0.0010934
-0.000941017
-0.000765562
-0.000649939
-0.000510214
-0.000439973
-0.000348209
-0.00031388
-0.000266612
-0.000254834
-0.000236612
-0.000235444
-0.000225171
-0.00022133
-0.000207573
-0.000202293
-0.000184037
-0.000177403
-0.000156062
-0.000148605
-0.000125902
-0.000118232
-9.59523e-05
-8.86666e-05
-6.84089e-05
-6.20042e-05
-4.49737e-05
-3.97839e-05
-2.66636e-05
-2.28304e-05
-1.37443e-05
-1.1221e-05
-5.77992e-06
-4.36344e-06
-1.77035e-06
-1.14713e-06
-3.35569e-07
-1.32457e-07
8.7706e-08
2.56408e-07
1.06547e-06
1.55952e-06
4.01793e-06
5.14263e-06
1.01081e-05
1.20945e-05
2.01628e-05
2.31552e-05
3.46187e-05
3.86644e-05
5.34811e-05
5.85247e-05
7.62981e-05
8.21769e-05
0.000102152
0.000108597
0.000129687
0.000136333
0.000157188
0.000163602
0.000182727
0.000188744
0.000206641
0.000210794
0.000238918
0.000253452
0.000315911
0.000355048
0.000473983
0.000557822
0.000743948
0.000890707
0.00113418
0.00133911
0.00160784
0.00184272
0.00209828
0.00233199
0.0025375
0.00273352
0.00284239
0.00293734
0.00289148
0.00281776
0.00260772
0.00239147
0.00225071
-0.00186511
-0.0019847
-0.00224024
-0.00244813
-0.00261929
-0.00273907
-0.00279625
-0.00281767
-0.00277737
-0.00272037
-0.00260529
-0.00248848
-0.00231147
-0.00215194
-0.00193423
-0.00175731
-0.00154073
-0.00137879
-0.0012057
-0.00108424
-0.000974597
-0.000903295
-0.000858092
-0.000823611
-0.000812264
-0.00078378
-0.000761685
-0.000722231
-0.000690273
-0.000639448
-0.000600002
-0.000541726
-0.000497957
-0.000436784
-0.000392211
-0.000332733
-0.000290737
-0.000237006
-0.000200369
-0.000155415
-0.000125995
-9.15309e-05
-7.01034e-05
-4.6416e-05
-3.26833e-05
-1.87183e-05
-1.14649e-05
-5.04797e-06
-2.38374e-06
-5.42671e-07
-1.87204e-07
4.82009e-07
9.1956e-07
3.88231e-06
6.65876e-06
1.50994e-05
2.2144e-05
3.86709e-05
5.14439e-05
7.78478e-05
9.724e-05
0.000134313
0.000160572
0.00020797
0.000240653
0.000296846
0.000334783
0.000397088
0.0004384
0.000503126
0.000545326
0.000608082
0.00064826
0.000704396
0.000739519
0.000788252
0.000815757
0.00087486
0.000943161
0.00104968
0.00119869
0.00137286
0.00161055
0.00184551
0.0021542
0.00242013
0.00274701
0.00300061
0.00328623
0.00348964
0.00369878
0.003823
0.0039305
0.00394201
0.00390593
0.00376612
0.00354932
0.00326456
0.00290172
0.0027318
-0.00215999
-0.00230298
-0.00254484
-0.00280973
-0.00305343
-0.00325188
-0.00341709
-0.00352521
-0.00360421
-0.00362553
-0.00362242
-0.00356237
-0.00347709
-0.00334385
-0.00318615
-0.0030034
-0.00280715
-0.00261585
-0.00242792
-0.00226934
-0.00212768
-0.00202596
-0.00194482
-0.00188798
-0.00183901
-0.00178657
-0.00171477
-0.00164151
-0.00154514
-0.00145147
-0.00133591
-0.00122906
-0.00110326
-0.000991485
-0.000864983
-0.000756578
-0.000638304
-0.000540543
-0.000437777
-0.000356093
-0.000273691
-0.00021115
-0.000151138
-0.000108244
-6.97777e-05
-4.46e-05
-2.42525e-05
-1.28057e-05
-5.09966e-06
-1.90431e-06
-7.54111e-09
1.25228e-06
4.75776e-06
1.0553e-05
2.29009e-05
3.92095e-05
6.67366e-05
9.84694e-05
0.000145995
0.000196516
0.000266839
0.000337591
0.000431114
0.000521365
0.000635877
0.000742606
0.000873264
0.000991243
0.00113081
0.00125293
0.00139233
0.00151019
0.00163937
0.00174418
0.0018554
0.0019447
0.00203774
0.00213927
0.0022786
0.00244187
0.00266547
0.00290951
0.00320393
0.00350248
0.00382071
0.00412044
0.00439765
0.00463976
0.00482332
0.00496857
0.00503714
0.00506624
0.00501174
0.00490818
0.00471558
0.00446408
0.00413606
0.00376535
0.00341718
0.0032107
-0.0022714
-0.00243553
-0.00276453
-0.00308985
-0.00339299
-0.00368647
-0.00392326
-0.00415595
-0.00431353
-0.00447352
-0.00454636
-0.004623
-0.00459959
-0.00458477
-0.00446395
-0.00436641
-0.00417924
-0.00403232
-0.00383405
-0.00368331
-0.00352454
-0.00340604
-0.00331668
-0.00322497
-0.00316653
-0.00305499
-0.00295421
-0.00279668
-0.00265852
-0.00246082
-0.00229576
-0.002073
-0.00189388
-0.00166291
-0.00148332
-0.00126071
-0.00109329
-0.000893435
-0.000748471
-0.000582028
-0.000466338
-0.000339289
-0.00025568
-0.000168911
-0.000116118
-6.5611e-05
-3.8687e-05
-1.61736e-05
-7.23095e-06
-1.21876e-06
-4.00459e-07
2.55635e-06
5.98383e-06
1.98914e-05
3.64282e-05
7.44418e-05
0.000113312
0.000186398
0.000254629
0.00037037
0.000472039
0.000633653
0.000769315
0.000974958
0.00114132
0.00138379
0.00157369
0.00184066
0.00204339
0.00231824
0.00252043
0.0027838
0.00297067
0.00320253
0.00335958
0.003549
0.0036662
0.00384196
0.00400731
0.00422819
0.00449285
0.00476708
0.00509689
0.00537646
0.00570529
0.00592444
0.00617239
0.00627762
0.00639239
0.00636272
0.00633638
0.00617521
0.00601554
0.00573062
0.00543652
0.00503809
0.00461964
0.00414864
0.00366508
0.00342164
-0.0024075
-0.00257952
-0.00289305
-0.00324135
-0.00360604
-0.00394089
-0.00428375
-0.004573
-0.00486983
-0.00509468
-0.00532598
-0.00546889
-0.00561052
-0.00565677
-0.00569214
-0.00564408
-0.00558386
-0.00547018
-0.00535229
-0.00521749
-0.00508747
-0.0049696
-0.0048574
-0.00475251
-0.00463198
-0.00449712
-0.00430541
-0.00411461
-0.00386008
-0.00362132
-0.00332159
-0.0030531
-0.00273095
-0.00245295
-0.002132
-0.00186434
-0.00156633
-0.00132619
-0.00106864
-0.000868757
-0.000663256
-0.000510751
-0.000362
-0.000257918
-0.000163596
-0.000103095
-5.44129e-05
-2.75334e-05
-1.03679e-05
-3.2447e-06
2.84231e-07
3.91099e-06
1.3582e-05
3.06925e-05
6.61888e-05
0.000112772
0.000191686
0.000281098
0.000417054
0.000558543
0.000759549
0.000957031
0.00122418
0.00147537
0.00180205
0.00209811
0.00246992
0.00279571
0.00319124
0.00352639
0.00391903
0.00423983
0.00460048
0.00488249
0.00518509
0.00541403
0.00564227
0.00584702
0.00607935
0.00631373
0.00658408
0.00685285
0.00711854
0.00736855
0.00756155
0.00772596
0.0077839
0.0078137
0.00771042
0.00759267
0.00734295
0.00709045
0.00672259
0.00635378
0.00589081
0.00542762
0.00490297
0.00439363
0.00392194
0.00366463
-0.00239123
-0.00256935
-0.00293504
-0.00330915
-0.0037048
-0.00409634
-0.00448639
-0.00486615
-0.005224
-0.00556724
-0.00586866
-0.00614927
-0.00636405
-0.00655623
-0.00665927
-0.00674988
-0.00674285
-0.00674178
-0.0066577
-0.00659346
-0.0064778
-0.00638047
-0.00626979
-0.00613871
-0.00600322
-0.00580438
-0.00557984
-0.00529803
-0.0049983
-0.00464945
-0.00429731
-0.00390787
-0.00353014
-0.00312904
-0.00275342
-0.00236875
-0.00202065
-0.00167657
-0.0013764
-0.00109071
-0.000851921
-0.00063445
-0.00046247
-0.000314477
-0.000206505
-0.000120901
-6.657e-05
-2.89433e-05
-1.16162e-05
-1.85684e-06
-4.50445e-07
5.18149e-06
1.40373e-05
4.05675e-05
8.01939e-05
0.000151462
0.000242773
0.000378971
0.000538231
0.00075359
0.000990427
0.00129121
0.00160703
0.00199006
0.00237706
0.00282895
0.00327001
0.00376759
0.00423714
0.00474904
0.00521524
0.0057049
0.00613294
0.00656266
0.00691882
0.00726144
0.00752045
0.00779004
0.00803385
0.00827316
0.00854011
0.0087456
0.00898157
0.00910395
0.00923804
0.00922692
0.00920071
0.00903098
0.00882954
0.00851115
0.00816163
0.00772614
0.00726675
0.00674889
0.00621103
0.00564613
0.00506821
0.00450437
0.00394692
0.0036735
-0.00244949
-0.00263031
-0.00292215
-0.0033082
-0.00371458
-0.00413461
-0.00456106
-0.00498699
-0.00540716
-0.00581121
-0.00619736
-0.00654954
-0.00686981
-0.00713916
-0.0073648
-0.00753021
-0.00764935
-0.00771066
-0.00773279
-0.00770941
-0.00765668
-0.00757329
-0.00746235
-0.00731909
-0.00713867
-0.00690915
-0.00662611
-0.00630065
-0.00592974
-0.00552809
-0.00509516
-0.00464772
-0.00418516
-0.00372504
-0.00326608
-0.00282531
-0.00240027
-0.00200636
-0.00163954
-0.0013127
-0.00102004
-0.000771427
-0.000559277
-0.000390232
-0.000255088
-0.00015745
-8.6698e-05
-4.39201e-05
-1.73309e-05
-6.30845e-06
1.84395e-06
8.43792e-06
2.68384e-05
5.7888e-05
0.000115383
0.000198493
0.000321192
0.000479834
0.000688261
0.000939058
0.00124555
0.0015959
0.00200245
0.00244871
0.00294558
0.00347224
0.00403771
0.00461771
0.00521921
0.00581592
0.00641282
0.00698349
0.00753133
0.00803193
0.00849066
0.00888781
0.0092297
0.00953024
0.00979692
0.0100328
0.0102345
0.0103989
0.0105031
0.0105511
0.0105146
0.010406
0.0102021
0.00992478
0.00955989
0.00913562
0.00864541
0.00811471
0.00754345
0.00694877
0.00633725
0.00572091
0.00511222
0.00452319
0.00407258
0.00379186
-0.00231173
-0.00248803
-0.00284646
-0.00322657
-0.00365142
-0.00407559
-0.0045434
-0.00498711
-0.00547103
-0.00590719
-0.00637763
-0.00677573
-0.00719674
-0.0075244
-0.00785842
-0.00809012
-0.00831067
-0.0084365
-0.00853721
-0.00856333
-0.00855441
-0.00849412
-0.00839149
-0.00824371
-0.00803598
-0.00778494
-0.00744875
-0.00709313
-0.00665164
-0.00621455
-0.00570117
-0.00521559
-0.00466891
-0.00417063
-0.00362998
-0.00315349
-0.00265462
-0.00222944
-0.0018008
-0.00144855
-0.00110867
-0.000841136
-0.000597212
-0.000415665
-0.000263297
-0.000158756
-8.28385e-05
-3.73027e-05
-1.37513e-05
-2.13704e-06
-3.28227e-07
7.0626e-06
2.13702e-05
5.60243e-05
0.000117446
0.000209604
0.000349723
0.000525278
0.000769226
0.00104671
0.00140997
0.00179786
0.00228348
0.0027781
0.00337489
0.0039593
0.00464129
0.00528564
0.00601331
0.00667692
0.00740058
0.00803582
0.00870085
0.00925852
0.0098119
0.0102525
0.0106517
0.0109698
0.0112457
0.0114581
0.011621
0.0117208
0.0117337
0.0116894
0.0115209
0.0113102
0.0109535
0.0105795
0.010062
0.00955514
0.00892841
0.00833374
0.00765156
0.00701476
0.00632393
0.00568853
0.0050355
0.00444615
0.00387811
0.00360067
-0.00225103
-0.00241955
-0.00275748
-0.0031295
-0.00354842
-0.00398244
-0.00444621
-0.00492302
-0.00540615
-0.00589939
-0.00637243
-0.0068512
-0.00727928
-0.00770836
-0.00805537
-0.00839996
-0.00863857
-0.00887137
-0.00899112
-0.00909702
-0.0091024
-0.00907745
-0.00897843
-0.00882127
-0.00860857
-0.00831811
-0.00797927
-0.00756837
-0.00712424
-0.00662215
-0.00610611
-0.00555057
-0.00500131
-0.00443299
-0.0038899
-0.00334784
-0.00284671
-0.00236413
-0.00193343
-0.00153449
-0.00119276
-0.000890488
-0.000644866
-0.000440356
-0.000286398
-0.000169172
-9.16907e-05
-4.10826e-05
-1.58941e-05
-3.18929e-06
4.55105e-07
9.3044e-06
2.57989e-05
6.7052e-05
0.000131193
0.000239922
0.00038349
0.000590025
0.000838342
0.00116472
0.00153341
0.00199008
0.00248224
0.00306543
0.0036698
0.00435999
0.00505035
0.00581256
0.00654903
0.00733516
0.00806756
0.00882103
0.00949417
0.0101563
0.0107169
0.0112371
0.0116451
0.0119976
0.0122687
0.0124495
0.0125898
0.0125887
0.0125693
0.0123749
0.012173
0.0117913
0.011407
0.0108675
0.0103309
0.00968107
0.00904231
0.00833591
0.00764782
0.00693547
0.00624529
0.00557328
0.00492585
0.00433322
0.00379663
0.00352473
-0.0021639
-0.00233213
-0.00262738
-0.00299758
-0.00339341
-0.00382432
-0.0042789
-0.00475243
-0.00524458
-0.00573492
-0.00623799
-0.00671463
-0.00719657
-0.00762471
-0.00804941
-0.00839453
-0.00872619
-0.00896085
-0.00916971
-0.00927801
-0.00934479
-0.00932169
-0.009239
-0.00908237
-0.00885326
-0.00856313
-0.00819712
-0.00778669
-0.00731115
-0.00680964
-0.00626001
-0.00570512
-0.00512231
-0.00455465
-0.00398015
-0.00343872
-0.00290999
-0.00242797
-0.00197464
-0.00157616
-0.00121727
-0.000915351
-0.000657933
-0.000453659
-0.000292566
-0.000175476
-9.43412e-05
-4.37916e-05
-1.68441e-05
-4.15401e-06
1.29442e-06
1.01335e-05
3.07314e-05
7.19368e-05
0.000144991
0.000253594
0.000413517
0.000619813
0.00089443
0.00122043
0.00162735
0.00208349
0.00262685
0.00320935
0.00387747
0.00456686
0.0053314
0.00609273
0.00690992
0.00769514
0.0085094
0.009262
0.0100119
0.0106733
0.0112994
0.011819
0.0122704
0.0126216
0.0128818
0.0130578
0.0131129
0.0131048
0.0129474
0.012746
0.0123866
0.0119997
0.0114692
0.0109271
0.010273
0.00962299
0.00890096
0.00819623
0.00745954
0.00675022
0.00604561
0.00537726
0.00474545
0.00415534
0.00367338
0.00340193
-0.00202285
-0.00217884
-0.00249157
-0.00283656
-0.00322512
-0.00363274
-0.00408523
-0.00454028
-0.00503625
-0.00551535
-0.00602918
-0.00650405
-0.00700471
-0.00744267
-0.00789388
-0.00826068
-0.00862308
-0.00888695
-0.00912425
-0.00926043
-0.00934632
-0.00934035
-0.00926233
-0.00911049
-0.00887337
-0.00858393
-0.00820742
-0.00779931
-0.00731071
-0.00681395
-0.00625005
-0.00570187
-0.00510477
-0.0045452
-0.00395747
-0.00342478
-0.00288484
-0.0024115
-0.00194959
-0.00155908
-0.00119455
-0.00089936
-0.000639219
-0.0004401
-0.000278896
-0.000165286
-8.61009e-05
-3.74751e-05
-1.37968e-05
-1.75325e-06
2.37588e-09
9.13676e-06
2.66442e-05
6.8818e-05
0.000140511
0.000250659
0.000412125
0.000620672
0.000900868
0.00123015
0.00164762
0.00210851
0.00266795
0.00325703
0.00394674
0.00464468
0.00543558
0.00620723
0.007054
0.00785075
0.0086956
0.00946004
0.0102389
0.0109114
0.0115615
0.0120889
0.0125579
0.0129044
0.0131617
0.013308
0.0133368
0.0132756
0.0130739
0.0128099
0.012398
0.0119544
0.0113735
0.01079
0.0100948
0.00942138
0.00866961
0.00795882
0.00720377
0.00650408
0.00579222
0.00514636
0.00451805
0.00395843
0.00344271
0.00318717
-0.00192216
-0.00206266
-0.00236809
-0.00268328
-0.00306589
-0.00344623
-0.0038915
-0.00432572
-0.00481383
-0.00528169
-0.00578712
-0.00626371
-0.00675592
-0.00721138
-0.00765518
-0.00805446
-0.00841147
-0.00871603
-0.0089503
-0.00912384
-0.00920865
-0.00922541
-0.00914668
-0.00900156
-0.00876327
-0.00847461
-0.00810025
-0.00769498
-0.00720932
-0.00671849
-0.0061581
-0.00561839
-0.00502506
-0.0044757
-0.00389172
-0.00337011
-0.0028336
-0.00237129
-0.00191229
-0.00153192
-0.00116963
-0.000883006
-0.000624367
-0.000431821
-0.000271402
-0.000162236
-8.32175e-05
-3.7054e-05
-1.30906e-05
-1.87645e-06
4.05339e-07
9.92408e-06
2.79651e-05
7.14043e-05
0.000143405
0.000255589
0.000416929
0.00062846
0.000907928
0.00124158
0.00165761
0.0021248
0.00268207
0.00327986
0.00396671
0.00467594
0.00546343
0.0062487
0.00709173
0.00790366
0.00874473
0.00952474
0.0103001
0.0109871
0.0116344
0.012172
0.0126421
0.012982
0.0132384
0.0133462
0.0133728
0.0132419
0.0130395
0.0126916
0.0122821
0.0117596
0.0111846
0.0105412
0.00985443
0.00914525
0.00840282
0.00767948
0.0069339
0.00624205
0.00553961
0.00491857
0.00429853
0.00377447
0.00327044
0.00303508
-0.00186346
-0.00200376
-0.00223215
-0.00254545
-0.00288706
-0.00326341
-0.00366226
-0.00409105
-0.00453235
-0.00499376
-0.00545569
-0.00592507
-0.00638152
-0.00682916
-0.00724907
-0.0076403
-0.00798738
-0.0082845
-0.00852114
-0.00868894
-0.00878339
-0.00879695
-0.00873185
-0.00858631
-0.00836815
-0.00807975
-0.00773558
-0.00733068
-0.00688676
-0.00639638
-0.00588621
-0.00534699
-0.00480819
-0.00425933
-0.00372984
-0.00320871
-0.00272264
-0.00226076
-0.00184489
-0.00146486
-0.00113615
-0.00084979
-0.000614155
-0.000421786
-0.000274011
-0.000164946
-8.95911e-05
-4.34702e-05
-1.65258e-05
-5.322e-06
3.58436e-06
1.30943e-05
3.80896e-05
8.14889e-05
0.000157513
0.000269594
0.000429159
0.000640495
0.000910195
0.00124354
0.0016405
0.00210726
0.00263585
0.00323309
0.00388248
0.00459106
0.00533418
0.00611873
0.00691342
0.0077246
0.00851705
0.00929634
0.0100269
0.0107133
0.0113233
0.0118605
0.0122993
0.0126394
0.012862
0.0129725
0.0129578
0.0128323
0.0125902
0.01225
0.0118144
0.0113009
0.0107213
0.0100872
0.00941791
0.00871785
0.00801106
0.00729629
0.00659899
0.00591471
0.00526808
0.00465287
0.0040878
0.00356663
0.00318373
0.00294868
-0.00170088
-0.00183774
-0.00208344
-0.00238757
-0.00269793
-0.0030627
-0.00343166
-0.00384715
-0.00426022
-0.00470738
-0.00514536
-0.00560015
-0.00604039
-0.00647391
-0.00688866
-0.00726744
-0.00762075
-0.00790834
-0.00815842
-0.00832043
-0.00842871
-0.00844038
-0.00838206
-0.00823852
-0.00802507
-0.00774192
-0.00741087
-0.00701381
-0.00658955
-0.00610907
-0.00562332
-0.00509528
-0.00458406
-0.00404682
-0.00354631
-0.0030364
-0.00257897
-0.0021272
-0.00173802
-0.00136646
-0.00106123
-0.000781379
-0.000565262
-0.000377374
-0.000244972
-0.000138548
-7.4856e-05
-2.99338e-05
-1.19136e-05
-1.02792e-06
3.55322e-07
9.76679e-06
2.71804e-05
7.00129e-05
0.000137086
0.00024749
0.000395814
0.000603834
0.00085963
0.00118766
0.00156826
0.00202756
0.00253805
0.00312577
0.00375633
0.00445367
0.00517832
0.00595048
0.00672799
0.00752641
0.0083037
0.00907076
0.00978858
0.0104642
0.0110646
0.0115932
0.0120264
0.0123608
0.0125665
0.0126747
0.0126245
0.0125004
0.0122148
0.0118806
0.0114062
0.0109035
0.0102998
0.00968006
0.00900489
0.00832138
0.00762455
0.00692739
0.00625216
0.00558557
0.00496966
0.00437085
0.00384451
0.00333693
0.00291657
0.00268672
-0.00160252
-0.00172312
-0.001968
-0.00223703
-0.0025444
-0.00286876
-0.00323302
-0.00360405
-0.00401124
-0.00441232
-0.00484357
-0.00525389
-0.00568663
-0.00608122
-0.00648783
-0.00683689
-0.00718198
-0.00745118
-0.007694
-0.007849
-0.00795221
-0.00796708
-0.00790678
-0.00777644
-0.00756314
-0.00730634
-0.00697555
-0.00661806
-0.00619414
-0.00576362
-0.00527825
-0.00480669
-0.00429587
-0.00381735
-0.00331724
-0.00286411
-0.00240704
-0.00200647
-0.00161759
-0.00128891
-0.000983924
-0.000737029
-0.000521083
-0.000355923
-0.000223626
-0.000130613
-6.69712e-05
-2.81488e-05
-1.01428e-05
-8.79958e-07
5.02186e-07
9.43325e-06
2.68331e-05
6.68618e-05
0.000133882
0.00023593
0.000384136
0.000575592
0.000831186
0.00113264
0.00151295
0.00193493
0.00244502
0.00298514
0.00361519
0.00425636
0.00498043
0.00569069
0.00646759
0.00720225
0.00797892
0.00868484
0.0094021
0.010024
0.0106238
0.0111097
0.0115426
0.011845
0.0120528
0.0121354
0.0120909
0.0119495
0.0116725
0.0113344
0.0108703
0.0103807
0.00978755
0.00919814
0.00853307
0.00789346
0.00720605
0.00656123
0.0058945
0.00528384
0.00467496
0.00413132
0.0036096
0.0031532
0.00273417
0.00252877
-0.00151163
-0.00161717
-0.00186092
-0.00209788
-0.00240201
-0.00268916
-0.00304882
-0.00337892
-0.00378043
-0.00413908
-0.00456373
-0.00493324
-0.00535853
-0.00571757
-0.00611624
-0.00643817
-0.00677565
-0.00702781
-0.00726392
-0.00741243
-0.00751095
-0.00752879
-0.00746665
-0.00734852
-0.00713536
-0.00690297
-0.00657242
-0.00625157
-0.00582796
-0.0054437
-0.00495869
-0.00453943
-0.00402899
-0.00360485
-0.00310511
-0.00270456
-0.00224783
-0.00189467
-0.00150607
-0.00121709
-0.00091233
-0.000695959
-0.000480171
-0.000336057
-0.000203858
-0.000123264
-5.96694e-05
-2.64957e-05
-8.50289e-06
-7.4294e-07
6.38191e-07
9.12438e-06
2.65114e-05
6.39436e-05
0.000130915
0.000225224
0.000373322
0.000549439
0.000804845
0.00108169
0.00146172
0.00184914
0.00235886
0.00285491
0.0034845
0.00407363
0.00479717
0.00545011
0.00622644
0.00690205
0.00767815
0.00832746
0.0090442
0.00961621
0.0102157
0.010662
0.0110945
0.0113673
0.011577
0.0116359
0.0115968
0.0114394
0.0111704
0.0108286
0.0103739
0.00989587
0.00931319
0.00875089
0.00809614
0.00749648
0.00681849
0.00622165
0.00556329
0.00500389
0.00440204
0.00390904
0.00339241
0.00298271
0.00256557
0.00238283
-0.00146822
-0.00157363
-0.00175674
-0.00199226
-0.00226095
-0.00254467
-0.00285957
-0.00318476
-0.00353513
-0.00388785
-0.00425721
-0.00461995
-0.0049886
-0.00534008
-0.00568414
-0.00599805
-0.00628753
-0.00653214
-0.00673321
-0.00687549
-0.00695735
-0.0069716
-0.00691621
-0.00679771
-0.00661207
-0.00637991
-0.00609314
-0.0057726
-0.00540667
-0.00502279
-0.00460535
-0.00418651
-0.00374809
-0.00332438
-0.00289557
-0.00249543
-0.00210354
-0.00175073
-0.00141695
-0.00112826
-0.000865787
-0.000649641
-0.00046272
-0.000318758
-0.000202688
-0.000122181
-6.40603e-05
-3.09236e-05
-1.09551e-05
-3.20431e-06
3.61116e-06
1.20904e-05
3.39564e-05
7.13565e-05
0.000137384
0.00023161
0.000369192
0.000545151
0.000777016
0.00105362
0.0013947
0.00178178
0.00223624
0.00273183
0.00329073
0.00387933
0.0045196
0.00517195
0.00585726
0.00653226
0.00721606
0.00786479
0.00849538
0.00906688
0.00959303
0.010039
0.0104163
0.0106893
0.0108673
0.0109303
0.0108884
0.0107385
0.0104931
0.0101609
0.00975208
0.00928464
0.00876302
0.00821115
0.00762651
0.00703646
0.00643223
0.00584407
0.00525803
0.00470604
0.00417074
0.0036831
0.00322145
0.00281409
0.00249797
0.00231542
-0.0013688
-0.00147404
-0.00164584
-0.00187983
-0.00211607
-0.00239639
-0.00267339
-0.00299389
-0.00330146
-0.00364854
-0.00397223
-0.00432849
-0.00465149
-0.00499569
-0.00529769
-0.00560374
-0.00585863
-0.00609562
-0.00627299
-0.00640911
-0.0064807
-0.00649135
-0.00643989
-0.00632083
-0.00615461
-0.00592259
-0.00566999
-0.00534966
-0.00502992
-0.00464628
-0.00428327
-0.00386469
-0.00348483
-0.00306139
-0.00269105
-0.00229116
-0.00195375
-0.00160117
-0.00131475
-0.00102625
-0.000801947
-0.000585936
-0.000427161
-0.00028329
-0.000185754
-0.000105297
-5.76774e-05
-2.45616e-05
-9.58487e-06
-1.83894e-06
2.31501e-06
1.07889e-05
2.88326e-05
6.62091e-05
0.000123808
0.000217974
0.000339468
0.000515316
0.000721092
0.000997517
0.00130115
0.00168798
0.00209345
0.00258873
0.00308821
0.00367644
0.00424932
0.00490125
0.00551486
0.00618943
0.0068018
0.00745012
0.00801468
0.00858582
0.00905673
0.00950239
0.00983966
0.0101132
0.0102676
0.0103351
0.0102854
0.0101435
0.00990794
0.00958592
0.00920413
0.00874758
0.00826774
0.0077263
0.0071938
0.0066133
0.00606643
0.00548682
0.00495858
0.00441387
0.00393291
0.0034507
0.00303807
0.0026332
0.00233271
0.00215047
-0.00127342
-0.00137434
-0.00154848
-0.00177199
-0.0019879
-0.00225501
-0.00250854
-0.00281321
-0.00309435
-0.00342354
-0.00371909
-0.00405614
-0.00435102
-0.00467564
-0.00495182
-0.00523938
-0.00547314
-0.00569462
-0.00585749
-0.00598323
-0.00604828
-0.00605539
-0.00600495
-0.00588969
-0.00573326
-0.00551105
-0.0052774
-0.00497142
-0.00467758
-0.00431168
-0.00397926
-0.00358041
-0.00323359
-0.00283039
-0.00249322
-0.00211266
-0.00180639
-0.001471
-0.00121196
-0.000937634
-0.000735759
-0.000530453
-0.000388648
-0.000251989
-0.000166175
-8.98318e-05
-4.95488e-05
-1.81959e-05
-7.57733e-06
-2.61337e-07
7.35508e-07
8.92619e-06
2.30665e-05
5.90589e-05
0.000110107
0.00020059
0.000311237
0.000480066
0.000669487
0.000934793
0.00121592
0.00158715
0.001964
0.00243928
0.00290476
0.00346919
0.00400409
0.0046296
0.00520325
0.00585037
0.00642326
0.00704507
0.00757327
0.00812091
0.00856166
0.00898884
0.00930565
0.00956829
0.00971094
0.00977721
0.00972346
0.00959018
0.00936046
0.00905535
0.0086896
0.0082558
0.00780107
0.00728561
0.00678473
0.00623122
0.00571924
0.00516591
0.00467294
0.00415241
0.00370477
0.00324339
0.00286133
0.00247345
0.00216657
0.0019914
-0.00120904
-0.00129929
-0.00147292
-0.00167269
-0.00188659
-0.00212467
-0.00237492
-0.00264536
-0.00292229
-0.00321329
-0.00350388
-0.00380067
-0.00408986
-0.00437473
-0.00464453
-0.00489605
-0.00512317
-0.00531601
-0.0054729
-0.00558106
-0.00564183
-0.0056453
-0.00559313
-0.00548869
-0.00533233
-0.00513509
-0.00490157
-0.00463217
-0.00433849
-0.00401775
-0.00368551
-0.00333693
-0.0029903
-0.00263868
-0.00230169
-0.00197036
-0.00166427
-0.00137267
-0.00111378
-0.000875575
-0.00067381
-0.000495787
-0.000354059
-0.000235783
-0.000150016
-8.41597e-05
-4.38984e-05
-1.70414e-05
-6.42864e-06
-2.09426e-07
7.8688e-07
8.2582e-06
2.23909e-05
5.48643e-05
0.000105884
0.000186999
0.000297586
0.000448559
0.000637877
0.000874896
0.00115587
0.0014874
0.00186405
0.00228843
0.00275365
0.00325755
0.00379216
0.00435041
0.00492375
0.00550103
0.00607361
0.00662796
0.00715587
0.0076437
0.00808422
0.00846437
0.00878104
0.00901393
0.00915887
0.00921426
0.00916644
0.00904216
0.00882099
0.00854273
0.00818669
0.00779384
0.00734866
0.00688352
0.00639135
0.0058927
0.00538846
0.00489013
0.00440387
0.00393493
0.00349257
0.00307664
0.00269788
0.00234833
0.0020423
0.00188465
-0.00114943
-0.00122978
-0.00140293
-0.00158074
-0.00179278
-0.00200397
-0.00225119
-0.00248991
-0.00276294
-0.00301858
-0.00330458
-0.00356409
-0.00384802
-0.00409606
-0.00435996
-0.0045781
-0.00479908
-0.00496539
-0.00511674
-0.00520862
-0.00526543
-0.00526553
-0.00521177
-0.00511735
-0.00496104
-0.00478693
-0.00455353
-0.004318
-0.00402447
-0.00374556
-0.00341348
-0.00311146
-0.002765
-0.00246114
-0.00212432
-0.00183859
-0.00153265
-0.00128162
-0.00102285
-0.000818105
-0.000616441
-0.000463684
-0.000322027
-0.000220776
-0.000135051
-7.8907e-05
-3.86659e-05
-1.59724e-05
-5.36487e-06
-1.61354e-07
8.34453e-07
7.6396e-06
2.17652e-05
5.09798e-05
0.000101974
0.000174413
0.000284945
0.000419381
0.000608605
0.000819426
0.00110026
0.00139503
0.00177148
0.00214873
0.00261372
0.00306156
0.0035959
0.00409187
0.00466492
0.00517752
0.00574981
0.00624169
0.00676934
0.00720178
0.00764207
0.00797867
0.00829521
0.00850056
0.00864762
0.00869293
0.0086506
0.00853466
0.0083214
0.00806802
0.00772096
0.00736603
0.0069297
0.00651116
0.00602706
0.0055792
0.00508214
0.00463475
0.00415469
0.00373352
0.00329607
0.00292222
0.00254651
0.00223245
0.00192722
0.00178579
-0.00109603
-0.00116787
-0.00133817
-0.00149714
-0.00170591
-0.00189361
-0.00213646
-0.00234739
-0.00261508
-0.00283974
-0.00311956
-0.00334646
-0.00362346
-0.00383932
-0.00409572
-0.00428466
-0.00449816
-0.00464124
-0.00478615
-0.00486372
-0.00491629
-0.00491336
-0.00485845
-0.00477268
-0.0046177
-0.0044635
-0.00423227
-0.00402589
-0.00373518
-0.00349227
-0.00316345
-0.00290149
-0.00255847
-0.00229572
-0.00196226
-0.00171577
-0.00141288
-0.00119675
-0.000940547
-0.000764594
-0.000564903
-0.000433889
-0.000293578
-0.000206978
-0.000122016
-7.42284e-05
-3.42706e-05
-1.51598e-05
-4.5136e-06
-1.84094e-07
9.78705e-07
7.21048e-06
2.14155e-05
4.78255e-05
9.85902e-05
0.000163562
0.000273344
0.000393548
0.00058132
0.000769598
0.00104816
0.00131128
0.00168457
0.00202126
0.00248226
0.00288185
0.00341152
0.00385389
0.00442186
0.0048788
0.00544596
0.00588407
0.00640694
0.00679172
0.00722798
0.0075271
0.00784103
0.00802251
0.00817043
0.00820689
0.00817004
0.00806116
0.00785701
0.007625
0.00728909
0.00696686
0.00654212
0.00616391
0.00569082
0.0052871
0.00480004
0.00439706
0.00392577
0.00354633
0.00311614
0.00277899
0.00240877
0.00212511
0.0018248
0.00169733
-0.00106649
-0.00113827
-0.00127857
-0.00143672
-0.00162559
-0.00181137
-0.00202893
-0.0022371
-0.00247529
-0.00269651
-0.00294386
-0.00316669
-0.00340973
-0.0036209
-0.00384378
-0.00402755
-0.00421091
-0.00434885
-0.00447102
-0.00454437
-0.00458573
-0.00458029
-0.00452931
-0.00444314
-0.00430573
-0.00415159
-0.0039475
-0.00374121
-0.0034857
-0.00324289
-0.00295476
-0.00269291
-0.00239286
-0.00213021
-0.00183875
-0.00159236
-0.0013276
-0.00111156
-0.000887408
-0.000711531
-0.000536455
-0.000405497
-0.000281971
-0.000195408
-0.000119915
-7.21482e-05
-3.56628e-05
-1.65602e-05
-5.34848e-06
-1.02084e-06
2.32746e-06
8.55655e-06
2.38787e-05
5.02773e-05
9.83267e-05
0.000163271
0.000263878
0.000384031
0.000553922
0.000742118
0.000992497
0.00125551
0.00158968
0.00192622
0.00233772
0.00273714
0.00320888
0.00365106
0.00415598
0.00461271
0.00511612
0.00555404
0.00601754
0.00640215
0.00678816
0.00708715
0.00736342
0.00754546
0.0076752
0.00771537
0.00768359
0.00758114
0.00740167
0.00717765
0.0068807
0.00656668
0.00618925
0.00581859
0.00539629
0.00499918
0.00456276
0.00416547
0.00374166
0.0033668
0.00297839
0.00264442
0.00230777
0.00202549
0.00177691
0.00164955
-0.00103734
-0.00110906
-0.00122292
-0.0013803
-0.00155084
-0.00173484
-0.00192913
-0.00213473
-0.00234574
-0.00256376
-0.00278118
-0.00300025
-0.003212
-0.00341884
-0.00361086
-0.00378984
-0.00394547
-0.00407866
-0.0041799
-0.00424935
-0.00428038
-0.00427265
-0.00422525
-0.00413871
-0.00401747
-0.00386339
-0.00368428
-0.00347807
-0.00325497
-0.00301226
-0.0027616
-0.00249985
-0.00223938
-0.00197684
-0.00172409
-0.0014778
-0.00124821
-0.00103226
-0.000837704
-0.000661897
-0.000509594
-0.000378689
-0.000270743
-0.000184214
-0.00011758
-6.98325e-05
-3.66997e-05
-1.76048e-05
-6.04333e-06
-1.71742e-06
3.45566e-06
9.68227e-06
2.58293e-05
5.22174e-05
9.75505e-05
0.000162469
0.000254408
0.000374513
0.000527728
0.000715849
0.000940095
0.001203
0.00150101
0.00183741
0.00220325
0.00260251
0.00302088
0.00346288
0.00390975
0.00436631
0.00481106
0.00524881
0.00565769
0.00604215
0.00638196
0.00668083
0.00692242
0.00710498
0.007218
0.00726159
0.00723444
0.00713793
0.0069811
0.00676446
0.00650329
0.00619685
0.00586291
0.00549923
0.00512363
0.00473266
0.00434286
0.00395083
0.00357073
0.00320013
0.00285014
0.00251915
0.00221337
0.00193237
0.00172937
0.00160212
-0.000980607
-0.00105223
-0.00116546
-0.00132206
-0.00147589
-0.00165809
-0.00183256
-0.00203567
-0.00222382
-0.00243883
-0.00263119
-0.0028468
-0.00303261
-0.00323551
-0.00340251
-0.00357721
-0.00371101
-0.00384002
-0.00392524
-0.00399128
-0.00401461
-0.00400486
-0.00395924
-0.00387236
-0.00376265
-0.00360863
-0.0034496
-0.00324347
-0.00304695
-0.00280433
-0.00258459
-0.00232294
-0.00209538
-0.00183294
-0.00161274
-0.00136654
-0.00116702
-0.000951148
-0.000782481
-0.000606739
-0.000475108
-0.000344251
-0.000251407
-0.00016491
-0.000108164
-6.04341e-05
-3.29592e-05
-1.38713e-05
-5.22798e-06
-9.0366e-07
2.2491e-06
8.47341e-06
2.14791e-05
4.78574e-05
8.69155e-05
0.00015181
0.000232521
0.000352582
0.000488178
0.00067623
0.000875586
0.0011384
0.00140408
0.00174036
0.0020671
0.00246621
0.00284025
0.00328209
0.00368176
0.00413815
0.00453584
0.00497342
0.00533876
0.00572307
0.00602646
0.00632522
0.00654127
0.00672427
0.00682523
0.00687175
0.0068466
0.00675521
0.00661394
0.00640374
0.0061689
0.00586918
0.00556884
0.00521144
0.00487319
0.00448784
0.00413596
0.00374888
0.00340475
0.00303831
0.00272047
0.0023925
0.00211458
0.00183493
0.00163252
0.00150542
-0.000928068
-0.000999606
-0.00111226
-0.00126812
-0.00140648
-0.00158701
-0.00174314
-0.00194394
-0.00211092
-0.00232314
-0.00249229
-0.0027047
-0.00286648
-0.00306574
-0.00320956
-0.0033803
-0.00349389
-0.00361903
-0.00368941
-0.00375229
-0.00376849
-0.00375688
-0.00371289
-0.00362572
-0.00352667
-0.0033727
-0.00323227
-0.00302621
-0.00285432
-0.00261178
-0.00242066
-0.0021591
-0.00196203
-0.00169967
-0.00150963
-0.00126351
-0.00109183
-0.00087603
-0.000731341
-0.000555659
-0.000443171
-0.000312358
-0.0002335
-0.000147033
-9.94447e-05
-5.17307e-05
-2.94952e-05
-1.04138e-05
-4.47291e-06
-1.5007e-07
1.13174e-06
7.35393e-06
1.74505e-05
4.38198e-05
7.70669e-05
0.000141939
0.000212253
0.000332273
0.000451553
0.00063954
0.000815847
0.00107857
0.00131431
0.00165048
0.00194101
0.00233999
0.00267298
0.00311466
0.00347062
0.00392686
0.00428096
0.0047184
0.0050434
0.00542759
0.00569724
0.0059959
0.0061883
0.00637171
0.00646149
0.00651073
0.00648743
0.00640078
0.00627392
0.00606969
0.00585924
0.00556573
0.00529652
0.00494494
0.00464126
0.00426113
0.00394436
0.00356186
0.00325104
0.00288844
0.00260039
0.00227523
0.0020231
0.00174469
0.00154283
0.00141588
-0.000899452
-0.000969162
-0.00108147
-0.00123359
-0.00136504
-0.00154145
-0.00168889
-0.00188484
-0.00204172
-0.00224843
-0.00240649
-0.00261308
-0.00276304
-0.00295663
-0.00308842
-0.00325407
-0.00335651
-0.00347762
-0.00353917
-0.00359969
-0.00361077
-0.00359903
-0.00355464
-0.00346967
-0.00337468
-0.00322548
-0.00309126
-0.00289209
-0.00272843
-0.00249432
-0.00231276
-0.00206052
-0.00187363
-0.00162078
-0.00144081
-0.00120372
-0.00104133
-0.000833522
-0.000696841
-0.000527701
-0.000421605
-0.000295693
-0.000221505
-0.000138304
-9.37719e-05
-4.78899e-05
-2.74022e-05
-9.08198e-06
-4.04142e-06
1.03949e-07
7.62987e-07
6.82484e-06
1.59514e-05
4.15788e-05
7.28857e-05
0.000135853
0.000202693
0.000319134
0.000432961
0.00061531
0.000783911
0.00103873
0.00126447
0.00159049
0.00186892
0.00225583
0.00257509
0.00300335
0.0033447
0.00378697
0.0041265
0.00455045
0.00486196
0.00523418
0.00549256
0.00578184
0.00596564
0.00614317
0.00623055
0.00627734
0.00625868
0.00617313
0.00605695
0.00585678
0.00566131
0.00537407
0.00512205
0.00477823
0.00449222
0.00412062
0.00382106
0.00344704
0.00315238
0.00279751
0.00252373
0.00220532
0.00196477
0.00169267
0.00149124
0.00136741
-0.000883152
-0.000950186
-0.00106235
-0.00120846
-0.00133939
-0.00150833
-0.00165495
-0.00184198
-0.00199781
-0.00219445
-0.00235126
-0.00254709
-0.0026956
-0.00287837
-0.00300852
-0.00316414
-0.00326487
-0.00337782
-0.00343784
-0.00349322
-0.00350321
-0.00349031
-0.00344548
-0.00336347
-0.0032685
-0.00312615
-0.00299198
-0.00280273
-0.00263911
-0.00241715
-0.00223564
-0.00199683
-0.00180999
-0.00157086
-0.00139093
-0.00116686
-0.00100452
-0.000808212
-0.000671571
-0.00051186
-0.000405795
-0.000286946
-0.000212779
-0.000134285
-8.97664e-05
-4.65248e-05
-2.60431e-05
-8.82001e-06
-3.78093e-06
1.08614e-07
7.67458e-07
6.59856e-06
1.57224e-05
4.02818e-05
7.15795e-05
0.000131804
0.000198625
0.000309912
0.000423705
0.000597933
0.000766485
0.00100992
0.00123559
0.00154702
0.00182537
0.00219489
0.00251406
0.00292298
0.00326423
0.0036864
0.00402583
0.00443035
0.00474177
0.00509676
0.00535506
0.00563084
0.00581459
0.00598392
0.00607193
0.00611655
0.00609953
0.00601809
0.00590426
0.00571352
0.0055207
0.0052467
0.00499727
0.0046689
0.00438522
0.0040298
0.00373226
0.003374
0.00308106
0.00274061
0.00246817
0.00216215
0.00192247
0.00166052
0.00145934
0.00134007
-0.000868056
-0.000932612
-0.00104464
-0.00118519
-0.00131564
-0.00147766
-0.00162353
-0.00180228
-0.00195714
-0.00214446
-0.00230013
-0.00248598
-0.00263316
-0.00280589
-0.00293453
-0.00308085
-0.00318001
-0.0032854
-0.003344
-0.00339463
-0.0034036
-0.00338962
-0.00334439
-0.00326513
-0.00317018
-0.00303418
-0.00290004
-0.00271997
-0.0025564
-0.00234568
-0.00216423
-0.00193785
-0.00175107
-0.00152462
-0.00134474
-0.00113272
-0.000970423
-0.000784774
-0.00064817
-0.00049719
-0.000391153
-0.000278845
-0.000204698
-0.000130564
-8.60571e-05
-4.52606e-05
-2.47845e-05
-8.5774e-06
-3.53969e-06
1.12934e-07
7.71599e-07
6.38901e-06
1.55104e-05
3.90806e-05
7.03698e-05
0.000128054
0.000194857
0.000301371
0.000415134
0.000581842
0.000750347
0.000983245
0.00120886
0.00150677
0.00178504
0.00213846
0.00245755
0.00284856
0.00318971
0.00359326
0.00393261
0.00431913
0.00463046
0.0049695
0.00522773
0.00549101
0.00567471
0.00583644
0.00592504
0.00596765
0.00595214
0.00587451
0.00576286
0.00558084
0.00539048
0.00512875
0.00488173
0.00456766
0.00428612
0.0039457
0.00365003
0.00330637
0.00301501
0.00268791
0.00241673
0.00212217
0.00188331
0.00163075
0.00142979
0.00131475
-0.000854077
-0.000916338
-0.00102825
-0.00116365
-0.00129364
-0.00144926
-0.00159442
-0.00176552
-0.00191949
-0.00209817
-0.00225277
-0.00242939
-0.00257533
-0.00273878
-0.002866
-0.00300373
-0.00310142
-0.00319982
-0.0032571
-0.00330333
-0.00331136
-0.00329638
-0.00325077
-0.00317405
-0.00307912
-0.002949
-0.0028149
-0.00264333
-0.00247981
-0.0022795
-0.00209809
-0.00188323
-0.00169649
-0.0014818
-0.00130197
-0.0011011
-0.000938849
-0.000763068
-0.000626499
-0.000483604
-0.000377595
-0.000271343
-0.000197215
-0.000127118
-8.2622e-05
-4.40899e-05
-2.3619e-05
-8.35274e-06
-3.3163e-06
1.16934e-07
7.75434e-07
6.19495e-06
1.5314e-05
3.79683e-05
6.92496e-05
0.000124582
0.000191368
0.000293462
0.000407196
0.00056694
0.000735403
0.000958541
0.00118409
0.00146949
0.00174769
0.0020862
0.00240521
0.00277964
0.0031207
0.00350702
0.00384627
0.00421613
0.00452739
0.00485165
0.00510981
0.00536151
0.00554518
0.00569987
0.00578902
0.00582975
0.00581566
0.00574155
0.00563191
0.00545797
0.0052699
0.00501952
0.00477472
0.0044739
0.00419435
0.00386782
0.00357388
0.00324374
0.00295384
0.00263912
0.00236909
0.00208515
0.00184703
0.00160318
0.00140243
0.00129129
-0.000841131
-0.000901267
-0.00101306
-0.00114369
-0.00127327
-0.00142295
-0.00156747
-0.00173148
-0.00188462
-0.0020553
-0.00220891
-0.00237699
-0.00252177
-0.00267662
-0.00280255
-0.0029323
-0.00302864
-0.00312056
-0.00317662
-0.00321878
-0.00322593
-0.00321004
-0.00316407
-0.00308971
-0.00299479
-0.00287012
-0.00273605
-0.00257236
-0.00240887
-0.00221821
-0.00203684
-0.00183265
-0.00164596
-0.00144215
-0.00126236
-0.00107183
-0.00090961
-0.000742968
-0.00060643
-0.000471023
-0.000365038
-0.000264396
-0.000190285
-0.000123926
-7.94409e-05
-4.30058e-05
-2.25396e-05
-8.14468e-06
-3.10942e-06
1.20639e-07
7.78985e-07
6.01524e-06
1.51322e-05
3.69382e-05
6.82122e-05
0.000121366
0.000188137
0.000286138
0.000399845
0.00055314
0.000721564
0.000935663
0.00116116
0.00143496
0.0017131
0.00203781
0.00235674
0.00271581
0.0030568
0.00342714
0.00376632
0.00412075
0.00443194
0.00474251
0.00500061
0.00524159
0.00542522
0.00557339
0.00566305
0.00570206
0.00568926
0.00561842
0.00551064
0.00534419
0.00515822
0.00491837
0.00467563
0.00438707
0.00410937
0.0037957
0.00350335
0.00318573
0.00289719
0.00259393
0.00232498
0.00205086
0.00181344
0.00157764
0.00137709
0.00126958
-0.000829143
-0.00088731
-0.000999003
-0.00112521
-0.00125441
-0.0013986
-0.00154251
-0.00169995
-0.00185232
-0.0020156
-0.0021683
-0.00232846
-0.00247218
-0.00261906
-0.00274378
-0.00286616
-0.00296124
-0.00304717
-0.00310209
-0.00314048
-0.00314683
-0.00313008
-0.00308379
-0.0030116
-0.00291671
-0.00279707
-0.00266303
-0.00250664
-0.00234319
-0.00216145
-0.00198013
-0.00178581
-0.00159916
-0.00140543
-0.00122567
-0.00104471
-0.000882532
-0.000724353
-0.000587845
-0.000459373
-0.000353411
-0.000257962
-0.000183867
-0.000120971
-7.6495e-05
-4.20018e-05
-2.15401e-05
-7.95201e-06
-2.91783e-06
1.2407e-07
7.82274e-07
5.84882e-06
1.49638e-05
3.59843e-05
6.72515e-05
0.000118388
0.000185144
0.000279355
0.000393038
0.00054036
0.000708748
0.000914477
0.00113993
0.00140299
0.00168107
0.00199299
0.00231186
0.00265671
0.00299762
0.00335318
0.00369228
0.00403242
0.00434354
0.00464144
0.00489949
0.00513054
0.00531413
0.00545626
0.00554639
0.0055838
0.00557221
0.00550439
0.00539834
0.00523882
0.00505481
0.0048247
0.00458386
0.00430666
0.00403067
0.00372891
0.00343805
0.00313202
0.00284474
0.00255208
0.00228412
0.00201911
0.00178233
0.001554
0.00135362
0.00124947
-0.000818041
-0.000874385
-0.000985981
-0.0011081
-0.00123694
-0.00137604
-0.0015194
-0.00167076
-0.00182242
-0.00197884
-0.00213069
-0.00228352
-0.00242625
-0.00256576
-0.00268936
-0.00280491
-0.00289882
-0.0029792
-0.00303308
-0.00306797
-0.00307357
-0.00305603
-0.00300944
-0.00293927
-0.00284439
-0.00272943
-0.00259541
-0.00244577
-0.00228235
-0.00210889
-0.0019276
-0.00174243
-0.00155582
-0.00137142
-0.0011917
-0.00101961
-0.000857457
-0.000707115
-0.000570634
-0.000448583
-0.000342642
-0.000252005
-0.000177924
-0.000118234
-7.3767e-05
-4.10721e-05
-2.06144e-05
-7.77358e-06
-2.74041e-06
1.27247e-07
7.8532e-07
5.6947e-06
1.48079e-05
3.51009e-05
6.63619e-05
0.000115631
0.000182373
0.000273074
0.000386734
0.000528525
0.000696879
0.000894858
0.00112027
0.00137339
0.00165141
0.00195149
0.00227029
0.00260197
0.00294282
0.00328468
0.00362372
0.00395062
0.00426168
0.00454784
0.00480584
0.00502769
0.00521126
0.0053478
0.00543836
0.00547429
0.00546382
0.0053988
0.00529435
0.00514125
0.00495904
0.00473795
0.00449888
0.0042322
0.00395779
0.00366705
0.00337757
0.00308228
0.00279616
0.00251332
0.00224629
0.00198971
0.00175353
0.0015321
0.00133189
0.00123084
-0.00082249
-0.00087859
-0.000986002
-0.00110708
-0.00123683
-0.00137397
-0.0015187
-0.00166749
-0.00182082
-0.00197425
-0.00212805
-0.0022775
-0.00242248
-0.00255826
-0.00268431
-0.00279596
-0.0028923
-0.00296905
-0.00302504
-0.00305713
-0.0030643
-0.00304523
-0.00299967
-0.00292945
-0.00283528
-0.0027208
-0.00258726
-0.00243831
-0.00227543
-0.00210282
-0.00192212
-0.00173789
-0.00155184
-0.0013684
-0.00118918
-0.00101799
-0.000856215
-0.000706675
-0.000570413
-0.000449019
-0.000343127
-0.000252981
-0.00017878
-0.000119417
-7.46692e-05
-4.2158e-05
-2.12767e-05
-8.51207e-06
-2.93677e-06
-8.686e-08
1.19995e-06
6.09294e-06
1.58784e-05
3.60959e-05
6.80148e-05
0.00011709
0.000184403
0.00027474
0.000388798
0.000530018
0.000698512
0.000895689
0.00112091
0.00137301
0.00165049
0.00194935
0.00226728
0.00259759
0.00293732
0.00327777
0.00361558
0.00394112
0.00425099
0.00453594
0.00479291
0.00501382
0.00519611
0.00533245
0.0054214
0.00545929
0.00544656
0.00538551
0.00527804
0.0051303
0.00494458
0.00472943
0.00448672
0.00422589
0.00394806
0.00366273
0.0033702
0.0030798
0.002791
0.00251243
0.00224314
0.00198986
0.00175216
0.00153249
0.00133958
0.00123894
-0.000828179
-0.000884277
-0.000986947
-0.00110804
-0.00123767
-0.00137487
-0.00151923
-0.0016681
-0.00182095
-0.00197445
-0.00212771
-0.0022772
-0.00242161
-0.00255742
-0.00268288
-0.00279454
-0.00289031
-0.00296703
-0.00302258
-0.00305463
-0.0030616
-0.00304252
-0.00299718
-0.00292697
-0.00283327
-0.00271881
-0.00258575
-0.00243683
-0.00227451
-0.00210193
-0.00192183
-0.00173763
-0.00155218
-0.00136877
-0.00119006
-0.0010189
-0.000857506
-0.000707991
-0.000571953
-0.00045058
-0.000344737
-0.000254606
-0.000180278
-0.000120926
-7.58854e-05
-4.33798e-05
-2.20587e-05
-9.29629e-06
-3.15866e-06
-3.09235e-07
1.62965e-06
6.5218e-06
1.70046e-05
3.72186e-05
6.98204e-05
0.000118888
0.000186793
0.000277115
0.000391587
0.000532783
0.000701426
0.000898569
0.00112361
0.00137566
0.00165259
0.00195139
0.00226842
0.00259869
0.00293726
0.00327765
0.00361419
0.00393967
0.00424832
0.00453323
0.00478913
0.00501
0.00519134
0.00532766
0.00541616
0.00545409
0.00544172
0.00538074
0.00527412
0.00512644
0.00494185
0.00472669
0.00448517
0.00422429
0.0039476
0.00366218
0.00337072
0.00308019
0.00279233
0.0025136
0.00224501
0.0019916
0.00175412
0.00153444
0.00134978
0.00124915
-0.000833448
-0.000889543
-0.000987821
-0.00110892
-0.00123844
-0.0013757
-0.00151972
-0.00166867
-0.00182107
-0.00197463
-0.00212739
-0.00227693
-0.00242081
-0.00255664
-0.00268156
-0.00279322
-0.00288846
-0.00296516
-0.00302031
-0.00305233
-0.0030591
-0.00304
-0.00299487
-0.00292467
-0.00283141
-0.00271697
-0.00258436
-0.00243546
-0.00227366
-0.0021011
-0.00192157
-0.0017374
-0.00155249
-0.00136911
-0.00119087
-0.00101974
-0.000858701
-0.00070921
-0.000573379
-0.000452025
-0.000346228
-0.000256112
-0.000181666
-0.000122323
-7.70117e-05
-4.45112e-05
-2.27829e-05
-1.00225e-05
-3.36414e-06
-5.15167e-07
2.02758e-06
6.91895e-06
1.80475e-05
3.82584e-05
7.14926e-05
0.000120552
0.000189006
0.000279313
0.00039417
0.000535343
0.000704124
0.000901236
0.0011261
0.00137811
0.00165453
0.00195329
0.00226949
0.0025997
0.0029372
0.00327754
0.0036129
0.00393833
0.00424585
0.00453071
0.00478563
0.00500646
0.00518692
0.00532323
0.00541132
0.00544928
0.00543724
0.00537632
0.0052705
0.00512286
0.00493931
0.00472416
0.00448374
0.00422281
0.00394718
0.00366168
0.00337121
0.00308055
0.00279356
0.00251468
0.00224673
0.00199322
0.00175594
0.00153624
0.00135922
0.0012586
-0.000838327
-0.00089442
-0.000988631
-0.00110974
-0.00123916
-0.00137647
-0.00152018
-0.0016692
-0.00182119
-0.0019748
-0.00212709
-0.00227667
-0.00242007
-0.00255592
-0.00268034
-0.00279199
-0.00288676
-0.00296344
-0.0030182
-0.00305019
-0.00305679
-0.00303767
-0.00299274
-0.00292254
-0.00282968
-0.00271526
-0.00258306
-0.00243419
-0.00227287
-0.00210034
-0.00192132
-0.00173718
-0.00155277
-0.00136942
-0.00119162
-0.00102052
-0.000859807
-0.000710338
-0.0005747
-0.000453364
-0.000347609
-0.000257506
-0.000182951
-0.000123617
-7.80547e-05
-4.5559e-05
-2.34536e-05
-1.06951e-05
-3.55442e-06
-7.05874e-07
2.39608e-06
7.28673e-06
1.90133e-05
3.92212e-05
7.30411e-05
0.000122093
0.000191055
0.00028135
0.000396562
0.000537714
0.000706622
0.000903706
0.00112841
0.00138038
0.00165632
0.00195504
0.00227047
0.00260063
0.00293715
0.00327744
0.0036117
0.00393708
0.00424356
0.00452838
0.00478238
0.00500318
0.00518283
0.00531912
0.00540683
0.00544482
0.0054331
0.00537222
0.00526715
0.00511954
0.00493697
0.00472181
0.00448241
0.00422144
0.00394679
0.00366121
0.00337166
0.00308089
0.0027947
0.00251569
0.00224833
0.00199471
0.00175763
0.00153791
0.00136797
0.00126735
-0.000842845
-0.000898936
-0.000989381
-0.0011105
-0.00123983
-0.00137719
-0.0015206
-0.00166969
-0.00182129
-0.00197496
-0.00212682
-0.00227643
-0.00241938
-0.00255525
-0.0026792
-0.00279086
-0.00288517
-0.00296184
-0.00301625
-0.00304821
-0.00305465
-0.00303552
-0.00299076
-0.00292057
-0.00282808
-0.00271368
-0.00258187
-0.00243302
-0.00227214
-0.00209963
-0.00192109
-0.00173698
-0.00155304
-0.00136971
-0.00119232
-0.00102124
-0.000860832
-0.000711384
-0.000575923
-0.000454604
-0.000348887
-0.000258796
-0.000184141
-0.000124815
-7.90205e-05
-4.65293e-05
-2.40747e-05
-1.13179e-05
-3.73064e-06
-8.8248e-07
2.73734e-06
7.62732e-06
1.99078e-05
4.01129e-05
7.44751e-05
0.000123521
0.000192953
0.000283235
0.000398777
0.00053991
0.000708936
0.000905993
0.00113055
0.00138249
0.00165799
0.00195666
0.00227138
0.0026015
0.0029371
0.00327734
0.0036106
0.00393593
0.00424144
0.00452622
0.00477938
0.00500015
0.00517904
0.00531532
0.00540267
0.00544069
0.00542925
0.00536843
0.00526404
0.00511647
0.0049348
0.00471964
0.00448118
0.00422017
0.00394642
0.00366077
0.00337207
0.0030812
0.00279576
0.00251661
0.00224981
0.0019961
0.00175919
0.00153945
0.00137607
0.00127546
)
;

boundaryField
{
    inlet
    {
        type            cyclic;
    }
    outlet
    {
        type            cyclic;
    }
    top
    {
        type            zeroGradient;
    }
    hills
    {
        type            zeroGradient;
    }
    front
    {
        type            empty;
    }
    back
    {
        type            empty;
    }
}


// ************************************************************************* //
