/*--------------------------------*- C++ -*----------------------------------*\
| =========                 |                                                 |
| \\      /  F ield         | OpenFOAM: The Open Source CFD Toolbox           |
|  \\    /   O peration     | Version:  v2106                                 |
|   \\  /    A nd           | Website:  www.openfoam.com                      |
|    \\/     M anipulation  |                                                 |
\*---------------------------------------------------------------------------*/
FoamFile
{
    version     2.0;
    format      ascii;
    arch        "LSB;label=32;scalar=64";
    class       volScalarField;
    location    "0";
    object      expGpCoeffs44;
}
// * * * * * * * * * * * * * * * * * * * * * * * * * * * * * * * * * * * * * //

dimensions      [0 0 0 0 0 0 0];

internalField   nonuniform List<scalar> 
8000
(
0.0020791
0.00204634
0.00195661
0.00179256
0.0015591
0.00128419
0.00102535
0.000782447
0.000585955
0.00043077
0.000311312
0.00022683
0.000163847
0.000121526
9.05717e-05
7.00939e-05
5.49942e-05
4.49204e-05
3.72875e-05
3.20552e-05
2.80397e-05
2.52673e-05
2.3122e-05
2.16277e-05
2.04056e-05
1.94566e-05
1.86605e-05
1.80178e-05
1.75443e-05
1.72425e-05
1.71413e-05
1.72432e-05
1.75815e-05
1.81596e-05
1.90229e-05
2.01756e-05
2.16791e-05
2.35391e-05
2.58311e-05
2.85614e-05
3.18099e-05
3.55823e-05
3.99419e-05
4.48918e-05
5.04465e-05
5.66029e-05
6.32878e-05
7.04889e-05
7.80088e-05
8.58235e-05
9.35969e-05
0.000101292
0.000108456
0.000115046
0.000120561
0.000124959
0.000127806
0.000129071
0.000128508
0.000126109
0.000121912
0.000115934
0.000108516
9.9702e-05
9.00655e-05
7.96646e-05
6.91661e-05
5.86295e-05
4.86493e-05
3.92715e-05
3.08884e-05
2.35247e-05
1.73142e-05
1.22588e-05
8.25604e-06
5.28955e-06
3.12418e-06
1.70523e-06
7.71776e-07
3.16712e-07
-2.56936e-07
-9.60425e-07
-4.46381e-06
-1.08819e-05
-2.83129e-05
-5.76113e-05
-0.000114367
-0.000200897
-0.000338217
-0.000527887
-0.000786016
-0.00111265
-0.00149133
-0.00192718
-0.00234971
-0.00275199
-0.00306196
-0.00324361
-0.00332536
-0.00334055
0.00208174
0.00204898
0.00196454
0.0018006
0.00156034
0.00128539
0.0010221
0.000778981
0.000582685
0.000427336
0.000309208
0.000224639
0.000162713
0.000120351
9.00186e-05
6.95228e-05
5.47392e-05
4.46591e-05
3.7163e-05
3.19291e-05
2.79689e-05
2.51964e-05
2.30902e-05
2.15961e-05
2.03933e-05
1.94444e-05
1.8648e-05
1.80054e-05
1.75293e-05
1.72275e-05
1.71238e-05
1.72256e-05
1.75607e-05
1.81387e-05
1.89974e-05
2.015e-05
2.16477e-05
2.35074e-05
2.57926e-05
2.85226e-05
3.17647e-05
3.55367e-05
3.98927e-05
4.48419e-05
5.03991e-05
5.65548e-05
6.32518e-05
7.04519e-05
7.79963e-05
8.581e-05
9.362e-05
0.000101314
0.000108523
0.000115112
0.000120672
0.000125069
0.000127949
0.000129213
0.000128661
0.000126262
0.000122047
0.00011607
0.000108609
9.97956e-05
9.00997e-05
7.97002e-05
6.91415e-05
5.86062e-05
4.85792e-05
3.92026e-05
3.0795e-05
2.34322e-05
1.72206e-05
1.21659e-05
8.1806e-06
5.21448e-06
3.07442e-06
1.65572e-06
7.43346e-07
2.88529e-07
-2.08647e-07
-9.12777e-07
-4.05047e-06
-1.04772e-05
-2.6881e-05
-5.62192e-05
-0.000111198
-0.000197832
-0.000333132
-0.000523002
-0.000780235
-0.00110717
-0.0014887
-0.00192482
-0.00235565
-0.00275787
-0.00307428
-0.00325576
-0.00332658
-0.00334178
0.00208459
0.00205184
0.00197309
0.00180928
0.00156168
0.00128669
0.00101859
0.000775237
0.000579155
0.000423627
0.000306937
0.000222274
0.000161489
0.000119082
8.94214e-05
6.89061e-05
5.44638e-05
4.4377e-05
3.70286e-05
3.17929e-05
2.78926e-05
2.51197e-05
2.30558e-05
2.15618e-05
2.038e-05
1.94313e-05
1.86344e-05
1.79919e-05
1.75131e-05
1.72114e-05
1.71048e-05
1.72066e-05
1.75382e-05
1.81161e-05
1.897e-05
2.01224e-05
2.16137e-05
2.34732e-05
2.57511e-05
2.84807e-05
3.17159e-05
3.54873e-05
3.98395e-05
4.4788e-05
5.03479e-05
5.65027e-05
6.32129e-05
7.0412e-05
7.79828e-05
8.57954e-05
9.3645e-05
0.000101338
0.000108596
0.000115183
0.000120791
0.000125188
0.000128103
0.000129367
0.000128826
0.000126428
0.000122193
0.000116217
0.000108709
9.98967e-05
9.01367e-05
7.97386e-05
6.91149e-05
5.85811e-05
4.85035e-05
3.91282e-05
3.06941e-05
2.33323e-05
1.71196e-05
1.20655e-05
8.09913e-06
5.13342e-06
3.02068e-06
1.60225e-06
7.12646e-07
2.58096e-07
-1.56504e-07
-8.61323e-07
-3.60412e-06
-1.00402e-05
-2.53347e-05
-5.47159e-05
-0.000107775
-0.000194523
-0.000327641
-0.000517728
-0.000773992
-0.00110125
-0.00148585
-0.00192226
-0.00236206
-0.00276422
-0.00308757
-0.00326887
-0.00332791
-0.0033431
0.00208767
0.00205492
0.00198233
0.00181864
0.00156313
0.00128808
0.0010148
0.000771195
0.000575342
0.000419622
0.000304484
0.000219719
0.000160167
0.000117711
8.87764e-05
6.82402e-05
5.41665e-05
4.40723e-05
3.68835e-05
3.16458e-05
2.78101e-05
2.5037e-05
2.30187e-05
2.15249e-05
2.03657e-05
1.94171e-05
1.86198e-05
1.79774e-05
1.74955e-05
1.71939e-05
1.70844e-05
1.71862e-05
1.75139e-05
1.80917e-05
1.89404e-05
2.00926e-05
2.15771e-05
2.34363e-05
2.57062e-05
2.84354e-05
3.16633e-05
3.54341e-05
3.97821e-05
4.47299e-05
5.02927e-05
5.64466e-05
6.31709e-05
7.03689e-05
7.79682e-05
8.57796e-05
9.3672e-05
0.000101364
0.000108674
0.000115261
0.00012092
0.000125316
0.000128269
0.000129533
0.000129004
0.000126606
0.000122351
0.000116376
0.000108817
0.000100006
9.01767e-05
7.97801e-05
6.90861e-05
5.85539e-05
4.84217e-05
3.90478e-05
3.05852e-05
2.32245e-05
1.70104e-05
1.19571e-05
8.01115e-06
5.04589e-06
2.96266e-06
1.54451e-06
6.79494e-07
2.25233e-07
-1.00197e-07
-8.05762e-07
-3.12214e-06
-9.56828e-06
-2.36651e-05
-5.30926e-05
-0.000104079
-0.000190949
-0.000321712
-0.000512033
-0.000767251
-0.00109487
-0.00148278
-0.0019195
-0.00236898
-0.00277107
-0.00310192
-0.00328303
-0.00332934
-0.00334453
0.00209099
0.00205825
0.00199231
0.00182984
0.00156469
0.0012896
0.0010107
0.00076683
0.000571226
0.000415298
0.000301835
0.00021696
0.00015874
0.000116231
8.808e-05
6.75212e-05
5.38454e-05
4.37433e-05
3.67267e-05
3.1487e-05
2.7721e-05
2.49476e-05
2.29786e-05
2.1485e-05
2.03502e-05
1.94018e-05
1.8604e-05
1.79617e-05
1.74766e-05
1.7175e-05
1.70623e-05
1.71641e-05
1.74877e-05
1.80654e-05
1.89084e-05
2.00604e-05
2.15375e-05
2.33964e-05
2.56578e-05
2.83865e-05
3.16064e-05
3.53766e-05
3.97201e-05
4.46671e-05
5.0233e-05
5.63859e-05
6.31255e-05
7.03224e-05
7.79524e-05
8.57626e-05
9.37011e-05
0.000101392
0.000108758
0.000115344
0.000121059
0.000125455
0.000128449
0.000129713
0.000129197
0.000126799
0.000122522
0.000116547
0.000108933
0.000100124
9.02198e-05
7.98249e-05
6.90551e-05
5.85246e-05
4.83334e-05
3.89611e-05
3.04675e-05
2.3108e-05
1.68926e-05
1.18401e-05
7.91616e-06
4.95137e-06
2.9e-06
1.48216e-06
6.43696e-07
1.89746e-07
-3.93948e-08
-7.45765e-07
-2.60168e-06
-9.0587e-06
-2.1862e-05
-5.13397e-05
-0.000100088
-0.00018709
-0.00031531
-0.000505883
-0.000759972
-0.00108797
-0.00147946
-0.00191653
-0.00237646
-0.00277848
-0.00311833
-0.00329832
-0.00333089
-0.00334607
0.0021006
0.00206791
0.00201166
0.00184856
0.0015728
0.00130057
0.00100854
0.000766294
0.000567024
0.000411273
0.000299331
0.000214566
0.000157486
0.000115035
8.73735e-05
6.67837e-05
5.34987e-05
4.33881e-05
3.65575e-05
3.13155e-05
2.76248e-05
2.48511e-05
2.29353e-05
2.14419e-05
2.0337e-05
1.93803e-05
1.85821e-05
1.79334e-05
1.74451e-05
1.71386e-05
1.70228e-05
1.71205e-05
1.74402e-05
1.8014e-05
1.88515e-05
1.99994e-05
2.14692e-05
2.33236e-05
2.55767e-05
2.83006e-05
3.15127e-05
3.52784e-05
3.96175e-05
4.45614e-05
5.01303e-05
5.62828e-05
6.30371e-05
7.02375e-05
7.78971e-05
8.57157e-05
9.36987e-05
0.000101402
0.000108823
0.000115425
0.000121194
0.000125606
0.00012864
0.000129918
0.000129414
0.000127025
0.000122726
0.000116753
0.000109086
0.00010027
9.02943e-05
7.98886e-05
6.90456e-05
5.85033e-05
4.82553e-05
3.88735e-05
3.03503e-05
2.29861e-05
1.67695e-05
1.17173e-05
7.81468e-06
4.85347e-06
2.83235e-06
1.41484e-06
6.0504e-07
1.51426e-07
2.6262e-08
-6.80977e-07
-2.03966e-06
-8.50844e-06
-1.99972e-05
-4.95594e-05
-9.68199e-05
-0.000183691
-0.000309844
-0.000500088
-0.00075346
-0.00108098
-0.00148258
-0.00191642
-0.00239529
-0.00279227
-0.00314159
-0.00332002
-0.00333986
-0.00335469
0.00212383
0.00209059
0.00203446
0.00186878
0.0015934
0.00131648
0.00102479
0.000777282
0.000578248
0.000417964
0.000306161
0.000218202
0.000161195
0.000116844
8.92166e-05
6.76494e-05
5.43276e-05
4.37325e-05
3.69349e-05
3.14714e-05
2.78096e-05
2.49231e-05
2.30337e-05
2.14528e-05
2.03551e-05
1.93112e-05
1.85132e-05
1.77971e-05
1.73089e-05
1.69515e-05
1.68357e-05
1.68917e-05
1.72113e-05
1.77461e-05
1.85833e-05
1.96903e-05
2.11599e-05
2.297e-05
2.52228e-05
2.79014e-05
3.11128e-05
3.48387e-05
3.9177e-05
4.40974e-05
4.96652e-05
5.58237e-05
6.25767e-05
6.98256e-05
7.74836e-05
8.54005e-05
9.3382e-05
0.000101231
0.00010865
0.000115429
0.000121197
0.000125788
0.000128822
0.000130246
0.000129743
0.000127436
0.000123138
0.000117165
0.000109499
0.000100607
9.06324e-05
8.00988e-05
6.92579e-05
5.8576e-05
4.83299e-05
3.88359e-05
3.03143e-05
2.289e-05
1.66746e-05
1.16172e-05
7.71531e-06
4.78634e-06
2.7649e-06
1.38398e-06
5.76532e-07
1.13708e-07
9.18776e-09
-9.77905e-07
-2.27047e-06
-9.94832e-06
-2.14958e-05
-5.40535e-05
-0.000101223
-0.000193388
-0.000319343
-0.000516464
-0.000769496
-0.0011034
-0.00150453
-0.00194194
-0.00242028
-0.00281787
-0.00316671
-0.0033446
-0.00336431
-0.00337883
0.00214892
0.00211508
0.00205909
0.00189062
0.00161565
0.00133366
0.00104234
0.000789147
0.000590369
0.000425188
0.000313535
0.000222129
0.000165199
0.000118798
9.12067e-05
6.85843e-05
5.52788e-05
4.41972e-05
3.74067e-05
3.1722e-05
2.80631e-05
2.50487e-05
2.31602e-05
2.14721e-05
2.03746e-05
1.92366e-05
1.84388e-05
1.76499e-05
1.71618e-05
1.67495e-05
1.66337e-05
1.66446e-05
1.69641e-05
1.74567e-05
1.82938e-05
1.93566e-05
2.08259e-05
2.25883e-05
2.48405e-05
2.74702e-05
3.06811e-05
3.4364e-05
3.87014e-05
4.35963e-05
4.9163e-05
5.53279e-05
6.20796e-05
6.93807e-05
7.70372e-05
8.50602e-05
9.30401e-05
0.000101046
0.000108464
0.000115433
0.0001212
0.000125985
0.000129018
0.0001306
0.000130097
0.000127879
0.000123582
0.000117609
0.000109945
0.00010097
9.09976e-05
8.03258e-05
6.94871e-05
5.86545e-05
4.84105e-05
3.87954e-05
3.02755e-05
2.27862e-05
1.6572e-05
1.15091e-05
7.608e-06
4.71384e-06
2.69282e-06
1.35653e-06
5.49342e-07
7.36633e-08
-3.04244e-08
-1.3407e-06
-2.62738e-06
-1.15984e-05
-2.3114e-05
-5.89064e-05
-0.000105978
-0.000203859
-0.0003296
-0.000534148
-0.000786812
-0.0011276
-0.00152822
-0.0019695
-0.00244726
-0.00284551
-0.00319383
-0.00337115
-0.00339072
-0.00340489
0.002176
0.00214152
0.00208569
0.0019142
0.00163968
0.00135221
0.0010613
0.00080196
0.000603457
0.00043299
0.000321499
0.000226369
0.000169523
0.000120907
9.33558e-05
6.95938e-05
5.63059e-05
4.46991e-05
3.79162e-05
3.19925e-05
2.83369e-05
2.51844e-05
2.32968e-05
2.14929e-05
2.03957e-05
1.91561e-05
1.83584e-05
1.74909e-05
1.7003e-05
1.65313e-05
1.64155e-05
1.63778e-05
1.66972e-05
1.71442e-05
1.79812e-05
1.89963e-05
2.04653e-05
2.2176e-05
2.44278e-05
2.70047e-05
3.02148e-05
3.38513e-05
3.81878e-05
4.30552e-05
4.86207e-05
5.47926e-05
6.15428e-05
6.89003e-05
7.65551e-05
8.46927e-05
9.26708e-05
0.000100847
0.000108263
0.000115438
0.000121203
0.000126197
0.000129229
0.000130983
0.00013048
0.000128357
0.000124061
0.000118089
0.000110427
0.000101362
9.13919e-05
8.05709e-05
6.97346e-05
5.87392e-05
4.84975e-05
3.87516e-05
3.02335e-05
2.26742e-05
1.64613e-05
1.13924e-05
7.49213e-06
4.63556e-06
2.61499e-06
1.32688e-06
5.19981e-07
3.04218e-08
-7.31991e-08
-1.73246e-06
-3.01278e-06
-1.33803e-05
-2.48615e-05
-6.41467e-05
-0.000111112
-0.000215167
-0.000340676
-0.000553244
-0.00080551
-0.00115374
-0.00155381
-0.00199926
-0.0024764
-0.00287535
-0.00322312
-0.00339982
-0.00341923
-0.00343304
0.00220525
0.00217008
0.00211441
0.00193966
0.00166562
0.00137224
0.00108176
0.000815795
0.00061759
0.000441414
0.000330098
0.000230947
0.000174192
0.000123185
9.56764e-05
7.06838e-05
5.7415e-05
4.5241e-05
3.84665e-05
3.22847e-05
2.86325e-05
2.53309e-05
2.34444e-05
2.15154e-05
2.04185e-05
1.90691e-05
1.82716e-05
1.73193e-05
1.68315e-05
1.62956e-05
1.61799e-05
1.60897e-05
1.6409e-05
1.68068e-05
1.76435e-05
1.86072e-05
2.00758e-05
2.17309e-05
2.39821e-05
2.6502e-05
2.97114e-05
3.32978e-05
3.76332e-05
4.24709e-05
4.80351e-05
5.42145e-05
6.09631e-05
6.83815e-05
7.60346e-05
8.42958e-05
9.22721e-05
0.000100631
0.000108045
0.000115442
0.000121207
0.000126426
0.000129458
0.000131396
0.000130893
0.000128874
0.000124579
0.000118608
0.000110947
0.000101785
9.18178e-05
8.08356e-05
7.00018e-05
5.88308e-05
4.85915e-05
3.87043e-05
3.01882e-05
2.25532e-05
1.63418e-05
1.12663e-05
7.36701e-06
4.55103e-06
2.53093e-06
1.29486e-06
4.88276e-07
-1.62721e-08
-1.19389e-07
-2.1555e-06
-3.42896e-06
-1.53044e-05
-2.67485e-05
-6.98055e-05
-0.000116657
-0.000227377
-0.000352637
-0.000573865
-0.000825701
-0.00118196
-0.00158145
-0.00203139
-0.00250787
-0.00290758
-0.00325475
-0.00343078
-0.00345002
-0.00346343
0.00223684
0.00220092
0.00214542
0.00196715
0.00169364
0.00139387
0.00110386
0.000830735
0.000632851
0.000450511
0.000339384
0.000235892
0.000179234
0.000125645
9.81823e-05
7.1861e-05
5.86127e-05
4.58262e-05
3.90606e-05
3.26001e-05
2.89517e-05
2.54891e-05
2.36037e-05
2.15397e-05
2.0443e-05
1.89752e-05
1.81779e-05
1.7134e-05
1.66463e-05
1.60412e-05
1.59255e-05
1.57785e-05
1.60978e-05
1.64425e-05
1.7279e-05
1.8187e-05
1.96553e-05
2.12502e-05
2.35009e-05
2.59592e-05
2.91677e-05
3.27e-05
3.70343e-05
4.18399e-05
4.74027e-05
5.35903e-05
6.03372e-05
6.78213e-05
7.54724e-05
8.38673e-05
9.18415e-05
0.000100398
0.00010781
0.000115448
0.000121211
0.000126674
0.000129705
0.000131842
0.000131339
0.000129432
0.000125138
0.000119167
0.000111509
0.000102243
9.22776e-05
8.11214e-05
7.02904e-05
5.89296e-05
4.8693e-05
3.86532e-05
3.01393e-05
2.24225e-05
1.62127e-05
1.11302e-05
7.2319e-06
4.45974e-06
2.44017e-06
1.26028e-06
4.5404e-07
-6.66942e-08
-1.69267e-07
-2.61231e-06
-3.87836e-06
-1.73821e-05
-2.87861e-05
-7.5916e-05
-0.000122644
-0.000240562
-0.000365553
-0.000596131
-0.000847504
-0.00121244
-0.00161128
-0.00206609
-0.00254185
-0.00294238
-0.0032889
-0.00346421
-0.00348327
-0.00349625
0.00227094
0.00223421
0.00217891
0.00199684
0.00172389
0.00141722
0.00112772
0.000846868
0.000649331
0.000460334
0.000349411
0.000241231
0.000184679
0.000128301
0.000100888
7.31321e-05
5.9906e-05
4.64581e-05
3.97022e-05
3.29408e-05
2.92965e-05
2.56599e-05
2.37757e-05
2.15659e-05
2.04696e-05
1.88738e-05
1.80767e-05
1.69339e-05
1.64463e-05
1.57665e-05
1.56508e-05
1.54425e-05
1.57617e-05
1.6049e-05
1.68853e-05
1.77332e-05
1.92011e-05
2.07311e-05
2.29812e-05
2.5373e-05
2.85806e-05
3.20545e-05
3.63876e-05
4.11585e-05
4.67198e-05
5.29162e-05
5.96612e-05
6.72164e-05
7.48654e-05
8.34045e-05
9.13765e-05
0.000100147
0.000107557
0.000115454
0.000121215
0.000126941
0.000129971
0.000132324
0.000131821
0.000130035
0.000125742
0.000119772
0.000112115
0.000102736
9.27741e-05
8.143e-05
7.0602e-05
5.90364e-05
4.88025e-05
3.8598e-05
3.00865e-05
2.22814e-05
1.60734e-05
1.09832e-05
7.086e-06
4.36117e-06
2.34216e-06
1.22295e-06
4.1707e-07
-1.21142e-07
-2.23127e-07
-3.1056e-06
-4.36365e-06
-1.96257e-05
-3.09864e-05
-8.25144e-05
-0.000129109
-0.0002548
-0.000379499
-0.000620176
-0.000871049
-0.00124535
-0.0016435
-0.00210356
-0.00257854
-0.00297996
-0.00332578
-0.00350031
-0.00351917
-0.00353169
0.00232248
0.00228513
0.00222751
0.00204239
0.00177197
0.00145759
0.00116486
0.000876771
0.000673132
0.000479078
0.00036394
0.000252188
0.000192562
0.000134058
0.00010463
7.58397e-05
6.15959e-05
4.77001e-05
4.05156e-05
3.35501e-05
2.9729e-05
2.59579e-05
2.3985e-05
2.16538e-05
2.04691e-05
1.87848e-05
1.79006e-05
1.66893e-05
1.61368e-05
1.54053e-05
1.52392e-05
1.49885e-05
1.52645e-05
1.5512e-05
1.63065e-05
1.71127e-05
1.85369e-05
2.00218e-05
2.22263e-05
2.45717e-05
2.77358e-05
3.11688e-05
3.54681e-05
4.02145e-05
4.57626e-05
5.19645e-05
5.8729e-05
6.63326e-05
7.4043e-05
8.26811e-05
9.07593e-05
9.96766e-05
0.000107231
0.000115306
0.000121232
0.00012714
0.000130326
0.000132828
0.000132447
0.000130744
0.000126514
0.000120545
0.000112883
0.000103427
9.33995e-05
8.19264e-05
7.09989e-05
5.92924e-05
4.89567e-05
3.86391e-05
3.00519e-05
2.21864e-05
1.59434e-05
1.08486e-05
6.95287e-06
4.26115e-06
2.25349e-06
1.18489e-06
3.78624e-07
-1.75339e-07
-4.38321e-07
-3.66809e-06
-5.82813e-06
-2.23799e-05
-3.66397e-05
-9.13596e-05
-0.000143724
-0.000275313
-0.000406902
-0.000655324
-0.000911989
-0.00129349
-0.00169561
-0.00216241
-0.00263196
-0.00303846
-0.00337381
-0.00354976
-0.00357521
-0.0035877
0.0023943
0.00235705
0.00228069
0.0020963
0.00183064
0.00151773
0.00121921
0.000932623
0.000711715
0.000518664
0.00038695
0.000275746
0.00020475
0.000146516
0.000110605
8.19366e-05
6.44571e-05
5.06113e-05
4.19623e-05
3.50161e-05
3.05029e-05
2.67382e-05
2.42947e-05
2.19646e-05
2.04123e-05
1.87286e-05
1.75808e-05
1.63699e-05
1.56215e-05
1.48902e-05
1.4572e-05
1.43214e-05
1.44674e-05
1.47147e-05
1.53837e-05
1.61897e-05
1.7483e-05
1.89674e-05
2.10357e-05
2.33804e-05
2.64148e-05
2.98468e-05
3.40466e-05
3.87915e-05
4.43032e-05
5.05031e-05
5.73301e-05
6.49313e-05
7.28312e-05
8.14666e-05
8.98697e-05
9.87841e-05
0.000106777
0.00011485
0.000121272
0.000127178
0.000130841
0.000133342
0.000133326
0.000131624
0.00012758
0.000121613
0.00011393
0.000104476
9.42477e-05
8.27783e-05
7.15443e-05
5.98416e-05
4.91927e-05
3.88784e-05
3.00579e-05
2.21949e-05
1.58429e-05
1.07497e-05
6.85642e-06
4.16556e-06
2.22006e-06
1.15185e-06
3.43076e-07
-2.10498e-07
-1.19618e-06
-4.41594e-06
-1.00496e-05
-2.65275e-05
-5.05334e-05
-0.000104969
-0.00017598
-0.000306854
-0.000464365
-0.00071143
-0.000993093
-0.00137252
-0.00178458
-0.00224899
-0.00270471
-0.00310944
-0.00342854
-0.00360375
-0.00365526
-0.00366766
0.00247289
0.00243573
0.00235585
0.00217212
0.00189543
0.00158409
0.0012779
0.000992934
0.000753378
0.000561411
0.000411796
0.000301184
0.00021791
0.000159968
0.000117057
8.85202e-05
6.75467e-05
5.3755e-05
4.35244e-05
3.65992e-05
3.13385e-05
2.75809e-05
2.46292e-05
2.23004e-05
2.0351e-05
1.86678e-05
1.72355e-05
1.6025e-05
1.50651e-05
1.4334e-05
1.38516e-05
1.3601e-05
1.36066e-05
1.38539e-05
1.43873e-05
1.51929e-05
1.63449e-05
1.78288e-05
1.97501e-05
2.2094e-05
2.49885e-05
2.84192e-05
3.25116e-05
3.72548e-05
4.27273e-05
4.8925e-05
5.58196e-05
6.34181e-05
7.15227e-05
8.01551e-05
8.8909e-05
9.78204e-05
0.000106287
0.000114357
0.000121316
0.00012722
0.000131396
0.000133896
0.000134275
0.000132574
0.000128731
0.000122766
0.00011506
0.00010561
9.51636e-05
8.36983e-05
7.21332e-05
6.04346e-05
4.94475e-05
3.91368e-05
3.00643e-05
2.22041e-05
1.57344e-05
1.0643e-05
6.75226e-06
4.06235e-06
2.18396e-06
1.11617e-06
3.0469e-07
-2.48464e-07
-2.01454e-06
-5.22349e-06
-1.4608e-05
-3.10063e-05
-6.55364e-05
-0.000119665
-0.000210811
-0.000340914
-0.000526416
-0.000772016
-0.00108067
-0.00145787
-0.00188065
-0.00234249
-0.00278876
-0.0031917
-0.00351173
-0.00368631
-0.00374206
-0.00375435
0.00257428
0.00253724
0.00246929
0.0022871
0.00197373
0.00166439
0.00132183
0.001038
0.000778494
0.000587055
0.000424526
0.00031415
0.000223776
0.000165933
0.000119825
9.13271e-05
6.89959e-05
5.5222e-05
4.4376e-05
3.74601e-05
3.18513e-05
2.80978e-05
2.48247e-05
2.24969e-05
2.01796e-05
1.8497e-05
1.67544e-05
1.55444e-05
1.43555e-05
1.36247e-05
1.29645e-05
1.2714e-05
1.25602e-05
1.28074e-05
1.31745e-05
1.39799e-05
1.49449e-05
1.64282e-05
1.8143e-05
2.0486e-05
2.31746e-05
2.66041e-05
3.05332e-05
3.52746e-05
4.06877e-05
4.68832e-05
5.38919e-05
6.14875e-05
6.99376e-05
7.85667e-05
8.79158e-05
9.68238e-05
0.00010609
0.000114158
0.000122006
0.000127908
0.000132888
0.000135387
0.000136303
0.000134602
0.000130894
0.000124932
0.000116932
0.000107485
9.64114e-05
8.49503e-05
7.26173e-05
6.0923e-05
4.92503e-05
3.89435e-05
2.94401e-05
2.15828e-05
1.50011e-05
9.91159e-06
6.17391e-06
3.485e-06
1.90743e-06
8.40429e-07
2.91327e-07
-2.61617e-07
-1.87031e-06
-5.08359e-06
-1.51591e-05
-3.15634e-05
-7.00323e-05
-0.00012411
-0.000226766
-0.000356582
-0.000564459
-0.000809281
-0.00114795
-0.00152358
-0.00197711
-0.00243639
-0.00291287
-0.00331265
-0.00364687
-0.00381965
-0.00384132
-0.0038535
0.00268371
0.00264673
0.00258789
0.00240079
0.00205857
0.00174926
0.00136912
0.00108647
0.000803797
0.0006129
0.000437199
0.00032706
0.000229589
0.000171841
0.000122392
9.39319e-05
7.02567e-05
5.6501e-05
4.5122e-05
3.82161e-05
3.23139e-05
2.8565e-05
2.50048e-05
2.26782e-05
1.99888e-05
1.8307e-05
1.62291e-05
1.50195e-05
1.35834e-05
1.28529e-05
1.20006e-05
1.17503e-05
1.1424e-05
1.16711e-05
1.18576e-05
1.26627e-05
1.34239e-05
1.49066e-05
1.63957e-05
1.87378e-05
2.12012e-05
2.46293e-05
2.83796e-05
3.31192e-05
3.84672e-05
4.46602e-05
5.17944e-05
5.93869e-05
6.82166e-05
7.68422e-05
8.68456e-05
9.575e-05
0.000105897
0.000113961
0.000122785
0.000128684
0.000134547
0.000137045
0.000138546
0.000136846
0.00013328
0.00012732
0.000118988
0.000109545
9.77726e-05
8.63162e-05
7.31318e-05
6.14423e-05
4.90121e-05
3.87094e-05
2.87321e-05
2.08781e-05
1.41761e-05
9.0887e-06
5.52434e-06
2.83653e-06
1.56444e-06
4.98311e-07
2.83409e-07
-2.6931e-07
-1.50422e-06
-4.72235e-06
-1.50606e-05
-3.14737e-05
-7.37276e-05
-0.000127762
-0.000242659
-0.000372195
-0.00060336
-0.00084738
-0.00121814
-0.00159213
-0.00208121
-0.00253775
-0.00304174
-0.00344246
-0.00377671
-0.00395325
-0.00394824
-0.00396035
0.00279843
0.00275887
0.00270067
0.00250192
0.00216183
0.00183101
0.00145074
0.00114518
0.000860566
0.000649451
0.000473068
0.000347627
0.000249779
0.000182245
0.00013244
9.86632e-05
7.48233e-05
5.85329e-05
4.7097e-05
3.90417e-05
3.30932e-05
2.87418e-05
2.512e-05
2.23607e-05
1.95925e-05
1.75874e-05
1.54843e-05
1.40951e-05
1.26403e-05
1.18144e-05
1.09476e-05
1.06241e-05
1.02845e-05
1.04351e-05
1.06076e-05
1.12623e-05
1.20073e-05
1.32663e-05
1.47373e-05
1.67737e-05
1.92187e-05
2.22686e-05
2.60035e-05
3.03294e-05
3.56703e-05
4.14838e-05
4.86248e-05
5.59664e-05
6.48219e-05
7.34196e-05
8.34698e-05
9.2628e-05
0.000102839
0.00011143
0.000120326
0.000126933
0.000132862
0.00013609
0.000137636
0.000136515
0.000132962
0.000127304
0.00011895
0.000109508
9.76862e-05
8.60183e-05
7.2773e-05
6.08219e-05
4.83378e-05
3.78877e-05
2.78777e-05
2.00797e-05
1.33711e-05
8.5142e-06
4.96475e-06
2.54593e-06
1.2887e-06
2.95079e-07
1.43603e-07
-1.03381e-06
-2.17428e-06
-8.28776e-06
-1.8599e-05
-4.31923e-05
-8.59962e-05
-0.000156457
-0.00027271
-0.000426642
-0.000659127
-0.000930028
-0.00130242
-0.00169697
-0.00218699
-0.00265197
-0.00315338
-0.00355162
-0.00388359
-0.00405672
-0.00405113
-0.00406248
0.00292231
0.00287996
0.00282246
0.00261112
0.00227333
0.00191929
0.00154131
0.00120861
0.000925612
0.000689815
0.000514377
0.00037042
0.000273067
0.000193778
0.000144206
0.000104004
8.02623e-05
6.08539e-05
4.94532e-05
3.99356e-05
3.39975e-05
2.88481e-05
2.52283e-05
2.19154e-05
1.91485e-05
1.67674e-05
1.46653e-05
1.30669e-05
1.16128e-05
1.06759e-05
9.80951e-06
9.40085e-06
9.06144e-06
9.09974e-06
9.27213e-06
9.75195e-06
1.04966e-05
1.14953e-05
1.29657e-05
1.46465e-05
1.70903e-05
1.97003e-05
2.34335e-05
2.72782e-05
3.26165e-05
3.79888e-05
4.51264e-05
5.21763e-05
6.10276e-05
6.95929e-05
7.96384e-05
8.90924e-05
9.92986e-05
0.000108503
0.000117395
0.000124825
0.000130751
0.000134829
0.000136374
0.000135927
0.000132376
0.000127069
0.000118719
0.000109279
9.74625e-05
8.55479e-05
7.23089e-05
6.00529e-05
4.75747e-05
3.69528e-05
2.69475e-05
1.92144e-05
1.2509e-05
7.92013e-06
4.37237e-06
2.26645e-06
1.00983e-06
1.09381e-07
-4.12707e-08
-2.02868e-06
-3.15845e-06
-1.28938e-05
-2.3132e-05
-5.77196e-05
-0.000100246
-0.000190561
-0.000306107
-0.000489444
-0.000720559
-0.00102409
-0.0013943
-0.00181409
-0.00230118
-0.00277569
-0.00327393
-0.00366949
-0.003999
-0.00416844
-0.00416222
-0.00417275
0.00305609
0.00301072
0.00295397
0.00272903
0.00239373
0.00201461
0.00163912
0.00127711
0.00099585
0.000733402
0.000558983
0.000395034
0.000298215
0.000206231
0.000156912
0.000109772
8.61354e-05
6.33601e-05
5.19976e-05
4.09008e-05
3.49739e-05
2.89629e-05
2.53453e-05
2.14346e-05
1.86691e-05
1.58818e-05
1.37808e-05
1.19566e-05
1.05033e-05
9.44647e-06
8.58053e-06
8.07994e-06
7.7407e-06
7.65775e-06
7.83005e-06
8.12101e-06
8.8653e-06
9.58298e-06
1.10526e-05
1.23495e-05
1.4792e-05
1.69269e-05
2.06582e-05
2.39834e-05
2.9319e-05
3.42147e-05
4.13488e-05
4.80836e-05
5.69303e-05
6.54606e-05
7.5501e-05
8.52746e-05
9.54755e-05
0.000105342
0.00011423
0.000122549
0.000128471
0.000133467
0.000135011
0.000135292
0.000131742
0.000126816
0.00011847
0.000109032
9.7221e-05
8.504e-05
7.18078e-05
5.92225e-05
4.67507e-05
3.59432e-05
2.59431e-05
1.828e-05
1.15781e-05
7.27863e-06
3.73268e-06
1.96466e-06
7.08701e-07
-9.11431e-08
-2.40905e-07
-3.10298e-06
-4.2212e-06
-1.78676e-05
-2.80269e-05
-7.34067e-05
-0.000115634
-0.000227387
-0.00034217
-0.000557259
-0.000786895
-0.00112567
-0.00149351
-0.00194057
-0.00242448
-0.0029093
-0.00340411
-0.00379677
-0.00412362
-0.00428908
-0.00428219
-0.00429183
0.00319499
0.00314881
0.0030572
0.00283522
0.00251096
0.00212766
0.00174934
0.00137755
0.00107838
0.000806071
0.000612346
0.000440889
0.000328539
0.000231759
0.000172136
0.000122307
9.29773e-05
6.88324e-05
5.4736e-05
4.29444e-05
3.57464e-05
2.93234e-05
2.50323e-05
2.08478e-05
1.77064e-05
1.47617e-05
1.25164e-05
1.06047e-05
9.12781e-06
8.02461e-06
7.17941e-06
6.64312e-06
6.30664e-06
6.17641e-06
6.29157e-06
6.50874e-06
7.1058e-06
7.71357e-06
8.92027e-06
1.0067e-05
1.21123e-05
1.40611e-05
1.72613e-05
2.03826e-05
2.5087e-05
2.97952e-05
3.62734e-05
4.28829e-05
5.11575e-05
5.9671e-05
6.9338e-05
7.9233e-05
8.93453e-05
9.94665e-05
0.000108575
0.000117238
0.00012364
0.000128991
0.000131162
0.000131726
0.000128817
0.000124041
0.000116247
0.000106813
9.54278e-05
8.3147e-05
7.02454e-05
5.75362e-05
4.53691e-05
3.4493e-05
2.48263e-05
1.71933e-05
1.08447e-05
6.65964e-06
3.39639e-06
1.76085e-06
5.25713e-07
-2.27172e-07
-1.10301e-06
-4.36792e-06
-8.77244e-06
-2.40927e-05
-4.35393e-05
-9.3263e-05
-0.000153757
-0.000273794
-0.000413818
-0.00064082
-0.000894644
-0.00124627
-0.00162742
-0.00208364
-0.00256146
-0.00304753
-0.00351528
-0.00390089
-0.00420244
-0.00436012
-0.00439978
-0.00440899
0.00335361
0.00330763
0.00321321
0.00299296
0.00264403
0.00226394
0.00186235
0.00149357
0.00116238
0.000892127
0.000665296
0.000495027
0.000357754
0.000261587
0.000186677
0.000137121
9.94688e-05
7.54252e-05
5.71573e-05
4.53948e-05
3.61204e-05
2.97022e-05
2.4242e-05
2.0059e-05
1.62864e-05
1.33434e-05
1.08704e-05
8.95985e-06
7.4689e-06
6.36636e-06
5.5763e-06
5.04034e-06
4.71903e-06
4.58887e-06
4.60813e-06
4.82517e-06
5.16442e-06
5.77183e-06
6.51476e-06
7.66076e-06
9.00402e-06
1.09517e-05
1.32144e-05
1.63338e-05
1.99329e-05
2.46382e-05
2.99886e-05
3.65942e-05
4.39243e-05
5.24327e-05
6.15516e-05
7.14408e-05
8.15491e-05
9.16643e-05
0.000101331
0.000109989
0.000117378
0.000122726
0.000126065
0.000126629
0.000124799
0.000120026
0.000113036
0.000103607
9.27177e-05
8.04442e-05
6.78523e-05
5.51506e-05
4.3304e-05
3.24344e-05
2.32474e-05
1.56189e-05
9.90708e-06
5.72454e-06
3.07013e-06
1.43556e-06
4.5011e-07
-3.02231e-07
-2.24402e-06
-5.5006e-06
-1.49805e-05
-3.0227e-05
-6.38592e-05
-0.000113254
-0.000201525
-0.000320631
-0.000500896
-0.000726034
-0.00102357
-0.00137227
-0.00178329
-0.00223569
-0.00271507
-0.00319718
-0.00364768
-0.00403036
-0.00432712
-0.00448355
-0.00452359
-0.00453265
0.00354952
0.0035035
0.00342736
0.00320227
0.00280562
0.00242535
0.00196182
0.0015956
0.00122087
0.000951867
0.000696507
0.000526825
0.000372068
0.00027619
0.000192176
0.000142688
0.000101181
7.71542e-05
5.7336e-05
4.55758e-05
3.55046e-05
2.90851e-05
2.2947e-05
1.87651e-05
1.44154e-05
1.14743e-05
8.80885e-06
6.90001e-06
5.47537e-06
4.37395e-06
3.70677e-06
3.17123e-06
2.89937e-06
2.76909e-06
2.68699e-06
2.90354e-06
2.93672e-06
3.54333e-06
3.72511e-06
4.8698e-06
5.3588e-06
7.30429e-06
8.43072e-06
1.15464e-05
1.38299e-05
1.85298e-05
2.25985e-05
2.91969e-05
3.5572e-05
4.4072e-05
5.28497e-05
6.27305e-05
7.32779e-05
8.3386e-05
9.42221e-05
0.000102875
0.000111873
0.00011722
0.00012216
0.000122726
0.000122052
0.000117284
0.000110761
0.000101339
9.02965e-05
7.80321e-05
6.50117e-05
5.23191e-05
4.02241e-05
2.93627e-05
2.04415e-05
1.28196e-05
7.92328e-06
3.74503e-06
2.15746e-06
5.24426e-07
4.0082e-07
-3.50971e-07
-1.84645e-06
-5.10431e-06
-1.54391e-05
-3.06796e-05
-7.00879e-05
-0.000119399
-0.000225379
-0.000344086
-0.000558755
-0.000782638
-0.00112572
-0.00147223
-0.00192832
-0.00237728
-0.00288908
-0.00336775
-0.00382986
-0.0042118
-0.00450066
-0.0046599
-0.00466068
-0.00466976
0.00374716
0.00369712
0.00362211
0.00338015
0.00298722
0.00257571
0.00211602
0.00171052
0.00133763
0.00102996
0.000775837
0.000573669
0.000419595
0.000300686
0.000216814
0.000153616
0.000112081
8.09937e-05
6.11566e-05
4.61055e-05
3.59952e-05
2.80865e-05
2.19045e-05
1.71216e-05
1.27624e-05
9.79597e-06
7.13242e-06
5.47786e-06
4.05421e-06
3.17468e-06
2.50796e-06
2.01793e-06
1.74626e-06
1.5014e-06
1.41936e-06
1.44519e-06
1.47835e-06
1.86166e-06
2.04331e-06
2.87347e-06
3.36213e-06
4.75847e-06
5.88412e-06
8.07453e-06
1.03564e-05
1.37247e-05
1.77906e-05
2.28032e-05
2.91739e-05
3.61557e-05
4.49272e-05
5.37443e-05
6.42842e-05
7.40789e-05
8.49075e-05
9.40684e-05
0.00010306
0.000109539
0.000114475
0.000116417
0.000115743
0.000112207
0.000105688
9.7139e-05
8.6104e-05
7.43962e-05
6.13849e-05
4.91764e-05
3.70897e-05
2.68941e-05
1.79791e-05
1.12575e-05
6.36457e-06
3.05069e-06
1.46423e-06
9.67646e-08
-8.6577e-09
-1.99457e-06
-3.41451e-06
-1.15319e-05
-2.18054e-05
-4.97991e-05
-8.91781e-05
-0.000163605
-0.000269685
-0.000425746
-0.000639751
-0.000905493
-0.00124652
-0.00162587
-0.00207913
-0.00254035
-0.00304839
-0.00351705
-0.00397545
-0.00434051
-0.00462669
-0.00478051
-0.0047806
-0.00479122
0.00396059
0.0039062
0.00383115
0.00357224
0.00318333
0.00273807
0.00228253
0.0018346
0.00146478
0.00111438
0.000862166
0.000624252
0.000471237
0.000327138
0.000243781
0.000165494
0.000124166
8.52412e-05
6.54658e-05
4.67024e-05
3.66015e-05
2.6981e-05
2.07989e-05
1.53334e-05
1.09774e-05
7.98368e-06
5.32214e-06
3.94216e-06
2.51958e-06
1.87966e-06
1.21345e-06
7.72551e-07
5.01084e-07
1.32497e-07
5.05227e-08
-1.29587e-07
-9.64511e-08
4.57166e-08
2.27237e-07
7.1776e-07
1.20605e-06
2.00939e-06
3.13419e-06
4.32545e-06
6.6056e-06
8.53598e-06
1.25988e-05
1.5899e-05
2.22649e-05
2.76074e-05
3.63722e-05
4.40405e-05
5.45726e-05
6.40288e-05
7.48492e-05
8.45581e-05
9.35428e-05
0.000101244
0.000106177
0.000109605
0.000108931
0.000106725
0.000100211
9.26034e-05
8.15767e-05
7.047e-05
5.74685e-05
4.57826e-05
3.37051e-05
2.42284e-05
1.53201e-05
9.57067e-06
4.68141e-06
2.30091e-06
7.15643e-07
-3.65041e-07
-4.70362e-07
-3.85936e-06
-5.27059e-06
-1.89262e-05
-2.9119e-05
-7.13883e-05
-0.000110431
-0.000212653
-0.000317823
-0.00051501
-0.000727214
-0.00103877
-0.00137697
-0.00179244
-0.00224194
-0.00271665
-0.00322043
-0.00367826
-0.00413267
-0.00447949
-0.00476279
-0.00490916
-0.0049101
-0.00492239
0.00417182
0.00411709
0.00398412
0.0037295
0.00336385
0.00291979
0.00246565
0.00201342
0.00161348
0.00125705
0.000966135
0.000722716
0.000534668
0.000386496
0.00027717
0.000196274
0.000138919
9.85021e-05
7.03798e-05
5.08129e-05
3.69255e-05
2.6888e-05
1.93682e-05
1.37427e-05
9.37568e-06
6.37875e-06
4.13639e-06
2.81e-06
1.77522e-06
1.18169e-06
6.44474e-07
2.133e-07
-1.75561e-07
-5.6763e-07
-8.37113e-07
-1.0566e-06
-1.10305e-06
-1.00723e-06
-7.59621e-07
-3.34584e-07
2.1122e-07
9.00166e-07
1.78945e-06
2.78826e-06
4.26867e-06
5.92182e-06
8.51661e-06
1.14862e-05
1.58664e-05
2.08909e-05
2.75339e-05
3.49767e-05
4.37325e-05
5.31175e-05
6.29107e-05
7.27183e-05
8.16051e-05
8.95359e-05
9.52119e-05
9.89226e-05
9.95513e-05
9.76019e-05
9.26205e-05
8.51983e-05
7.57011e-05
6.4717e-05
5.31587e-05
4.15809e-05
3.08644e-05
2.15318e-05
1.38501e-05
8.291e-06
4.24843e-06
2.04855e-06
4.40753e-07
-5.84192e-07
-2.48963e-06
-6.20798e-06
-1.38359e-05
-2.87517e-05
-5.48892e-05
-0.00010003
-0.000169503
-0.000276712
-0.000424005
-0.00062787
-0.000881001
-0.00119914
-0.00156165
-0.0019811
-0.00242717
-0.00290107
-0.00337151
-0.00382335
-0.0042282
-0.00456599
-0.00481459
-0.00495576
-0.0050215
-0.00503383
0.00445068
0.00439631
0.00430282
0.00404606
0.00360547
0.00316527
0.00263334
0.0021853
0.0017262
0.00137222
0.001033
0.000790855
0.000568133
0.000420513
0.000290902
0.000210178
0.00014287
0.00010248
6.99696e-05
5.03917e-05
3.46464e-05
2.45976e-05
1.63795e-05
1.07551e-05
6.68967e-06
3.69537e-06
2.49763e-06
1.17241e-06
1.0331e-06
4.40083e-07
2.21722e-07
-2.09072e-07
-7.86056e-07
-1.17778e-06
-1.78527e-06
-2.00457e-06
-2.19804e-06
-2.10231e-06
-1.73841e-06
-1.31375e-06
-6.604e-07
2.794e-08
5.32695e-07
1.53063e-06
1.71193e-06
3.36362e-06
3.65627e-06
6.62323e-06
8.07462e-06
1.30947e-05
1.69294e-05
2.43656e-05
3.12564e-05
4.06331e-05
5.00367e-05
5.98356e-05
6.9795e-05
7.77188e-05
8.53731e-05
8.90805e-05
9.17723e-05
8.98246e-05
8.63293e-05
7.89136e-05
7.01584e-05
5.9184e-05
4.80006e-05
3.6433e-05
2.63579e-05
1.70336e-05
1.06731e-05
5.11894e-06
2.86642e-06
6.68475e-07
4.02947e-07
-6.21096e-07
-2.84903e-06
-6.56383e-06
-1.75263e-05
-3.241e-05
-6.88409e-05
-0.000113815
-0.000206921
-0.00031356
-0.000501578
-0.000704046
-0.00100898
-0.00132457
-0.00173449
-0.00215025
-0.00262291
-0.00309227
-0.00356292
-0.00401001
-0.00440151
-0.00473845
-0.004983
-0.00512699
-0.00514922
-0.00516139
0.0047252
0.00466602
0.00457357
0.00429784
0.0038626
0.00338641
0.00285736
0.00236293
0.00190334
0.00149876
0.00115884
0.000870086
0.000646653
0.000463099
0.000332699
0.000228784
0.000160998
0.000108042
7.53302e-05
5.00997e-05
3.42557e-05
2.23733e-05
1.41313e-05
8.62186e-06
4.63907e-06
2.3327e-06
1.1997e-06
-2.26559e-07
-3.11532e-07
-2.4938e-06
-2.69255e-06
-5.94173e-06
-6.52914e-06
-9.97745e-06
-1.06044e-05
-1.29225e-05
-1.31245e-05
-1.33529e-05
-1.29825e-05
-1.10517e-05
-1.03924e-05
-7.09605e-06
-6.61402e-06
-3.08371e-06
-2.97818e-06
2.98809e-08
1.88913e-07
2.79577e-06
4.07781e-06
7.25632e-06
1.0929e-05
1.59108e-05
2.26948e-05
3.00773e-05
3.94599e-05
4.85036e-05
5.85261e-05
6.70935e-05
7.4862e-05
8.01622e-05
8.29713e-05
8.28322e-05
7.94187e-05
7.34546e-05
6.47368e-05
5.47431e-05
4.35762e-05
3.28286e-05
2.27877e-05
1.44948e-05
8.21168e-06
3.8518e-06
1.70878e-06
8.6888e-08
-8.94342e-08
-2.63511e-06
-4.77124e-06
-1.41793e-05
-2.52015e-05
-5.37087e-05
-9.06258e-05
-0.000161516
-0.000255754
-0.000400553
-0.000590394
-0.000835138
-0.00114141
-0.00149002
-0.00189986
-0.00232735
-0.00279848
-0.00325398
-0.00371948
-0.0041368
-0.00452115
-0.00483316
-0.00507435
-0.00521709
-0.00523948
-0.00525811
0.00500611
0.00494377
0.00481529
0.00453398
0.00411793
0.00362135
0.00310037
0.00257188
0.00210348
0.00165958
0.0013042
0.000979113
0.000739138
0.000527544
0.000383021
0.000260829
0.000183371
0.000120339
8.23524e-05
5.24734e-05
3.44331e-05
2.10057e-05
1.23265e-05
6.91242e-06
3.11293e-06
1.34099e-06
2.19261e-09
-1.50205e-06
-2.55771e-06
-5.97246e-06
-7.89879e-06
-1.33338e-05
-1.59811e-05
-2.18001e-05
-2.41664e-05
-2.81124e-05
-2.91363e-05
-2.96162e-05
-2.88621e-05
-2.57633e-05
-2.36532e-05
-1.83336e-05
-1.58387e-05
-1.03446e-05
-8.32937e-06
-4.26971e-06
-2.8704e-06
-5.43705e-07
1.04649e-06
2.79549e-06
5.95068e-06
9.02633e-06
1.48539e-05
2.06869e-05
2.91486e-05
3.76039e-05
4.71041e-05
5.61685e-05
6.39448e-05
7.04794e-05
7.37325e-05
7.49967e-05
7.22506e-05
6.74146e-05
5.93909e-05
5.01612e-05
3.96134e-05
2.95052e-05
1.9978e-05
1.24878e-05
6.5446e-06
3.11267e-06
9.0547e-07
-2.69001e-07
-1.37473e-06
-5.10033e-06
-9.70768e-06
-2.39189e-05
-4.07002e-05
-8.06801e-05
-0.000128424
-0.000220416
-0.000329628
-0.000504747
-0.000708506
-0.000986241
-0.00129885
-0.00167257
-0.00207798
-0.00251358
-0.00296994
-0.00341323
-0.00385706
-0.00424837
-0.00461153
-0.00490057
-0.00512706
-0.00526369
-0.00531981
-0.00534286
0.00533204
0.00527013
0.00516046
0.00488345
0.00441178
0.0039222
0.00334183
0.00281925
0.00228748
0.00184763
0.00142716
0.0011045
0.000809329
0.000598978
0.000416173
0.000294477
0.000194764
0.000131861
8.31681e-05
5.32918e-05
3.1568e-05
1.81285e-05
9.62264e-06
4.211e-06
2.17697e-06
4.07005e-07
-3.7863e-07
-1.8812e-06
-5.7508e-06
-9.16176e-06
-1.7335e-05
-2.2764e-05
-3.33062e-05
-3.91187e-05
-4.82657e-05
-5.22073e-05
-5.64011e-05
-5.68804e-05
-5.4531e-05
-5.14357e-05
-4.36201e-05
-3.83064e-05
-2.81455e-05
-2.26575e-05
-1.37303e-05
-9.67515e-06
-4.27165e-06
-1.94754e-06
-2.65416e-08
1.72051e-06
2.33436e-06
5.4066e-06
7.66662e-06
1.34932e-05
1.93039e-05
2.77498e-05
3.66547e-05
4.5709e-05
5.48729e-05
6.14002e-05
6.70003e-05
6.8263e-05
6.75959e-05
6.27652e-05
5.58939e-05
4.66744e-05
3.65863e-05
2.64893e-05
1.75145e-05
1.00326e-05
5.24793e-06
1.81982e-06
7.99494e-07
-3.73673e-07
-2.21936e-06
-5.94082e-06
-1.63379e-05
-3.05253e-05
-6.19519e-05
-0.000101753
-0.000178028
-0.000269389
-0.000421658
-0.000595297
-0.000846761
-0.00112197
-0.00147081
-0.0018412
-0.00225847
-0.00269048
-0.00312871
-0.00356878
-0.00397253
-0.00436162
-0.00468765
-0.00497542
-0.00520064
-0.00533649
-0.00539314
-0.00541608
0.00566649
0.0056007
0.00549244
0.00519483
0.00473105
0.00420934
0.00362466
0.00305719
0.0025174
0.0020225
0.00159455
0.00121668
0.000915566
0.000659577
0.000472697
0.00031978
0.000218016
0.000137738
8.8391e-05
5.13409e-05
2.96279e-05
1.49898e-05
6.85706e-06
2.31471e-06
8.07686e-07
-2.03669e-06
-2.60115e-06
-1.03385e-05
-1.45692e-05
-3.00449e-05
-3.918e-05
-6.03082e-05
-7.21119e-05
-9.30792e-05
-0.000103321
-0.000117362
-0.000122065
-0.000124507
-0.000121891
-0.000112132
-0.00010339
-8.501e-05
-7.36284e-05
-5.26758e-05
-4.26832e-05
-2.499e-05
-1.90197e-05
-7.78673e-06
-5.89778e-06
-6.78525e-07
-5.30423e-07
1.96414e-06
3.6546e-06
7.37411e-06
1.28347e-05
1.99824e-05
2.89168e-05
3.86091e-05
4.81176e-05
5.68604e-05
6.28952e-05
6.6648e-05
6.62707e-05
6.29386e-05
5.61154e-05
4.69967e-05
3.68095e-05
2.60283e-05
1.70163e-05
9.08224e-06
4.47684e-06
1.20609e-06
5.18471e-07
-1.00399e-06
-2.6917e-06
-9.99285e-06
-2.06885e-05
-4.49626e-05
-7.76491e-05
-0.000137095
-0.000216364
-0.000336726
-0.000494021
-0.000698992
-0.000956493
-0.00125401
-0.00160736
-0.0019823
-0.00240119
-0.00281727
-0.00325369
-0.00366189
-0.00405876
-0.00441391
-0.00473002
-0.00500178
-0.00521759
-0.00536643
-0.00542499
-0.00545912
0.0059787
0.00591132
0.00574951
0.00545247
0.00501869
0.00448867
0.00392426
0.00333609
0.0027813
0.00225808
0.00179749
0.00139058
0.00105173
0.000771423
0.000550181
0.000380333
0.000253313
0.000163418
9.96445e-05
5.85423e-05
3.10553e-05
1.57614e-05
6.28611e-06
2.26328e-06
-1.22532e-06
-4.6585e-06
-1.132e-05
-2.24797e-05
-3.79387e-05
-6.00368e-05
-8.43739e-05
-0.000114119
-0.000141962
-0.000171246
-0.000194341
-0.000213926
-0.000224832
-0.000228352
-0.000223625
-0.000210208
-0.000191738
-0.000166185
-0.00014021
-0.00011077
-8.5094e-05
-5.99143e-05
-4.06485e-05
-2.45254e-05
-1.382e-05
-6.69556e-06
-2.47013e-06
-2.94804e-07
2.00825e-06
4.5671e-06
9.15179e-06
1.55815e-05
2.38798e-05
3.39166e-05
4.38654e-05
5.38208e-05
6.12157e-05
6.63347e-05
6.74823e-05
6.49761e-05
5.90971e-05
5.00398e-05
3.99292e-05
2.87788e-05
1.91775e-05
1.1e-05
5.42207e-06
2.23993e-06
-4.18069e-08
-1.75531e-06
-6.88549e-06
-1.61498e-05
-3.45813e-05
-6.48616e-05
-0.00011305
-0.000184114
-0.000285314
-0.000422109
-0.000599581
-0.000821607
-0.00108673
-0.00139571
-0.00173925
-0.0021155
-0.00250941
-0.00291578
-0.00331816
-0.00370842
-0.00407297
-0.0044087
-0.00470448
-0.00496458
-0.00517029
-0.00531953
-0.00541614
-0.00545574
0.00636221
0.00629423
0.00617355
0.00587137
0.00539346
0.00485704
0.0042315
0.00362999
0.00301833
0.00247325
0.0019582
0.00152579
0.00114263
0.000839304
0.000589558
0.000403053
0.000262139
0.000162858
9.51216e-05
5.05857e-05
2.46548e-05
9.25517e-06
3.62572e-06
-5.5724e-07
-1.5453e-06
-8.99579e-06
-1.97536e-05
-4.11032e-05
-7.01963e-05
-0.000108324
-0.000154268
-0.000202889
-0.000254998
-0.000301366
-0.000344363
-0.000374609
-0.000395015
-0.000399821
-0.00039141
-0.000369674
-0.00033577
-0.000294803
-0.000246606
-0.000198921
-0.000150716
-0.000108913
-7.23485e-05
-4.43323e-05
-2.42551e-05
-1.08687e-05
-4.48077e-06
-4.49157e-07
2.65886e-08
2.4634e-06
5.0704e-06
1.17303e-05
2.04451e-05
3.22438e-05
4.52321e-05
5.81568e-05
6.94467e-05
7.73751e-05
8.09049e-05
7.96001e-05
7.3248e-05
6.31828e-05
5.03179e-05
3.65652e-05
2.40286e-05
1.30843e-05
6.52871e-06
1.69798e-06
8.18027e-07
-1.3021e-06
-4.90087e-06
-1.48156e-05
-3.5739e-05
-6.89115e-05
-0.000125846
-0.000202555
-0.000319322
-0.000462283
-0.000658808
-0.000883422
-0.00116281
-0.00146809
-0.00181501
-0.00218178
-0.00256845
-0.00296197
-0.00334765
-0.00372513
-0.00406624
-0.00439426
-0.00467322
-0.00493506
-0.00515167
-0.00531334
-0.00541467
-0.00546087
0.00669012
0.00662081
0.00646162
0.00616027
0.00571228
0.00516485
0.00456034
0.00392582
0.00331482
0.00271885
0.00219183
0.00170326
0.00130196
0.000949285
0.000680483
0.000458691
0.00030252
0.000183528
0.000106666
5.50701e-05
2.52223e-05
9.82227e-06
2.04307e-06
-2.50592e-06
-8.37947e-06
-2.4176e-05
-4.47414e-05
-8.72638e-05
-0.000131212
-0.000202652
-0.000266541
-0.000354396
-0.000423941
-0.000505821
-0.000561667
-0.000614075
-0.000639554
-0.000647036
-0.000634703
-0.000595674
-0.000549997
-0.000476984
-0.000412226
-0.000326616
-0.000260962
-0.000184605
-0.000133142
-8.04094e-05
-4.99521e-05
-2.3555e-05
-1.14346e-05
-3.54538e-06
-6.36554e-07
1.55043e-06
5.25437e-06
1.24016e-05
2.2494e-05
3.79647e-05
5.32368e-05
7.23416e-05
8.63688e-05
0.000100137
0.000105769
0.000106955
0.000101067
8.88968e-05
7.45442e-05
5.53723e-05
3.99646e-05
2.32641e-05
1.35535e-05
5.2953e-06
1.8917e-06
-1.07511e-06
-6.55083e-06
-1.78291e-05
-4.09303e-05
-8.06988e-05
-0.000141507
-0.000231304
-0.000351606
-0.000509011
-0.000704465
-0.000936128
-0.00120778
-0.00150664
-0.00184082
-0.00218843
-0.00256056
-0.00292732
-0.00330047
-0.00365059
-0.00398567
-0.0042944
-0.00457475
-0.00483345
-0.00504811
-0.00522313
-0.00534218
-0.00540081
0.00704288
0.00697426
0.00684838
0.00654707
0.00607757
0.00553194
0.00489095
0.00425247
0.00358772
0.00297855
0.00238611
0.0018787
0.0014161
0.00104476
0.000731029
0.000495061
0.000313586
0.000186605
0.000101241
4.71229e-05
1.96763e-05
4.37489e-06
1.65026e-06
-4.54585e-06
-1.36284e-05
-3.7531e-05
-8.00665e-05
-0.000139109
-0.000226805
-0.000321689
-0.000444703
-0.000558238
-0.000688574
-0.000792014
-0.000894074
-0.000958112
-0.00100227
-0.00100825
-0.000982025
-0.000928919
-0.000841348
-0.00074573
-0.000623362
-0.000512657
-0.000389003
-0.000290909
-0.000193916
-0.000126476
-6.91911e-05
-3.56051e-05
-1.37722e-05
-3.84284e-06
-9.83204e-07
1.87993e-06
4.68496e-06
1.44431e-05
2.89039e-05
5.02292e-05
7.59446e-05
0.000103001
0.000129423
0.000150379
0.000164207
0.000168798
0.000162538
0.000148422
0.000125224
9.95029e-05
7.14191e-05
4.63251e-05
2.67022e-05
1.16209e-05
5.64772e-06
-2.65486e-07
-1.68063e-06
-1.21289e-05
-3.13744e-05
-6.87992e-05
-0.000131437
-0.000218705
-0.000343273
-0.000496788
-0.000690754
-0.000915748
-0.00117353
-0.00146362
-0.00177446
-0.00211372
-0.00246124
-0.00282262
-0.00317464
-0.00352413
-0.00384517
-0.00415912
-0.00443996
-0.00470873
-0.00494886
-0.0051372
-0.00527935
-0.00534336
0.00731372
0.00724635
0.0070761
0.00678426
0.0063549
0.00581324
0.00520577
0.00454889
0.00389391
0.00324303
0.00264177
0.00208152
0.00159847
0.00117731
0.000838805
0.000566008
0.000363052
0.00021594
0.00011676
5.67409e-05
2.18414e-05
7.10552e-06
-2.92491e-06
-1.36523e-05
-3.69684e-05
-8.13563e-05
-0.00014684
-0.000247653
-0.000365718
-0.000519907
-0.000675975
-0.000854494
-0.00101375
-0.00117177
-0.00129189
-0.00138539
-0.00143236
-0.00143459
-0.00139538
-0.00130667
-0.00119379
-0.00104097
-0.000887227
-0.000713017
-0.000558856
-0.000405748
-0.000284434
-0.000179768
-0.000106514
-5.47321e-05
-2.4043e-05
-8.94815e-06
-7.6214e-07
3.81178e-06
1.24688e-05
2.88303e-05
5.22873e-05
8.84176e-05
0.00012629
0.00017345
0.000212632
0.000251752
0.000274989
0.000288175
0.000284459
0.000265406
0.00023651
0.000194223
0.000153768
0.000107462
7.281e-05
4.04978e-05
2.1649e-05
8.29632e-06
-3.38106e-07
-8.71951e-06
-2.82549e-05
-5.93461e-05
-0.000117007
-0.000197082
-0.000312447
-0.000455345
-0.000635444
-0.000842481
-0.00108392
-0.0013496
-0.00164459
-0.00195875
-0.00229319
-0.00263515
-0.00298111
-0.00332154
-0.00364785
-0.00396529
-0.00425832
-0.00454141
-0.00478245
-0.00499039
-0.00514184
-0.00521809
0.00758534
0.00752094
0.00739731
0.00711441
0.00667403
0.00614528
0.00551573
0.00485982
0.00416624
0.00349688
0.0028436
0.00225147
0.00171805
0.0012629
0.000888515
0.000589067
0.000368586
0.000206736
0.000106016
4.20701e-05
1.53778e-05
5.69536e-07
-1.64414e-06
-1.93674e-05
-4.86585e-05
-0.000116759
-0.000213734
-0.000357436
-0.000533422
-0.000743929
-0.000973898
-0.00120966
-0.00144031
-0.00164142
-0.00181036
-0.0019205
-0.0019793
-0.00196673
-0.00189892
-0.00176823
-0.00159506
-0.00138503
-0.00115697
-0.000925618
-0.000702968
-0.00050582
-0.000336768
-0.000207303
-0.000112029
-5.2169e-05
-1.94607e-05
-3.58648e-06
-6.13675e-07
9.22178e-06
1.88768e-05
5.36752e-05
9.2189e-05
0.000161468
0.000227273
0.000315697
0.000386363
0.000462716
0.000508254
0.000542011
0.000541637
0.000518844
0.000472478
0.000402962
0.000331494
0.000243715
0.000177703
0.000103732
6.6119e-05
2.40787e-05
1.56803e-05
-1.57882e-06
-6.2858e-06
-2.88785e-05
-6.7499e-05
-0.000129415
-0.000225203
-0.000345364
-0.000503684
-0.000686417
-0.000903827
-0.00114761
-0.00142235
-0.00172194
-0.00204701
-0.00238551
-0.00273404
-0.0030831
-0.00342132
-0.00375719
-0.00407153
-0.00437659
-0.00465354
-0.00488153
-0.0050558
-0.00513973
0.00774521
0.00768315
0.00756006
0.00729042
0.00688249
0.00636855
0.0057702
0.00511647
0.00442652
0.00374331
0.00306389
0.00244764
0.00187109
0.00139002
0.000972397
0.000652556
0.000400986
0.0002281
0.000112808
4.62159e-05
1.5846e-05
1.10109e-06
-8.69036e-06
-3.20571e-05
-8.83638e-05
-0.000174431
-0.000326586
-0.000502773
-0.000756884
-0.00101003
-0.00132519
-0.00160428
-0.00190532
-0.00213902
-0.0023434
-0.00246611
-0.00251444
-0.00249064
-0.00236894
-0.00220643
-0.00195132
-0.00169797
-0.00138266
-0.00110806
-0.000814614
-0.000584141
-0.000373462
-0.000225241
-0.000116656
-5.06976e-05
-1.94582e-05
-3.00141e-06
3.90384e-06
1.77293e-05
5.46936e-05
0.000103474
0.000200274
0.000294686
0.000442826
0.000562537
0.000719826
0.000824407
0.000935326
0.000984684
0.00100697
0.000981355
0.000906213
0.000816059
0.000672453
0.00055323
0.000394127
0.000288563
0.000165531
0.000101728
3.9774e-05
1.57832e-05
3.17361e-07
-1.53928e-05
-3.04864e-05
-7.72238e-05
-0.000132272
-0.000234021
-0.000346683
-0.000511024
-0.000686756
-0.00091549
-0.00115948
-0.00145056
-0.00176117
-0.00209989
-0.00245389
-0.00281259
-0.00317578
-0.0035281
-0.0038772
-0.00419898
-0.00450397
-0.00474303
-0.00492865
-0.0050179
0.00779353
0.00773875
0.00759848
0.00735688
0.00698114
0.00650778
0.00593417
0.0053044
0.00462502
0.00393365
0.00325156
0.00260114
0.00201338
0.00148853
0.00105595
0.000699013
0.000434758
0.000241243
0.000119065
4.76912e-05
1.44231e-05
-1.43219e-06
-1.62359e-05
-5.53458e-05
-0.000125692
-0.000255622
-0.000429717
-0.000678572
-0.000960581
-0.0013021
-0.00164491
-0.00200543
-0.00232637
-0.00261045
-0.0028209
-0.00294643
-0.00298474
-0.00291391
-0.00276871
-0.00252269
-0.00223729
-0.00188837
-0.0015443
-0.00118844
-0.000874618
-0.00059523
-0.000375102
-0.000212718
-0.00010274
-4.28715e-05
-1.09224e-05
5.01144e-06
2.09758e-05
6.64334e-05
0.000127755
0.000256114
0.000394197
0.000613112
0.000814308
0.00108051
0.00129172
0.0015286
0.0016809
0.00181117
0.00185085
0.00182999
0.00174281
0.00157836
0.00139602
0.00114422
0.000929944
0.000671172
0.000491083
0.000295011
0.000188233
8.43417e-05
4.47771e-05
1.0741e-05
-4.55436e-06
-2.34583e-05
-6.50166e-05
-0.000117057
-0.000212225
-0.000323734
-0.000484928
-0.00067054
-0.000906401
-0.00117312
-0.00148344
-0.00182177
-0.00218481
-0.00256624
-0.00294622
-0.00333537
-0.00370122
-0.00405772
-0.00436784
-0.00462798
-0.00481858
-0.00491433
0.0077249
0.00767625
0.0075718
0.00735255
0.00700443
0.00656748
0.00602115
0.00542321
0.0047485
0.00407107
0.00336879
0.00271387
0.00209331
0.0015532
0.00109062
0.00071732
0.000436082
0.00023244
0.000109489
3.56499e-05
1.19288e-05
-5.04986e-06
-1.46939e-05
-6.37238e-05
-0.000148456
-0.000303471
-0.000519929
-0.000806932
-0.0011531
-0.0015366
-0.00194846
-0.00234164
-0.00271462
-0.00301012
-0.00323705
-0.00334698
-0.0033585
-0.00324831
-0.0030399
-0.00274238
-0.00237676
-0.00198015
-0.00156373
-0.00117796
-0.000820124
-0.000534448
-0.000306109
-0.000155214
-6.32835e-05
-1.5978e-05
-4.56587e-06
1.99991e-05
4.21016e-05
0.000137003
0.000253895
0.000481202
0.00073033
0.00109024
0.00144263
0.00186829
0.00223735
0.00261814
0.0028936
0.00311764
0.00321054
0.00320886
0.00308835
0.00286227
0.0025684
0.00218868
0.00181572
0.00139393
0.00105138
0.000695743
0.000463903
0.000238563
0.000136612
4.01331e-05
2.40363e-05
-4.30693e-06
-1.1582e-05
-4.16978e-05
-9.18268e-05
-0.000171637
-0.000292516
-0.000451844
-0.000662471
-0.000917659
-0.00122455
-0.00157017
-0.00195221
-0.002357
-0.00277198
-0.00319064
-0.00359587
-0.0039743
-0.00431544
-0.00458258
-0.00477935
-0.00487416
0.0074902
0.00744611
0.00735551
0.00715428
0.00686002
0.00645138
0.00596723
0.00539517
0.00476553
0.00410299
0.00341943
0.00276725
0.00214339
0.00159772
0.00112088
0.000739759
0.000445205
0.000236608
0.000108744
3.40121e-05
1.14532e-05
-6.24199e-06
-2.00704e-05
-7.56242e-05
-0.000180083
-0.000350383
-0.000603103
-0.000912295
-0.00130257
-0.001709
-0.00215798
-0.00256682
-0.00295485
-0.00325213
-0.00346316
-0.00355868
-0.00352508
-0.00338768
-0.00311769
-0.00278843
-0.00236448
-0.00194173
-0.00148935
-0.00109092
-0.000729582
-0.000446599
-0.000242251
-0.000103349
-4.20823e-05
-3.14861e-06
2.2883e-06
3.79493e-05
0.000110355
0.000248912
0.000492189
0.000800552
0.00125067
0.00172234
0.00232428
0.00287449
0.00349565
0.00398876
0.0044646
0.00476342
0.00495771
0.00497504
0.00483083
0.00456254
0.00412339
0.00364949
0.00304254
0.00249622
0.00188418
0.00140147
0.000923167
0.000594571
0.00031676
0.000158654
6.23349e-05
1.50275e-05
4.51779e-06
-1.60228e-05
-3.06359e-05
-9.0491e-05
-0.000169528
-0.000312562
-0.000495592
-0.000745989
-0.00104965
-0.00140416
-0.00180841
-0.00223252
-0.00268578
-0.00312557
-0.00356551
-0.00395608
-0.00430869
-0.00457465
-0.00475891
-0.00485049
0.00712612
0.007088
0.00699766
0.00682102
0.00656457
0.00619655
0.00576435
0.00523252
0.00465754
0.00402345
0.00338524
0.00274675
0.0021514
0.00160764
0.00114283
0.000758374
0.000464442
0.000253419
0.000119531
4.50113e-05
1.16426e-05
-6.84597e-06
-3.53351e-05
-9.79935e-05
-0.000217354
-0.0004031
-0.000667918
-0.000997912
-0.00139177
-0.0018173
-0.00225807
-0.00267619
-0.00304457
-0.00333562
-0.00351997
-0.00359332
-0.00353343
-0.00336354
-0.00307568
-0.00271377
-0.00228615
-0.0018415
-0.00140064
-0.000998096
-0.000658399
-0.000388289
-0.000205036
-8.59573e-05
-3.12125e-05
-1.67758e-06
2.56081e-05
8.19062e-05
0.000214124
0.000418383
0.000761513
0.00118481
0.00176771
0.00239338
0.00314519
0.00386474
0.0046309
0.00527661
0.00586857
0.00627095
0.00653134
0.00657956
0.00643776
0.00611951
0.00561635
0.00502168
0.00429396
0.00358191
0.00281324
0.00215477
0.00151227
0.00103277
0.000613713
0.000353811
0.000160815
7.00085e-05
1.83225e-05
-1.21022e-06
-1.76439e-05
-5.69197e-05
-0.000124929
-0.000249329
-0.00042717
-0.000672895
-0.000983638
-0.00134985
-0.001771
-0.00221794
-0.00268947
-0.00315155
-0.00359796
-0.00399695
-0.0043372
-0.00459516
-0.00475558
-0.00484014
0.00670059
0.0066705
0.00658297
0.00644073
0.00620329
0.00589647
0.00548432
0.00502134
0.00446223
0.00388901
0.00326126
0.00266789
0.00207909
0.00156356
0.00110227
0.000732869
0.000441563
0.000238015
0.000108292
3.7441e-05
9.81829e-06
-8.94589e-06
-3.34246e-05
-0.000101907
-0.000223222
-0.000419231
-0.000688817
-0.00102906
-0.00142937
-0.00185944
-0.00230506
-0.00271755
-0.00308612
-0.00336036
-0.00353882
-0.00358751
-0.00351664
-0.0033212
-0.00302058
-0.00264052
-0.00220287
-0.00175395
-0.00130964
-0.000918313
-0.000583093
-0.0003346
-0.000161417
-6.2907e-05
-1.78923e-05
7.33377e-06
3.32299e-05
0.000116103
0.000262764
0.000533696
0.000911298
0.00144141
0.00207768
0.00283977
0.00365691
0.00452283
0.00535486
0.0061321
0.00677734
0.00727204
0.00756175
0.00764466
0.00750162
0.00715247
0.00661754
0.00593105
0.00514773
0.00429969
0.00346328
0.00265013
0.00194125
0.00131648
0.000842938
0.000472599
0.000248316
9.80978e-05
3.78051e-05
4.82627e-06
-7.59516e-06
-3.8758e-05
-0.000101294
-0.000221416
-0.000399842
-0.000657865
-0.000977013
-0.00137019
-0.00180532
-0.00228171
-0.00276659
-0.00324437
-0.00369506
-0.00408488
-0.00441561
-0.00464403
-0.00479906
-0.00486559
0.00623036
0.00620327
0.00614081
0.00600939
0.00581327
0.005526
0.00517081
0.00473318
0.00422943
0.00368317
0.00310115
0.00253222
0.00197667
0.0014802
0.00104148
0.000684738
0.000409043
0.000212529
9.4975e-05
2.70621e-05
9.06092e-06
-9.47393e-06
-2.89094e-05
-9.84625e-05
-0.000220258
-0.000416603
-0.000692077
-0.00103022
-0.00143723
-0.00186221
-0.00231066
-0.002716
-0.00308019
-0.00334721
-0.00351358
-0.00355725
-0.0034694
-0.00327279
-0.00295564
-0.00257857
-0.00213086
-0.00168799
-0.00124434
-0.000860017
-0.000536613
-0.000293894
-0.000139275
-4.39357e-05
-1.5727e-05
8.91432e-06
3.00452e-05
0.000113542
0.000276256
0.00054694
0.000965565
0.0014928
0.00219275
0.00294882
0.00384356
0.00470152
0.00561185
0.00638172
0.00709139
0.00758213
0.00790985
0.00799405
0.00785491
0.0075122
0.0069459
0.00626891
0.00542471
0.00458598
0.00367075
0.00286373
0.00207313
0.00144967
0.000907774
0.000534666
0.000263745
0.000110701
3.62758e-05
2.32269e-06
-2.88617e-06
-3.71423e-05
-9.42523e-05
-0.000223774
-0.000414178
-0.000687117
-0.00103593
-0.00144417
-0.00191451
-0.00239907
-0.0029083
-0.00338219
-0.0038335
-0.00420757
-0.00451405
-0.00472065
-0.00483136
-0.00488683
0.00573246
0.00570935
0.00563989
0.0055249
0.00535264
0.00509591
0.0047809
0.0043812
0.00393638
0.00342902
0.00291238
0.00237783
0.0018789
0.00140871
0.00100849
0.000669442
0.000411558
0.000225451
0.000105772
4.24269e-05
7.31256e-06
-1.09259e-05
-5.05268e-05
-0.000121582
-0.000252407
-0.000449355
-0.000716314
-0.00105196
-0.00143267
-0.00185134
-0.00226376
-0.00266005
-0.00299143
-0.00324919
-0.00339864
-0.00343576
-0.00335394
-0.00315563
-0.00286569
-0.00249225
-0.00208252
-0.00164723
-0.00123741
-0.000861974
-0.000555076
-0.000319743
-0.000159012
-6.77592e-05
-1.66327e-05
7.26015e-06
5.24788e-05
0.000136863
0.000305023
0.000575602
0.000965055
0.00148893
0.00212019
0.00286897
0.00366512
0.00451333
0.00531736
0.00607817
0.00670162
0.00718755
0.00747313
0.00755908
0.00743371
0.00709919
0.00659817
0.00593311
0.00518674
0.00435955
0.00354807
0.00274846
0.00204234
0.00142009
0.000929285
0.000552199
0.000293015
0.00013573
4.78251e-05
1.22728e-05
-1.79303e-05
-5.60083e-05
-0.000143857
-0.000285323
-0.000505825
-0.000798091
-0.00116604
-0.00159366
-0.00206358
-0.00255857
-0.00304585
-0.00351454
-0.00392691
-0.00427986
-0.00454413
-0.00472315
-0.00481753
-0.00485903
0.00525388
0.00523561
0.00518624
0.0050929
0.00493761
0.00472215
0.00442789
0.00408242
0.00365092
0.00320291
0.00269371
0.0022151
0.00172211
0.00129745
0.000904719
0.000596974
0.000350148
0.000181349
7.81041e-05
2.13577e-05
6.89757e-06
-1.04541e-05
-3.16978e-05
-0.000101803
-0.000223832
-0.000414327
-0.00068295
-0.00100452
-0.0013961
-0.00179539
-0.00222314
-0.00260058
-0.00294549
-0.0031918
-0.00334747
-0.00338536
-0.00329971
-0.00311478
-0.00281214
-0.00246013
-0.00203374
-0.00162018
-0.00119663
-0.000835771
-0.000524512
-0.000293341
-0.000141221
-4.71861e-05
-1.7098e-05
6.38629e-06
2.25378e-05
8.96158e-05
0.000227186
0.000451482
0.000814978
0.00125861
0.00187223
0.00251251
0.00329961
0.00402751
0.00482847
0.00548061
0.00610319
0.00651591
0.0067998
0.00686507
0.00673643
0.00643867
0.00593454
0.00535502
0.00460919
0.00389677
0.00309301
0.00241305
0.00172389
0.00120394
0.000737403
0.000430332
0.000200957
8.01156e-05
2.41318e-05
-4.52856e-06
-1.14207e-05
-6.72054e-05
-0.000149788
-0.000324497
-0.000558931
-0.000885677
-0.00127978
-0.00172806
-0.0022249
-0.00271653
-0.00321963
-0.00365953
-0.00406953
-0.00437751
-0.00462213
-0.00475526
-0.00481094
-0.00483179
0.00477535
0.00475864
0.00471128
0.00462269
0.00449669
0.00429095
0.00404591
0.00371522
0.00335313
0.00292335
0.00249152
0.00203145
0.00160822
0.00119927
0.000857631
0.00056138
0.000342615
0.000180871
8.33877e-05
2.9612e-05
5.18523e-06
-1.17987e-05
-4.5252e-05
-0.000114891
-0.000236581
-0.000424335
-0.000673681
-0.000989367
-0.00134444
-0.00173566
-0.00212047
-0.00249007
-0.00280099
-0.00304252
-0.00318675
-0.00322491
-0.00315621
-0.00297676
-0.0027144
-0.00237123
-0.00199396
-0.00158942
-0.00120573
-0.000850998
-0.000556708
-0.000327409
-0.000167328
-7.22808e-05
-2.17361e-05
1.56336e-06
2.68491e-05
8.70002e-05
0.000195593
0.000401323
0.000678797
0.00109019
0.00155875
0.0021554
0.002757
0.0034365
0.00404704
0.00465547
0.00512522
0.00550853
0.00571374
0.00577074
0.00565675
0.00537385
0.0049736
0.00442855
0.00385002
0.00318379
0.0025716
0.00193974
0.00142576
0.000946872
0.000609769
0.000331957
0.000171383
6.56832e-05
2.16842e-05
-4.24231e-06
-3.94328e-05
-0.000102032
-0.000231797
-0.000419082
-0.000697066
-0.0010365
-0.00145111
-0.0019062
-0.00239058
-0.00287947
-0.00333985
-0.00376725
-0.00411736
-0.00440675
-0.00459416
-0.0047099
-0.0047411
-0.0047541
0.00433088
0.00431827
0.00428222
0.00421263
0.00409594
0.00392745
0.00369497
0.00341592
0.00306383
0.00269408
0.00227047
0.00186999
0.00145463
0.00109599
0.000762576
0.000501548
0.000292104
0.000149487
6.35052e-05
1.64334e-05
5.36023e-06
-1.01565e-05
-3.14981e-05
-9.62829e-05
-0.000210433
-0.000382991
-0.000629228
-0.000918194
-0.00127457
-0.00163283
-0.00202208
-0.00236231
-0.00267889
-0.00290507
-0.00305409
-0.00309739
-0.00303101
-0.00287658
-0.00261343
-0.00230714
-0.00192656
-0.00155835
-0.0011706
-0.000840165
-0.000543723
-0.000321711
-0.000164279
-6.45655e-05
-2.39948e-05
1.33019e-06
7.72345e-06
4.77893e-05
0.000128291
0.000274918
0.000516312
0.000822742
0.00124991
0.00170359
0.00226243
0.00278325
0.0033545
0.00381989
0.00425897
0.00454643
0.00473419
0.00476487
0.00464986
0.00441653
0.00403265
0.00360155
0.00305501
0.00254132
0.00197236
0.0014992
0.00103351
0.000689722
0.000398121
0.000211158
8.91344e-05
2.47692e-05
8.01238e-06
-2.05658e-05
-4.48239e-05
-0.000138923
-0.000274613
-0.00050121
-0.000796032
-0.0011624
-0.00159569
-0.00205223
-0.00254885
-0.00301077
-0.00347116
-0.00385035
-0.00418713
-0.004422
-0.00458797
-0.00465807
-0.00465657
-0.00465109
0.00390641
0.00389549
0.00385351
0.00378982
0.00368853
0.00353266
0.00333191
0.00307252
0.00277527
0.00243049
0.00207389
0.00169947
0.00134708
0.00101109
0.000723845
0.00047934
0.000293001
0.000159957
7.35104e-05
3.00165e-05
2.52025e-06
-1.22763e-05
-4.92291e-05
-0.000111558
-0.000223313
-0.000388432
-0.000607468
-0.000883362
-0.00119123
-0.00153335
-0.00186667
-0.00219252
-0.00246468
-0.0026833
-0.00281602
-0.00286177
-0.00281452
-0.00267225
-0.00245817
-0.00216987
-0.00185158
-0.00150113
-0.00116739
-0.000848883
-0.000580859
-0.000362511
-0.000202778
-0.000100886
-3.77564e-05
-1.14735e-05
1.46055e-05
4.49668e-05
0.000115048
0.000233099
0.00041371
0.000669362
0.000981384
0.00136587
0.00177114
0.00221515
0.00262664
0.0030228
0.00333469
0.00357578
0.00370172
0.00371971
0.00362439
0.0034151
0.00312681
0.00275089
0.00235056
0.0019107
0.00150203
0.00110566
0.000777937
0.000499481
0.000298788
0.000157139
6.94364e-05
2.56292e-05
-8.77259e-06
-3.85415e-05
-0.000108046
-0.000216849
-0.000395777
-0.000640394
-0.000954699
-0.00133293
-0.00175234
-0.00220848
-0.00266118
-0.00310945
-0.00350984
-0.00386578
-0.0041448
-0.00435376
-0.00447846
-0.00452795
-0.00453892
-0.00452487
0.00352517
0.00351593
0.003493
0.00343634
0.00335512
0.00321344
0.00304125
0.00280397
0.00253423
0.00221786
0.00188706
0.00154278
0.00121424
0.0009047
0.000638578
0.000412768
0.000244962
0.000121762
5.33318e-05
1.29626e-05
4.47984e-06
-9.16994e-06
-2.75785e-05
-8.5066e-05
-0.000180517
-0.000332707
-0.000537257
-0.000791919
-0.00108836
-0.00140502
-0.00173147
-0.00203465
-0.00230578
-0.00251183
-0.0026496
-0.00269751
-0.00266009
-0.00253462
-0.0023325
-0.00207055
-0.00176318
-0.00144042
-0.00111428
-0.000816732
-0.000552974
-0.000344458
-0.000188661
-8.69801e-05
-3.31877e-05
-4.83907e-06
-4.5564e-07
2.36267e-05
5.37857e-05
0.000147507
0.000267635
0.000476374
0.000710269
0.00102854
0.00134655
0.00171606
0.00204397
0.00237316
0.00261955
0.00281706
0.00290817
0.00291689
0.00282494
0.00264319
0.00239687
0.00207859
0.00175167
0.00138573
0.00106874
0.000745869
0.000512086
0.000292088
0.00017153
6.38606e-05
3.33077e-05
-1.93799e-06
-8.16597e-06
-4.94226e-05
-0.000121395
-0.000250104
-0.000453527
-0.000713507
-0.00105823
-0.00143835
-0.00187892
-0.00232091
-0.00277615
-0.00319753
-0.00357896
-0.0039026
-0.00414565
-0.00432544
-0.00441008
-0.00443915
-0.00438852
-0.00436714
0.00317325
0.00316735
0.00314117
0.00310036
0.00301621
0.00290776
0.00273382
0.00254502
0.00227846
0.00202078
0.00169737
0.00141284
0.00109306
0.000834631
0.000575609
0.000385741
0.000221587
0.000117528
4.88633e-05
1.46864e-05
3.41985e-06
-8.12061e-06
-2.87904e-05
-7.73225e-05
-0.00017151
-0.000300364
-0.000498165
-0.000714506
-0.000999812
-0.00127052
-0.00158437
-0.00184666
-0.00210764
-0.00229107
-0.00242458
-0.00247649
-0.00244235
-0.0023473
-0.00215509
-0.00194078
-0.00164678
-0.00137401
-0.00106046
-0.000800686
-0.000545063
-0.000354182
-0.000200516
-9.90967e-05
-4.26968e-05
-1.05565e-05
-2.4834e-06
1.02042e-05
4.05323e-05
9.01043e-05
0.000203246
0.000326888
0.0005456
0.000743791
0.00104065
0.00127505
0.00158075
0.00178849
0.00201757
0.00213605
0.0022197
0.00221158
0.00212422
0.00199236
0.00176133
0.00154752
0.00124224
0.00101032
0.000715413
0.000525859
0.000309118
0.000195209
8.26706e-05
3.81808e-05
7.41235e-06
-1.20803e-05
-2.49461e-05
-8.75203e-05
-0.000167304
-0.000332961
-0.000540014
-0.000829232
-0.00117081
-0.00155594
-0.00198724
-0.00240464
-0.00284749
-0.00322012
-0.00358971
-0.00385318
-0.00408795
-0.00421206
-0.00429206
-0.00428342
-0.00424201
-0.00420744
0.00285488
0.00284861
0.00282964
0.0027846
0.00272358
0.00260723
0.00247471
0.00227786
0.00207099
0.00180692
0.00155259
0.00126375
0.00100925
0.000748299
0.000539673
0.000348671
0.000214149
0.000109834
5.06667e-05
1.65106e-05
2.97912e-06
-8.55431e-06
-2.84436e-05
-7.69182e-05
-0.000153061
-0.000281766
-0.000439491
-0.000655582
-0.000883225
-0.00115362
-0.00140618
-0.00166817
-0.00188242
-0.00206564
-0.00218248
-0.00223433
-0.00222015
-0.0021252
-0.00198422
-0.00177015
-0.0015429
-0.00127044
-0.00101896
-0.000759486
-0.000544634
-0.000353974
-0.00021376
-0.000112457
-4.97758e-05
-1.76726e-05
-2.29711e-06
1.03759e-05
2.64787e-05
7.59935e-05
0.000136389
0.000259889
0.000383715
0.000581677
0.000754341
0.000988471
0.00116691
0.00137441
0.00150465
0.00162299
0.00166256
0.00165444
0.0015901
0.0014584
0.00131171
0.00109814
0.000916454
0.000684798
0.000521573
0.000332239
0.000224739
0.000110962
6.49056e-05
2.04915e-05
5.5373e-06
-1.3925e-05
-5.35521e-05
-0.000115753
-0.000240315
-0.00040485
-0.000646245
-0.000933779
-0.00127979
-0.00166331
-0.00206345
-0.00248004
-0.00286324
-0.00323653
-0.00353422
-0.00380006
-0.00396919
-0.00409662
-0.00413157
-0.00412511
-0.0040675
-0.00403317
0.0025741
0.00256957
0.00255695
0.00252049
0.00246423
0.0023657
0.00224141
0.00207191
0.00187478
0.00164574
0.00140234
0.00115079
0.000907262
0.000679176
0.000480234
0.000312466
0.000185825
9.34837e-05
4.10435e-05
1.03882e-05
3.54411e-06
-6.39499e-06
-1.89261e-05
-5.99305e-05
-0.000127571
-0.000237406
-0.000384785
-0.000570553
-0.000787134
-0.00102123
-0.00126407
-0.00149305
-0.00170128
-0.00186453
-0.00198076
-0.00203217
-0.00202312
-0.00194786
-0.00181641
-0.00163647
-0.00142058
-0.00118671
-0.00094554
-0.000718598
-0.000511061
-0.000339965
-0.0002039
-0.000108687
-4.88614e-05
-1.55495e-05
-5.05395e-06
5.72704e-06
1.14161e-05
4.56439e-05
8.78667e-05
0.000177003
0.000275102
0.000421453
0.000563846
0.000738532
0.000887389
0.00104178
0.00114921
0.00123493
0.00126368
0.00125268
0.00119229
0.00108853
0.000959993
0.000797681
0.000644579
0.000473825
0.000343558
0.000209439
0.000132608
5.62315e-05
3.28935e-05
2.26475e-06
-3.38114e-07
-2.71352e-05
-6.58006e-05
-0.000146704
-0.000279017
-0.000459656
-0.000711434
-0.001001
-0.00135366
-0.00172066
-0.00212012
-0.0025044
-0.00287911
-0.00321199
-0.0034949
-0.0037217
-0.00387303
-0.00397076
-0.0039902
-0.00396719
-0.00388535
-0.00384639
0.00231914
0.00231689
0.00230273
0.00227766
0.00221746
0.00214377
0.00201493
0.00188321
0.00168314
0.00150148
0.00125725
0.00105515
0.000812249
0.000627123
0.000429209
0.000291671
0.000165719
8.90161e-05
3.65721e-05
1.05277e-05
3.15868e-06
-4.68373e-06
-1.75814e-05
-4.87774e-05
-0.000115931
-0.000201468
-0.000346795
-0.000493526
-0.000706869
-0.00089423
-0.00113342
-0.00131993
-0.00152513
-0.00166269
-0.00177747
-0.00182831
-0.00181986
-0.00176997
-0.001641
-0.00150502
-0.00129275
-0.00110856
-0.000871084
-0.000686014
-0.000481247
-0.000335317
-0.000200569
-0.000113172
-5.33214e-05
-1.84378e-05
-7.27055e-06
1.07438e-06
7.11031e-06
2.16343e-05
6.30494e-05
0.000107899
0.000203716
0.000283555
0.00042254
0.000520627
0.00066586
0.000751809
0.00085653
0.000900205
0.000928052
0.000913341
0.000854174
0.00078643
0.000660866
0.000564602
0.000415249
0.000322979
0.000196061
0.000133106
5.82631e-05
3.00961e-05
6.79243e-06
-5.73625e-06
-9.4315e-06
-4.59467e-05
-8.6089e-05
-0.000191716
-0.000324532
-0.000526667
-0.000777172
-0.00106994
-0.00141982
-0.00176551
-0.00216175
-0.00250343
-0.00287584
-0.00315462
-0.00343707
-0.00361059
-0.00376341
-0.00381977
-0.00384103
-0.00379552
-0.00371855
-0.00367366
0.00209727
0.00209476
0.00207854
0.00205042
0.00200294
0.00192353
0.00182145
0.00168389
0.00152811
0.00134186
0.00115188
0.000946781
0.000756299
0.000569551
0.000411828
0.000273711
0.000169636
9.29344e-05
4.37365e-05
1.77861e-05
2.58177e-06
-5.25947e-06
-2.27087e-05
-5.38823e-05
-0.0001089
-0.000194359
-0.000305933
-0.000452529
-0.000614169
-0.000801358
-0.000983071
-0.00116941
-0.00132766
-0.0014651
-0.00155796
-0.00160876
-0.00161074
-0.0015609
-0.00147194
-0.00133609
-0.00118139
-0.00099737
-0.000818166
-0.000633266
-0.000472092
-0.000326297
-0.000212333
-0.000125016
-6.52153e-05
-3.03639e-05
-9.66256e-06
-1.32531e-06
8.43392e-06
2.29445e-05
4.92693e-05
9.4078e-05
0.000151142
0.000230908
0.000313306
0.000411302
0.000496811
0.00058268
0.000642654
0.000686288
0.000698944
0.000684246
0.000644794
0.000577112
0.000500098
0.000403922
0.000316597
0.000224412
0.000153942
9.10454e-05
5.11382e-05
2.29971e-05
5.72788e-06
-6.78779e-06
-3.09436e-05
-6.7275e-05
-0.000139684
-0.000244607
-0.000399938
-0.000600905
-0.000848323
-0.00114004
-0.0014572
-0.00180265
-0.00214289
-0.00248569
-0.00279212
-0.00307373
-0.00329634
-0.00347419
-0.00358607
-0.00364704
-0.00364919
-0.00360627
-0.0035561
-0.00351144
0.00189726
0.00189484
0.00189089
0.00186255
0.00182803
0.00174837
0.00166697
0.00153069
0.00139964
0.00121671
0.00105375
0.000853314
0.000688911
0.000506858
0.00037085
0.000236274
0.000147838
7.30073e-05
3.45728e-05
9.1479e-06
3.17268e-06
-4.40097e-06
-1.04774e-05
-4.02825e-05
-7.87265e-05
-0.000160611
-0.000249014
-0.000389814
-0.000524105
-0.000704242
-0.000859635
-0.00103935
-0.00117861
-0.00131166
-0.00139796
-0.00144791
-0.00145772
-0.00141083
-0.00134207
-0.00121215
-0.00108464
-0.000907873
-0.000756043
-0.000577821
-0.000438409
-0.000297307
-0.000196861
-0.000111793
-5.86905e-05
-2.42556e-05
-8.19945e-06
1.80825e-07
1.30711e-06
1.4809e-05
2.38336e-05
6.56036e-05
9.55591e-05
0.000170264
0.000219003
0.000310955
0.000363106
0.000443638
0.000478807
0.00051949
0.00052274
0.000508477
0.000478057
0.000414105
0.000362619
0.000272292
0.000220556
0.000134508
0.000100733
4.24505e-05
3.16511e-05
5.47524e-06
4.06643e-06
-9.14755e-06
-3.17111e-05
-7.02204e-05
-0.000152197
-0.000258847
-0.00042692
-0.000627304
-0.000880842
-0.00116893
-0.00147916
-0.00181852
-0.00213823
-0.002474
-0.00274998
-0.00302549
-0.00321319
-0.00338735
-0.00346595
-0.00352588
-0.00350451
-0.00346192
-0.00336966
-0.00332517
0.00172651
0.00172538
0.00172046
0.0016996
0.00166158
0.00159865
0.00151291
0.00140266
0.00126776
0.00111826
0.000952485
0.000787682
0.000621461
0.000470926
0.000333923
0.00022175
0.000132932
6.96502e-05
3.11474e-05
8.9858e-06
3.01084e-06
-3.13824e-06
-9.20473e-06
-3.17226e-05
-7.01358e-05
-0.000133639
-0.000221973
-0.000333002
-0.000467186
-0.000611139
-0.000766409
-0.000912181
-0.00105133
-0.00116198
-0.00124821
-0.00129388
-0.00130368
-0.00127209
-0.00120338
-0.00110399
-0.000976583
-0.000837027
-0.000685317
-0.000541341
-0.000402039
-0.000284943
-0.000184576
-0.000110943
-5.78832e-05
-2.54991e-05
-9.45563e-06
-8.19618e-07
3.05774e-07
8.58627e-06
1.76037e-05
4.36477e-05
7.35796e-05
0.00012211
0.000170811
0.000231517
0.000283627
0.000336562
0.000371703
0.000397112
0.00040036
0.000388318
0.000357921
0.000313224
0.000261779
0.000201683
0.000149988
9.56927e-05
6.1944e-05
2.75614e-05
1.67706e-05
7.68142e-07
-6.39305e-07
-1.77399e-05
-4.02499e-05
-9.10259e-05
-0.000172758
-0.000289855
-0.000457508
-0.000656378
-0.000909618
-0.00117908
-0.00148953
-0.00179463
-0.0021154
-0.00240792
-0.00268604
-0.00291814
-0.00310914
-0.00324783
-0.00333035
-0.00336779
-0.00334968
-0.00329919
-0.00320792
-0.0031633
0.00156846
0.00156852
0.001563
0.00154875
0.00150774
0.00146
0.00137044
0.00128409
0.00114579
0.00102709
0.000858876
0.000726903
0.000559176
0.00043765
0.000299821
0.0002083
0.000119128
6.65413e-05
2.79753e-05
8.83569e-06
2.86096e-06
-1.96886e-06
-8.02619e-06
-2.37957e-05
-6.21803e-05
-0.000108662
-0.000196931
-0.00028039
-0.000414476
-0.00052492
-0.000680076
-0.000794413
-0.000933455
-0.00102336
-0.00110953
-0.00115125
-0.00116104
-0.00114361
-0.00107495
-0.00100383
-0.000876512
-0.00077142
-0.00061982
-0.000507557
-0.000368357
-0.000273493
-0.0001732
-0.000110157
-5.71355e-05
-2.66507e-05
-1.06189e-05
-1.74609e-06
-6.21523e-07
2.8236e-06
1.18344e-05
2.33152e-05
5.32252e-05
7.75176e-05
0.000126182
0.000157952
0.000210024
0.000237403
0.000272518
0.000283782
0.000287028
0.000277043
0.000246669
0.000219802
0.000168394
0.000136294
8.46379e-05
5.97472e-05
2.60233e-05
1.37732e-05
2.99022e-06
-3.59092e-06
-4.99711e-06
-2.5697e-05
-4.81574e-05
-0.000110293
-0.000191798
-0.000318571
-0.000485835
-0.000683302
-0.000936266
-0.00118847
-0.00149913
-0.00177244
-0.00209426
-0.00234658
-0.00262683
-0.00281852
-0.00301278
-0.00311826
-0.00320478
-0.00322083
-0.00320594
-0.00314779
-0.00305818
-0.00301346
0.00143847
0.00143837
0.00142882
0.00141275
0.00137864
0.00132752
0.00125347
0.00116378
0.00105161
0.000930348
0.000794525
0.000660897
0.000524931
0.000402508
0.000289403
0.000197542
0.000122049
6.94241e-05
3.30606e-05
1.39694e-05
3.21019e-06
-1.60077e-06
-1.10276e-05
-2.67232e-05
-5.92154e-05
-0.000105622
-0.000174995
-0.000258327
-0.000362311
-0.000472594
-0.000593087
-0.000707267
-0.000816385
-0.000906178
-0.000975846
-0.00101753
-0.00102922
-0.00101183
-0.000962924
-0.000891924
-0.000796381
-0.000691449
-0.000574637
-0.000462531
-0.000352222
-0.000257478
-0.000174497
-0.000111524
-6.35979e-05
-3.31386e-05
-1.41781e-05
-5.31059e-06
-1.31354e-07
3.29905e-06
1.10354e-05
2.24712e-05
4.26241e-05
6.68381e-05
9.87743e-05
0.000130449
0.000164285
0.000191579
0.000213891
0.000225112
0.000226242
0.00021627
0.000195573
0.00016877
0.000135126
0.00010312
7.02368e-05
4.54383e-05
2.40117e-05
1.18265e-05
2.18622e-06
-4.36633e-06
-1.55759e-05
-3.62848e-05
-7.38731e-05
-0.000135947
-0.00022766
-0.00035413
-0.000516911
-0.000714002
-0.000944044
-0.00119618
-0.00146849
-0.00174242
-0.00201798
-0.00227184
-0.00250759
-0.00270191
-0.00286247
-0.00297158
-0.00304046
-0.00306037
-0.003042
-0.00298605
-0.00293063
-0.00288609
0.00131807
0.00131782
0.00131383
0.0012962
0.00127016
0.00121618
0.00115649
0.00106392
0.000971721
0.000848147
0.000735702
0.000600457
0.00048743
0.000364001
0.000269597
0.000177222
0.00011388
6.10749e-05
3.05133e-05
1.1387e-05
3.06533e-06
-1.74451e-06
-7.34974e-06
-2.30303e-05
-4.59294e-05
-9.23068e-05
-0.000144656
-0.000227936
-0.000308958
-0.000419171
-0.00051527
-0.000629378
-0.000718614
-0.000808351
-0.000867967
-0.000909623
-0.000923896
-0.000906518
-0.000872111
-0.000801156
-0.000728045
-0.000623179
-0.000530896
-0.000418861
-0.000329542
-0.000234858
-0.000165803
-0.00010287
-6.14288e-05
-3.09887e-05
-1.36381e-05
-4.77619e-06
-4.91362e-07
2.93688e-06
6.66708e-06
1.80957e-05
2.9345e-05
5.35437e-05
7.27288e-05
0.000104383
0.000125068
0.000152345
0.000165472
0.000176686
0.000175986
0.00016602
0.000151752
0.000124966
0.000103923
7.19365e-05
5.35e-05
2.87172e-05
1.87118e-05
6.53428e-06
1.85113e-06
-4.69728e-06
-1.80009e-05
-3.86936e-05
-8.25998e-05
-0.000144581
-0.00024111
-0.000367405
-0.00052731
-0.000724333
-0.000940263
-0.00119273
-0.00144036
-0.00171525
-0.00195969
-0.00221527
-0.00241923
-0.00261613
-0.00274979
-0.00286217
-0.00291264
-0.0029358
-0.00290941
-0.00285524
-0.0027874
-0.00274305
0.00121218
0.00121206
0.0012128
0.00119596
0.00117401
0.00112201
0.0010697
0.000980893
0.000898681
0.000780659
0.000679946
0.000551162
0.000449832
0.00033245
0.000247853
0.000159957
0.000103464
5.30722e-05
2.66451e-05
8.24353e-06
2.83889e-06
-1.75035e-06
-3.57021e-06
-1.80421e-05
-3.44828e-05
-7.75253e-05
-0.000119892
-0.000197554
-0.00026599
-0.000369136
-0.000452371
-0.000559547
-0.000638616
-0.000723344
-0.000778079
-0.000818019
-0.000833987
-0.000818659
-0.000792055
-0.000726325
-0.000665058
-0.00056716
-0.000487824
-0.000382738
-0.000304668
-0.000215433
-0.000154196
-9.44868e-05
-5.7253e-05
-2.8018e-05
-1.25119e-05
-3.76648e-06
-9.67551e-07
2.25012e-06
3.02906e-06
1.32653e-05
1.92735e-05
4.10953e-05
5.32985e-05
8.19434e-05
9.56137e-05
0.000120279
0.00012852
0.000138539
0.000136784
0.000127553
0.000116569
9.21905e-05
7.78129e-05
4.89639e-05
3.84711e-05
1.63283e-05
1.30869e-05
2.09911e-06
1.15052e-06
-5.86898e-06
-1.88909e-05
-4.095e-05
-8.69063e-05
-0.000149627
-0.000248043
-0.000372775
-0.00053128
-0.000723487
-0.000932592
-0.00117725
-0.00141262
-0.00167804
-0.00190673
-0.00215307
-0.0023406
-0.00253036
-0.00264949
-0.00275797
-0.00279758
-0.00282002
-0.00278816
-0.00273545
-0.0026524
-0.00260909
0.00112311
0.00112345
0.00112367
0.00111031
0.00108652
0.00104286
0.000988288
0.000912778
0.000828571
0.000727853
0.000625678
0.000515557
0.00041328
0.000312633
0.000227516
0.000151743
9.50468e-05
5.10985e-05
2.46331e-05
8.14709e-06
2.74262e-06
-1.27315e-06
-3.09007e-06
-1.44164e-05
-3.0848e-05
-6.53702e-05
-0.000107714
-0.000171027
-0.000239426
-0.00032453
-0.00040772
-0.000497203
-0.000576229
-0.000648182
-0.000702887
-0.000738465
-0.000754425
-0.000744344
-0.000717754
-0.000665374
-0.000604141
-0.000524039
-0.000444745
-0.000357399
-0.000279371
-0.000204037
-0.000142833
-9.13454e-05
-5.41318e-05
-2.79626e-05
-1.24649e-05
-4.00989e-06
-1.21247e-06
1.4677e-06
2.24622e-06
9.43131e-06
1.54362e-05
3.11771e-05
4.33737e-05
6.43195e-05
7.79824e-05
9.59681e-05
0.000104204
0.000111165
0.000109412
0.000102058
9.10799e-05
7.28594e-05
5.84896e-05
3.76665e-05
2.71794e-05
1.17931e-05
8.55336e-06
6.09378e-07
-3.38692e-07
-8.57433e-06
-2.1589e-05
-4.72606e-05
-9.31668e-05
-0.000157978
-0.000256286
-0.000377087
-0.000535569
-0.000715002
-0.000924424
-0.00114773
-0.00138396
-0.00162256
-0.00185277
-0.00207155
-0.00226133
-0.00242755
-0.00254962
-0.00264202
-0.0026848
-0.00269974
-0.00267036
-0.0026183
-0.00253596
-0.00249503
0.00104062
0.00104139
0.00104113
0.00103099
0.0010055
0.000969567
0.000912896
0.000849699
0.000763645
0.000678952
0.000575422
0.000482585
0.00037943
0.000294282
0.000208683
0.000144137
8.72522e-05
4.92708e-05
2.27699e-05
8.05777e-06
2.65347e-06
-8.31241e-07
-2.64543e-06
-1.10587e-05
-2.74819e-05
-5.41138e-05
-9.64364e-05
-0.000146461
-0.000214826
-0.000283222
-0.00036637
-0.000439469
-0.000518455
-0.000578578
-0.000633255
-0.000664793
-0.000680744
-0.000675524
-0.000648947
-0.000608931
-0.000547729
-0.000484105
-0.000404851
-0.000333933
-0.000255944
-0.000193484
-0.00013231
-8.84363e-05
-5.12413e-05
-2.79113e-05
-1.24214e-05
-4.2353e-06
-1.43928e-06
7.4313e-07
1.52126e-06
5.88079e-06
1.18827e-05
2.19922e-05
3.41828e-05
4.79986e-05
6.16547e-05
7.34545e-05
8.16865e-05
8.58154e-05
8.4063e-05
7.84482e-05
6.74754e-05
5.49576e-05
4.0595e-05
2.72045e-05
1.67227e-05
7.59319e-06
4.35507e-06
-7.70203e-07
-1.7178e-06
-1.10796e-05
-2.40877e-05
-5.31046e-05
-9.89644e-05
-0.000165711
-0.00026392
-0.000381079
-0.000539541
-0.000707144
-0.00091686
-0.00112038
-0.00135742
-0.00157118
-0.0018028
-0.00199605
-0.00218791
-0.00233235
-0.00245712
-0.00253464
-0.00258035
-0.00258835
-0.00256127
-0.00250982
-0.00242814
-0.00238941
0.000965212
0.000966313
0.000965729
0.000958022
0.000931579
0.000901843
0.00084421
0.000791236
0.000704699
0.000633512
0.00053009
0.000451879
0.000349204
0.000277178
0.000192129
0.000137097
8.06082e-05
4.76861e-05
2.13169e-05
8.10326e-06
2.61451e-06
-4.12555e-07
-2.32038e-06
-8.20861e-06
-2.4509e-05
-4.43516e-05
-8.61433e-05
-0.000124735
-0.000192207
-0.000246225
-0.000328295
-0.000387296
-0.000465289
-0.000515231
-0.000569272
-0.000597333
-0.000613181
-0.000612142
-0.000586022
-0.000556643
-0.00049632
-0.000446877
-0.000368679
-0.000311897
-0.000234877
-0.000183494
-0.000123005
-8.5683e-05
-4.88207e-05
-2.79341e-05
-1.24929e-05
-4.53848e-06
-1.66329e-06
9.08075e-08
9.10131e-07
2.83858e-06
8.7438e-06
1.40081e-05
2.59698e-05
3.36512e-05
4.70442e-05
5.35215e-05
6.15879e-05
6.32802e-05
6.15496e-05
5.7431e-05
4.66627e-05
3.90515e-05
2.49711e-05
1.79756e-05
7.69815e-06
3.95204e-06
7.15957e-07
-1.9841e-06
-3.14883e-06
-1.34793e-05
-2.67641e-05
-5.86806e-05
-0.000104631
-0.000173075
-0.00027094
-0.000384956
-0.000542617
-0.00069995
-0.000908664
-0.00109498
-0.0013312
-0.00152331
-0.00175468
-0.00192563
-0.00211815
-0.00224348
-0.00236998
-0.00243438
-0.00248255
-0.00248438
-0.00245957
-0.00240857
-0.00232931
-0.0022925
0.000906162
0.000907193
0.000904292
0.000895751
0.000872551
0.000841274
0.000790895
0.000736369
0.000661487
0.000589084
0.000499892
0.000420875
0.000332214
0.000259742
0.000185841
0.000130638
8.07225e-05
4.7789e-05
2.31868e-05
9.99813e-06
3.13176e-06
1.09575e-07
-3.14678e-06
-9.03357e-06
-2.35064e-05
-4.33405e-05
-7.84388e-05
-0.000117013
-0.00017322
-0.000227215
-0.00029568
-0.000354656
-0.000420129
-0.00047005
-0.000516083
-0.000544132
-0.000558733
-0.000557694
-0.000537377
-0.000508012
-0.000458816
-0.000409394
-0.000344547
-0.000287788
-0.000222978
-0.000171617
-0.000119721
-8.24142e-05
-4.96861e-05
-2.88084e-05
-1.39157e-05
-5.96468e-06
-2.04013e-06
-2.86788e-07
1.07469e-06
3.00232e-06
7.67934e-06
1.29414e-05
2.19841e-05
2.96622e-05
3.96978e-05
4.61724e-05
5.21216e-05
5.38132e-05
5.23581e-05
4.82413e-05
4.00807e-05
3.24727e-05
2.1996e-05
1.50035e-05
7.33525e-06
3.59075e-06
3.62957e-07
-2.33594e-06
-6.34055e-06
-1.66666e-05
-3.40845e-05
-6.59774e-05
-0.000114106
-0.000182458
-0.000276722
-0.000390662
-0.000536686
-0.000694187
-0.000883675
-0.00107063
-0.00128278
-0.00147612
-0.0016826
-0.00185541
-0.00202659
-0.00215441
-0.00226673
-0.00233401
-0.00237673
-0.00238122
-0.00235805
-0.00230841
-0.00224937
-0.00221266
0.00085145
0.000852417
0.000847747
0.000838437
0.00081821
0.000785514
0.000741794
0.000685837
0.000621629
0.000548103
0.000471938
0.000392177
0.000316347
0.00024346
0.000179794
0.000124428
8.05939e-05
4.76454e-05
2.47565e-05
1.15885e-05
3.57406e-06
5.56062e-07
-3.8168e-06
-9.70211e-06
-2.2373e-05
-4.21992e-05
-7.1089e-05
-0.000109648
-0.000155505
-0.000209478
-0.000265495
-0.000324447
-0.000378489
-0.00042839
-0.000467131
-0.000495168
-0.000508652
-0.000507614
-0.000492617
-0.000463263
-0.000424243
-0.000374841
-0.000322201
-0.000265466
-0.000211833
-0.000160493
-0.000116489
-7.91974e-05
-5.03092e-05
-2.94399e-05
-1.51222e-05
-7.17442e-06
-2.36151e-06
-6.0886e-07
1.19558e-06
3.12243e-06
6.65042e-06
1.19104e-05
1.8282e-05
2.59571e-05
3.29322e-05
3.94042e-05
4.3424e-05
4.51149e-05
4.39066e-05
3.97915e-05
3.40023e-05
2.63973e-05
1.92097e-05
1.222e-05
6.95753e-06
3.21452e-06
5.42724e-08
-2.64355e-06
-9.14395e-06
-1.94659e-05
-4.05704e-05
-7.24419e-05
-0.000122465
-0.000190734
-0.000281605
-0.000395482
-0.000530796
-0.00068846
-0.000860343
-0.0010479
-0.00123805
-0.00143253
-0.00161626
-0.00179078
-0.00194245
-0.00207255
-0.0021719
-0.00224183
-0.00227954
-0.00228647
-0.0022648
-0.00221642
-0.00217441
-0.00213781
0.000800329
0.000801235
0.000799931
0.000789972
0.000773046
0.000739168
0.000701219
0.000644074
0.000587735
0.000513249
0.000446282
0.000365836
0.000299169
0.000225839
0.000169876
0.000114268
7.57689e-05
4.27218e-05
2.28047e-05
9.61046e-06
3.18342e-06
1.63296e-07
-2.42863e-06
-8.30989e-06
-1.75038e-05
-3.73226e-05
-6.0278e-05
-9.8823e-05
-0.000136648
-0.000190602
-0.000237867
-0.000296798
-0.000343306
-0.000393188
-0.000427451
-0.000455478
-0.000468654
-0.000467616
-0.000456506
-0.000427162
-0.000395172
-0.000345788
-0.000301566
-0.000244852
-0.000199171
-0.000147849
-0.000109963
-7.26851e-05
-4.75661e-05
-2.67045e-05
-1.41709e-05
-6.22604e-06
-2.14477e-06
-3.92774e-07
7.20303e-07
2.64645e-06
4.89341e-06
1.01514e-05
1.46457e-05
2.23179e-05
2.73664e-05
3.3836e-05
3.66492e-05
3.83395e-05
3.72055e-05
3.30919e-05
2.86892e-05
2.10871e-05
1.60478e-05
9.06069e-06
5.83155e-06
2.08992e-06
1.07817e-07
-2.58901e-06
-8.90177e-06
-1.92199e-05
-4.03952e-05
-7.2255e-05
-0.000121145
-0.000189405
-0.000276229
-0.000390177
-0.000517374
-0.00067533
-0.000835086
-0.00102327
-0.00119865
-0.00139414
-0.00156264
-0.00173857
-0.00187688
-0.00200877
-0.00209832
-0.00217031
-0.00220246
-0.00221131
-0.00218853
-0.00214117
-0.00208974
-0.00205325
0.000752988
0.000753838
0.000755651
0.000745091
0.00073122
0.00069625
0.000663644
0.000605399
0.000556346
0.000480972
0.000422523
0.000341443
0.00028326
0.000209522
0.000160691
0.00010486
7.13006e-05
3.81623e-05
2.09971e-05
7.77866e-06
2.82166e-06
-2.00429e-07
-1.1431e-06
-7.02061e-06
-1.29946e-05
-3.28067e-05
-5.02663e-05
-8.87982e-05
-0.000119186
-0.000173121
-0.000212282
-0.000271193
-0.000310724
-0.00036059
-0.000390704
-0.000418722
-0.000431613
-0.000430575
-0.000423065
-0.000393732
-0.00036825
-0.000318883
-0.000282457
-0.000225762
-0.000187445
-0.000136141
-0.000103919
-6.66543e-05
-4.50259e-05
-2.41714e-05
-1.329e-05
-5.34778e-06
-1.94406e-06
-1.92665e-07
2.8017e-07
2.20565e-06
3.26631e-06
8.52254e-06
1.12782e-05
1.89478e-05
2.22122e-05
2.86796e-05
3.03754e-05
3.20651e-05
3.09998e-05
2.68877e-05
2.37691e-05
1.61695e-05
1.31197e-05
6.13496e-06
4.78882e-06
1.04847e-06
1.57403e-07
-2.5385e-06
-8.67749e-06
-1.89921e-05
-4.02329e-05
-7.2082e-05
-0.000119922
-0.000188175
-0.000271249
-0.000385264
-0.000504945
-0.000663171
-0.000811698
-0.00100047
-0.00116216
-0.00135858
-0.00151299
-0.00169022
-0.00181615
-0.00194971
-0.00203018
-0.00210409
-0.00213107
-0.00214172
-0.0021179
-0.00207149
-0.00201134
-0.00197495
0.000723355
0.000724286
0.000726995
0.000717356
0.000703201
0.000670112
0.000637918
0.00058224
0.000534504
0.000462192
0.000405783
0.000327895
0.000271978
0.000201068
0.000154253
0.000100469
6.83693e-05
3.63411e-05
2.00232e-05
7.15785e-06
2.67739e-06
-2.71646e-07
-6.57236e-07
-6.1497e-06
-1.10533e-05
-2.97159e-05
-4.53434e-05
-8.18562e-05
-0.000109763
-0.000161078
-0.000197535
-0.000253786
-0.000290988
-0.000338817
-0.000367546
-0.000394689
-0.000407482
-0.000406959
-0.000400648
-0.000373063
-0.000349753
-0.000302891
-0.000269066
-0.000215003
-0.000179144
-0.000130034
-9.97034e-05
-6.38685e-05
-4.34059e-05
-2.32094e-05
-1.28799e-05
-5.08128e-06
-1.9037e-06
-1.56366e-07
1.0335e-07
1.85278e-06
2.5185e-06
7.31315e-06
9.48982e-06
1.65279e-05
1.9198e-05
2.51273e-05
2.6451e-05
2.79543e-05
2.69121e-05
2.30703e-05
2.03796e-05
1.33892e-05
1.10019e-05
4.67088e-06
3.95155e-06
5.8629e-07
5.84193e-08
-2.7104e-06
-8.79033e-06
-1.95071e-05
-4.07607e-05
-7.29017e-05
-0.000120388
-0.000188186
-0.000270053
-0.000382295
-0.00049966
-0.000654569
-0.000799817
-0.000983959
-0.00114191
-0.00133301
-0.00148388
-0.00165593
-0.00177924
-0.00190849
-0.00198789
-0.00205874
-0.00208627
-0.00209523
-0.0020731
-0.00202668
-0.00196388
-0.00192805
0.000703144
0.000704146
0.000706731
0.000697814
0.000683224
0.000651991
0.000619271
0.000566599
0.000518401
0.000450011
0.000393261
0.000319615
0.000263472
0.000196393
0.00014945
9.84799e-05
6.63288e-05
3.58376e-05
1.95095e-05
7.1286e-06
2.64838e-06
-1.99005e-07
-5.84184e-07
-5.51417e-06
-1.04163e-05
-2.74205e-05
-4.30434e-05
-7.66441e-05
-0.000104543
-0.000152079
-0.000188526
-0.000240941
-0.000278133
-0.000323027
-0.000351747
-0.00037763
-0.000390419
-0.00039064
-0.000384331
-0.000359269
-0.000335965
-0.000292716
-0.000258901
-0.000208634
-0.000172785
-0.000126838
-9.65166e-05
-6.27428e-05
-4.22863e-05
-2.30375e-05
-1.2711e-05
-5.11855e-06
-1.94189e-06
-2.00159e-07
5.94802e-08
1.55473e-06
2.22026e-06
6.34853e-06
8.52456e-06
1.46511e-05
1.73204e-05
2.24729e-05
2.37962e-05
2.50303e-05
2.39885e-05
2.05368e-05
1.78469e-05
1.17358e-05
9.34921e-06
3.96198e-06
3.24285e-06
4.19196e-07
-1.08519e-07
-2.98318e-06
-9.06132e-06
-2.03612e-05
-4.16085e-05
-7.4185e-05
-0.000121653
-0.000188827
-0.000270678
-0.000380422
-0.000497832
-0.000648087
-0.000793514
-0.000971258
-0.00112956
-0.00131348
-0.00146487
-0.00163011
-0.00175413
-0.00187801
-0.00195828
-0.00202586
-0.0020543
-0.00206219
-0.00204077
-0.0019952
-0.0019326
-0.00189766
0.000684427
0.000685494
0.000687965
0.000679718
0.000664724
0.000635211
0.000602003
0.000552114
0.000503488
0.000438731
0.000381664
0.000311946
0.000255595
0.000192062
0.000145003
9.66376e-05
6.44392e-05
3.53713e-05
1.90339e-05
7.10151e-06
2.62152e-06
-1.31734e-07
-5.16534e-07
-4.92563e-06
-9.8264e-06
-2.52948e-05
-4.09134e-05
-7.18173e-05
-9.97085e-05
-0.000143746
-0.000180182
-0.000229046
-0.000266227
-0.000308404
-0.000337116
-0.000361832
-0.000374618
-0.000375528
-0.00036922
-0.000346495
-0.000323197
-0.000283294
-0.000249488
-0.000202736
-0.000166897
-0.000123878
-9.35654e-05
-6.17004e-05
-4.12494e-05
-2.28782e-05
-1.25546e-05
-5.15306e-06
-1.97727e-06
-2.40715e-07
1.88543e-08
1.27872e-06
1.94407e-06
5.45523e-06
7.63067e-06
1.2913e-05
1.55816e-05
2.00148e-05
2.13377e-05
2.23226e-05
2.1281e-05
1.81907e-05
1.55015e-05
1.02046e-05
7.81871e-06
3.30549e-06
2.58656e-06
2.64458e-07
-2.63114e-07
-3.23579e-06
-9.31228e-06
-2.11521e-05
-4.23936e-05
-7.53734e-05
-0.000122824
-0.00018942
-0.000271257
-0.000378687
-0.000496139
-0.000642084
-0.000787677
-0.000959496
-0.00111812
-0.00129538
-0.00144727
-0.0016062
-0.00173088
-0.00184978
-0.00193085
-0.00199542
-0.00202469
-0.00203159
-0.00201083
-0.00196604
-0.00190363
-0.00186952
0.000667094
0.000668222
0.000670587
0.000662959
0.000647593
0.000619671
0.000586012
0.0005387
0.000489677
0.000428286
0.000370925
0.000304845
0.0002483
0.000188052
0.000140884
9.49316e-05
6.26894e-05
3.49394e-05
1.85933e-05
7.07643e-06
2.59664e-06
-6.94374e-08
-4.53886e-07
-4.3806e-06
-9.28011e-06
-2.33262e-05
-3.8941e-05
-6.73473e-05
-9.52316e-05
-0.000136029
-0.000172456
-0.000218031
-0.000255203
-0.000294862
-0.000323567
-0.000347202
-0.000359985
-0.000361532
-0.000355226
-0.000334665
-0.000311373
-0.000274568
-0.000240771
-0.000197274
-0.000161444
-0.000121138
-9.08324e-05
-6.0735e-05
-4.02892e-05
-2.27308e-05
-1.24097e-05
-5.18502e-06
-2.01002e-06
-2.78271e-07
-1.87677e-08
1.02312e-06
1.68831e-06
4.62798e-06
6.80287e-06
1.13035e-05
1.39714e-05
1.77384e-05
1.9061e-05
1.9815e-05
1.87737e-05
1.6018e-05
1.33295e-05
8.78669e-06
6.40137e-06
2.69754e-06
1.97879e-06
1.2116e-07
-4.06279e-07
-3.46972e-06
-9.54468e-06
-2.18845e-05
-4.31207e-05
-7.64739e-05
-0.000123909
-0.00018997
-0.000271792
-0.000377081
-0.000494571
-0.000636525
-0.000782271
-0.000948604
-0.00110753
-0.00127863
-0.00143097
-0.00158405
-0.00170934
-0.00182364
-0.00190546
-0.00196722
-0.00199728
-0.00200326
-0.0019831
-0.00193904
-0.00187681
-0.00184345
0.000651043
0.000652226
0.000654493
0.00064744
0.000631727
0.00060528
0.000571203
0.000526278
0.000476888
0.000418612
0.000360979
0.000298268
0.000241545
0.000184339
0.00013707
9.33517e-05
6.10689e-05
3.45395e-05
1.81854e-05
7.0532e-06
2.57361e-06
-1.17468e-08
-3.95869e-07
-3.87587e-06
-8.77421e-06
-2.15033e-05
-3.71143e-05
-6.32079e-05
-9.10856e-05
-0.000128882
-0.000165301
-0.00020783
-0.000244993
-0.000282321
-0.000311019
-0.000333654
-0.000346434
-0.000348572
-0.000342267
-0.000323709
-0.000300423
-0.000266488
-0.000232699
-0.000192216
-0.000156395
-0.0001186
-8.83015e-05
-5.9841e-05
-3.93999e-05
-2.25942e-05
-1.22755e-05
-5.21461e-06
-2.04036e-06
-3.13051e-07
-5.36081e-08
7.86421e-07
1.45145e-06
3.86189e-06
6.03627e-06
9.81297e-06
1.24803e-05
1.56304e-05
1.69526e-05
1.74929e-05
1.64518e-05
1.4006e-05
1.1318e-05
7.47359e-06
5.08883e-06
2.13454e-06
1.41596e-06
-1.15425e-08
-5.38859e-07
-3.68636e-06
-9.7599e-06
-2.25628e-05
-4.37939e-05
-7.74931e-05
-0.000124913
-0.000190479
-0.000272288
-0.000375593
-0.000493119
-0.000631377
-0.000777266
-0.000938518
-0.00109773
-0.00126311
-0.00141587
-0.00156355
-0.0016894
-0.00179943
-0.00188194
-0.00194112
-0.00197189
-0.00197702
-0.00195743
-0.00191404
-0.00185197
-0.00181931
0.000636179
0.000637414
0.00063959
0.000633068
0.000617035
0.000591953
0.000557489
0.000514774
0.000465045
0.000409654
0.000351769
0.000292178
0.000235289
0.0001809
0.000133538
9.18886e-05
5.95682e-05
3.41692e-05
1.78076e-05
7.03169e-06
2.55227e-06
4.16783e-08
-3.42142e-07
-3.40846e-06
-8.30572e-06
-1.98151e-05
-3.54228e-05
-5.93746e-05
-8.72462e-05
-0.000122264
-0.000158674
-0.000198383
-0.000235538
-0.000270708
-0.0002994
-0.000321108
-0.000333885
-0.00033657
-0.000330267
-0.000313564
-0.000290283
-0.000259005
-0.000225223
-0.000187532
-0.000151718
-0.000116249
-8.59577e-05
-5.90131e-05
-3.85764e-05
-2.24678e-05
-1.21513e-05
-5.24202e-06
-2.06845e-06
-3.45259e-07
-8.58725e-08
5.6722e-07
1.2321e-06
3.15245e-06
5.32636e-06
8.43264e-06
1.10994e-05
1.36782e-05
1.50002e-05
1.53425e-05
1.43016e-05
1.21427e-05
9.45535e-06
6.25758e-06
3.87333e-06
1.61317e-06
8.94744e-07
-1.34433e-07
-6.61635e-07
-3.88698e-06
-9.95921e-06
-2.3191e-05
-4.44175e-05
-7.84369e-05
-0.000125843
-0.00019095
-0.000272748
-0.000374216
-0.000491775
-0.00062661
-0.00077263
-0.000929177
-0.00108865
-0.00124874
-0.00140189
-0.00154456
-0.00167094
-0.00177701
-0.00186016
-0.00191694
-0.00194838
-0.00195272
-0.00193365
-0.00189088
-0.00182896
-0.00179696
0.000622413
0.000623696
0.000625788
0.000619759
0.000603429
0.000579611
0.00054479
0.000504121
0.000454077
0.000401357
0.00034324
0.000286538
0.000229496
0.000177715
0.000130267
9.05337e-05
5.81785e-05
3.38262e-05
1.74578e-05
7.01177e-06
2.53252e-06
9.11532e-08
-2.92388e-07
-2.97561e-06
-7.87186e-06
-1.82517e-05
-3.38563e-05
-5.58246e-05
-8.36907e-05
-0.000116135
-0.000152538
-0.000189634
-0.000226782
-0.000259953
-0.000288639
-0.00030949
-0.000322264
-0.000325455
-0.000319153
-0.000304169
-0.000280893
-0.000252075
-0.0002183
-0.000183195
-0.000147388
-0.000114073
-8.37872e-05
-5.82464e-05
-3.78139e-05
-2.23506e-05
-1.20363e-05
-5.2674e-06
-2.09447e-06
-3.75086e-07
-1.15751e-07
3.64226e-07
1.02898e-06
2.49546e-06
4.66894e-06
7.15437e-06
9.82057e-06
1.18703e-05
1.3192e-05
1.3351e-05
1.23104e-05
1.04172e-05
7.73038e-06
5.13148e-06
2.7477e-06
1.13035e-06
4.12065e-07
-2.48238e-07
-7.75334e-07
-4.07276e-06
-1.01438e-05
-2.37727e-05
-4.49949e-05
-7.9311e-05
-0.000126705
-0.000191387
-0.000273173
-0.00037294
-0.000490529
-0.000622195
-0.000768337
-0.000920527
-0.00108024
-0.00123543
-0.00138894
-0.00152697
-0.00165383
-0.00175625
-0.00183998
-0.00189455
-0.00192661
-0.00193022
-0.00191163
-0.00186944
-0.00180766
-0.00177626
0.00062122
0.000622459
0.000623903
0.000617388
0.000601735
0.000577124
0.000543298
0.000501946
0.000452988
0.00039983
0.000342728
0.000285806
0.000229574
0.000177719
0.000130779
9.10507e-05
5.88611e-05
3.45331e-05
1.80141e-05
7.57686e-06
2.73158e-06
2.94418e-07
-5.08765e-07
-3.15126e-06
-8.35391e-06
-1.86201e-05
-3.4303e-05
-5.60712e-05
-8.37589e-05
-0.000115942
-0.000151969
-0.000188801
-0.000225503
-0.00025847
-0.000286795
-0.000307557
-0.000320178
-0.000323419
-0.000317219
-0.000302408
-0.000279446
-0.000250877
-0.000217511
-0.000182668
-0.000147226
-0.00011413
-8.40523e-05
-5.86549e-05
-3.82323e-05
-2.28357e-05
-1.23739e-05
-5.62009e-06
-2.23954e-06
-5.20823e-07
-9.88279e-08
3.63911e-07
1.08282e-06
2.50407e-06
4.62808e-06
7.05156e-06
9.62813e-06
1.16251e-05
1.28971e-05
1.30379e-05
1.20322e-05
1.01657e-05
7.57399e-06
5.03488e-06
2.71751e-06
1.16415e-06
3.7352e-07
-2.50109e-07
-1.05829e-06
-4.36232e-06
-1.09048e-05
-2.45708e-05
-4.63313e-05
-8.0673e-05
-0.000128452
-0.000193099
-0.000274899
-0.000374563
-0.000491651
-0.000623221
-0.000768317
-0.000920531
-0.00107873
-0.00123417
-0.00138587
-0.00152445
-0.00164943
-0.00175278
-0.00183481
-0.00189067
-0.00192139
-0.00192642
-0.00190711
-0.0018658
-0.00180861
-0.00177735
0.000621345
0.000622585
0.000622991
0.000616464
0.000600803
0.000576161
0.000542502
0.00050111
0.000452538
0.000399346
0.000342735
0.000285793
0.000230015
0.000178154
0.000131508
9.1784e-05
5.96488e-05
3.5331e-05
1.86077e-05
8.1784e-06
2.93779e-06
5.02508e-07
-7.38234e-07
-3.38058e-06
-8.89844e-06
-1.91628e-05
-3.49275e-05
-5.66918e-05
-8.41951e-05
-0.000116373
-0.00015201
-0.000188835
-0.000225076
-0.000258037
-0.000285989
-0.000306747
-0.00031921
-0.000322451
-0.000316356
-0.000301547
-0.00027891
-0.000250346
-0.000217405
-0.000182568
-0.000147504
-0.000114413
-8.45504e-05
-5.91573e-05
-3.87447e-05
-2.33507e-05
-1.27359e-05
-5.98325e-06
-2.38732e-06
-6.68898e-07
-7.82048e-08
3.84454e-07
1.15954e-06
2.58055e-06
4.6533e-06
7.07637e-06
9.56004e-06
1.15567e-05
1.27772e-05
1.2918e-05
1.19485e-05
1.00823e-05
7.58916e-06
5.05048e-06
2.80194e-06
1.24884e-06
3.83173e-07
-2.40349e-07
-1.34004e-06
-4.64351e-06
-1.16751e-05
-2.53388e-05
-4.76616e-05
-8.19956e-05
-0.00013019
-0.000194815
-0.000276675
-0.000376316
-0.000493009
-0.000624575
-0.000768866
-0.00092111
-0.00107825
-0.00123375
-0.00138435
-0.00152301
-0.00164709
-0.00175054
-0.00183208
-0.00188804
-0.00191881
-0.0019239
-0.00190495
-0.00186367
-0.00181177
-0.00178052
0.000621462
0.000622701
0.000622146
0.000615608
0.00059994
0.000575269
0.000541766
0.000500336
0.000452122
0.000398898
0.000342742
0.000285781
0.000230424
0.000178556
0.000132183
9.2463e-05
6.03782e-05
3.60699e-05
1.91574e-05
8.73546e-06
3.12876e-06
6.95212e-07
-9.50736e-07
-3.59294e-06
-9.40271e-06
-1.96655e-05
-3.55057e-05
-5.72666e-05
-8.45991e-05
-0.000116772
-0.000152048
-0.000188867
-0.000224681
-0.000257637
-0.000285243
-0.000305998
-0.000318313
-0.000321553
-0.000315557
-0.00030075
-0.000278414
-0.000249855
-0.000217307
-0.000182475
-0.000147761
-0.000114676
-8.50116e-05
-5.96226e-05
-3.92192e-05
-2.38276e-05
-1.30711e-05
-6.31956e-06
-2.52418e-06
-8.06025e-07
-5.91064e-08
4.03479e-07
1.23059e-06
2.65137e-06
4.67666e-06
7.09935e-06
9.49699e-06
1.14933e-05
1.26662e-05
1.28069e-05
1.18709e-05
1.0005e-05
7.6032e-06
5.06493e-06
2.88012e-06
1.32727e-06
3.92113e-07
-2.3131e-07
-1.60097e-06
-4.9039e-06
-1.23885e-05
-2.60499e-05
-4.88935e-05
-8.32204e-05
-0.0001318
-0.000196405
-0.00027832
-0.00037794
-0.000494266
-0.000625829
-0.000769375
-0.000921646
-0.0010778
-0.00123336
-0.00138293
-0.00152167
-0.00164492
-0.00174846
-0.00182955
-0.00188561
-0.00191641
-0.00192156
-0.00190295
-0.0018617
-0.00181471
-0.00178346
0.00062157
0.000622809
0.000621364
0.000614815
0.000599141
0.000574443
0.000541084
0.000499619
0.000451736
0.000398482
0.000342748
0.000285769
0.000230802
0.000178929
0.000132808
9.30918e-05
6.10536e-05
3.67542e-05
1.96665e-05
9.25134e-06
3.30561e-06
8.73668e-07
-1.14753e-06
-3.78961e-06
-9.8697e-06
-2.01309e-05
-3.60412e-05
-5.77989e-05
-8.49732e-05
-0.000117141
-0.000152083
-0.000188897
-0.000224315
-0.000257266
-0.000284551
-0.000305303
-0.000317483
-0.000320723
-0.000314817
-0.000300012
-0.000277955
-0.0002494
-0.000217216
-0.000182389
-0.000147998
-0.000114918
-8.54388e-05
-6.00535e-05
-3.96586e-05
-2.42693e-05
-1.33816e-05
-6.63101e-06
-2.65091e-06
-9.33013e-07
-4.14202e-08
4.21097e-07
1.29638e-06
2.71696e-06
4.6983e-06
7.12062e-06
9.4386e-06
1.14346e-05
1.25633e-05
1.2704e-05
1.17991e-05
9.93347e-06
7.61621e-06
5.07831e-06
2.95253e-06
1.3999e-06
4.00392e-07
-2.2294e-07
-1.8426e-06
-5.14505e-06
-1.30491e-05
-2.67085e-05
-5.00344e-05
-8.43546e-05
-0.00013329
-0.000197878
-0.000279843
-0.000379443
-0.00049543
-0.00062699
-0.000769847
-0.000922143
-0.00107739
-0.001233
-0.00138162
-0.00152044
-0.00164291
-0.00174654
-0.00182722
-0.00188335
-0.00191419
-0.0019194
-0.0019011
-0.00185988
-0.00181743
-0.00178618
0.00062167
0.000622909
0.00062064
0.000614082
0.000598401
0.000573678
0.000540453
0.000498955
0.000451378
0.000398098
0.000342754
0.000285759
0.000231153
0.000179274
0.000133387
9.36741e-05
6.16792e-05
3.73879e-05
2.01379e-05
9.72908e-06
3.46939e-06
1.03893e-06
-1.32977e-06
-3.97173e-06
-1.03022e-05
-2.0562e-05
-3.65371e-05
-5.82918e-05
-8.53196e-05
-0.000117483
-0.000152116
-0.000188924
-0.000223976
-0.000256922
-0.000283911
-0.00030466
-0.000316714
-0.000319953
-0.000314131
-0.000299329
-0.00027753
-0.000248978
-0.000217132
-0.00018231
-0.000148219
-0.000115143
-8.58343e-05
-6.04525e-05
-4.00656e-05
-2.46784e-05
-1.36691e-05
-6.91942e-06
-2.76828e-06
-1.05061e-06
-2.50416e-08
4.37413e-07
1.35732e-06
2.7777e-06
4.71833e-06
7.14032e-06
9.38452e-06
1.13803e-05
1.24681e-05
1.26087e-05
1.17326e-05
9.86722e-06
7.62825e-06
5.0907e-06
3.01958e-06
1.46716e-06
4.08058e-07
-2.15188e-07
-2.06637e-06
-5.36837e-06
-1.36608e-05
-2.73184e-05
-5.10909e-05
-8.5405e-05
-0.00013467
-0.000199241
-0.000281254
-0.000380835
-0.000496508
-0.000628065
-0.000770283
-0.000922603
-0.00107701
-0.00123266
-0.00138041
-0.00151929
-0.00164104
-0.00174476
-0.00182505
-0.00188126
-0.00191213
-0.0019174
-0.00189939
-0.00185819
-0.00181994
-0.00178869
)
;

boundaryField
{
    inlet
    {
        type            cyclic;
    }
    outlet
    {
        type            cyclic;
    }
    top
    {
        type            zeroGradient;
    }
    hills
    {
        type            zeroGradient;
    }
    front
    {
        type            empty;
    }
    back
    {
        type            empty;
    }
}


// ************************************************************************* //
