/*--------------------------------*- C++ -*----------------------------------*\
| =========                 |                                                 |
| \\      /  F ield         | OpenFOAM: The Open Source CFD Toolbox           |
|  \\    /   O peration     | Version:  v2106                                 |
|   \\  /    A nd           | Website:  www.openfoam.com                      |
|    \\/     M anipulation  |                                                 |
\*---------------------------------------------------------------------------*/
FoamFile
{
    version     2.0;
    format      ascii;
    arch        "LSB;label=32;scalar=64";
    class       volScalarField;
    location    "0";
    object      expGpCoeffs33;
}
// * * * * * * * * * * * * * * * * * * * * * * * * * * * * * * * * * * * * * //

dimensions      [0 0 0 0 0 0 0];

internalField   nonuniform List<scalar> 
8000
(
0.0153204
0.0152678
0.0151769
0.0150534
0.0149418
0.0148551
0.0148176
0.0148201
0.0148331
0.0148523
0.0148277
0.0147556
0.0145842
0.0143101
0.0139024
0.0133599
0.012714
0.0119645
0.0112022
0.0104296
0.00972474
0.0090938
0.00852864
0.00803487
0.00755162
0.00707631
0.00658327
0.00607308
0.00555645
0.00503487
0.00452315
0.00402257
0.00354486
0.00309098
0.00266865
0.00227847
0.00192394
0.0016053
0.00132229
0.00107485
0.000859916
0.000677205
0.000522039
0.000394016
0.000288007
0.000203614
0.00013624
8.55546e-05
4.82219e-05
2.40352e-05
1.1382e-05
1.02108e-05
2.09119e-05
4.36035e-05
8.08106e-05
0.000132828
0.000204265
0.000295574
0.000413085
0.000557364
0.000735643
0.000948485
0.00120264
0.00149857
0.00184071
0.00222921
0.00266431
0.00314567
0.00366772
0.00422958
0.00481918
0.00543506
0.00605921
0.00668972
0.00730992
0.00791857
0.00853462
0.00916026
0.00985701
0.0106182
0.011463
0.0123846
0.0133165
0.0142563
0.0151132
0.0158888
0.016535
0.0170528
0.0174443
0.0177102
0.0178698
0.0179248
0.0179105
0.0178273
0.0177374
0.0176498
0.0175934
0.0175702
0.0175621
0.0175629
0.0153247
0.0152721
0.0151784
0.0150549
0.0149375
0.0148506
0.0148149
0.0148173
0.0148345
0.0148537
0.0148336
0.0147617
0.0145946
0.0143207
0.0139139
0.0133716
0.0127197
0.0119703
0.011199
0.0104263
0.00971693
0.00908599
0.00852548
0.00803177
0.00755323
0.00707799
0.0065844
0.00607428
0.00555617
0.00503465
0.00452167
0.00402115
0.00354251
0.00308868
0.00266581
0.00227568
0.00192097
0.00160236
0.00131949
0.00107207
0.000857474
0.000674786
0.00052005
0.000392044
0.000286463
0.000202081
0.000135056
8.43773e-05
4.72632e-05
2.30796e-05
1.04824e-05
9.31138e-06
1.98879e-05
4.25766e-05
7.94737e-05
0.000131484
0.000202442
0.000293739
0.00041065
0.000554911
0.000732569
0.000945384
0.00119905
0.00149494
0.00183688
0.00222533
0.0026607
0.003142
0.0036649
0.00422669
0.00481771
0.00543352
0.00605957
0.00669
0.0073114
0.00791998
0.00853186
0.00915742
0.00984904
0.0106102
0.0114585
0.0123801
0.0133202
0.0142601
0.0151236
0.0158992
0.0165463
0.017064
0.017454
0.0177197
0.0178776
0.0179323
0.0179141
0.0178307
0.0177341
0.0176466
0.0175914
0.0175682
0.0175622
0.017563
0.0153292
0.0152767
0.0151801
0.0150566
0.0149328
0.0148459
0.014812
0.0148143
0.0148359
0.0148552
0.0148401
0.0147683
0.0146059
0.0143321
0.0139264
0.0133842
0.0127259
0.0119765
0.0111955
0.0104228
0.00970849
0.00907756
0.00852207
0.00802842
0.00755498
0.0070798
0.00658563
0.00607557
0.00555587
0.00503442
0.00452007
0.00401962
0.00353997
0.00308621
0.00266274
0.00227266
0.00191776
0.0015992
0.00131646
0.00106908
0.000854836
0.000672173
0.000517902
0.000389914
0.000284796
0.000200425
0.000133778
8.31061e-05
4.6228e-05
2.20477e-05
9.51091e-06
8.3401e-06
1.87821e-05
4.14677e-05
7.80301e-05
0.000130033
0.000200472
0.000291757
0.000408021
0.000552262
0.00072925
0.000942036
0.00119516
0.00149101
0.00183274
0.00222114
0.00265681
0.00313804
0.00366185
0.00422356
0.00481614
0.00543185
0.00605996
0.00669031
0.007313
0.00792149
0.00852887
0.00915435
0.00984043
0.0106016
0.0114536
0.0123753
0.0133243
0.0142643
0.0151348
0.0159103
0.0165586
0.017076
0.0174645
0.0177299
0.0178859
0.0179404
0.0179179
0.0178344
0.0177306
0.0176432
0.0175892
0.0175661
0.0175622
0.0175631
0.0153342
0.0152816
0.0151818
0.0150584
0.0149279
0.0148407
0.0148089
0.0148111
0.0148375
0.0148569
0.014847
0.0147753
0.014618
0.0143445
0.0139399
0.0133979
0.0127326
0.0119832
0.0111918
0.010419
0.00969938
0.00906846
0.00851839
0.00802481
0.00755687
0.00708176
0.00658695
0.00607697
0.00555554
0.00503417
0.00451835
0.00401797
0.00353723
0.00308354
0.00265942
0.0022694
0.00191429
0.00159578
0.00131318
0.00106584
0.000851988
0.000669352
0.000515583
0.000387613
0.000282995
0.000198637
0.000132397
8.17333e-05
4.51101e-05
2.09335e-05
8.46191e-06
7.29127e-06
1.7588e-05
4.02702e-05
7.64711e-05
0.000128467
0.000198346
0.000289617
0.000405183
0.000549402
0.000725666
0.00093842
0.00119097
0.00148677
0.00182828
0.00221662
0.0026526
0.00313376
0.00365856
0.00422019
0.00481443
0.00543006
0.00606038
0.00669063
0.00731473
0.00792313
0.00852565
0.00915104
0.00983114
0.0105923
0.0114483
0.0123701
0.0133288
0.0142688
0.0151469
0.0159224
0.0165717
0.0170891
0.0174758
0.017741
0.0178949
0.0179492
0.017922
0.0178383
0.0177268
0.0176394
0.0175869
0.0175638
0.0175623
0.0175631
0.0153395
0.015287
0.0151837
0.015056
0.0149225
0.0148351
0.0148055
0.0148075
0.0148392
0.0148586
0.0148545
0.014783
0.0146311
0.0143578
0.0139545
0.0134126
0.0127399
0.0119904
0.0111877
0.0104149
0.00968954
0.00905862
0.00851441
0.0080209
0.0075589
0.00708387
0.00658838
0.00607848
0.00555519
0.0050339
0.00451648
0.00401619
0.00353427
0.00308065
0.00265584
0.00226589
0.00191055
0.00159209
0.00130965
0.00106235
0.000848912
0.000666306
0.000513078
0.000385129
0.000281051
0.000196706
0.000130907
8.0251e-05
4.3903e-05
1.97302e-05
7.32916e-06
6.1587e-06
1.62987e-05
3.89772e-05
7.47878e-05
0.000126775
0.00019605
0.000287306
0.000402117
0.000546313
0.000721796
0.000934516
0.00118644
0.0014822
0.00182346
0.00221174
0.00264806
0.00312914
0.00365501
0.00421655
0.00481259
0.00542812
0.00606084
0.00669099
0.00731659
0.0079249
0.00852217
0.00914746
0.0098211
0.0105822
0.0114426
0.0123644
0.0133335
0.0142736
0.01516
0.0159354
0.016586
0.0171031
0.017488
0.017753
0.0179047
0.0179587
0.0179265
0.0178426
0.0177226
0.0176354
0.0175782
0.0175613
0.0175624
0.0175632
0.0153351
0.0152816
0.0151622
0.015027
0.0149078
0.0148101
0.0147984
0.0147943
0.0148404
0.014858
0.0148606
0.0147872
0.0146423
0.0143677
0.0139695
0.0134281
0.0127477
0.0119982
0.0111833
0.0104104
0.00967892
0.00904801
0.00851011
0.00801669
0.00756256
0.00708604
0.00658989
0.00607874
0.00555366
0.00503154
0.00451259
0.00401188
0.00352883
0.00307517
0.0026497
0.00226001
0.00190446
0.00158645
0.00130417
0.0010574
0.000844375
0.000662286
0.000509585
0.000382081
0.000278526
0.000194517
0.000129144
7.87057e-05
4.26246e-05
1.85536e-05
6.22087e-06
5.03958e-06
1.50276e-05
3.75779e-05
7.30104e-05
0.000124745
0.000193434
0.000284309
0.000398388
0.000542095
0.000716818
0.000928983
0.00118031
0.00147553
0.00181654
0.00220444
0.00264108
0.00312203
0.00364892
0.00421072
0.00480849
0.00542474
0.00605976
0.00669111
0.00731817
0.00792803
0.00851841
0.0091436
0.00981026
0.0105714
0.0114364
0.0123584
0.0133387
0.0142788
0.0151738
0.0159488
0.0165973
0.0171154
0.0174968
0.0177637
0.017912
0.0179679
0.0179165
0.0178409
0.017687
0.0176149
0.0175312
0.0175234
0.0175468
0.0175487
0.0153086
0.0152533
0.0151338
0.0149957
0.0148758
0.014775
0.0147621
0.0147537
0.0147985
0.0148144
0.0148157
0.014748
0.0146019
0.014343
0.013944
0.0134256
0.0127454
0.0120162
0.0112004
0.0104353
0.00970433
0.00906964
0.0085363
0.00803163
0.00757997
0.00708729
0.00659123
0.00606641
0.00554142
0.00500977
0.00449092
0.00398509
0.00350213
0.00304739
0.00262199
0.00223439
0.00187891
0.00156507
0.00128285
0.00104119
0.000828204
0.000651195
0.000498523
0.0003754
0.000271865
0.000191183
0.000125823
7.75494e-05
4.14751e-05
1.8419e-05
6.08863e-06
4.79039e-06
1.47765e-05
3.60392e-05
7.1465e-05
0.000120667
0.000189343
0.000276436
0.000390493
0.000529364
0.000704054
0.000910853
0.00116213
0.00145235
0.0017933
0.00217777
0.00261433
0.00309474
0.00362153
0.00418688
0.00478454
0.0054092
0.00604411
0.0066889
0.00731583
0.00794273
0.00853096
0.00916921
0.00983127
0.0105985
0.0114626
0.0123797
0.0133608
0.0142829
0.015178
0.0159295
0.0165787
0.0170774
0.01746
0.0177147
0.0178645
0.0179145
0.0178648
0.0177874
0.0176351
0.017563
0.0174804
0.0174746
0.0174983
0.017502
0.01528
0.0152227
0.015103
0.0149619
0.0148413
0.014737
0.0147228
0.0147098
0.0147532
0.0147673
0.0147672
0.0147056
0.0145584
0.0143163
0.0139165
0.0134229
0.0127424
0.0120369
0.0112213
0.0104692
0.00973869
0.009102
0.0085689
0.00805035
0.00759878
0.00708864
0.00659268
0.00605308
0.0055282
0.00498627
0.00446753
0.00395616
0.0034733
0.00301738
0.00259207
0.00220674
0.00185133
0.00154199
0.00125983
0.00102368
0.000810741
0.000639219
0.000486578
0.000368186
0.000264672
0.000187584
0.000122237
7.63009e-05
4.02339e-05
1.82737e-05
5.94584e-06
4.5213e-06
1.45054e-05
3.43775e-05
6.97962e-05
0.000116265
0.000184927
0.000267933
0.000381968
0.000515615
0.00069027
0.000891275
0.0011425
0.00142733
0.00176821
0.00214896
0.00258543
0.00306527
0.00359195
0.00416113
0.00475867
0.00539243
0.0060272
0.0066865
0.00731331
0.00795861
0.00854672
0.00920103
0.00986283
0.0106351
0.0114987
0.0124061
0.0133867
0.0142873
0.0151826
0.0159087
0.0165587
0.0170365
0.0174203
0.0176618
0.0178132
0.0178569
0.017809
0.0177296
0.017579
0.017507
0.0174255
0.0174219
0.0174459
0.0174516
0.0152491
0.0151897
0.0150699
0.0149254
0.014804
0.014696
0.0146805
0.0146625
0.0147043
0.0147165
0.0147149
0.0146599
0.0145114
0.0142875
0.0138868
0.0134199
0.0127391
0.0120592
0.0112439
0.0105058
0.00977579
0.00913695
0.0086041
0.00807056
0.00761909
0.0070901
0.00659425
0.00603869
0.00551393
0.0049609
0.00444226
0.00392493
0.00344217
0.00298498
0.00255976
0.00217687
0.00182154
0.00151707
0.00123496
0.00100478
0.000791885
0.000626287
0.000473679
0.000360396
0.000256905
0.000183697
0.000118364
7.49527e-05
3.88936e-05
1.81168e-05
5.79165e-06
4.23074e-06
1.42126e-05
3.25832e-05
6.79942e-05
0.00011151
0.000180157
0.000258752
0.000372761
0.000500769
0.000675385
0.000870134
0.0011213
0.0014003
0.00174111
0.00211786
0.00255424
0.00303345
0.00356001
0.00413333
0.00473074
0.00537431
0.00600895
0.00668391
0.00731058
0.00797575
0.00856373
0.00923539
0.00989691
0.0106747
0.0115378
0.0124345
0.0134148
0.014292
0.0151874
0.0158862
0.016537
0.0169922
0.0173774
0.0176047
0.0177578
0.0177947
0.0177487
0.0176672
0.0175185
0.0174465
0.0173663
0.0173651
0.0173893
0.0173971
0.0152157
0.015154
0.015034
0.014886
0.0147637
0.0146517
0.0146348
0.0146113
0.0146515
0.0146616
0.0146584
0.0146106
0.0144606
0.0142564
0.0138548
0.0134168
0.0127357
0.0120833
0.0112683
0.0105454
0.00981585
0.00917468
0.00864211
0.00809238
0.00764102
0.00709167
0.00659594
0.00602316
0.00549852
0.00493349
0.00441498
0.0038912
0.00340856
0.00294999
0.00252488
0.00214462
0.00178938
0.00149016
0.00120812
0.000984367
0.000771523
0.000612322
0.00045975
0.000351984
0.000248517
0.0001795
0.000114183
7.34968e-05
3.74462e-05
1.79474e-05
5.62515e-06
3.91697e-06
1.38965e-05
3.06457e-05
6.60483e-05
0.000106376
0.000175007
0.000248838
0.00036282
0.000484737
0.000659313
0.000847305
0.00109841
0.00137112
0.00171185
0.00208428
0.00252055
0.00299908
0.00352552
0.00410331
0.00470058
0.00535475
0.00598924
0.00668112
0.00730764
0.00799426
0.0085821
0.0092725
0.00993372
0.0107174
0.0115799
0.0124651
0.0134451
0.014297
0.0151927
0.0158619
0.0165136
0.0169445
0.0173311
0.017543
0.0176981
0.0177275
0.0176836
0.0175999
0.0174531
0.0173811
0.0173023
0.0173037
0.0173282
0.0173383
0.0151797
0.0151155
0.0149953
0.0148434
0.0147201
0.0146039
0.0145854
0.0145561
0.0145945
0.0146023
0.0145973
0.0145573
0.0144058
0.0142229
0.0138201
0.0134133
0.0127319
0.0121094
0.0112947
0.0105881
0.00985911
0.00921543
0.00868315
0.00811594
0.0076647
0.00709337
0.00659777
0.00600638
0.00548188
0.0049039
0.00438552
0.00385477
0.00337226
0.00291221
0.0024872
0.0021098
0.00175464
0.0014611
0.00117913
0.000962325
0.000749536
0.000597242
0.00044471
0.000342901
0.00023946
0.000174968
0.000109667
7.19247e-05
3.58833e-05
1.77645e-05
5.44535e-06
3.57815e-06
1.35551e-05
2.85535e-05
6.3947e-05
0.000100832
0.000169446
0.000238132
0.000352085
0.000467426
0.000641957
0.000822653
0.0010737
0.00133961
0.00168025
0.00204801
0.00248417
0.00296197
0.00348828
0.00407089
0.004668
0.00533363
0.00596796
0.0066781
0.00730447
0.00801425
0.00860194
0.00931256
0.00997346
0.0107634
0.0116254
0.0124983
0.0134778
0.0143025
0.0151984
0.0158356
0.0164884
0.0168929
0.0172811
0.0174765
0.0176335
0.0176549
0.0176133
0.0175271
0.0173825
0.0173106
0.0172333
0.0172373
0.0172623
0.0172748
0.0151408
0.0150739
0.0149535
0.0147975
0.0146732
0.0145522
0.0145321
0.0144965
0.014533
0.0145383
0.0145314
0.0144997
0.0143466
0.0141866
0.0137828
0.0134097
0.0127278
0.0121375
0.0113231
0.0106343
0.00990582
0.00925943
0.00872747
0.00814139
0.00769027
0.00709521
0.00659975
0.00598827
0.0054639
0.00487195
0.00435372
0.00381544
0.00333306
0.00287141
0.00244652
0.00207219
0.00171714
0.00142972
0.00114783
0.000938523
0.000725793
0.000580958
0.000428468
0.000333092
0.00022968
0.000170073
0.000104791
7.02271e-05
3.41957e-05
1.75669e-05
5.2512e-06
3.21228e-06
1.31865e-05
2.62942e-05
6.16779e-05
9.48459e-05
0.00016344
0.000226572
0.000340494
0.000448732
0.000623215
0.000796034
0.00104701
0.00130558
0.00164612
0.00200885
0.00244489
0.0029219
0.00344806
0.00403588
0.00463283
0.00531082
0.00594497
0.00667484
0.00730103
0.00803584
0.00862337
0.00935583
0.0100164
0.0108132
0.0116746
0.012534
0.0135131
0.0143084
0.0152046
0.0158073
0.0164611
0.0168372
0.0172271
0.0174045
0.0175638
0.0175765
0.0175374
0.0174486
0.0173062
0.0172344
0.0171587
0.0171657
0.017191
0.0172062
0.0150717
0.0150037
0.0148585
0.0147106
0.0145907
0.0144754
0.0144483
0.0144126
0.0144428
0.0144466
0.014434
0.0144093
0.0142597
0.0141175
0.0137331
0.0133845
0.0127276
0.012163
0.0113645
0.0106936
0.00996766
0.00932148
0.00878334
0.0081815
0.00771718
0.00710573
0.00659388
0.00596854
0.00543235
0.00483077
0.00430538
0.00376195
0.00327691
0.0028142
0.00239042
0.00201827
0.00166698
0.00138384
0.00110716
0.000903083
0.000695893
0.000556249
0.000408793
0.000317888
0.00021851
0.000162299
9.9852e-05
6.74956e-05
3.30921e-05
1.74985e-05
5.64785e-06
3.4898e-06
1.27694e-05
2.45648e-05
5.80339e-05
8.86207e-05
0.00015402
0.000213293
0.000322805
0.000426107
0.000595286
0.000762626
0.00100809
0.00126154
0.0015974
0.0019566
0.00239008
0.00286649
0.00339355
0.00398492
0.00458735
0.00527384
0.00591868
0.00666215
0.0073045
0.00805658
0.00865871
0.00940937
0.010078
0.0108782
0.0117398
0.0125844
0.0135507
0.0143217
0.0151941
0.0157716
0.0164024
0.016757
0.0171357
0.0172992
0.0174555
0.0174615
0.0174204
0.0173231
0.0171855
0.0171002
0.0170225
0.0170173
0.0170779
0.0170941
0.0149674
0.0148993
0.0147531
0.0146037
0.0144878
0.0143694
0.0143249
0.014285
0.0142946
0.0142937
0.0142767
0.0142477
0.014124
0.0139781
0.0136574
0.0133068
0.0127417
0.0121773
0.0114592
0.0107896
0.0100924
0.00944725
0.00887226
0.00827073
0.00774487
0.00713361
0.00657206
0.00594692
0.00537474
0.00477334
0.00422607
0.00368282
0.0031895
0.00272693
0.00230626
0.00193423
0.00159412
0.00131107
0.00104996
0.000845943
0.000655353
0.000515754
0.000383408
0.000292532
0.00020527
0.000149077
9.51512e-05
6.28052e-05
3.32938e-05
1.77052e-05
7.25057e-06
5.09321e-06
1.22819e-05
2.40735e-05
5.17852e-05
8.23622e-05
0.00013816
0.000197414
0.00029368
0.000396949
0.000550228
0.000717515
0.000946485
0.00119986
0.00152178
0.00188086
0.00230686
0.00278312
0.00331321
0.00390439
0.00452371
0.00520997
0.00588743
0.00663067
0.00732215
0.00807398
0.00874122
0.00949153
0.0102065
0.0110056
0.0118511
0.0126942
0.01359
0.0143605
0.015142
0.015721
0.0162759
0.016634
0.0169622
0.0171305
0.0172602
0.0172721
0.0172278
0.0171366
0.0170131
0.0169326
0.016856
0.016853
0.0169149
0.0169312
0.0148566
0.0147884
0.0146417
0.0144908
0.0143739
0.0142523
0.0141917
0.0141473
0.0141345
0.0141287
0.014107
0.0140731
0.0139773
0.0138276
0.0135757
0.013223
0.012757
0.0121926
0.0115615
0.0108932
0.010227
0.00958307
0.00896827
0.00836707
0.00777477
0.00716372
0.0065485
0.00592357
0.00531252
0.00471134
0.00414044
0.00359737
0.0030951
0.0026327
0.00221538
0.00184348
0.00151544
0.00123249
0.000988184
0.00078424
0.000611576
0.000472026
0.000355997
0.000265152
0.000190974
0.000134799
9.00751e-05
5.77403e-05
3.35116e-05
1.79284e-05
8.98125e-06
6.82464e-06
1.17556e-05
2.35431e-05
4.50376e-05
7.56039e-05
0.000121034
0.000180268
0.00026223
0.000365463
0.000501574
0.000668802
0.000879964
0.00113325
0.00144012
0.00179907
0.00221701
0.0026931
0.00322645
0.00381742
0.00445498
0.00514101
0.0058537
0.00659667
0.00734121
0.00809278
0.00883031
0.00958025
0.0103453
0.0111432
0.0119712
0.0128127
0.0136325
0.0144024
0.0150857
0.0156664
0.0161394
0.0165012
0.0167749
0.0169484
0.0170493
0.0170675
0.0170199
0.0169352
0.0168242
0.0167489
0.0166708
0.0166702
0.0167392
0.0167557
0.014767
0.0146988
0.014526
0.0143736
0.0142344
0.0141087
0.014033
0.0139834
0.0139601
0.0139489
0.0139386
0.0139001
0.0138564
0.0137035
0.01354
0.0131863
0.0128121
0.0122487
0.011678
0.0110113
0.010359
0.00971611
0.0090697
0.00846886
0.0078142
0.00720339
0.00652215
0.00589746
0.00523545
0.00463449
0.00403152
0.00348865
0.00297309
0.00251086
0.00209636
0.0017246
0.0014111
0.00112826
0.000905111
0.000701243
0.000551554
0.000412055
0.000317132
0.000226321
0.000169138
0.000112985
8.02314e-05
4.79088e-05
3.0558e-05
1.49807e-05
7.99295e-06
5.83714e-06
7.76458e-06
1.95476e-05
3.27072e-05
6.3262e-05
9.46463e-05
0.000153857
0.000216292
0.000319486
0.000432098
0.000599264
0.000786181
0.00103937
0.00132614
0.00168495
0.00209283
0.00256875
0.00310797
0.00369872
0.00436258
0.00504835
0.00580969
0.00655238
0.00736546
0.00811675
0.00892405
0.00967359
0.0104799
0.0112766
0.0121015
0.0129413
0.013711
0.0144797
0.0150774
0.0156587
0.0160404
0.016405
0.0166117
0.0167898
0.0168536
0.0168777
0.0168109
0.0167329
0.0166035
0.0165343
0.016461
0.0164632
0.0165566
0.0165733
0.0146695
0.0146009
0.014396
0.0142382
0.0140837
0.0139522
0.0138616
0.0138062
0.0137716
0.0137545
0.0137579
0.0137143
0.0137281
0.0135718
0.0135067
0.013152
0.0128779
0.0123155
0.0118051
0.0111401
0.0104983
0.00985662
0.00917881
0.00857835
0.00785717
0.0072466
0.00649366
0.00586922
0.00515168
0.00455097
0.00391302
0.00337037
0.00284025
0.00237821
0.00196672
0.00159511
0.0012974
0.00101467
0.000814525
0.00061074
0.000486053
0.000346612
0.000274666
0.000183892
0.000145216
8.90852e-05
6.93674e-05
3.70579e-05
2.71973e-05
1.16263e-05
6.77219e-06
4.61727e-06
3.27099e-06
1.50492e-05
1.91212e-05
4.96637e-05
6.57272e-05
0.000124914
0.000166043
0.000269195
0.000356166
0.000523264
0.000683731
0.000936815
0.00120166
0.00156033
0.00195729
0.00243301
0.0029787
0.00356921
0.00426182
0.00494731
0.00576176
0.00650415
0.00739186
0.00814284
0.00902482
0.00977392
0.0106217
0.0114171
0.0122423
0.0130803
0.0138009
0.0145682
0.0150736
0.0156554
0.0159366
0.0163041
0.0164383
0.0166213
0.0166451
0.0166755
0.0165853
0.0165145
0.0163647
0.0163024
0.0162315
0.0162378
0.0163588
0.0163759
0.0145142
0.0144416
0.0142359
0.014074
0.0139158
0.0137755
0.013679
0.0136006
0.0135602
0.0135205
0.0135194
0.0134722
0.0134863
0.0133608
0.013305
0.0130152
0.0127551
0.0122675
0.0117654
0.0111488
0.0105067
0.00986336
0.00917407
0.008528
0.00778518
0.00711782
0.00635961
0.00569697
0.00497541
0.00435981
0.0037194
0.00318285
0.00265181
0.00221174
0.00180065
0.0014602
0.00116384
0.000914703
0.000716426
0.000543126
0.000420433
0.000305016
0.000234883
0.000160724
0.000123502
7.76108e-05
5.89136e-05
3.25117e-05
2.32372e-05
1.11449e-05
6.45869e-06
6.14531e-06
4.54499e-06
1.57625e-05
1.91272e-05
4.46225e-05
5.94891e-05
0.0001066
0.000146057
0.000228302
0.000313244
0.000450731
0.000609076
0.000826612
0.00108965
0.00141231
0.00180825
0.00225494
0.00280091
0.0033774
0.00407196
0.0047654
0.00558365
0.00636025
0.00725339
0.00806179
0.00896591
0.00976588
0.0106269
0.0114323
0.0122597
0.0130568
0.0137708
0.014465
0.0149569
0.0154654
0.0157362
0.0160541
0.0161867
0.0163475
0.0163739
0.0164013
0.0163134
0.0162478
0.0161039
0.0160427
0.0159775
0.0159872
0.0161096
0.016131
0.0143465
0.0142696
0.0140631
0.0138968
0.0137344
0.0135848
0.013482
0.0133786
0.0133308
0.0132654
0.0132568
0.0132071
0.0132142
0.0131278
0.0130662
0.0128555
0.0125917
0.0121923
0.0116887
0.0111263
0.0104841
0.00983317
0.00914405
0.00844
0.00769753
0.00696406
0.00620621
0.0054991
0.00477788
0.00414493
0.00350482
0.00297534
0.00244456
0.00203003
0.00161914
0.00131494
0.00101872
0.000808654
0.000610471
0.000472637
0.000350002
0.000262533
0.000192433
0.000137605
0.0001004
6.64205e-05
4.77321e-05
2.82034e-05
1.89333e-05
1.08884e-05
6.2044e-06
8.03354e-06
6.43398e-06
1.69995e-05
2.03625e-05
3.99871e-05
5.48466e-05
8.79068e-05
0.000127346
0.000185269
0.000270171
0.000373204
0.000531475
0.000707655
0.000970567
0.00125134
0.00164709
0.00206001
0.00260572
0.00316592
0.00386015
0.00456287
0.00538073
0.00619717
0.00708989
0.00796512
0.00886881
0.00973357
0.0105943
0.011418
0.0122455
0.0129982
0.0137135
0.0143219
0.0148172
0.0152367
0.0155133
0.0157691
0.0159092
0.0160411
0.0160763
0.016098
0.0160196
0.0159573
0.0158223
0.0157622
0.0157031
0.0157167
0.0158404
0.0158666
0.0141655
0.0140839
0.0138764
0.0137053
0.0135386
0.0133788
0.0132692
0.0131388
0.0130832
0.0129898
0.0129732
0.0129208
0.0129203
0.0128763
0.0128084
0.012683
0.0124152
0.0121111
0.0116059
0.011102
0.0104596
0.00980057
0.00911164
0.00834497
0.00760288
0.00679802
0.00604056
0.00528542
0.00456457
0.00391289
0.00327311
0.00275127
0.00222076
0.00183382
0.00142313
0.00115808
0.000862015
0.000694138
0.000496057
0.00039652
0.000273947
0.000216658
0.000146594
0.000112639
7.54534e-05
5.43368e-05
3.56579e-05
2.35511e-05
1.42858e-05
1.06114e-05
5.92981e-06
1.00725e-05
8.47378e-06
1.83352e-05
2.16965e-05
3.49816e-05
4.98335e-05
6.77214e-05
0.00010714
0.0001388
0.000223659
0.000289488
0.000447678
0.000579201
0.000841978
0.00107751
0.00147307
0.00184952
0.00239495
0.00293756
0.00363143
0.00434418
0.00516162
0.00602107
0.00691333
0.00786073
0.00876396
0.00969867
0.0105592
0.0114027
0.0122302
0.012935
0.0136516
0.0141674
0.0146664
0.0149898
0.0152727
0.0154614
0.0156096
0.0157103
0.0157549
0.0157706
0.0157023
0.0156437
0.0155182
0.0154594
0.0154069
0.0154245
0.0155498
0.0155811
0.0139212
0.0138382
0.0136427
0.0134716
0.0133178
0.0131513
0.0130267
0.0128814
0.0127948
0.0126845
0.0126317
0.012573
0.0125453
0.0125137
0.012447
0.0123513
0.0121248
0.0118541
0.0114076
0.0109222
0.0103109
0.00964314
0.00893264
0.00813754
0.00734896
0.00651653
0.00573912
0.00496552
0.00424696
0.0035882
0.00297123
0.00245256
0.00195905
0.00158301
0.00121579
0.00096611
0.000712463
0.000561109
0.000398585
0.000314027
0.000216986
0.000171491
0.000116696
9.08983e-05
6.09195e-05
4.48285e-05
2.8827e-05
1.96205e-05
1.19874e-05
1.00199e-05
8.0953e-06
1.31391e-05
1.54891e-05
2.50723e-05
3.14599e-05
4.22676e-05
5.55786e-05
6.75399e-05
9.68735e-05
0.000118278
0.000181618
0.000232905
0.000357589
0.000471641
0.00069143
0.000909235
0.00125788
0.00161997
0.00212244
0.00265798
0.00332156
0.00403796
0.00484573
0.00572167
0.00662841
0.00760364
0.00855122
0.00951771
0.0104036
0.0112613
0.0120629
0.012754
0.0134109
0.0138947
0.01434
0.0146294
0.0148888
0.0150554
0.015205
0.0152991
0.015358
0.0153783
0.015332
0.0152808
0.0151812
0.015129
0.0150773
0.0150981
0.0152075
0.0152404
0.0136557
0.0135725
0.0133913
0.0132168
0.0130751
0.0129015
0.0127573
0.0126027
0.0124664
0.0123457
0.0122368
0.012167
0.0121067
0.0120638
0.0120124
0.0119066
0.0117493
0.0114713
0.0111125
0.0106233
0.0100509
0.00938158
0.00863107
0.00783607
0.00697988
0.00614795
0.00532931
0.00455617
0.00383767
0.00317931
0.00259944
0.00208107
0.00165078
0.00127497
0.000983463
0.000733931
0.000555015
0.000403751
0.000304316
0.000219808
0.000168251
0.000122782
9.51875e-05
6.94051e-05
5.21351e-05
3.60537e-05
2.45872e-05
1.53862e-05
1.04306e-05
8.46423e-06
1.13263e-05
1.63671e-05
2.57477e-05
3.53251e-05
4.71212e-05
5.79224e-05
6.8359e-05
8.03132e-05
9.12778e-05
0.000112669
0.000137025
0.000188281
0.000252618
0.000366602
0.000509584
0.000727258
0.000993062
0.00135494
0.0017829
0.00231813
0.00293126
0.00364723
0.00444246
0.00531787
0.00625748
0.00723212
0.00824672
0.00921302
0.0101468
0.0110059
0.0117786
0.0124734
0.0130429
0.0135337
0.0138924
0.0141922
0.0144025
0.0145814
0.0147209
0.0148282
0.0149039
0.0149377
0.0149221
0.014884
0.0148062
0.0147644
0.0147041
0.0147297
0.0148327
0.0148661
0.0134097
0.0133265
0.0131144
0.0129392
0.0128074
0.0126259
0.012462
0.0122965
0.0120988
0.0119667
0.0117954
0.0117133
0.0116342
0.0115789
0.0115828
0.0114669
0.011415
0.0111304
0.0108618
0.0103692
0.00982292
0.00915228
0.00833622
0.00754136
0.00657438
0.00574297
0.00485739
0.00408482
0.00335529
0.00269752
0.00215363
0.00163582
0.00127622
0.000900877
0.0006983
0.000449138
0.000360377
0.000209363
0.000187328
0.000102958
0.000107728
6.2314e-05
6.83889e-05
4.25915e-05
4.06809e-05
2.45617e-05
1.80247e-05
8.78855e-06
6.46929e-06
4.49401e-06
1.29074e-05
1.79757e-05
3.60327e-05
4.56661e-05
6.41902e-05
7.50543e-05
8.15407e-05
9.35397e-05
8.05766e-05
0.000101947
7.61158e-05
0.000127278
0.00011494
0.000228701
0.00027585
0.000493156
0.0006583
0.00101969
0.00136112
0.00189575
0.00245622
0.00317153
0.00396427
0.00483901
0.00583915
0.00681316
0.00794191
0.00890796
0.00991758
0.010778
0.0115359
0.0122339
0.0127189
0.0132162
0.013462
0.0137719
0.0139031
0.0140952
0.0142195
0.0143405
0.0144409
0.0144886
0.0144969
0.0144733
0.0143881
0.0143565
0.0142856
0.0143124
0.0144436
0.0144771
0.0130606
0.0129852
0.0127714
0.0126207
0.0124816
0.0123139
0.0121397
0.011944
0.0117339
0.0115365
0.0113518
0.0111997
0.0111071
0.0110102
0.0110022
0.0108933
0.0108346
0.0105955
0.0103225
0.00987182
0.00932057
0.00864853
0.0078218
0.00699322
0.00601524
0.00517475
0.00428979
0.00356291
0.00283388
0.00226932
0.00172581
0.00133006
0.000970708
0.000724045
0.00052161
0.00038646
0.000297761
0.000230129
0.000208109
0.000168933
0.000173699
0.000137245
0.000143316
0.000100503
9.85934e-05
5.48006e-05
4.82681e-05
1.66086e-05
1.4291e-05
7.08699e-06
1.54945e-05
3.70748e-05
5.51192e-05
9.87575e-05
0.000117269
0.000167621
0.000174103
0.000214505
0.00020155
0.000223654
0.000197841
0.000210178
0.000197848
0.000229714
0.000276829
0.000375765
0.000540794
0.000763399
0.00110459
0.00150271
0.00206278
0.00266875
0.00346094
0.00427572
0.00527516
0.00624956
0.00738891
0.00838753
0.0094084
0.0102726
0.0110362
0.0116898
0.0121798
0.0126166
0.012869
0.0131438
0.0132872
0.0134851
0.0136245
0.0137813
0.0138975
0.013987
0.0140107
0.0140105
0.0139395
0.0139008
0.0138398
0.0138493
0.013983
0.0140107
0.0126836
0.0126167
0.0124005
0.0122768
0.0121299
0.011977
0.0117918
0.0115634
0.0113405
0.0110717
0.0108732
0.010645
0.0105377
0.0103961
0.0103731
0.0102723
0.0102002
0.0100093
0.0097265
0.00931807
0.00876116
0.00808369
0.00725522
0.00638872
0.00541145
0.00456117
0.00367687
0.00299932
0.00227084
0.00180693
0.00126383
0.000999891
0.000640808
0.000533095
0.000330812
0.000318779
0.000230146
0.000252553
0.00023055
0.000240175
0.000244938
0.00021816
0.000224226
0.000163037
0.00016113
8.74537e-05
8.09262e-05
2.50531e-05
2.27372e-05
9.88698e-06
1.82882e-05
5.76988e-05
7.57296e-05
0.000156088
0.000174585
0.000267578
0.000274055
0.000345127
0.000332183
0.000355078
0.000329285
0.000299696
0.000287376
0.000230808
0.000277888
0.000249001
0.000413906
0.000486646
0.000827584
0.00107828
0.00163793
0.00212583
0.00291741
0.00366746
0.00466614
0.00564097
0.00677948
0.00781474
0.00883723
0.00970968
0.010479
0.0110878
0.0115878
0.0119602
0.0122267
0.0124623
0.0126222
0.0128254
0.012982
0.013177
0.0133105
0.013445
0.0134857
0.0135108
0.013455
0.0134086
0.0133585
0.0133494
0.0134857
0.0135071
0.0121953
0.0121295
0.0119722
0.0118459
0.011733
0.0115735
0.0113931
0.011148
0.0108945
0.0105994
0.0103326
0.0100767
0.00987903
0.00971516
0.00960124
0.00948746
0.00935938
0.00916298
0.00887325
0.00846006
0.00791441
0.00722715
0.0064242
0.00554868
0.00463402
0.00378243
0.00300272
0.00233508
0.00175124
0.00130694
0.000932922
0.000694447
0.000502442
0.000421455
0.000359613
0.000371204
0.000378318
0.000417981
0.000438983
0.000457962
0.000456248
0.000431334
0.000394788
0.000330116
0.000269466
0.000190105
0.000130464
6.99841e-05
3.84386e-05
2.45146e-05
3.79746e-05
8.07785e-05
0.000138224
0.000225572
0.00030752
0.000408632
0.000484261
0.000561168
0.000600941
0.000623982
0.000613695
0.000576075
0.00052753
0.000454035
0.000408513
0.000355138
0.0003779
0.000421841
0.000588589
0.000810838
0.00118938
0.0016543
0.00228612
0.00302324
0.00390197
0.00487623
0.00593889
0.00698278
0.00797088
0.00885385
0.00960084
0.0102144
0.0106989
0.0110745
0.011363
0.0116069
0.0118203
0.0120402
0.0122553
0.0124735
0.0126588
0.0128182
0.0128989
0.0129432
0.0129157
0.0128814
0.0128221
0.0128192
0.0128989
0.0129198
0.011719
0.0116527
0.0115009
0.0113728
0.0113439
0.0111718
0.0110069
0.0107485
0.0104139
0.0101034
0.0097088
0.0094352
0.00911432
0.00893075
0.00874684
0.00861319
0.00848013
0.0082669
0.00800338
0.00757864
0.00704161
0.00634853
0.00550305
0.00462713
0.00369641
0.00284557
0.0021666
0.00149955
0.0011053
0.000661389
0.000526358
0.000288093
0.000344167
0.000263252
0.000418368
0.000429949
0.000591051
0.000630679
0.000725813
0.000744775
0.000738714
0.000713822
0.000613201
0.000548586
0.000395249
0.000315957
0.000170462
0.000110035
3.01282e-05
1.62164e-05
3.67204e-05
7.94866e-05
0.000199787
0.000287058
0.000470262
0.000571286
0.000755604
0.000832444
0.000951566
0.000974586
0.000981006
0.000943419
0.000827662
0.000754231
0.000554035
0.000500707
0.00029718
0.000341082
0.000242398
0.000464451
0.000581159
0.00104567
0.00146378
0.00220026
0.00295825
0.00393165
0.00500099
0.00604515
0.00707391
0.00796269
0.00869673
0.00932214
0.00976407
0.0101574
0.0104196
0.0106851
0.01093
0.0111723
0.0114749
0.0117144
0.0120004
0.0121796
0.0123268
0.0123893
0.0123452
0.0123266
0.0121981
0.0121978
0.012277
0.0122987
0.0111103
0.0110703
0.0109143
0.0108593
0.0108204
0.0107159
0.0105393
0.0102831
0.00992927
0.00955181
0.00913226
0.00874883
0.0084022
0.0081024
0.00789448
0.0076711
0.00752021
0.00726214
0.00698684
0.00655879
0.00601278
0.00535335
0.00449759
0.00371903
0.00278989
0.00213452
0.00146148
0.00106821
0.000684993
0.000552644
0.000431365
0.000495751
0.000566032
0.000733567
0.000901085
0.00107185
0.00124176
0.0013336
0.001433
0.00140054
0.00139427
0.00123811
0.00113389
0.00089726
0.000738684
0.000492673
0.000342314
0.000163318
8.06628e-05
2.65826e-05
4.7469e-05
0.000139407
0.000263247
0.000478185
0.000667103
0.00094402
0.00113447
0.00139232
0.00151591
0.00167841
0.00168573
0.00170599
0.00158635
0.00146399
0.00125494
0.00104116
0.000824684
0.000613352
0.000499445
0.000406394
0.000508011
0.000644039
0.00104969
0.00149363
0.00224449
0.00300533
0.0040724
0.00500597
0.00604521
0.00688687
0.0076302
0.00823878
0.00869239
0.00910158
0.00938102
0.00970302
0.00997196
0.0103005
0.0106303
0.0109599
0.0112732
0.011516
0.0116861
0.0117608
0.0117336
0.0116707
0.0115556
0.0114984
0.0115818
0.0115812
0.010422
0.0104007
0.01028
0.0102677
0.010243
0.0101825
0.0100155
0.00975772
0.00940169
0.00896634
0.00852091
0.00804544
0.0076504
0.00725316
0.0069792
0.00667851
0.00646245
0.00616141
0.005846
0.0054085
0.00486281
0.00422884
0.0034357
0.00273907
0.00193174
0.00142822
0.000890874
0.000710142
0.000469246
0.000578672
0.000590573
0.00088977
0.00106607
0.00142634
0.00165905
0.00195329
0.00214083
0.00227315
0.00234411
0.00227177
0.00220055
0.00194256
0.00175264
0.00138261
0.00113661
0.000761301
0.000540408
0.000269464
0.000147846
6.26185e-05
8.4118e-05
0.000214178
0.000378071
0.000692005
0.000952228
0.00136555
0.00164391
0.00204214
0.00225185
0.00252254
0.00259551
0.00266062
0.00257051
0.00241021
0.00218486
0.00184667
0.00156602
0.0011567
0.000936775
0.000599267
0.000565989
0.000447106
0.000706696
0.000923508
0.00153304
0.00212873
0.00306648
0.00390694
0.00487449
0.00567947
0.00641177
0.00701396
0.00749573
0.00792554
0.00825956
0.00863334
0.00896121
0.00936442
0.00974024
0.0101473
0.0104916
0.0107908
0.0109779
0.0110672
0.0110512
0.0109638
0.0108485
0.0107612
0.0108117
0.0107956
0.00963866
0.0096165
0.00956893
0.00954715
0.00967179
0.00959473
0.00951623
0.00924132
0.00886535
0.00841241
0.00785971
0.00736494
0.00681566
0.00639642
0.00596558
0.00564104
0.0053004
0.00497701
0.00459759
0.00414344
0.00361817
0.00297572
0.00233114
0.00163387
0.00114158
0.000638618
0.000554136
0.000373605
0.000645733
0.000755038
0.00126643
0.0015653
0.00215514
0.00251501
0.00301616
0.00331007
0.00358693
0.0037191
0.00369871
0.00362644
0.00331509
0.00305739
0.00253812
0.0021685
0.00157948
0.00120459
0.000703365
0.000432722
0.00015504
6.99075e-05
9.38241e-05
0.00022374
0.000548373
0.000861958
0.00140682
0.00181968
0.00244502
0.0028428
0.00338563
0.00365602
0.00397273
0.00403776
0.004042
0.00388189
0.00356848
0.00323066
0.00267945
0.00227059
0.00162995
0.00129282
0.000746884
0.000628134
0.000356117
0.000572688
0.00070794
0.00130297
0.00190592
0.00274692
0.00354431
0.00435819
0.00504254
0.00566274
0.00617454
0.00662938
0.00705307
0.00745463
0.00791095
0.00834092
0.008853
0.00928461
0.0097337
0.010056
0.010281
0.0103924
0.0103194
0.0102521
0.010016
0.0099396
0.00992864
0.00991355
0.0087406
0.00875717
0.00870654
0.00880024
0.00893022
0.00897698
0.00890095
0.00869525
0.00829681
0.0078304
0.0072379
0.00666021
0.00606601
0.00552959
0.00505592
0.00461911
0.00424527
0.00385446
0.00345533
0.00302007
0.00248951
0.00200086
0.00136902
0.000997982
0.000560507
0.000532762
0.000514985
0.000867413
0.00121889
0.0018424
0.00243274
0.00315667
0.00381325
0.00445006
0.00499574
0.00538217
0.00567522
0.00570944
0.00567603
0.00534172
0.00499283
0.00436375
0.00379187
0.00301506
0.00237063
0.00163171
0.00108488
0.000563043
0.00025986
8.38377e-05
0.00010812
0.000323925
0.000674801
0.00123362
0.00182486
0.00259447
0.00327601
0.00407292
0.00466914
0.00530333
0.00565823
0.0059796
0.00599724
0.00593204
0.00560233
0.00517135
0.00457477
0.00388928
0.00318012
0.00241701
0.00178941
0.00115227
0.000797491
0.000472633
0.000537679
0.000644941
0.00119067
0.00168951
0.00247256
0.0031126
0.00380025
0.00437838
0.00490744
0.00540664
0.00586149
0.00635614
0.00685509
0.00739016
0.00794901
0.00846269
0.00895485
0.00930533
0.00955795
0.00962865
0.00956119
0.00940013
0.00916709
0.00899477
0.00898479
0.00893663
0.00774457
0.00778011
0.00780065
0.00793319
0.00808988
0.00818824
0.00816682
0.00798869
0.00765959
0.00717562
0.00660976
0.0059763
0.005353
0.00474115
0.00419279
0.00368326
0.00322828
0.00279209
0.00236956
0.00194336
0.00151787
0.00112428
0.000787782
0.000611156
0.000591529
0.000825032
0.00122126
0.00186644
0.00260188
0.00350766
0.00440688
0.00536402
0.00621643
0.00700508
0.00761153
0.00804857
0.0082652
0.00824556
0.008017
0.00753885
0.00691229
0.00607943
0.00519551
0.00419537
0.00325672
0.00231816
0.00154294
0.000883358
0.000453832
0.000227965
0.000247011
0.000509885
0.000975914
0.00166918
0.0024759
0.00344114
0.00440244
0.00541824
0.00631196
0.00714574
0.00776599
0.00822806
0.00843308
0.0084201
0.00816495
0.00768306
0.00702956
0.00619245
0.00529519
0.00429841
0.00337053
0.00244884
0.00171623
0.00109394
0.000745393
0.00058446
0.000703121
0.000997984
0.00146773
0.00200115
0.00256453
0.00312131
0.00365855
0.00419188
0.00471915
0.00527813
0.00584786
0.00645427
0.0070449
0.0076166
0.00809822
0.00847709
0.00869073
0.00875185
0.00866231
0.00846776
0.00822523
0.0080244
0.00795767
0.00789354
0.00660374
0.00665604
0.0067259
0.00691191
0.00724431
0.00740479
0.00753016
0.00740615
0.0071041
0.00664468
0.00601526
0.00536986
0.00464189
0.0039942
0.00334987
0.0028038
0.00229261
0.00184757
0.00143024
0.00105367
0.000728613
0.000471575
0.000389837
0.000445502
0.000880529
0.00141081
0.00236251
0.00330314
0.00459879
0.00575888
0.00714476
0.00828239
0.00947826
0.0103502
0.0111067
0.01152
0.0116729
0.0115286
0.0110374
0.0103551
0.00931578
0.00823288
0.00686129
0.00560577
0.0041929
0.0030346
0.00188431
0.00107538
0.000437266
0.000155453
0.000168976
0.000477043
0.00113987
0.00197085
0.00313903
0.00431122
0.00573133
0.00698919
0.00835466
0.00942609
0.0104448
0.0111014
0.0115586
0.0116648
0.0114679
0.0110092
0.0102049
0.0092883
0.00804986
0.00687902
0.00546702
0.00429781
0.00300518
0.00209229
0.00118514
0.000728645
0.000388867
0.000448977
0.000656932
0.00104968
0.00150241
0.00200603
0.0025289
0.00306922
0.00364661
0.00424188
0.00490513
0.0055495
0.00624574
0.00683619
0.00738816
0.00775531
0.00795814
0.00798154
0.00776892
0.0075267
0.00713329
0.00688858
0.00677263
0.00669467
0.00540741
0.00549262
0.00559583
0.0058674
0.0061852
0.00648219
0.00662378
0.00663268
0.00638448
0.00599517
0.00541273
0.00476099
0.00405131
0.00334851
0.00269463
0.00209586
0.00157548
0.00114196
0.000759171
0.000524974
0.000315804
0.000393602
0.000517865
0.00109772
0.00177438
0.00292121
0.00408517
0.00564016
0.00710906
0.00879843
0.0102984
0.0118121
0.0130519
0.0140978
0.0148265
0.0151912
0.0152522
0.014849
0.0142175
0.0131106
0.0119036
0.0103003
0.00875712
0.00696998
0.00540415
0.0037883
0.00252276
0.00140283
0.000700631
0.000302361
0.000309722
0.000711969
0.0014262
0.00254411
0.00381407
0.00541733
0.00697643
0.0087383
0.010262
0.011828
0.0130033
0.0140643
0.0146546
0.0150083
0.0149012
0.0144899
0.0137167
0.0126338
0.011359
0.0098254
0.00830931
0.00662489
0.00516881
0.00365166
0.00253894
0.00146855
0.000887472
0.00041773
0.00041621
0.000463247
0.000797185
0.00114746
0.00163463
0.00215499
0.00274224
0.00338483
0.00405991
0.00475897
0.0054431
0.00604918
0.00656671
0.0068859
0.00705162
0.00697227
0.00675775
0.00640589
0.0060344
0.00572014
0.00557944
0.00547421
0.00408754
0.00417822
0.00433483
0.00462791
0.00511079
0.00544148
0.00579521
0.00585456
0.00576108
0.00541992
0.00489527
0.00426878
0.00353563
0.00283403
0.00213539
0.00153236
0.00101773
0.000604378
0.000343598
0.000181534
0.000271384
0.000483857
0.00112972
0.0018921
0.00325123
0.00459842
0.00647063
0.0082021
0.0103021
0.0121236
0.0140991
0.0156857
0.0171829
0.0182351
0.0189689
0.0192745
0.01909
0.0185724
0.0174829
0.016223
0.0144157
0.0126424
0.010448
0.00849689
0.00632761
0.00457543
0.00284482
0.00163344
0.000673011
0.000239165
0.000231215
0.000657374
0.00159785
0.00279512
0.00449499
0.00622208
0.00834658
0.0102602
0.0123971
0.0141225
0.0158651
0.0170714
0.0180968
0.0185616
0.0186908
0.0183398
0.0175666
0.0164829
0.0149676
0.0133693
0.0114009
0.00959315
0.0075289
0.00584235
0.00403813
0.00277107
0.00151497
0.000863222
0.00034066
0.000252905
0.000286834
0.000564986
0.000930045
0.00143012
0.00201057
0.00265765
0.00337565
0.00407601
0.00478678
0.00537438
0.00584927
0.00613086
0.00616851
0.00604988
0.00565165
0.00527469
0.00475941
0.00442978
0.00424183
0.00413332
0.00283862
0.00294349
0.00311968
0.00345595
0.00388303
0.00432337
0.00466857
0.00489282
0.00488452
0.00469621
0.00428777
0.00374988
0.00310835
0.00243191
0.00178227
0.0011933
0.000717761
0.000386559
0.000214305
0.000274108
0.000536085
0.00113774
0.00199783
0.00326125
0.00478951
0.00664482
0.00862747
0.0108078
0.01296
0.0151186
0.0170863
0.0188601
0.0202993
0.0213697
0.0220116
0.0221691
0.0218775
0.0210701
0.0198753
0.0182268
0.0163286
0.0141227
0.0118582
0.00948936
0.00727126
0.00517138
0.00340967
0.00196498
0.000986495
0.000461997
0.000445952
0.000933347
0.00187593
0.00327603
0.00499184
0.00703511
0.00919492
0.0114954
0.0136916
0.0158225
0.0176489
0.0192244
0.0203526
0.0210984
0.0213374
0.0211376
0.0204634
0.0193752
0.0179283
0.0161633
0.0142144
0.0120917
0.00998559
0.00786814
0.00595975
0.00419404
0.0027676
0.00161615
0.00087511
0.000394888
0.000251489
0.000302579
0.000572814
0.000984184
0.00152063
0.00214785
0.00281662
0.00349189
0.00411805
0.004628
0.00500021
0.00515026
0.00511759
0.00485819
0.00447871
0.00401076
0.00355605
0.00319495
0.0029979
0.00288027
0.0015992
0.00168964
0.00185894
0.00216865
0.00267076
0.0031225
0.00363629
0.00395281
0.00411736
0.00407245
0.00377898
0.00337066
0.00276345
0.00216304
0.00150088
0.000944077
0.000479797
0.000187131
0.000117527
0.000271481
0.000761295
0.00151064
0.00270765
0.0041156
0.00600994
0.00796106
0.0102869
0.0125038
0.0149262
0.0170674
0.0192033
0.020916
0.0224022
0.0233838
0.0239476
0.0240073
0.0235245
0.0226272
0.0211551
0.0194362
0.0172119
0.0149599
0.0123631
0.00997028
0.00745623
0.00534719
0.00336236
0.00191455
0.000812224
0.000283679
0.000256605
0.000736719
0.00178066
0.00317354
0.00508915
0.00713324
0.00956563
0.0118848
0.0143919
0.0165675
0.0187038
0.0203524
0.0217495
0.0225921
0.0230231
0.0229311
0.0223449
0.0213567
0.0198791
0.0181854
0.0160872
0.0139884
0.0116289
0.00947577
0.00723468
0.00536743
0.00357755
0.00227166
0.00119478
0.000555693
0.000184636
0.000128816
0.000292327
0.000651945
0.00116856
0.00175446
0.0024283
0.00302696
0.00361969
0.00400861
0.00427718
0.00429718
0.00410865
0.00376908
0.00323601
0.00276467
0.00224522
0.00191728
0.00172927
0.00162932
0.000645433
0.000724927
0.000822812
0.00110142
0.00147976
0.00192569
0.00243138
0.00280797
0.00314631
0.0032041
0.00317742
0.00286448
0.00248874
0.00194513
0.00140676
0.000876214
0.000451091
0.00019332
0.000159847
0.00039445
0.000959658
0.00183148
0.00306146
0.00458537
0.00636501
0.00838769
0.0105003
0.0127436
0.0148906
0.0170173
0.018865
0.0205302
0.02177
0.0226835
0.0230912
0.0230767
0.0225599
0.021595
0.0202183
0.0184472
0.0164281
0.0141426
0.0118175
0.00940785
0.00717363
0.00505896
0.00330185
0.00185256
0.000876774
0.000345499
0.000317104
0.000791373
0.00170787
0.0030944
0.00478618
0.00682962
0.00899268
0.0113246
0.0135774
0.0157855
0.0177391
0.0194424
0.0207689
0.0216845
0.0221732
0.022163
0.0217517
0.0208401
0.0196197
0.0179812
0.0161718
0.0140925
0.0119978
0.0098189
0.00776951
0.0058263
0.00412019
0.00269021
0.00154776
0.000776057
0.000295773
0.000148104
0.000241616
0.000555625
0.00100756
0.00156042
0.00210113
0.00264308
0.00301136
0.0033119
0.00332982
0.00325766
0.00291062
0.00252038
0.00200403
0.00154443
0.00115331
0.000860533
0.000753218
0.000666547
0.000200342
0.000209117
0.000286885
0.000381818
0.000644457
0.00092729
0.00135365
0.00174541
0.00209346
0.00235825
0.00241036
0.00238278
0.00210725
0.0017951
0.00133102
0.00090384
0.000502702
0.000230527
0.0001769
0.000327211
0.000836725
0.0015511
0.0026771
0.00390966
0.00551188
0.00710148
0.0089991
0.010736
0.0126572
0.0142869
0.0159348
0.0171944
0.0182945
0.0189663
0.0193201
0.0192753
0.0188028
0.0180306
0.0167916
0.0154076
0.0135975
0.0118278
0.00974733
0.00789083
0.00589403
0.00426971
0.00270052
0.00158958
0.000718869
0.000313217
0.000289077
0.000656098
0.0014769
0.00254757
0.0040631
0.0056455
0.00758565
0.00940088
0.0114258
0.0131592
0.0149213
0.0162787
0.0174836
0.0182424
0.0186989
0.0187442
0.0183932
0.0177338
0.0166529
0.0154136
0.0137969
0.0121918
0.0103097
0.00859994
0.00674771
0.00518952
0.00363885
0.0024471
0.00138633
0.000718876
0.000273151
0.000160587
0.000257222
0.000548
0.000966419
0.00139729
0.00186243
0.00217373
0.00244613
0.00247402
0.0024193
0.00215443
0.00180257
0.00140597
0.000971568
0.000678646
0.000405118
0.000301125
0.00021616
0.000204275
0.000511273
0.000445141
0.000378819
0.000249505
0.000252081
0.000258857
0.00053031
0.000745045
0.0011411
0.00140991
0.00166278
0.00178677
0.00174418
0.00163094
0.00131267
0.00102007
0.000616326
0.000339356
0.000148195
0.00013412
0.000407158
0.000808072
0.00158202
0.00236609
0.00347932
0.0045145
0.00585523
0.00700883
0.00838188
0.00948261
0.0106716
0.0115384
0.0123431
0.0128241
0.013099
0.0131021
0.0127868
0.0122996
0.0114347
0.0105318
0.00925562
0.00808721
0.00661436
0.0053815
0.0039652
0.00288365
0.00177053
0.00103141
0.00041629
0.000150721
0.000140946
0.000395785
0.000991618
0.00172091
0.00281589
0.00388972
0.00529072
0.00651948
0.00798219
0.00915144
0.0104247
0.0113339
0.012204
0.0127015
0.0130285
0.0130372
0.012777
0.012305
0.0115134
0.0106497
0.00946853
0.00836351
0.00699165
0.00582804
0.00448428
0.0034387
0.00232361
0.00153674
0.000773984
0.000377396
0.000117917
0.00013568
0.000329993
0.000607281
0.00100649
0.00130079
0.00161753
0.00173779
0.00178668
0.00167231
0.0014283
0.00116446
0.000771182
0.000551338
0.000271949
0.000252872
0.000237766
0.000359751
0.000424097
0.000489713
0.00184927
0.00172762
0.0014638
0.00116229
0.000688145
0.00045275
0.00023522
0.000248883
0.000384895
0.000576391
0.000867112
0.00104296
0.00125601
0.00127024
0.00125937
0.00108802
0.000856384
0.000617527
0.000335681
0.00023239
0.000124959
0.000306493
0.000463306
0.000925291
0.00126576
0.00191242
0.00238962
0.00313244
0.00366727
0.00439259
0.00489272
0.00547777
0.00585276
0.00619259
0.00637154
0.00640008
0.00634634
0.00605103
0.00577077
0.00519734
0.00473976
0.00398581
0.00343481
0.00263298
0.00209172
0.0013857
0.000957066
0.000474907
0.000241769
7.19167e-05
8.11014e-05
0.000255715
0.00050885
0.000997735
0.00145076
0.00216707
0.00273852
0.00355501
0.00414134
0.00491391
0.00540907
0.00600314
0.00631824
0.0066328
0.00671252
0.00669745
0.0065297
0.00619345
0.00581084
0.0052169
0.00468968
0.00394332
0.00336547
0.00259319
0.00206445
0.0013866
0.0009957
0.00050823
0.000308737
0.000109298
0.000182969
0.00027467
0.000534853
0.000769782
0.000997333
0.00117515
0.00119972
0.00120035
0.00100918
0.000848431
0.000573668
0.000387931
0.000251996
0.000230307
0.00043184
0.000652008
0.00110907
0.00140466
0.00167369
0.00179711
0.00408213
0.0038881
0.00350028
0.00297244
0.00216328
0.00156936
0.00088673
0.000557145
0.000258873
0.000257315
0.00029591
0.000469809
0.000665472
0.000823479
0.000985675
0.000998874
0.00100713
0.000870838
0.000737763
0.0005675
0.000410781
0.000340348
0.00026668
0.000337919
0.000354121
0.000533848
0.000615987
0.000862284
0.000984197
0.00125181
0.00138574
0.00162306
0.00173849
0.00189798
0.00196805
0.00201599
0.00202328
0.00194713
0.0018876
0.00169926
0.00158342
0.00131752
0.00116847
0.000875944
0.000724608
0.00046283
0.000341554
0.000162975
9.86474e-05
4.03007e-05
4.85996e-05
0.00012458
0.00020648
0.000404934
0.000546261
0.000831511
0.00100566
0.00132505
0.0014983
0.00179242
0.00193087
0.00214506
0.00222155
0.00231648
0.00231633
0.00227554
0.00219961
0.00203242
0.00189707
0.00163653
0.00147028
0.00116643
0.00100428
0.000714288
0.000590361
0.000366459
0.000313426
0.000202687
0.000243851
0.000283494
0.000419144
0.000573132
0.000705389
0.000844559
0.000856377
0.000863061
0.00073241
0.000601053
0.0004329
0.000278572
0.00025018
0.000254023
0.000540558
0.000854315
0.0015107
0.00208364
0.00287389
0.00339771
0.00379608
0.00399523
0.00694949
0.00668537
0.00624265
0.00542864
0.00447122
0.00334591
0.00244614
0.00148317
0.000976495
0.000432065
0.000330287
0.000189586
0.00033737
0.000455773
0.000658319
0.000852051
0.000948574
0.0010732
0.0010153
0.00103103
0.000894018
0.000857721
0.000748684
0.000724697
0.000675805
0.000670965
0.000648203
0.000645854
0.000647923
0.000640671
0.000658946
0.000642575
0.000666087
0.000636816
0.00065424
0.000609863
0.000612215
0.000553075
0.000535875
0.000465365
0.000429712
0.000354116
0.000306421
0.000234055
0.000184478
0.000124289
8.42928e-05
4.41884e-05
2.37395e-05
9.02533e-06
1.41235e-05
2.63807e-05
5.74705e-05
9.41397e-05
0.000145791
0.000200572
0.000262538
0.000326546
0.000385987
0.000449432
0.000493847
0.000547908
0.000568092
0.000606568
0.000598937
0.000619338
0.000587024
0.000590853
0.000543291
0.000535475
0.000486517
0.00047411
0.000439081
0.00042957
0.000422335
0.0004246
0.000451756
0.00048018
0.000570663
0.00061905
0.000749178
0.000760044
0.000832282
0.000749768
0.000686784
0.000540022
0.000377089
0.000293994
0.000174733
0.000325841
0.000433053
0.000959519
0.00144681
0.0023728
0.00324
0.00433354
0.00527163
0.00608852
0.00654568
0.00682321
0.0101925
0.00992535
0.00941627
0.00855266
0.00724945
0.00598333
0.00452759
0.00332938
0.00221317
0.001387
0.000774771
0.00037725
0.000231462
0.000181092
0.000357395
0.000505086
0.000799811
0.000992971
0.00123083
0.00138294
0.00150655
0.00162195
0.00169012
0.00180836
0.0018758
0.00199928
0.00202849
0.00212751
0.00211494
0.00217105
0.00211826
0.0021208
0.00203323
0.00197752
0.00186356
0.00175201
0.00162187
0.00146415
0.00132869
0.00114085
0.00101052
0.000813074
0.00069704
0.000512295
0.000417783
0.000266822
0.000198746
9.84268e-05
5.92725e-05
1.98827e-05
9.82736e-06
3.36902e-05
5.09149e-05
0.000132199
0.000173312
0.000299059
0.000359543
0.000511716
0.000586337
0.000744494
0.000827621
0.000971888
0.00105772
0.00117139
0.00125415
0.00132582
0.00139989
0.0014246
0.00148476
0.00146411
0.00150587
0.00144724
0.0014672
0.00138212
0.00137843
0.00128329
0.00125672
0.00117499
0.00115126
0.00107903
0.00100821
0.000908536
0.000736134
0.000600989
0.000374046
0.000276974
0.000151961
0.000230379
0.000395081
0.000789119
0.00138336
0.00217657
0.00324623
0.00439677
0.00579968
0.0070319
0.00831282
0.0091872
0.00973537
0.0100221
0.013293
0.0130208
0.0125053
0.0115809
0.0102675
0.00880545
0.00719595
0.00567541
0.00420927
0.00300797
0.00194592
0.00121298
0.000635899
0.000368519
0.000237959
0.000328818
0.000514875
0.000799186
0.00113713
0.00147002
0.00184137
0.00216203
0.00253188
0.00284387
0.00321483
0.00350701
0.003829
0.00406131
0.00429692
0.00443634
0.00455336
0.00458076
0.00456223
0.00447174
0.00431729
0.0041174
0.00384362
0.00355625
0.00319476
0.00285258
0.00244591
0.00208817
0.00168421
0.00135164
0.000997345
0.000726978
0.000462258
0.000282732
0.000135417
6.35711e-05
4.61564e-05
8.52879e-05
0.000193856
0.000333833
0.000549194
0.000768303
0.00105907
0.00132722
0.00165424
0.001937
0.00225853
0.00252143
0.00279826
0.00301083
0.00321086
0.00334998
0.00345171
0.00350387
0.00349845
0.00346093
0.00335263
0.00323322
0.00303831
0.00285387
0.00259912
0.00237592
0.00209038
0.00185857
0.00158011
0.00134435
0.00106611
0.000819575
0.00056962
0.000363951
0.000247138
0.000211708
0.000377744
0.000663922
0.0012349
0.00194642
0.00296527
0.00411403
0.00551656
0.00697531
0.0085294
0.00995459
0.0112564
0.0122008
0.0127548
0.0130543
0.0163987
0.016165
0.015705
0.0148029
0.0133975
0.0118253
0.00999852
0.008192
0.00645625
0.00481393
0.00347051
0.00222501
0.00140887
0.000667178
0.000395457
0.00015544
0.000328221
0.000490873
0.000926181
0.001346
0.00187852
0.00243608
0.00299419
0.00362562
0.0041963
0.00484789
0.00536345
0.00594955
0.0063464
0.00678531
0.00701136
0.00724017
0.00726398
0.00724742
0.00706316
0.0067996
0.0064284
0.0059508
0.00543818
0.00480966
0.00421946
0.00352432
0.00293002
0.00226148
0.00173617
0.00118279
0.000789316
0.000422258
0.000204931
6.80498e-05
4.72309e-05
0.000151415
0.000321565
0.000644071
0.000975423
0.0014641
0.00190749
0.002489
0.00298299
0.00357365
0.00405284
0.00457049
0.00497384
0.00534894
0.00562722
0.00581188
0.00593321
0.00590694
0.00586009
0.00563163
0.00542658
0.00503163
0.00469744
0.00419265
0.00377292
0.00322827
0.00277377
0.00226039
0.00182441
0.0013844
0.000971937
0.000657067
0.000327999
0.000242336
0.000144471
0.000419049
0.000719118
0.00144652
0.00224031
0.00342866
0.00470903
0.00626962
0.00792343
0.00965275
0.011412
0.0129498
0.0143445
0.0152871
0.0158208
0.0160957
0.0190449
0.0188281
0.0184294
0.0175652
0.0162563
0.0146873
0.0128293
0.0109515
0.00895837
0.00717366
0.00537847
0.00395149
0.00257911
0.00166087
0.000845416
0.000477262
0.000241994
0.000354594
0.000608673
0.0010612
0.00165416
0.00230794
0.00310125
0.00386387
0.00476269
0.00555616
0.00645528
0.00718109
0.00795913
0.00851637
0.0090614
0.00936985
0.00960077
0.00961354
0.00949337
0.00920483
0.00874736
0.00819479
0.00746318
0.00672173
0.00581938
0.00499114
0.00404613
0.00324502
0.00239069
0.00172562
0.00108054
0.000639478
0.000289853
0.000127319
0.000114812
0.000244686
0.000561211
0.000955775
0.00154593
0.00214101
0.00291146
0.00361664
0.00445062
0.00516279
0.00593762
0.00655577
0.00716045
0.00759962
0.0079503
0.00815284
0.00820391
0.00814657
0.00789609
0.00759214
0.00708079
0.00657697
0.00588088
0.00524957
0.00446821
0.00379663
0.00303449
0.00240542
0.00175219
0.00122891
0.000762406
0.000421643
0.000260571
0.000223593
0.000501765
0.000895771
0.0016968
0.00258778
0.00389488
0.00525144
0.00694998
0.00864308
0.0105369
0.0123337
0.0141263
0.0156641
0.0169804
0.0178934
0.0183751
0.0186385
0.0213778
0.02123
0.0209266
0.0201851
0.0189079
0.0173998
0.0154946
0.0135414
0.011433
0.00939744
0.00742815
0.00560001
0.0040251
0.00262532
0.00162267
0.00078828
0.000426845
0.000185261
0.000399873
0.00067359
0.00130945
0.00196367
0.00285773
0.00375868
0.00479328
0.00582007
0.00687775
0.00788746
0.00882083
0.00966269
0.0103355
0.0108797
0.0111909
0.011351
0.0112514
0.0109996
0.0105005
0.00987218
0.00904469
0.00813358
0.0070979
0.00604124
0.00494824
0.00390501
0.00291297
0.00203862
0.001289
0.000711128
0.0003072
0.00010604
9.79373e-05
0.000294805
0.000673108
0.00122832
0.00192688
0.00274723
0.00365442
0.00460862
0.00558498
0.0065244
0.00742377
0.00820522
0.00889612
0.00940321
0.00978752
0.00994747
0.00997377
0.00976735
0.00943717
0.00890054
0.00826674
0.0074847
0.00664231
0.00573436
0.00480525
0.00390561
0.0030178
0.00225122
0.00150638
0.0009754
0.000471076
0.000288776
0.000164785
0.000447696
0.000841598
0.00165859
0.00263067
0.00395924
0.00545113
0.00717238
0.00902958
0.0109505
0.0129493
0.0148147
0.0166509
0.0181373
0.0194277
0.0202416
0.0206626
0.0208717
0.0231885
0.0230742
0.0227537
0.0220886
0.0209994
0.0195522
0.0178244
0.0158647
0.0137976
0.0116665
0.00957469
0.00757351
0.00572944
0.00411186
0.00273825
0.00168686
0.000921929
0.000511527
0.000376579
0.000562363
0.000972307
0.00162517
0.00243536
0.0034042
0.00446192
0.00560042
0.00675895
0.00790472
0.00898712
0.00996551
0.0108034
0.0114607
0.011921
0.0121521
0.0121601
0.0119261
0.0114783
0.0108139
0.00997917
0.00898696
0.00789547
0.00672952
0.00555152
0.00439238
0.00331042
0.00233585
0.00151536
0.000871971
0.000434963
0.000215338
0.000221748
0.00045075
0.000890072
0.00152229
0.00231664
0.00324494
0.00426263
0.00533612
0.00641321
0.00746146
0.00842783
0.00928742
0.009993
0.0105325
0.01087
0.0110093
0.0109302
0.0106521
0.0101726
0.00952427
0.00872231
0.00780677
0.0068085
0.0057679
0.00472667
0.00371779
0.0027906
0.00195638
0.00127216
0.000738439
0.000427391
0.000322638
0.000508075
0.000943108
0.00169799
0.00271152
0.00401646
0.00554261
0.00727578
0.00915404
0.0111197
0.0131271
0.0150854
0.0169566
0.0186294
0.0200617
0.0211822
0.0219312
0.0223407
0.0225231
0.024701
0.0246303
0.0245458
0.0239837
0.0230024
0.0216687
0.0199574
0.018075
0.0159158
0.0137845
0.0114778
0.00938568
0.00722621
0.00543713
0.00369872
0.00242382
0.00131646
0.000672543
0.000285706
0.000272901
0.000557628
0.00107679
0.00187958
0.00278371
0.00392547
0.00505788
0.0063732
0.0075591
0.00883623
0.00988462
0.0109152
0.0116539
0.0122689
0.0125756
0.0126736
0.0124964
0.0120615
0.0114279
0.0105318
0.00954409
0.00833424
0.00715219
0.00582658
0.00464049
0.0034142
0.00241314
0.00148251
0.000823214
0.000333657
0.000115393
0.000138422
0.000387826
0.000910695
0.00157882
0.00250818
0.00347983
0.00465826
0.00577165
0.007004
0.00807734
0.00916258
0.0100232
0.0107863
0.0112979
0.0116175
0.0117009
0.0115279
0.0111733
0.0105377
0.0098054
0.00881122
0.00782091
0.00662877
0.00554031
0.0043412
0.00332697
0.00231042
0.00152526
0.000838348
0.00041744
0.00021372
0.000281642
0.000690842
0.00133088
0.0023921
0.00360184
0.00523314
0.00690856
0.00892279
0.0108777
0.0130329
0.0150351
0.0170714
0.0188683
0.0205216
0.0218493
0.0228735
0.0235322
0.0237776
0.0239232
0.0258048
0.0258102
0.0256986
0.0253109
0.0243952
0.0232416
0.0216082
0.0198264
0.0177348
0.0155612
0.0132993
0.0110055
0.00886239
0.00673338
0.00498008
0.00327945
0.00212797
0.00104905
0.000599004
0.000220472
0.000438763
0.000711908
0.00146021
0.0022454
0.0033479
0.00447062
0.00575926
0.00701958
0.00828347
0.00946045
0.0104904
0.0113781
0.0120029
0.0124475
0.0125633
0.012489
0.0120768
0.0114984
0.010627
0.00964632
0.00846084
0.00724809
0.00594447
0.00470794
0.00349983
0.00244936
0.00153213
0.000843102
0.000361615
0.000145568
0.000171106
0.000457924
0.00097775
0.00171202
0.002633
0.00368469
0.00484988
0.00603721
0.00725224
0.00837252
0.00943756
0.0103011
0.0110428
0.0115042
0.0118034
0.0117853
0.0115954
0.0111014
0.0104553
0.00956937
0.0085736
0.00744606
0.00626329
0.00508643
0.0039086
0.00288341
0.00189959
0.00120447
0.000563774
0.000350634
0.000203796
0.00059019
0.00105356
0.00207608
0.00317452
0.00475861
0.0064011
0.00837308
0.0103708
0.0124971
0.0146107
0.0166407
0.0186153
0.0203115
0.0218948
0.0230539
0.024019
0.0245229
0.0247838
0.024865
0.0265423
0.0265485
0.0265689
0.0261929
0.0254998
0.0243725
0.0229734
0.0212251
0.0192788
0.0171404
0.0148764
0.0126159
0.0103031
0.00820269
0.00612477
0.0044454
0.00285764
0.00179081
0.000865516
0.000490511
0.000277296
0.000548966
0.000968286
0.00175191
0.0026415
0.00376291
0.00494513
0.00620399
0.00745369
0.00862931
0.00971777
0.0106045
0.011336
0.0117801
0.012026
0.0119517
0.0116715
0.0110938
0.0103413
0.00936172
0.0082738
0.00706245
0.00583345
0.00459834
0.00344485
0.0023956
0.00151802
0.000829793
0.000377622
0.000161826
0.000208547
0.000495033
0.00102675
0.00176017
0.00267939
0.00372987
0.00487337
0.00605932
0.00722666
0.00834564
0.00933358
0.0101961
0.010833
0.0112938
0.0114688
0.0114507
0.0111323
0.010639
0.00988113
0.0089962
0.0079297
0.00680346
0.00561455
0.00443905
0.00333853
0.00231453
0.00150514
0.000811362
0.000450312
0.000238225
0.000464175
0.000847167
0.00172309
0.00273476
0.00420985
0.00577521
0.00769261
0.00963968
0.0117723
0.01387
0.0159678
0.017968
0.0197953
0.0214639
0.0228223
0.0239603
0.0247179
0.0252125
0.0253501
0.0254305
0.0269837
0.0270357
0.0271752
0.0269118
0.0263063
0.0253223
0.0239963
0.022385
0.0204752
0.0184239
0.0161456
0.0138945
0.0115156
0.00933628
0.00714735
0.00530583
0.00357892
0.00228823
0.00122155
0.000597407
0.000266394
0.000303617
0.000643486
0.00123309
0.00208225
0.00305866
0.00423413
0.00540111
0.00667199
0.00780743
0.00893445
0.00982721
0.0106038
0.0110915
0.0113793
0.0113757
0.0111276
0.0106365
0.009903
0.00901591
0.0079344
0.0068124
0.00558071
0.00442461
0.00326449
0.00227843
0.00139567
0.00075101
0.000299213
0.000105059
0.00015962
0.000444849
0.000991092
0.00170066
0.00263782
0.00364352
0.00480332
0.00592673
0.00710313
0.00814667
0.0091316
0.00991246
0.0105316
0.010913
0.0110556
0.0109703
0.0106088
0.0100709
0.00926624
0.0083696
0.00726199
0.00616512
0.0049511
0.00385114
0.00275126
0.00185013
0.00107241
0.000544781
0.000251091
0.000240217
0.000568431
0.00116426
0.00216359
0.00336368
0.00495968
0.00665653
0.00866894
0.0106721
0.0128591
0.0149339
0.0170399
0.0189486
0.0207388
0.0222731
0.0235621
0.0245633
0.0252408
0.0256312
0.025684
0.0257234
0.0272776
0.0273878
0.0275075
0.027396
0.0268098
0.0260227
0.0247204
0.0232912
0.0214086
0.0194686
0.0172172
0.0149743
0.0126194
0.0103321
0.00816096
0.00610203
0.00438298
0.00279497
0.00172471
0.000771719
0.000427909
0.000156108
0.000479803
0.000814714
0.00164811
0.00243788
0.00359656
0.0046455
0.00590267
0.00698672
0.00810444
0.00900534
0.00977793
0.010322
0.0106113
0.0106987
0.0104571
0.0100776
0.00935457
0.00858642
0.0075178
0.00651061
0.00529237
0.00423771
0.00308973
0.00218478
0.00131117
0.000722464
0.00027564
0.000109328
0.000164092
0.000447807
0.000989567
0.00166866
0.00259737
0.00354571
0.00469437
0.00573756
0.00690174
0.00784837
0.00882174
0.0094976
0.0101074
0.0103866
0.0105236
0.0103516
0.00998905
0.00939352
0.00859275
0.00768065
0.00658154
0.00552213
0.00432045
0.00331748
0.00223253
0.00148952
0.000725684
0.000416166
0.000136383
0.000390767
0.000729621
0.00160645
0.00260818
0.00405857
0.00564699
0.00752018
0.00951663
0.0115965
0.0137627
0.0158101
0.0178933
0.0196832
0.0214512
0.0228053
0.0240757
0.0248876
0.0255496
0.0257984
0.0258662
0.0258532
0.0273064
0.0274165
0.0274719
0.0273598
0.02693
0.0261446
0.025061
0.0236379
0.0219779
0.0200486
0.0179759
0.0157473
0.0134903
0.011219
0.00904013
0.00699681
0.00515323
0.00357781
0.00227542
0.00132976
0.00067986
0.000410116
0.000404771
0.000739267
0.00126623
0.00205528
0.00294998
0.00399797
0.00504931
0.00613236
0.00711886
0.00801893
0.00874363
0.00928717
0.00961179
0.00969914
0.00956683
0.00918772
0.0086305
0.00786306
0.00699295
0.00598669
0.00497257
0.00391888
0.0029536
0.00204948
0.00131369
0.000725527
0.000354691
0.000188531
0.000249029
0.000532483
0.00101069
0.00168916
0.002495
0.00344247
0.00442641
0.00546863
0.00644887
0.00739463
0.00818985
0.00886509
0.00932697
0.00960589
0.00964616
0.00947427
0.00908151
0.00848652
0.00772987
0.00681861
0.00583759
0.00477916
0.00376112
0.00275908
0.00190778
0.00116546
0.00067027
0.000361115
0.000365616
0.000618137
0.00121581
0.00208626
0.00327635
0.00471607
0.00639333
0.00825372
0.0102328
0.0123002
0.0143545
0.0163916
0.0182921
0.0200757
0.0216247
0.0229773
0.0240369
0.0248511
0.0253616
0.025613
0.0256931
0.0256802
0.0272019
0.0273179
0.0276246
0.0275278
0.0272404
0.0264795
0.0255439
0.0241533
0.0226084
0.0207132
0.0186955
0.0164957
0.0142199
0.0119673
0.00969059
0.00765187
0.00563806
0.00405098
0.00253012
0.00155756
0.000678223
0.000371496
0.000159526
0.000453539
0.000811945
0.00156054
0.00233114
0.00334382
0.00432083
0.0053769
0.00633637
0.00722025
0.00795928
0.00849868
0.00887053
0.00896563
0.00890374
0.00854267
0.00806909
0.00732709
0.00654445
0.00556721
0.00463605
0.00361075
0.00271688
0.00183648
0.00115496
0.000582559
0.000244814
8.43746e-05
0.000154404
0.000432926
0.00089649
0.00156028
0.00232854
0.00325387
0.00418045
0.00519637
0.00610455
0.00702371
0.00773909
0.00839129
0.0087741
0.00903699
0.00900864
0.00883027
0.00838951
0.00779893
0.0070246
0.00612864
0.0051683
0.00413475
0.00318085
0.00221086
0.00146852
0.000762322
0.000414941
0.000141165
0.000325383
0.000609254
0.00140379
0.00229572
0.00366877
0.00511578
0.00692872
0.00878166
0.0108287
0.0128763
0.014927
0.0169359
0.0187677
0.0205196
0.021948
0.0232716
0.024183
0.024976
0.0253492
0.0255866
0.0254815
0.0254628
0.0269556
0.0271027
0.0274081
0.0274027
0.0271127
0.0264913
0.0255543
0.0243253
0.0227818
0.0210385
0.0190254
0.0169409
0.0146719
0.012476
0.0102074
0.00815142
0.00614538
0.00446271
0.00294782
0.0018124
0.000936061
0.000424245
0.000212667
0.000288226
0.00064634
0.00118629
0.00195629
0.00278818
0.00376442
0.00468342
0.00564213
0.00644464
0.00718308
0.00770281
0.00807437
0.00821034
0.00814849
0.00788038
0.00740717
0.00679537
0.00601336
0.00518418
0.00425376
0.00337302
0.00247986
0.00172016
0.00103918
0.000547036
0.000209558
7.84225e-05
0.000148396
0.000402163
0.00086536
0.00145491
0.00222257
0.00303563
0.00396147
0.00484369
0.00575115
0.00653463
0.00724945
0.0077837
0.00816621
0.00834634
0.00831801
0.00810513
0.00766472
0.007095
0.00632129
0.00550199
0.0045424
0.00363511
0.00268196
0.00187596
0.00113421
0.000614181
0.000267082
0.00018412
0.000368012
0.000825584
0.00161759
0.00264007
0.00400825
0.00552088
0.00732784
0.00917299
0.0112144
0.0131867
0.0152335
0.0171153
0.018946
0.0205402
0.0219711
0.0231314
0.0240483
0.0247014
0.0250804
0.0252257
0.0251227
0.0250726
0.0267269
0.0269029
0.027198
0.0272824
0.0269875
0.0265022
0.0255598
0.0244846
0.0229401
0.0213399
0.019329
0.0173532
0.0150891
0.0129472
0.0106855
0.00861404
0.0066152
0.00484401
0.00333464
0.0020484
0.00117483
0.000473094
0.000261879
0.000135136
0.00049298
0.000839722
0.00160916
0.00227363
0.00324915
0.00404121
0.00499921
0.00572638
0.00646428
0.00696579
0.00733708
0.00751089
0.00744908
0.00726705
0.00679419
0.00630297
0.00552153
0.00482947
0.00389973
0.00315287
0.00226036
0.00161244
0.000931959
0.000514139
0.000176909
7.29105e-05
0.000142833
0.000373675
0.000836533
0.00135734
0.00212443
0.00283352
0.00375868
0.00451708
0.00542389
0.00608172
0.00679601
0.00722104
0.00760326
0.00770676
0.00767845
0.00743361
0.00699352
0.00644312
0.00566997
0.00492166
0.00396278
0.00317242
0.00221996
0.00156583
0.000824619
0.000476993
0.000130156
0.0002239
0.000407489
0.00102592
0.00181558
0.00295895
0.00432262
0.00589603
0.00769745
0.00953494
0.0115716
0.0134729
0.0155173
0.0172797
0.0191111
0.0205572
0.0219925
0.0229979
0.0239236
0.0244409
0.0248273
0.0248828
0.0247897
0.0247105
0.026386
0.0265614
0.0267129
0.0267907
0.0265684
0.0260745
0.0252565
0.024176
0.0227934
0.0211918
0.0193585
0.0173846
0.0152875
0.0131499
0.0110177
0.00895206
0.00702124
0.00525558
0.00373499
0.00245207
0.00148362
0.000781999
0.000408043
0.00027959
0.000437529
0.000783542
0.00133931
0.00200291
0.00277805
0.00356925
0.0043664
0.00509288
0.00573053
0.00623165
0.00657559
0.00674937
0.00673427
0.00655258
0.00619013
0.00569955
0.00507198
0.00438073
0.00362149
0.00287548
0.00214119
0.00149399
0.000933213
0.000515866
0.000240522
0.000136665
0.000201302
0.000431928
0.000824184
0.00134446
0.00198815
0.00269649
0.00346642
0.004224
0.00496969
0.00562676
0.00620091
0.00662537
0.00691201
0.00701524
0.00695268
0.00670792
0.00630236
0.00575239
0.0050797
0.00433208
0.00352691
0.00273737
0.0019715
0.0013182
0.000771647
0.000424698
0.000255253
0.000350504
0.000672368
0.00129068
0.00215209
0.00329266
0.00464856
0.00621757
0.00793749
0.00977089
0.0116699
0.0135689
0.0154426
0.0172055
0.0188583
0.0203084
0.021582
0.0225956
0.0233971
0.0239257
0.0242356
0.024299
0.0242838
0.0242052
0.0259716
0.0261465
0.0264197
0.0264934
0.026349
0.0258487
0.0251399
0.0240543
0.0227926
0.0211885
0.0194707
0.0174969
0.0154928
0.0133573
0.01128
0.00921776
0.00729092
0.00552908
0.00395628
0.0026763
0.00160565
0.000905263
0.000395003
0.000266612
0.000272907
0.000618702
0.00102595
0.00168913
0.00233377
0.00312447
0.00382347
0.0045495
0.00513208
0.00563288
0.00597008
0.00614376
0.00616904
0.00598747
0.00570472
0.00521445
0.00469252
0.00400171
0.00335705
0.00261151
0.00198264
0.00133585
0.000854975
0.000437892
0.000204835
0.000101043
0.000164307
0.000394788
0.000742852
0.0012628
0.00182694
0.00253484
0.00320266
0.00395976
0.00459693
0.00525358
0.00572983
0.00615402
0.00636884
0.00647201
0.00637549
0.00613088
0.00573573
0.0051861
0.00456858
0.00382143
0.00311059
0.00232155
0.00167841
0.00102552
0.000615827
0.000269097
0.000235754
0.000330973
0.00077022
0.00138753
0.00233015
0.00346839
0.00485535
0.00642161
0.00811798
0.00994947
0.0117769
0.0136758
0.0154433
0.0172086
0.0187367
0.0201922
0.0213392
0.0223611
0.0230496
0.0235876
0.0238159
0.023885
0.0237709
0.0236929
0.025533
0.0257101
0.026099
0.0261796
0.0260912
0.0256063
0.0249671
0.0239076
0.0227157
0.0211466
0.0194898
0.017555
0.0155961
0.0134976
0.0114421
0.00940888
0.00747388
0.0057273
0.00411533
0.00283288
0.00169826
0.00097736
0.000389562
0.000226202
0.000151519
0.000453081
0.000782552
0.00139929
0.00197793
0.00272655
0.00337782
0.00407217
0.00462982
0.00511381
0.00545078
0.00562461
0.00567318
0.00550806
0.00526788
0.00480703
0.00434012
0.00368625
0.00310058
0.00239288
0.00181804
0.00120335
0.000763475
0.000367235
0.00015615
5.84438e-05
0.000121606
0.000342507
0.000668718
0.0011652
0.00168931
0.00236398
0.00297984
0.00369968
0.0042809
0.00490269
0.00532748
0.00572523
0.00590097
0.0059908
0.00587376
0.00563154
0.00523818
0.00470679
0.00411424
0.0033988
0.00273402
0.00198569
0.00140499
0.000795909
0.000458316
0.000152188
0.000191881
0.000317809
0.000824211
0.00145754
0.00245181
0.00358827
0.00500134
0.00654863
0.00824063
0.01004
0.0118348
0.0136942
0.015408
0.0171325
0.018594
0.0200134
0.0210879
0.0220829
0.022701
0.0232223
0.023395
0.0234548
0.0232541
0.0231725
0.0250877
0.0252717
0.0256579
0.025771
0.025674
0.0252549
0.0246051
0.0236381
0.022437
0.0209774
0.0193142
0.0174931
0.0155306
0.0135354
0.0114787
0.00952261
0.00758844
0.00587918
0.00426917
0.00297665
0.00184379
0.00106687
0.000479751
0.000224539
0.000149896
0.000338191
0.000667484
0.0011656
0.00174393
0.00238525
0.00303616
0.00364985
0.0042072
0.0046485
0.00498529
0.00515969
0.00520823
0.0050852
0.00484514
0.00445938
0.00399272
0.00343304
0.00284769
0.00223645
0.00166192
0.00112906
0.000689422
0.00034631
0.000135339
5.31651e-05
0.000116293
0.000312812
0.000638847
0.00107556
0.00159939
0.00218938
0.00280491
0.00342981
0.00401071
0.00454359
0.00496816
0.00529842
0.00547406
0.00552977
0.00541278
0.00517647
0.00478332
0.00429823
0.003706
0.00307127
0.00240686
0.00176229
0.0011819
0.000684717
0.000347306
0.00014512
0.000184792
0.000391355
0.000897186
0.00157437
0.00256721
0.00370179
0.00511348
0.00661263
0.0083046
0.0100177
0.0118146
0.0135632
0.0152818
0.0168863
0.0183557
0.0196606
0.0207461
0.0216439
0.0222747
0.022725
0.0229079
0.0229287
0.022731
0.022639
0.0246754
0.0248657
0.0252495
0.0253926
0.0252877
0.0249294
0.0242698
0.0233885
0.0221789
0.0208206
0.0191515
0.0174358
0.01547
0.0135704
0.0115126
0.00962793
0.00769452
0.00601984
0.00441164
0.00310979
0.00197856
0.00114975
0.000563271
0.000222999
0.000148393
0.000231796
0.000560923
0.000949183
0.00152722
0.00206917
0.00271976
0.00325876
0.00381583
0.0042176
0.00455422
0.00472914
0.00477765
0.0046936
0.00445367
0.00413743
0.00367101
0.00319856
0.0026135
0.00209158
0.00151734
0.00106026
0.000620844
0.000326932
0.000116066
4.82767e-05
0.000111373
0.000285313
0.000611184
0.000992541
0.00151611
0.00202769
0.00264291
0.00317988
0.00376049
0.00421105
0.0046354
0.00490317
0.00507872
0.00510282
0.00498589
0.00475505
0.0043621
0.00391988
0.00332795
0.00276796
0.00210388
0.0015554
0.000975309
0.000581746
0.000244505
0.000138574
0.000178227
0.000459463
0.000964765
0.00168257
0.00267408
0.00380691
0.00521732
0.00667189
0.00836385
0.00999697
0.011796
0.0134418
0.0151649
0.0166584
0.0181351
0.0193338
0.0204295
0.0212375
0.0218798
0.0222644
0.0224569
0.0224414
0.0222466
0.022145
0.02429
0.0244858
0.0248544
0.0250265
0.0249129
0.024613
0.023943
0.0231417
0.0219248
0.0206595
0.0189876
0.0173677
0.0154034
0.0135901
0.0115371
0.00971644
0.00778952
0.00614572
0.00454344
0.0032336
0.00210537
0.00123133
0.000643742
0.00022975
0.000150637
0.000143794
0.000465519
0.000759253
0.0013291
0.00178555
0.00242861
0.00290334
0.00345485
0.0038226
0.00415652
0.00433189
0.00438092
0.00433041
0.00409396
0.00383755
0.00337679
0.0029794
0.002401
0.00195596
0.00138806
0.000996189
0.000561566
0.000309993
0.000101463
4.6051e-05
0.000108589
0.000263098
0.000585629
0.000919352
0.00143742
0.00188153
0.00249012
0.00295143
0.00352553
0.00390525
0.00432442
0.00453841
0.00471114
0.00470804
0.00459126
0.00436513
0.00397537
0.00357006
0.00298392
0.00248826
0.00183163
0.00136585
0.000793632
0.000489232
0.000158919
0.000135805
0.00017951
0.000525468
0.00103154
0.00178479
0.00277325
0.00390453
0.00530923
0.00672444
0.00841029
0.00997242
0.011767
0.0133211
0.015043
0.0164366
0.0179163
0.019019
0.0201224
0.0208477
0.0215009
0.0218241
0.0220253
0.0219764
0.0217928
0.0216828
0.0238935
0.0240888
0.024352
0.0245172
0.0244225
0.0241097
0.0234908
0.0226759
0.0215442
0.0202676
0.0187071
0.0170789
0.0152391
0.0134206
0.0114894
0.00966644
0.00784214
0.00619863
0.00466394
0.00335571
0.00224814
0.00137547
0.000758897
0.000345239
0.000196813
0.000189973
0.000416918
0.000710526
0.00117674
0.00163298
0.00218156
0.00265608
0.0031382
0.00350579
0.00380646
0.00398175
0.00403787
0.00398738
0.00379508
0.00353879
0.00314929
0.00275207
0.00225736
0.0018125
0.00132418
0.000932476
0.000557975
0.00030651
0.000127287
7.18981e-05
0.000127514
0.000281955
0.00056272
0.0008963
0.00134558
0.0017895
0.00231508
0.00277619
0.00326851
0.00364806
0.00400212
0.00421601
0.00435295
0.00434986
0.00423428
0.00400824
0.00365795
0.00325281
0.00273894
0.00224349
0.00168053
0.00121494
0.000742305
0.000438035
0.000196282
0.000173178
0.000279047
0.000624722
0.00115308
0.00190518
0.002868
0.00399803
0.00533236
0.00674772
0.00833008
0.00989493
0.0115679
0.0131278
0.0147254
0.0161278
0.0174953
0.0186099
0.0196256
0.0203653
0.0209629
0.0212998
0.0214749
0.0214333
0.0213128
0.0212035
0.0235215
0.0237162
0.0238939
0.0240529
0.0239748
0.0236503
0.0230779
0.0222507
0.0211966
0.0199095
0.0184507
0.0168148
0.0150883
0.013265
0.0114444
0.00961939
0.00788829
0.00624499
0.00477165
0.00346485
0.00237592
0.00150446
0.00086108
0.000447725
0.0002355
0.000228662
0.000369261
0.000662752
0.00103464
0.0014907
0.00195334
0.00242767
0.00284675
0.00321419
0.00348475
0.00365997
0.00372272
0.00367225
0.00352034
0.00326415
0.0029397
0.00254263
0.00212428
0.0016796
0.00126387
0.000872322
0.000552658
0.000301294
0.000148803
9.34368e-05
0.000142742
0.000297122
0.000539793
0.000873239
0.00125977
0.00170351
0.00215334
0.00261426
0.00303193
0.00341133
0.00370588
0.00391969
0.00402382
0.00402073
0.00390606
0.00368011
0.00336561
0.00296063
0.00251246
0.00201721
0.00153951
0.00107411
0.000692229
0.00038808
0.000227132
0.000204037
0.000367227
0.000712646
0.00126171
0.00201277
0.00295236
0.00408129
0.00535157
0.00676711
0.0082552
0.00982258
0.0113848
0.0129499
0.014434
0.0158445
0.0171094
0.018235
0.0191705
0.0199233
0.02047
0.0208195
0.0209708
0.0209361
0.0208656
0.0207568
0.0230959
0.02329
0.0235626
0.023717
0.0236652
0.0233325
0.0228022
0.0219665
0.0209665
0.0196722
0.0182763
0.0166349
0.0149747
0.0131475
0.0113888
0.00956149
0.00787916
0.00623512
0.00478978
0.00348323
0.00239737
0.00152632
0.000861711
0.00044851
0.000195392
0.000188556
0.000275753
0.000569135
0.000884404
0.0013403
0.00175264
0.0022268
0.00261028
0.00297759
0.00323299
0.00340815
0.00347825
0.0034278
0.00330378
0.00304768
0.00276602
0.00236911
0.00200016
0.00155564
0.00118656
0.000795153
0.000510653
0.000259381
0.00012406
6.87145e-05
0.000114046
0.000268369
0.000486647
0.000819971
0.0011661
0.00160967
0.00201034
0.0024711
0.00283967
0.00321893
0.00347328
0.00368701
0.00376718
0.00376409
0.00364629
0.00342043
0.00312477
0.00271994
0.00230998
0.00181491
0.00138885
0.00092362
0.000598462
0.000294426
0.000185817
0.000162731
0.000364607
0.000709902
0.00127678
0.00202753
0.00295949
0.00408833
0.00532503
0.00674153
0.00817442
0.00974437
0.0112376
0.012807
0.0142176
0.0156343
0.0168293
0.0179631
0.0188383
0.0196009
0.0200999
0.0204589
0.0205789
0.0205494
0.0204059
0.0202977
0.0227017
0.0228954
0.0232558
0.0234061
0.0233785
0.0230382
0.0225469
0.0217033
0.0207534
0.0194524
0.0181147
0.0164683
0.0148694
0.0130386
0.0113373
0.00950786
0.00787069
0.00622597
0.00480658
0.00350025
0.00241724
0.00154655
0.000862295
0.000449237
0.000158249
0.000151416
0.000189158
0.00048244
0.000745276
0.00120101
0.00156679
0.00204078
0.0023913
0.00275848
0.00299984
0.00317494
0.00325186
0.00320142
0.00310324
0.00284723
0.00260519
0.00220841
0.00188521
0.00144085
0.00111496
0.000723689
0.000471754
0.000220568
0.000101147
4.58201e-05
8.74717e-05
0.000241742
0.000437431
0.000770641
0.00107935
0.00152277
0.00187792
0.00233852
0.00266163
0.00304076
0.00325788
0.00347154
0.0035295
0.00352641
0.00340573
0.00317995
0.00290174
0.00249705
0.00212247
0.00162757
0.00124933
0.000784257
0.000511627
0.000207695
0.000147557
0.000124478
0.00036218
0.00070736
0.00129075
0.00204119
0.0029661
0.00409485
0.00530046
0.00671783
0.0080996
0.00967194
0.0111013
0.0126748
0.0140172
0.0154397
0.0165699
0.0177113
0.0185306
0.0193022
0.0197572
0.020125
0.020216
0.0201913
0.0199802
0.0198725
0.0224663
0.0226602
0.0230484
0.0232043
0.0231763
0.0228485
0.0223613
0.021535
0.0205945
0.0193148
0.0179912
0.0163687
0.0147863
0.0129797
0.0112948
0.00948675
0.00786331
0.00623412
0.00482306
0.00352417
0.00244219
0.00156993
0.000879168
0.000456207
0.000152721
0.000129744
0.000151024
0.000425046
0.000670383
0.00110709
0.00145729
0.00191572
0.0022552
0.00261283
0.00284948
0.00302249
0.00310166
0.00305667
0.0029671
0.00272275
0.00249395
0.00211265
0.00180473
0.0013766
0.00106515
0.000687743
0.000446693
0.000204378
9.02727e-05
3.71725e-05
7.75912e-05
0.000227041
0.000415174
0.000737409
0.00103361
0.00146192
0.00180186
0.00224598
0.0025539
0.00291823
0.00312292
0.00332621
0.00337678
0.00336979
0.00324817
0.00302586
0.00275352
0.00235934
0.00199661
0.00151767
0.00115542
0.000709189
0.000454093
0.000168749
0.00012475
0.000116805
0.000366335
0.000720235
0.0013091
0.00205992
0.00298245
0.0041026
0.00529832
0.00669907
0.00806543
0.00961529
0.0110266
0.0125745
0.013899
0.0152959
0.0164109
0.0175293
0.0183387
0.0190909
0.0195418
0.0198947
0.0199862
0.0199535
0.0197213
0.0196124
0.0223143
0.0225082
0.0228953
0.0230557
0.0230245
0.0227099
0.0222185
0.0214138
0.0204692
0.0192184
0.0178915
0.0163023
0.0147175
0.012945
0.0112585
0.00948092
0.00785674
0.00624984
0.00483882
0.00355048
0.0024689
0.001594
0.000903529
0.000465995
0.000162598
0.000116284
0.000137557
0.000383786
0.000629051
0.00103832
0.00138842
0.00182442
0.0021638
0.0025077
0.00274428
0.00291432
0.00299346
0.00295633
0.00286679
0.00263926
0.00241053
0.00205152
0.0017437
0.00133895
0.00102759
0.00067016
0.000429181
0.000199648
8.55759e-05
3.56857e-05
7.60927e-05
0.000218598
0.000406676
0.000713104
0.00100922
0.00141576
0.0017556
0.00217599
0.00248381
0.00282681
0.00303144
0.00321979
0.00327034
0.00325772
0.00313613
0.00291882
0.00264656
0.00226751
0.00190488
0.00144893
0.00108678
0.000667719
0.000412697
0.000154175
0.000110188
0.000124115
0.000373571
0.000740304
0.00132892
0.00208058
0.0030028
0.00411074
0.00530649
0.00668348
0.00805065
0.00956867
0.0109817
0.0124941
0.0138212
0.0151834
0.0163019
0.0173899
0.0182036
0.0189324
0.019388
0.0197255
0.0198207
0.0197809
0.0195498
0.0194396
0.0221735
0.0223673
0.0227535
0.0229181
0.0228838
0.0225815
0.0220862
0.0213016
0.0203533
0.0191291
0.0177991
0.0162408
0.0146537
0.0129129
0.0112248
0.00947551
0.00785065
0.0062644
0.00485343
0.00357484
0.00249363
0.00161629
0.000926088
0.000475059
0.000171746
0.000103819
0.000125087
0.000345577
0.000590775
0.000974639
0.00132464
0.00173988
0.00207916
0.00241035
0.00264686
0.00281414
0.00289326
0.00286341
0.00277389
0.00256194
0.00233327
0.00199492
0.00168718
0.00130409
0.000992816
0.000653878
0.000412964
0.000195268
8.12264e-05
3.4309e-05
7.47049e-05
0.00021078
0.000398807
0.000690595
0.000986629
0.00137302
0.00171276
0.00211117
0.00241891
0.00274216
0.00294673
0.00312124
0.00317178
0.00315393
0.00303238
0.00281969
0.0025475
0.00218246
0.00181993
0.00138528
0.00102323
0.000629314
0.000374362
0.000140677
9.6703e-05
0.000130884
0.000380272
0.000758889
0.00134728
0.00209972
0.00302163
0.00411827
0.00531407
0.00666903
0.00803696
0.0095255
0.0109401
0.0124197
0.0137492
0.0150792
0.016201
0.0172608
0.0180785
0.0187857
0.0192455
0.0195688
0.0196674
0.0196211
0.019391
0.0192795
0.022043
0.0222369
0.0226222
0.0227907
0.0227536
0.0224625
0.0219637
0.0211976
0.0202459
0.0190464
0.0177136
0.0161839
0.0145947
0.0128831
0.0111937
0.00947051
0.00784501
0.00627788
0.00486695
0.0035974
0.00251654
0.00163693
0.000946979
0.000483453
0.000180216
9.22751e-05
0.000113538
0.000310193
0.00055533
0.000915665
0.00126558
0.00166158
0.00200078
0.00232019
0.00255664
0.00272136
0.00280047
0.00277736
0.00268787
0.00249033
0.00226172
0.0019425
0.00163483
0.0012718
0.000960608
0.000638799
0.000397946
0.000191211
7.71985e-05
3.3034e-05
7.34197e-05
0.000203539
0.000391519
0.000669751
0.00096571
0.00133343
0.00167309
0.00205115
0.00235881
0.00266376
0.00286828
0.00302998
0.0030805
0.00305782
0.0029363
0.00272789
0.00245577
0.00210371
0.00174127
0.00132633
0.000964368
0.000593749
0.000338861
0.000128178
8.42148e-05
0.000137153
0.000386478
0.0007761
0.00136428
0.00211744
0.00303908
0.00412525
0.00532108
0.00665566
0.00802429
0.00948552
0.0109016
0.0123508
0.0136825
0.0149827
0.0161074
0.0171413
0.0179627
0.0186498
0.0191135
0.0194237
0.0195255
0.0194731
0.0192439
0.0191313
0.0219223
0.0221161
0.0225006
0.0226727
0.022633
0.0223524
0.0218503
0.0211014
0.0201464
0.0189699
0.0176344
0.0161312
0.01454
0.0128556
0.0111648
0.00946588
0.00783978
0.00629037
0.00487947
0.00361829
0.00253775
0.00165605
0.000966326
0.000491226
0.000188061
8.15851e-05
0.000102843
0.000277425
0.000522505
0.000861051
0.00121088
0.00158908
0.0019282
0.0022367
0.00247309
0.00263545
0.00271453
0.00269767
0.0026082
0.00242402
0.00219546
0.00189395
0.00158636
0.00124191
0.000930782
0.000624835
0.000384038
0.000187454
7.34684e-05
3.18533e-05
7.22296e-05
0.000196834
0.00038477
0.000650448
0.000946338
0.00129677
0.00163635
0.00199556
0.00230315
0.00259116
0.00279563
0.00294546
0.00299598
0.00296881
0.00284732
0.00264288
0.00237083
0.00203077
0.00166842
0.00127173
0.000909862
0.000560814
0.000305985
0.000116603
7.26499e-05
0.000142958
0.000392224
0.000792038
0.00138002
0.00213385
0.00305524
0.00413171
0.00532757
0.00664327
0.00801255
0.0094485
0.0108659
0.012287
0.0136207
0.0148934
0.0160209
0.0170306
0.0178554
0.018524
0.0189913
0.0192894
0.019394
0.019336
0.0191077
0.018994
0.0218104
0.0220043
0.022388
0.0225634
0.0225213
0.0222505
0.0217452
0.0210122
0.0200543
0.0188989
0.0175611
0.0160824
0.0144894
0.0128301
0.0111381
0.00946158
0.00783495
0.00630194
0.00489107
0.00363764
0.00255739
0.00167375
0.000984243
0.000498425
0.000195325
7.16854e-05
9.29384e-05
0.00024708
0.000492107
0.000810475
0.00116023
0.00152193
0.00186098
0.00215938
0.00239572
0.00255589
0.00263496
0.00262387
0.00253442
0.00236262
0.00213411
0.001849
0.00154147
0.00121422
0.000903162
0.000611903
0.000371158
0.000183975
7.00141e-05
3.07599e-05
7.11275e-05
0.000190625
0.00037852
0.000632572
0.000928398
0.00126282
0.00160233
0.00194408
0.0022516
0.00252393
0.00272835
0.0028672
0.0029177
0.00288639
0.00276492
0.00256416
0.00229216
0.00196323
0.00160096
0.00122118
0.000859386
0.000530314
0.00027554
0.000105884
6.19401e-05
0.000148334
0.000397546
0.000806798
0.0013946
0.00214904
0.0030702
0.00413769
0.00533359
0.0066318
0.00800168
0.00941422
0.0108329
0.0122279
0.0135635
0.0148106
0.0159407
0.0169281
0.0177561
0.0184074
0.0188782
0.0191649
0.0192723
0.019209
0.0189816
0.0188669
0.0217069
0.0219007
0.0222837
0.0224622
0.0224179
0.022156
0.0216479
0.0209297
0.019969
0.0188333
0.0174932
0.0160372
0.0144425
0.0128064
0.0111133
0.00945761
0.00783047
0.00631265
0.00490181
0.00365555
0.00257558
0.00169014
0.00100083
0.000505091
0.000202052
6.25178e-05
8.37665e-05
0.000218979
0.000463956
0.000763639
0.00111333
0.00145975
0.00179873
0.00208778
0.00232407
0.00248221
0.00256126
0.00255553
0.0024661
0.00230575
0.00207728
0.00180737
0.0014999
0.00118858
0.000877583
0.000599928
0.000359231
0.000180754
6.68152e-05
2.97473e-05
7.01068e-05
0.000184875
0.000372733
0.000616017
0.000911785
0.00123139
0.00157082
0.00189641
0.00220387
0.00246166
0.00266605
0.00279472
0.00284521
0.00281006
0.00268861
0.00249125
0.00221931
0.00190068
0.00153848
0.00117436
0.000812641
0.000502069
0.000247346
9.59568e-05
5.20222e-05
0.000153313
0.000402475
0.000820466
0.0014081
0.00216312
0.00308405
0.00414324
0.00533916
0.00662118
0.00799161
0.00938247
0.0108023
0.0121732
0.0135106
0.014734
0.0158664
0.0168332
0.0176641
0.0182995
0.0187734
0.0190497
0.0191596
0.0190915
0.0188648
0.0187492
0.021716
0.0219094
0.0222551
0.0224303
0.0223885
0.0221215
0.0216191
0.0208965
0.019944
0.0188054
0.0174751
0.0160178
0.0144335
0.0127973
0.011114
0.00945888
0.00784009
0.00632327
0.0049185
0.00367301
0.00259618
0.0017107
0.00102131
0.000524627
0.000218581
7.74943e-05
9.3821e-05
0.000227135
0.000466316
0.000764097
0.00110818
0.00145303
0.00178755
0.00207563
0.00230928
0.0024672
0.00254571
0.00254051
0.00245251
0.00229332
0.00206776
0.00179939
0.00149558
0.00118589
0.000878466
0.000602205
0.00036424
0.000186655
7.40487e-05
3.72038e-05
7.7236e-05
0.000191517
0.000377462
0.000619639
0.000912302
0.00123038
0.00156616
0.00189009
0.00219411
0.00245042
0.00265235
0.00277999
0.0028296
0.00279407
0.00267366
0.00247667
0.00220764
0.00189009
0.00153228
0.00116978
0.00081322
0.000504533
0.000254858
0.000105304
6.53944e-05
0.000168145
0.000419499
0.000838321
0.00142559
0.00218056
0.00309842
0.00415682
0.00534731
0.00662839
0.00799154
0.00938197
0.0107933
0.0121647
0.0134928
0.0147181
0.0158413
0.0168117
0.0176343
0.018275
0.0187423
0.0190247
0.0191308
0.0190664
0.0188645
0.0187492
0.0217356
0.021929
0.0222338
0.0224087
0.0223652
0.0220975
0.021596
0.0208724
0.0199242
0.0187846
0.0174614
0.0160032
0.0144275
0.0127906
0.0111163
0.00946077
0.00785009
0.0063332
0.00493457
0.00368929
0.00261564
0.00173042
0.00104083
0.000544263
0.000235032
9.39689e-05
0.000105192
0.000238482
0.000471658
0.000769388
0.00110767
0.00145246
0.00178237
0.00207039
0.00230131
0.0024592
0.00253715
0.00253196
0.00244543
0.00228627
0.00206373
0.00179541
0.00149538
0.00118573
0.000882011
0.000605798
0.00037066
0.000193106
8.18795e-05
4.50409e-05
8.47345e-05
0.000198995
0.000382961
0.000625097
0.000914546
0.00123257
0.00156456
0.00188844
0.0021889
0.00244517
0.00264455
0.00277216
0.00282087
0.00278535
0.00266601
0.00246905
0.00220303
0.00188554
0.00153228
0.00116983
0.000818626
0.000509992
0.000265547
0.000116019
8.02824e-05
0.000183015
0.000436705
0.000855432
0.00144241
0.00219717
0.00311193
0.00417016
0.00535527
0.00663641
0.00799281
0.00938358
0.0107877
0.0121596
0.0134809
0.014707
0.0158247
0.0167958
0.0176151
0.0182567
0.0187234
0.0190064
0.0191138
0.0190497
0.0188762
0.0187609
0.0217537
0.0219471
0.022214
0.0223887
0.0223436
0.0220753
0.0215745
0.02085
0.0199058
0.0187653
0.0174486
0.0159896
0.0144219
0.0127844
0.0111184
0.00946251
0.00785935
0.00634241
0.00494945
0.00370436
0.00263367
0.00174869
0.00105891
0.000562448
0.000250266
0.000109225
0.000115721
0.000248991
0.000476605
0.000774287
0.00110719
0.00145193
0.00177756
0.00206554
0.00229393
0.00245179
0.00252923
0.00252403
0.00243888
0.00227975
0.00205999
0.00179171
0.00149519
0.00118559
0.000885294
0.000609125
0.000376606
0.000199079
8.91313e-05
5.22985e-05
9.16786e-05
0.000205921
0.000388054
0.000630151
0.000916624
0.0012346
0.00156309
0.00188691
0.00218408
0.0024403
0.00263732
0.00276492
0.00281278
0.00277727
0.00265891
0.00246199
0.00219876
0.00188132
0.00153227
0.00116988
0.000823632
0.000515047
0.000275446
0.000125942
9.40696e-05
0.000196786
0.000452639
0.000871278
0.00145799
0.00221254
0.00312445
0.00418251
0.00536264
0.00664384
0.00799398
0.00938507
0.0107825
0.0121549
0.01347
0.0146967
0.0158093
0.0167812
0.0175974
0.0182397
0.0187059
0.0189894
0.019098
0.0190341
0.018887
0.0187717
0.0217706
0.0219639
0.0221958
0.0223702
0.0223236
0.0220547
0.0215547
0.0208293
0.0198888
0.0187474
0.0174368
0.0159771
0.0144168
0.0127787
0.0111204
0.00946413
0.00786793
0.00635093
0.00496323
0.00371832
0.00265035
0.0017656
0.00107565
0.000579288
0.000264374
0.000123354
0.000125472
0.000258722
0.000481186
0.000778825
0.00110675
0.00145144
0.00177311
0.00206105
0.0022871
0.00244493
0.00252189
0.0025167
0.00243282
0.00227371
0.00205653
0.00178829
0.00149501
0.00118546
0.000888335
0.000612206
0.000382112
0.000204612
9.58469e-05
5.90195e-05
9.81092e-05
0.000212335
0.000392771
0.000634832
0.000918549
0.00123648
0.00156172
0.0018855
0.00217961
0.0024358
0.00263063
0.00275821
0.00280529
0.00276978
0.00265235
0.00245545
0.00219481
0.00187741
0.00153226
0.00116993
0.000828268
0.000519729
0.000284613
0.000135131
0.000106837
0.000209539
0.000467395
0.000885952
0.00147242
0.00222678
0.00313604
0.00419395
0.00536947
0.00665073
0.00799506
0.00938645
0.0107777
0.0121506
0.0134598
0.0146871
0.015795
0.0167676
0.017581
0.018224
0.0186898
0.0189737
0.0190834
0.0190198
0.018897
0.0187818
0.0217861
0.0219795
0.0221788
0.022353
0.0223051
0.0220357
0.0215363
0.0208102
0.0198731
0.0187309
0.0174259
0.0159655
0.014412
0.0127734
0.0111222
0.00946563
0.00787587
0.00635882
0.00497599
0.00373125
0.00266581
0.00178126
0.00109116
0.000594882
0.000277438
0.000136438
0.000134503
0.000267735
0.000485429
0.000783027
0.00110634
0.00145098
0.00176899
0.00205689
0.00228077
0.00243858
0.0025151
0.00250991
0.0024272
0.00226811
0.00205333
0.00178513
0.00149485
0.00118534
0.00089115
0.000615059
0.000387211
0.000209735
0.000102066
6.52436e-05
0.000104064
0.000218275
0.000397138
0.000639166
0.000920331
0.00123822
0.00156045
0.00188419
0.00217547
0.00243162
0.00262444
0.00275199
0.00279836
0.00276285
0.00264626
0.00244939
0.00219115
0.00187379
0.00153226
0.00116997
0.000832562
0.000524064
0.000293102
0.00014364
0.000118661
0.000221349
0.000481059
0.000899541
0.00148578
0.00223996
0.00314677
0.00420454
0.0053758
0.0066571
0.00799606
0.00938773
0.0107732
0.0121466
0.0134504
0.0146783
0.0157818
0.0167551
0.0175658
0.0182095
0.0186748
0.0189592
0.0190699
0.0190064
0.0189063
0.0187911
)
;

boundaryField
{
    inlet
    {
        type            cyclic;
    }
    outlet
    {
        type            cyclic;
    }
    top
    {
        type            zeroGradient;
    }
    hills
    {
        type            zeroGradient;
    }
    front
    {
        type            empty;
    }
    back
    {
        type            empty;
    }
}


// ************************************************************************* //
