/*--------------------------------*- C++ -*----------------------------------*\
| =========                 |                                                 |
| \\      /  F ield         | OpenFOAM: The Open Source CFD Toolbox           |
|  \\    /   O peration     | Version:  v2106                                 |
|   \\  /    A nd           | Website:  www.openfoam.com                      |
|    \\/     M anipulation  |                                                 |
\*---------------------------------------------------------------------------*/
FoamFile
{
    version     2.0;
    format      ascii;
    arch        "LSB;label=32;scalar=64";
    class       volScalarField;
    location    "0";
    object      expGpCoeffs1;
}
// * * * * * * * * * * * * * * * * * * * * * * * * * * * * * * * * * * * * * //

dimensions      [0 0 0 0 0 0 0];

internalField   nonuniform List<scalar> 
8000
(
0.011872
0.0113764
0.00968472
0.00632332
0.000448595
-0.00753909
-0.0171576
-0.0282345
-0.0395818
-0.0512574
-0.0624331
-0.0730511
-0.0826803
-0.0912814
-0.0986215
-0.104763
-0.109811
-0.113833
-0.117374
-0.120455
-0.123815
-0.127449
-0.13171
-0.136572
-0.141747
-0.14722
-0.152632
-0.157967
-0.163123
-0.168094
-0.172846
-0.177373
-0.18165
-0.185672
-0.18942
-0.192892
-0.196076
-0.19897
-0.20157
-0.203875
-0.205887
-0.207606
-0.209038
-0.210184
-0.211054
-0.211649
-0.21198
-0.21205
-0.211871
-0.211444
-0.210782
-0.209886
-0.208766
-0.207424
-0.205867
-0.204097
-0.202118
-0.199932
-0.197541
-0.194946
-0.192149
-0.189151
-0.185953
-0.182557
-0.178968
-0.175187
-0.171223
-0.167078
-0.162768
-0.158295
-0.153681
-0.148929
-0.14407
-0.139105
-0.134134
-0.12917
-0.124565
-0.120331
-0.11673
-0.11378
-0.111074
-0.108612
-0.105624
-0.102089
-0.0975185
-0.0918528
-0.0851216
-0.0772787
-0.0686866
-0.0593922
-0.0498628
-0.0401508
-0.0309206
-0.0221299
-0.0145937
-0.00843462
-0.00388593
-0.00121511
0.000201362
0.000681754
0.0119119
0.0114164
0.00987518
0.00651642
0.000635012
-0.0073495
-0.0170797
-0.0281588
-0.0395885
-0.0512689
-0.0624892
-0.0731122
-0.082768
-0.0913739
-0.0987179
-0.104864
-0.109877
-0.113901
-0.11738
-0.120461
-0.123763
-0.127396
-0.131663
-0.136524
-0.141745
-0.147218
-0.152645
-0.15798
-0.163139
-0.16811
-0.172865
-0.177392
-0.181672
-0.185693
-0.189443
-0.192915
-0.1961
-0.198993
-0.201594
-0.203899
-0.205911
-0.20763
-0.209061
-0.210207
-0.211076
-0.211671
-0.212001
-0.212071
-0.211891
-0.211464
-0.210801
-0.209905
-0.208784
-0.207442
-0.205884
-0.204114
-0.202135
-0.199949
-0.197557
-0.194963
-0.192165
-0.189167
-0.185969
-0.182573
-0.178983
-0.175202
-0.171236
-0.167092
-0.16278
-0.158307
-0.15369
-0.14894
-0.144077
-0.139113
-0.134126
-0.129163
-0.124513
-0.12028
-0.116677
-0.113728
-0.111086
-0.108623
-0.105697
-0.10216
-0.0976144
-0.0919453
-0.085196
-0.0773489
-0.0687209
-0.0594226
-0.049851
-0.0401356
-0.0308448
-0.0220528
-0.0144443
-0.00828781
-0.00374652
-0.00107762
0.000240149
0.000720438
0.011955
0.0114596
0.0100808
0.00672494
0.000836314
-0.00714476
-0.0169957
-0.0280771
-0.0395957
-0.0512814
-0.0625497
-0.0731783
-0.0828626
-0.0914737
-0.098822
-0.104972
-0.109948
-0.113974
-0.117386
-0.120468
-0.123707
-0.127339
-0.131612
-0.136472
-0.141744
-0.147215
-0.152659
-0.157993
-0.163158
-0.168128
-0.172886
-0.177413
-0.181695
-0.185716
-0.189468
-0.192939
-0.196125
-0.199019
-0.20162
-0.203924
-0.205936
-0.207655
-0.209086
-0.210231
-0.2111
-0.211694
-0.212023
-0.212093
-0.211912
-0.211485
-0.21082
-0.209924
-0.208803
-0.207461
-0.205902
-0.204132
-0.202152
-0.199967
-0.197575
-0.194981
-0.192182
-0.189185
-0.185986
-0.182591
-0.178999
-0.175219
-0.171251
-0.167108
-0.162793
-0.158321
-0.153701
-0.148951
-0.144084
-0.139121
-0.134118
-0.129155
-0.124456
-0.120224
-0.11662
-0.113672
-0.111098
-0.108636
-0.105776
-0.102237
-0.0977181
-0.0920451
-0.0852762
-0.0774247
-0.068758
-0.0594554
-0.0498382
-0.0401191
-0.030763
-0.0219697
-0.0142831
-0.00812927
-0.00359599
-0.000929155
0.000282033
0.00076221
0.0120015
0.0115062
0.0103029
0.00695011
0.00105369
-0.00692368
-0.0169048
-0.0279889
-0.0396034
-0.0512949
-0.0626151
-0.0732497
-0.0829648
-0.0915815
-0.0989345
-0.105089
-0.110024
-0.114052
-0.117393
-0.120475
-0.123647
-0.127278
-0.131557
-0.136416
-0.141742
-0.147213
-0.152675
-0.158008
-0.163177
-0.168146
-0.172909
-0.177435
-0.181721
-0.185741
-0.189495
-0.192966
-0.196153
-0.199046
-0.201648
-0.203952
-0.205964
-0.207682
-0.209112
-0.210258
-0.211125
-0.211719
-0.212047
-0.212117
-0.211934
-0.211508
-0.210842
-0.209946
-0.208823
-0.207481
-0.205922
-0.204152
-0.202171
-0.199986
-0.197594
-0.195
-0.192201
-0.189204
-0.186004
-0.182609
-0.179017
-0.175237
-0.171268
-0.167124
-0.162807
-0.158336
-0.153712
-0.148963
-0.144092
-0.13913
-0.13411
-0.129147
-0.124395
-0.120164
-0.116559
-0.113611
-0.111112
-0.108649
-0.105861
-0.10232
-0.09783
-0.0921528
-0.0853629
-0.0775066
-0.0687981
-0.0594908
-0.0498244
-0.0401012
-0.0306747
-0.0218799
-0.0141089
-0.00795808
-0.00343344
-0.000768834
0.000327261
0.000807317
0.0120517
0.0115566
0.0105427
0.00721227
0.00128842
-0.00668495
-0.0168068
-0.0278936
-0.0396118
-0.0513095
-0.0626857
-0.0733267
-0.0830751
-0.0916979
-0.0990559
-0.105215
-0.110107
-0.114137
-0.117401
-0.120483
-0.123581
-0.127211
-0.131497
-0.136356
-0.14174
-0.14721
-0.152691
-0.158024
-0.163198
-0.168167
-0.172934
-0.177459
-0.181748
-0.185768
-0.189524
-0.192994
-0.196183
-0.199076
-0.201678
-0.203982
-0.205994
-0.207711
-0.209141
-0.210286
-0.211152
-0.211747
-0.212073
-0.212143
-0.211959
-0.211532
-0.210865
-0.209969
-0.208845
-0.207503
-0.205943
-0.204174
-0.202192
-0.200007
-0.197614
-0.195021
-0.192221
-0.189224
-0.186023
-0.18263
-0.179035
-0.175256
-0.171285
-0.167143
-0.162822
-0.158352
-0.153725
-0.148976
-0.1441
-0.139139
-0.1341
-0.129139
-0.124329
-0.120099
-0.116492
-0.113546
-0.111127
-0.108664
-0.105953
-0.10241
-0.0979508
-0.0922692
-0.0854565
-0.077595
-0.0688414
-0.0595291
-0.0498095
-0.040082
-0.0305793
-0.0217829
-0.0139208
-0.00777321
-0.00324399
-0.000595713
0.0003761
0.000856026
0.0121806
0.0117013
0.0108485
0.00761266
0.00159892
-0.00626036
-0.016655
-0.0276676
-0.0396116
-0.0512933
-0.0627383
-0.0733625
-0.0831619
-0.0917734
-0.0991792
-0.105345
-0.110197
-0.114229
-0.117409
-0.120491
-0.12351
-0.127139
-0.131433
-0.136291
-0.141784
-0.147257
-0.152757
-0.158092
-0.163272
-0.168242
-0.173014
-0.177542
-0.181834
-0.185856
-0.189615
-0.193086
-0.196277
-0.199171
-0.201774
-0.20408
-0.206091
-0.207811
-0.20924
-0.210386
-0.211251
-0.211847
-0.212172
-0.212243
-0.212057
-0.211631
-0.210963
-0.210067
-0.208942
-0.207601
-0.206039
-0.20427
-0.202288
-0.200102
-0.197709
-0.195114
-0.192314
-0.189317
-0.186115
-0.182719
-0.179124
-0.175343
-0.171369
-0.167225
-0.162902
-0.158428
-0.153798
-0.149046
-0.144166
-0.139201
-0.134144
-0.129179
-0.124258
-0.120029
-0.116421
-0.113475
-0.111143
-0.108679
-0.106053
-0.102507
-0.0980759
-0.0923877
-0.0855133
-0.0776627
-0.0688494
-0.0595519
-0.0497689
-0.0400545
-0.0303864
-0.0216467
-0.0135997
-0.007538
-0.00295347
-0.000378673
0.000487795
0.000955883
0.0124788
0.0120401
0.0111892
0.00804502
0.00203949
-0.00572941
-0.0161129
-0.0270825
-0.0390148
-0.0507288
-0.0621632
-0.0728956
-0.0826869
-0.0914687
-0.0988699
-0.105242
-0.110101
-0.114332
-0.117505
-0.120721
-0.123739
-0.127445
-0.131782
-0.136703
-0.142255
-0.147769
-0.153269
-0.158639
-0.163818
-0.168823
-0.173593
-0.178153
-0.182444
-0.186496
-0.190255
-0.193754
-0.196943
-0.199862
-0.202465
-0.204792
-0.206803
-0.208542
-0.209971
-0.211133
-0.211998
-0.212607
-0.212932
-0.213013
-0.212827
-0.212408
-0.21174
-0.210849
-0.209723
-0.208382
-0.206821
-0.205048
-0.203067
-0.200874
-0.198481
-0.195875
-0.193075
-0.190061
-0.18686
-0.183443
-0.179848
-0.176041
-0.172068
-0.167893
-0.16357
-0.159061
-0.154431
-0.149639
-0.14476
-0.13975
-0.134694
-0.129677
-0.124695
-0.120392
-0.11674
-0.11371
-0.11138
-0.108778
-0.106157
-0.102418
-0.0979796
-0.0921069
-0.0852366
-0.0772526
-0.0684461
-0.0590808
-0.0493062
-0.0395887
-0.0299296
-0.0212405
-0.0132017
-0.00721838
-0.00263976
-0.000137566
0.000727486
0.00116447
0.0128009
0.0124059
0.0115571
0.0085119
0.00251523
-0.00515607
-0.0155275
-0.0264507
-0.0383703
-0.0501192
-0.0615422
-0.0723914
-0.082174
-0.0911396
-0.0985358
-0.105131
-0.109989
-0.114443
-0.117618
-0.121022
-0.124043
-0.12788
-0.132217
-0.137213
-0.142763
-0.148323
-0.153821
-0.15923
-0.164408
-0.16945
-0.174219
-0.178814
-0.183104
-0.187188
-0.190946
-0.194474
-0.197663
-0.200609
-0.203211
-0.205562
-0.207572
-0.209331
-0.21076
-0.21194
-0.212804
-0.213427
-0.213752
-0.213844
-0.213659
-0.213248
-0.212579
-0.211692
-0.210567
-0.209227
-0.207666
-0.205889
-0.203908
-0.201707
-0.199314
-0.196696
-0.193897
-0.190865
-0.187664
-0.184225
-0.180631
-0.176795
-0.172823
-0.168614
-0.164292
-0.159744
-0.155115
-0.150279
-0.145401
-0.140343
-0.135288
-0.130215
-0.125234
-0.120846
-0.117192
-0.114023
-0.111689
-0.108893
-0.106271
-0.102313
-0.0978756
-0.0918037
-0.0849379
-0.0768097
-0.0680106
-0.058572
-0.0488066
-0.0390856
-0.0294362
-0.0208018
-0.0127719
-0.00687324
-0.002301
0.000122791
0.000986313
0.00138972
0.0131486
0.0128009
0.0119544
0.00901605
0.00302895
-0.00453696
-0.0148954
-0.0257684
-0.0376744
-0.049461
-0.0608715
-0.0718469
-0.0816201
-0.0907843
-0.0981751
-0.105011
-0.109868
-0.114562
-0.11774
-0.121347
-0.124372
-0.128349
-0.132687
-0.137763
-0.143312
-0.14892
-0.154417
-0.159869
-0.165045
-0.170127
-0.174895
-0.179527
-0.183816
-0.187935
-0.191692
-0.195252
-0.198441
-0.201415
-0.204016
-0.206393
-0.208403
-0.210184
-0.211612
-0.212811
-0.213675
-0.214313
-0.214639
-0.214742
-0.214557
-0.214154
-0.213486
-0.212603
-0.211478
-0.210138
-0.208578
-0.206797
-0.204816
-0.202607
-0.200214
-0.197582
-0.194784
-0.191733
-0.188533
-0.185069
-0.181476
-0.177609
-0.173638
-0.169392
-0.165072
-0.160481
-0.155854
-0.15097
-0.146093
-0.140984
-0.13593
-0.130796
-0.125816
-0.121336
-0.117681
-0.11436
-0.112023
-0.109017
-0.106393
-0.1022
-0.0977633
-0.0914763
-0.0846153
-0.0763315
-0.0675403
-0.0580226
-0.0482671
-0.0385425
-0.0289035
-0.0203282
-0.0123078
-0.00650054
-0.0019352
0.000403936
0.00126581
0.00163295
0.0135241
0.0132274
0.0123834
0.00956046
0.00358369
-0.00386841
-0.0142129
-0.0250317
-0.0369229
-0.0487502
-0.0601473
-0.071259
-0.081022
-0.0904006
-0.0977856
-0.104881
-0.109737
-0.114692
-0.117872
-0.121699
-0.124727
-0.128855
-0.133195
-0.138357
-0.143905
-0.149566
-0.155061
-0.160558
-0.165733
-0.170858
-0.175625
-0.180297
-0.184586
-0.188742
-0.192498
-0.196092
-0.19928
-0.202285
-0.204886
-0.20729
-0.2093
-0.211105
-0.212532
-0.213752
-0.214616
-0.21527
-0.215595
-0.215712
-0.215526
-0.215132
-0.214464
-0.213587
-0.212462
-0.211122
-0.209562
-0.207778
-0.205797
-0.203578
-0.201187
-0.198539
-0.195742
-0.19267
-0.189471
-0.18598
-0.182388
-0.178489
-0.174519
-0.170233
-0.165914
-0.161278
-0.156651
-0.151717
-0.146841
-0.141675
-0.136622
-0.131423
-0.126444
-0.121865
-0.118209
-0.114725
-0.112384
-0.109152
-0.106525
-0.102078
-0.0976421
-0.0911227
-0.0842669
-0.0758151
-0.0670325
-0.0574293
-0.0476846
-0.0379559
-0.0283282
-0.0198167
-0.0118066
-0.00609809
-0.00154019
0.000707527
0.00156761
0.0018956
0.0139296
0.013688
0.0128466
0.0101483
0.00418272
-0.00314649
-0.0134758
-0.0242362
-0.0361114
-0.0479827
-0.0593653
-0.0706242
-0.0803761
-0.0899862
-0.097365
-0.104741
-0.109596
-0.114832
-0.118015
-0.122078
-0.12511
-0.129402
-0.133743
-0.138999
-0.144545
-0.150262
-0.155757
-0.161302
-0.166476
-0.171647
-0.176413
-0.181129
-0.185416
-0.189613
-0.193368
-0.197
-0.200187
-0.203225
-0.205825
-0.208259
-0.210268
-0.212099
-0.213526
-0.214767
-0.215631
-0.216304
-0.216629
-0.216759
-0.216574
-0.216189
-0.215521
-0.214649
-0.213524
-0.212185
-0.210626
-0.208836
-0.206856
-0.204627
-0.202236
-0.199573
-0.196776
-0.193682
-0.190484
-0.186964
-0.183373
-0.179438
-0.175469
-0.171141
-0.166823
-0.162138
-0.157512
-0.152523
-0.147648
-0.142422
-0.13737
-0.132101
-0.127123
-0.122436
-0.118779
-0.115118
-0.112774
-0.109297
-0.106667
-0.101946
-0.0975111
-0.0907409
-0.0838907
-0.0752574
-0.0664842
-0.0567887
-0.0470555
-0.0373226
-0.027707
-0.0192644
-0.0112655
-0.0056635
-0.00111364
0.00103536
0.00189352
0.00217921
0.0143674
0.0141854
0.0133468
0.0107831
0.00482958
-0.00236693
-0.0126799
-0.0233771
-0.0352352
-0.0471539
-0.0585209
-0.0699386
-0.0796786
-0.0895388
-0.0969107
-0.10459
-0.109443
-0.114983
-0.118169
-0.122488
-0.125523
-0.129993
-0.134335
-0.139691
-0.145236
-0.151015
-0.156508
-0.162105
-0.167278
-0.172499
-0.177264
-0.182027
-0.186313
-0.190554
-0.194308
-0.197979
-0.201165
-0.20424
-0.206839
-0.209305
-0.211314
-0.213172
-0.214599
-0.215864
-0.216727
-0.21742
-0.217744
-0.21789
-0.217704
-0.21733
-0.216663
-0.215796
-0.214672
-0.213333
-0.211774
-0.20998
-0.208
-0.20576
-0.20337
-0.200689
-0.197893
-0.194776
-0.191578
-0.188027
-0.184437
-0.180463
-0.176496
-0.172122
-0.167805
-0.163067
-0.158442
-0.153393
-0.14852
-0.143228
-0.138178
-0.132832
-0.127856
-0.123053
-0.119394
-0.115543
-0.113194
-0.109454
-0.106821
-0.101803
-0.0973698
-0.0903286
-0.0834845
-0.0746552
-0.065892
-0.0560969
-0.0463762
-0.0366386
-0.0270362
-0.018668
-0.0106811
-0.00519421
-0.000653034
0.00138936
0.00224544
0.00248548
0.0150595
0.0149076
0.0141105
0.0115445
0.00580964
-0.00138633
-0.0114801
-0.0221912
-0.0339879
-0.0459477
-0.0573057
-0.0688519
-0.0786747
-0.0887302
-0.0963008
-0.1042
-0.109282
-0.115058
-0.118415
-0.122969
-0.126103
-0.130751
-0.135173
-0.140611
-0.146275
-0.152095
-0.157618
-0.163252
-0.168459
-0.173715
-0.178513
-0.183309
-0.187627
-0.191897
-0.195681
-0.19938
-0.202594
-0.205693
-0.208318
-0.210806
-0.212837
-0.214715
-0.216162
-0.217443
-0.218324
-0.219029
-0.219368
-0.219524
-0.219349
-0.218982
-0.218322
-0.217459
-0.216338
-0.215
-0.21344
-0.211643
-0.209658
-0.207411
-0.20501
-0.202318
-0.199507
-0.196373
-0.193156
-0.189583
-0.185968
-0.181968
-0.17797
-0.173565
-0.169212
-0.164438
-0.159773
-0.154683
-0.149765
-0.144429
-0.139338
-0.133939
-0.128827
-0.12393
-0.120182
-0.116139
-0.113685
-0.109702
-0.106898
-0.10165
-0.0970082
-0.08977
-0.0827687
-0.0737845
-0.0649805
-0.0551022
-0.0454148
-0.0356692
-0.0261342
-0.0177753
-0.00996279
-0.00448764
-0.00010661
0.00193548
0.00274277
0.00295934
0.0160479
0.0158972
0.0149477
0.0123932
0.00699107
-0.000175786
-0.00975783
-0.0204232
-0.0319952
-0.0439052
-0.0553937
-0.0668962
-0.0771306
-0.0871537
-0.0953601
-0.103243
-0.109118
-0.114893
-0.119056
-0.123618
-0.127401
-0.132058
-0.136788
-0.142226
-0.147961
-0.15378
-0.159396
-0.165029
-0.170345
-0.175599
-0.180502
-0.185296
-0.189713
-0.193983
-0.197859
-0.201557
-0.204857
-0.207955
-0.210658
-0.213145
-0.215247
-0.217124
-0.218632
-0.219912
-0.220845
-0.221551
-0.221932
-0.222088
-0.221946
-0.221579
-0.22094
-0.220077
-0.218967
-0.217629
-0.216066
-0.214269
-0.212267
-0.210021
-0.207589
-0.204898
-0.20204
-0.198907
-0.195627
-0.192056
-0.188362
-0.184363
-0.180271
-0.175867
-0.171405
-0.166632
-0.161844
-0.156755
-0.151701
-0.146366
-0.141147
-0.135751
-0.130529
-0.125632
-0.12153
-0.117479
-0.114337
-0.110345
-0.106734
-0.101487
-0.0961212
-0.0888989
-0.0813976
-0.0724414
-0.0633816
-0.0535387
-0.0438345
-0.034127
-0.0248251
-0.0164996
-0.00909178
-0.00363737
0.000500584
0.00253449
0.00341259
0.00362835
0.0171194
0.0169699
0.0162151
0.0136704
0.00843137
0.0012924
-0.00789809
-0.0185139
-0.0298435
-0.0416996
-0.053329
-0.0647844
-0.0754632
-0.0854515
-0.0943444
-0.102208
-0.108941
-0.114715
-0.119748
-0.12432
-0.128803
-0.133469
-0.138533
-0.143971
-0.149783
-0.155599
-0.161317
-0.166947
-0.172382
-0.177634
-0.18265
-0.187443
-0.191967
-0.196234
-0.200211
-0.203908
-0.2073
-0.210398
-0.213185
-0.215671
-0.217848
-0.219724
-0.221299
-0.222579
-0.223569
-0.224274
-0.224701
-0.224857
-0.22475
-0.224383
-0.223768
-0.222905
-0.221805
-0.220467
-0.218901
-0.217105
-0.215085
-0.212839
-0.210373
-0.207683
-0.204774
-0.201642
-0.198295
-0.194725
-0.190947
-0.18695
-0.182756
-0.178354
-0.173773
-0.169002
-0.16408
-0.158993
-0.15379
-0.148457
-0.143101
-0.137706
-0.132367
-0.127469
-0.122987
-0.118926
-0.115041
-0.11104
-0.106557
-0.101311
-0.0951635
-0.0879584
-0.0799171
-0.070991
-0.0616551
-0.0518504
-0.042128
-0.0324617
-0.0234114
-0.0151221
-0.00802702
-0.00259228
0.00141293
0.00343977
0.00414184
0.00435674
0.0183437
0.0181956
0.0182449
0.0157277
0.0109298
0.00385712
-0.00532289
-0.0158674
-0.0274274
-0.0392224
-0.0512825
-0.0626922
-0.0740496
-0.0840102
-0.0937225
-0.101578
-0.10911
-0.11489
-0.120598
-0.125182
-0.130169
-0.134842
-0.140257
-0.145695
-0.15176
-0.157575
-0.163468
-0.169096
-0.174679
-0.179929
-0.185084
-0.189875
-0.194527
-0.198793
-0.202887
-0.206582
-0.210079
-0.213175
-0.216055
-0.21854
-0.220797
-0.222672
-0.224315
-0.225594
-0.226639
-0.227344
-0.227815
-0.227971
-0.227895
-0.227529
-0.226933
-0.226071
-0.224977
-0.223641
-0.222067
-0.220272
-0.218231
-0.215986
-0.213482
-0.210793
-0.20783
-0.204699
-0.201277
-0.197709
-0.193835
-0.18984
-0.18553
-0.181129
-0.176411
-0.171641
-0.166561
-0.161476
-0.156096
-0.150765
-0.145194
-0.139801
-0.13417
-0.129272
-0.124407
-0.120338
-0.115923
-0.11191
-0.106735
-0.101483
-0.0945598
-0.0873629
-0.0785969
-0.0696964
-0.0598425
-0.0500775
-0.0401003
-0.0304842
-0.0213505
-0.0131165
-0.00612255
-0.000736939
0.00288067
0.00488789
0.00502529
0.00523913
0.0196625
0.0195187
0.0202465
0.0177806
0.0136029
0.0065374
-0.00253797
-0.0130043
-0.02481
-0.0365387
-0.0490865
-0.0604472
-0.0725473
-0.0824786
-0.0930986
-0.100946
-0.10935
-0.115138
-0.121537
-0.126134
-0.131609
-0.136291
-0.14209
-0.147528
-0.153897
-0.159709
-0.165796
-0.171421
-0.177165
-0.182413
-0.187718
-0.192507
-0.197298
-0.201563
-0.205783
-0.209477
-0.213087
-0.216182
-0.219161
-0.221645
-0.223988
-0.225863
-0.227578
-0.228857
-0.229962
-0.230666
-0.231184
-0.23134
-0.231298
-0.230932
-0.230357
-0.229495
-0.228409
-0.227073
-0.225492
-0.223698
-0.221633
-0.219389
-0.216846
-0.214158
-0.211135
-0.208005
-0.204503
-0.200936
-0.19696
-0.192966
-0.18853
-0.184131
-0.179263
-0.174496
-0.169243
-0.16416
-0.158588
-0.153259
-0.147453
-0.142063
-0.136083
-0.131185
-0.125906
-0.121827
-0.1169
-0.112874
-0.106986
-0.101727
-0.0939505
-0.0867621
-0.0771885
-0.0683152
-0.0578891
-0.048167
-0.0378939
-0.0283324
-0.0191201
-0.0109471
-0.00413281
0.00124698
0.0043488
0.00631238
0.00597837
0.00618909
0.0208811
0.0209242
0.0216596
0.0196483
0.0155111
0.00895466
-1.8477e-05
-0.0101774
-0.0219177
-0.0336178
-0.0461539
-0.0578017
-0.0699247
-0.080433
-0.0911355
-0.0997573
-0.108279
-0.114885
-0.121391
-0.126681
-0.132242
-0.137373
-0.143218
-0.148863
-0.155188
-0.161096
-0.167196
-0.172891
-0.178645
-0.183959
-0.189274
-0.194126
-0.198927
-0.203252
-0.20748
-0.211232
-0.214849
-0.218001
-0.220986
-0.223524
-0.225873
-0.2278
-0.22952
-0.230849
-0.231958
-0.232708
-0.23323
-0.233428
-0.233389
-0.23306
-0.232487
-0.231656
-0.230571
-0.229257
-0.227677
-0.225896
-0.223831
-0.22159
-0.219044
-0.216346
-0.213319
-0.210165
-0.206659
-0.203053
-0.19907
-0.195021
-0.190577
-0.186106
-0.181229
-0.176373
-0.171109
-0.165922
-0.160338
-0.154891
-0.14907
-0.143529
-0.137581
-0.132428
-0.127096
-0.122536
-0.117517
-0.112795
-0.106796
-0.100773
-0.0928818
-0.085039
-0.0753944
-0.0661039
-0.0556646
-0.0458007
-0.0355474
-0.0260938
-0.0169474
-0.00907161
-0.00234084
0.00261963
0.0056923
0.00730308
0.00696364
0.00703207
0.0221969
0.0224419
0.0231856
0.021665
0.0175717
0.0115649
0.00266312
-0.00712641
-0.0187861
-0.0304613
-0.0429219
-0.0549255
-0.0669858
-0.0781951
-0.0888532
-0.0984126
-0.106912
-0.114509
-0.121011
-0.127155
-0.132719
-0.138417
-0.144263
-0.150175
-0.156498
-0.162518
-0.168614
-0.174392
-0.180143
-0.185534
-0.190847
-0.195772
-0.200571
-0.204966
-0.209193
-0.213013
-0.216629
-0.219845
-0.22283
-0.225431
-0.227779
-0.229766
-0.231485
-0.232871
-0.233979
-0.234784
-0.235305
-0.235552
-0.235513
-0.235228
-0.234655
-0.23386
-0.232775
-0.231489
-0.22991
-0.228144
-0.22608
-0.223842
-0.221297
-0.218587
-0.215562
-0.21238
-0.208875
-0.205223
-0.201242
-0.197129
-0.192687
-0.188133
-0.183258
-0.178299
-0.173038
-0.16773
-0.162148
-0.156565
-0.150746
-0.145031
-0.139086
-0.133605
-0.12827
-0.1231
-0.118076
-0.112496
-0.1065
-0.0995484
-0.091678
-0.083043
-0.073437
-0.0636393
-0.0532522
-0.0432103
-0.0330172
-0.0236872
-0.0146025
-0.00708378
-0.000405798
0.00410187
0.00714306
0.00837289
0.00802757
0.00794235
0.0236179
0.0240808
0.0248334
0.0238428
0.0197968
0.0143836
0.00555882
-0.00383183
-0.0154044
-0.0270529
-0.0394319
-0.0518197
-0.0638123
-0.0757786
-0.0863887
-0.0969606
-0.105435
-0.114104
-0.120601
-0.127666
-0.133234
-0.139544
-0.145392
-0.151593
-0.157913
-0.164053
-0.170146
-0.176012
-0.18176
-0.187235
-0.192545
-0.19755
-0.202346
-0.206818
-0.211042
-0.214936
-0.21855
-0.221837
-0.22482
-0.227489
-0.229836
-0.231888
-0.233607
-0.235055
-0.236163
-0.237025
-0.237546
-0.237846
-0.237808
-0.237569
-0.236997
-0.23624
-0.235156
-0.233899
-0.23232
-0.230572
-0.228509
-0.226274
-0.22373
-0.221008
-0.217984
-0.214772
-0.211269
-0.207567
-0.203588
-0.199406
-0.194965
-0.190321
-0.185448
-0.180379
-0.17512
-0.169682
-0.164103
-0.158372
-0.152556
-0.146652
-0.14071
-0.134875
-0.129538
-0.123708
-0.11868
-0.112173
-0.106181
-0.0982266
-0.0903781
-0.0808877
-0.0713233
-0.0609779
-0.0506473
-0.040413
-0.0302849
-0.0210885
-0.0120705
-0.00493724
0.00168374
0.00570246
0.00870966
0.00952811
0.00917645
0.00892531
0.0251316
0.025665
0.0260008
0.0251794
0.0216374
0.0165182
0.0084674
-0.00070351
-0.0117347
-0.0233148
-0.0354849
-0.0479762
-0.0600678
-0.0722971
-0.0833166
-0.09427
-0.103417
-0.112513
-0.119763
-0.127217
-0.133388
-0.139971
-0.146062
-0.152396
-0.158648
-0.164833
-0.170902
-0.176799
-0.182525
-0.188031
-0.193322
-0.198356
-0.203138
-0.207639
-0.211855
-0.215776
-0.219391
-0.222705
-0.225696
-0.228391
-0.230754
-0.232832
-0.234574
-0.236046
-0.237185
-0.23807
-0.238627
-0.238948
-0.238948
-0.238728
-0.238197
-0.237456
-0.236412
-0.235167
-0.233626
-0.231885
-0.229857
-0.227623
-0.225109
-0.222383
-0.219382
-0.216159
-0.212671
-0.208951
-0.20498
-0.200771
-0.196331
-0.191653
-0.186772
-0.181662
-0.176387
-0.1709
-0.165297
-0.15951
-0.153667
-0.147692
-0.141762
-0.135763
-0.130136
-0.124009
-0.118366
-0.111465
-0.10478
-0.0964245
-0.0880394
-0.0782272
-0.0684136
-0.057883
-0.04757
-0.0372998
-0.0274089
-0.0183112
-0.00974669
-0.0028124
0.00322566
0.00701176
0.009659
0.0103526
0.0102521
0.00994727
0.0266295
0.0271643
0.0279047
0.0271033
0.0241573
0.0190961
0.0118576
0.00277902
-0.00760765
-0.0190818
-0.0310697
-0.0434581
-0.0558942
-0.0680335
-0.0798613
-0.0907473
-0.101044
-0.110101
-0.1186
-0.126039
-0.133217
-0.139796
-0.146351
-0.152682
-0.15898
-0.165162
-0.171201
-0.177095
-0.182794
-0.188297
-0.193564
-0.198595
-0.20336
-0.207858
-0.212067
-0.215986
-0.219604
-0.222916
-0.225924
-0.228617
-0.231009
-0.233085
-0.234868
-0.236339
-0.237528
-0.238412
-0.239028
-0.239349
-0.239414
-0.239194
-0.23873
-0.23799
-0.237013
-0.235769
-0.234292
-0.232552
-0.23058
-0.228349
-0.225883
-0.223158
-0.220194
-0.216973
-0.21351
-0.209792
-0.205832
-0.201626
-0.197181
-0.192506
-0.187605
-0.182497
-0.177187
-0.171703
-0.16605
-0.160267
-0.154363
-0.148391
-0.142325
-0.136329
-0.130155
-0.124031
-0.117355
-0.110467
-0.102623
-0.0943023
-0.0849787
-0.0752249
-0.0648715
-0.0544152
-0.0439892
-0.0338001
-0.0241926
-0.0151751
-0.00718539
-0.000318532
0.00507605
0.00882083
0.0110073
0.0116868
0.0112662
0.0109604
0.0279464
0.0284976
0.0304868
0.0297882
0.027991
0.0230167
0.0164925
0.00752567
-0.00262715
-0.0139712
-0.0261587
-0.0384319
-0.0515712
-0.0636147
-0.0766121
-0.0874359
-0.0990635
-0.108089
-0.117747
-0.125174
-0.133161
-0.139737
-0.146687
-0.153014
-0.159404
-0.165581
-0.171625
-0.177515
-0.183211
-0.18871
-0.193973
-0.199001
-0.203764
-0.208259
-0.212471
-0.216387
-0.220015
-0.223324
-0.226351
-0.229042
-0.231463
-0.233537
-0.235359
-0.236829
-0.238066
-0.23895
-0.239622
-0.239943
-0.240071
-0.239851
-0.239454
-0.238714
-0.237807
-0.236563
-0.235153
-0.233414
-0.231505
-0.229274
-0.226861
-0.224139
-0.221216
-0.217997
-0.21456
-0.210845
-0.206892
-0.202689
-0.198231
-0.193559
-0.188623
-0.183519
-0.178151
-0.172671
-0.166937
-0.161158
-0.155147
-0.149179
-0.142911
-0.136918
-0.130275
-0.124153
-0.116642
-0.109763
-0.1008
-0.0925077
-0.0820104
-0.0723122
-0.0610602
-0.0506857
-0.039848
-0.0297537
-0.0201702
-0.0112551
-0.00360545
0.00317769
0.00792191
0.0116003
0.0128876
0.0134869
0.012198
0.0118801
0.0292286
0.030057
0.0320539
0.0321232
0.0303778
0.0264585
0.0200308
0.0120633
0.00204627
-0.00867662
-0.0207375
-0.0328917
-0.0459157
-0.0583919
-0.0713124
-0.0830385
-0.0946455
-0.104811
-0.114474
-0.122938
-0.130941
-0.138132
-0.145058
-0.151502
-0.157792
-0.163829
-0.16987
-0.175577
-0.181269
-0.186593
-0.191852
-0.19672
-0.201479
-0.205833
-0.210043
-0.213843
-0.217469
-0.220692
-0.223716
-0.226352
-0.228771
-0.230821
-0.232641
-0.234117
-0.235354
-0.236272
-0.236944
-0.237324
-0.237452
-0.237314
-0.236917
-0.236276
-0.235369
-0.234237
-0.232828
-0.23121
-0.229301
-0.227196
-0.224785
-0.22219
-0.219269
-0.216176
-0.212741
-0.209149
-0.205199
-0.201113
-0.196659
-0.192098
-0.187165
-0.182164
-0.176799
-0.171413
-0.165684
-0.159988
-0.153981
-0.148047
-0.141868
-0.135672
-0.129043
-0.122279
-0.114746
-0.106903
-0.09793
-0.0886879
-0.0782089
-0.067872
-0.0566874
-0.0461264
-0.0353837
-0.0255447
-0.0160622
-0.00774706
-0.000202751
0.00575445
0.0104283
0.0132933
0.0145439
0.0145673
0.0132731
0.0127477
0.0306132
0.0317409
0.0337319
0.0346446
0.0329551
0.0301751
0.0238516
0.0169633
0.00707881
-0.0029609
-0.0148818
-0.0269091
-0.0397986
-0.052752
-0.065555
-0.078277
-0.0897952
-0.101214
-0.110821
-0.120427
-0.1284
-0.136274
-0.143188
-0.149766
-0.156052
-0.161938
-0.167974
-0.173485
-0.179172
-0.184307
-0.189563
-0.194256
-0.199012
-0.203215
-0.207421
-0.211097
-0.21472
-0.21785
-0.220871
-0.223447
-0.225864
-0.227888
-0.229707
-0.231189
-0.232425
-0.23338
-0.234052
-0.234497
-0.234625
-0.234575
-0.234178
-0.233643
-0.232737
-0.231725
-0.230317
-0.228829
-0.226922
-0.224953
-0.222543
-0.220085
-0.217166
-0.21421
-0.210777
-0.207318
-0.20337
-0.199412
-0.194961
-0.190519
-0.185591
-0.180701
-0.17534
-0.170055
-0.16433
-0.158725
-0.152723
-0.146824
-0.140649
-0.13422
-0.127602
-0.120122
-0.112614
-0.103709
-0.0947846
-0.0844973
-0.0740945
-0.0630523
-0.0519655
-0.0411978
-0.030563
-0.0210019
-0.0116277
-0.00397334
0.00347163
0.00853694
0.0131349
0.0151216
0.0163325
0.0157245
0.0144339
0.0136846
0.0322379
0.0334096
0.0347099
0.0357162
0.0347811
0.0322798
0.027408
0.020827
0.0123192
0.00253197
-0.00845276
-0.0203322
-0.0327779
-0.0457069
-0.0585903
-0.0714043
-0.0835417
-0.095128
-0.105666
-0.11545
-0.124204
-0.132193
-0.139385
-0.14599
-0.15206
-0.157914
-0.163635
-0.169104
-0.174451
-0.179547
-0.184484
-0.189141
-0.19361
-0.197781
-0.201738
-0.205388
-0.208807
-0.211916
-0.214782
-0.217344
-0.219654
-0.221672
-0.223433
-0.224916
-0.22614
-0.227103
-0.227806
-0.228263
-0.228461
-0.228428
-0.228134
-0.227621
-0.226845
-0.225857
-0.224602
-0.22314
-0.221405
-0.219462
-0.21724
-0.214809
-0.212091
-0.209162
-0.205942
-0.20251
-0.198786
-0.194855
-0.190637
-0.186222
-0.181535
-0.17667
-0.171559
-0.166297
-0.160826
-0.155242
-0.149463
-0.143575
-0.137535
-0.131056
-0.12412
-0.116511
-0.108291
-0.0992146
-0.089571
-0.0791451
-0.0684
-0.0573053
-0.0463516
-0.0356381
-0.0255101
-0.016099
-0.00753814
-0.00010272
0.00627366
0.0110947
0.0146342
0.0164128
0.017097
0.0164226
0.0155531
0.0147708
0.032864
0.0340355
0.0371033
0.0381584
0.0388753
0.0364322
0.0329815
0.026562
0.0191888
0.00958508
-0.000681648
-0.0123746
-0.0247795
-0.0375313
-0.0511433
-0.0638068
-0.0771866
-0.0886634
-0.100501
-0.110217
-0.119906
-0.127859
-0.135213
-0.141807
-0.147455
-0.153303
-0.158568
-0.164033
-0.168968
-0.174059
-0.178605
-0.183258
-0.18737
-0.191537
-0.19518
-0.198827
-0.201984
-0.205091
-0.207752
-0.210312
-0.21248
-0.214495
-0.216175
-0.217657
-0.21886
-0.219821
-0.220559
-0.221016
-0.2213
-0.221267
-0.221105
-0.220592
-0.219986
-0.218999
-0.217947
-0.216486
-0.214979
-0.213039
-0.211066
-0.208637
-0.206186
-0.20326
-0.200319
-0.19689
-0.193455
-0.189527
-0.185603
-0.181192
-0.176803
-0.171942
-0.167129
-0.161871
-0.156693
-0.151114
-0.14565
-0.139767
-0.134002
-0.127533
-0.120354
-0.112776
-0.103672
-0.0946564
-0.0839162
-0.073586
-0.0619372
-0.0509703
-0.039651
-0.0290825
-0.0192379
-0.00997368
-0.00217713
0.00511877
0.0104952
0.0151974
0.0175996
0.0193355
0.0187771
0.0180646
0.0159707
0.0151887
0.0334463
0.0349295
0.0380054
0.0400656
0.0408663
0.0399992
0.0367903
0.0320814
0.02497
0.0168564
0.00680506
-0.00387016
-0.0160935
-0.0284574
-0.0419511
-0.0548848
-0.0682247
-0.0804328
-0.092272
-0.102764
-0.112459
-0.12076
-0.128048
-0.134377
-0.139876
-0.145133
-0.150367
-0.155201
-0.160109
-0.164597
-0.169118
-0.173211
-0.177299
-0.180962
-0.184585
-0.187795
-0.190934
-0.19368
-0.196328
-0.198609
-0.200766
-0.202587
-0.204261
-0.205631
-0.206832
-0.207762
-0.208502
-0.209003
-0.209292
-0.209372
-0.209217
-0.208879
-0.208283
-0.207525
-0.206485
-0.205301
-0.203809
-0.202188
-0.200231
-0.19816
-0.195726
-0.193192
-0.190269
-0.187265
-0.183848
-0.180374
-0.176471
-0.17254
-0.168171
-0.163813
-0.15902
-0.154282
-0.149125
-0.144076
-0.138635
-0.133238
-0.127599
-0.121329
-0.114199
-0.106314
-0.0971958
-0.0875864
-0.0768449
-0.0660669
-0.0544626
-0.0434993
-0.0322932
-0.0222563
-0.012571
-0.00427087
0.00334611
0.00940353
0.0145736
0.0179549
0.0201771
0.0207481
0.0201299
0.0186867
0.0165872
0.0155768
0.0342175
0.0359214
0.0385795
0.0413176
0.0424954
0.042836
0.0404084
0.0370942
0.0308696
0.0239922
0.0147325
0.00491815
-0.00664717
-0.0186511
-0.0316665
-0.0447598
-0.0578784
-0.0706043
-0.0824478
-0.0934928
-0.103233
-0.111761
-0.118994
-0.125099
-0.130365
-0.135162
-0.140121
-0.144465
-0.149073
-0.153093
-0.157332
-0.160989
-0.16482
-0.16809
-0.171485
-0.174355
-0.1773
-0.179766
-0.182255
-0.184319
-0.186356
-0.188026
-0.189617
-0.190901
-0.192058
-0.192964
-0.193695
-0.194231
-0.194545
-0.194713
-0.194614
-0.194412
-0.1939
-0.19332
-0.19239
-0.191421
-0.190061
-0.188688
-0.186886
-0.185092
-0.182832
-0.180603
-0.177875
-0.1752
-0.171998
-0.168876
-0.165206
-0.161648
-0.15753
-0.153563
-0.149036
-0.144702
-0.139823
-0.135187
-0.13
-0.124982
-0.119564
-0.113462
-0.106401
-0.0983139
-0.0892091
-0.0791832
-0.0685266
-0.0574469
-0.0461261
-0.0352107
-0.0244701
-0.0148961
-0.00577284
0.00172104
0.00871521
0.0137492
0.0182597
0.0205671
0.0222325
0.0219148
0.0210388
0.0191066
0.0172706
0.0160988
0.033907
0.0356088
0.0393186
0.0420644
0.0449499
0.0453563
0.0451502
0.041976
0.0380658
0.031383
0.024168
0.0145832
0.00445718
-0.00729675
-0.0196986
-0.0325443
-0.0458361
-0.0583487
-0.0707853
-0.081675
-0.0918457
-0.100284
-0.107216
-0.113299
-0.117627
-0.122419
-0.126339
-0.130678
-0.134299
-0.138314
-0.141622
-0.145276
-0.14825
-0.151518
-0.154151
-0.157018
-0.159311
-0.161774
-0.163731
-0.165793
-0.167424
-0.169092
-0.170407
-0.171689
-0.172696
-0.173602
-0.174306
-0.174841
-0.175242
-0.175409
-0.175502
-0.1753
-0.175075
-0.174496
-0.173939
-0.172971
-0.172063
-0.170691
-0.169412
-0.167621
-0.165952
-0.163725
-0.161651
-0.15898
-0.156493
-0.153375
-0.150477
-0.146923
-0.143629
-0.139666
-0.136007
-0.131679
-0.127702
-0.12307
-0.118823
-0.113811
-0.109239
-0.103157
-0.0964023
-0.0883939
-0.0790442
-0.069152
-0.0582348
-0.0473339
-0.0361836
-0.0254694
-0.0155289
-0.00615147
0.00160348
0.00892219
0.0142028
0.0190919
0.0218032
0.0240086
0.024031
0.023666
0.0215618
0.0196241
0.0170559
0.0158856
0.0329018
0.0348561
0.0387304
0.042479
0.0457168
0.0478947
0.0482014
0.047267
0.0438729
0.0394783
0.0327297
0.0251807
0.0154521
0.00524666
-0.00688576
-0.0188254
-0.0320033
-0.044198
-0.0566097
-0.067431
-0.0775775
-0.0857087
-0.0924439
-0.0977222
-0.10173
-0.105444
-0.109193
-0.112443
-0.115916
-0.118893
-0.122061
-0.124747
-0.127593
-0.129982
-0.1325
-0.134595
-0.136788
-0.138596
-0.140472
-0.142006
-0.143575
-0.144846
-0.146119
-0.147139
-0.148122
-0.148898
-0.149597
-0.150129
-0.150542
-0.150827
-0.150948
-0.150975
-0.150794
-0.150548
-0.150047
-0.149508
-0.148669
-0.147817
-0.146617
-0.14543
-0.143851
-0.14231
-0.140336
-0.138429
-0.13605
-0.133771
-0.13099
-0.128344
-0.125175
-0.122182
-0.118653
-0.115346
-0.111504
-0.107933
-0.103839
-0.0998721
-0.0955824
-0.0903094
-0.0837279
-0.076136
-0.0668195
-0.0572074
-0.0463424
-0.0359762
-0.0249681
-0.0152511
-0.00557884
0.00236867
0.0097694
0.0153883
0.0202809
0.0233871
0.0256951
0.0262405
0.0258847
0.0242507
0.0218994
0.0192526
0.0165701
0.0152205
0.0322832
0.0343617
0.0374886
0.0416847
0.0453937
0.0485316
0.0501547
0.0505077
0.0489454
0.0459102
0.0410522
0.0347464
0.0268258
0.0176113
0.00714051
-0.00414555
-0.0159821
-0.0278331
-0.0393218
-0.0499414
-0.0593894
-0.067223
-0.073487
-0.0782731
-0.0817808
-0.0848996
-0.0878648
-0.0905142
-0.0931302
-0.0955354
-0.0978982
-0.100052
-0.102158
-0.104063
-0.105918
-0.107586
-0.109204
-0.11065
-0.112044
-0.113287
-0.114474
-0.115527
-0.11652
-0.117395
-0.118203
-0.118906
-0.11953
-0.12006
-0.120497
-0.120845
-0.121084
-0.121237
-0.12126
-0.121197
-0.120985
-0.120683
-0.12021
-0.119644
-0.118888
-0.118034
-0.116972
-0.115809
-0.114424
-0.112937
-0.111218
-0.109401
-0.107344
-0.1052
-0.102817
-0.100359
-0.0976719
-0.0949291
-0.0919726
-0.088986
-0.0857129
-0.0823229
-0.0786103
-0.0738312
-0.0678294
-0.0605846
-0.0520828
-0.042769
-0.0329061
-0.0229764
-0.0132509
-0.00420816
0.00402705
0.011079
0.0170298
0.0216191
0.0250806
0.0271299
0.0281121
0.0277042
0.0264298
0.0241103
0.0214425
0.0184824
0.0162869
0.0148491
0.0287279
0.0308671
0.0351914
0.0397701
0.0450999
0.0490541
0.0527602
0.0542927
0.0549006
0.0532441
0.0505485
0.0456861
0.0396938
0.0318667
0.0227829
0.0126989
0.00159791
-0.00932585
-0.0204997
-0.030434
-0.0395883
-0.0468329
-0.0521002
-0.0562646
-0.0582734
-0.0607162
-0.0625026
-0.0644923
-0.0660802
-0.0678587
-0.0692501
-0.0708191
-0.0720277
-0.0733989
-0.0744463
-0.0756387
-0.076551
-0.0775869
-0.0783906
-0.0792925
-0.0800111
-0.0807983
-0.0814495
-0.0821358
-0.0827293
-0.0833211
-0.0838575
-0.084353
-0.0848238
-0.0852131
-0.0856014
-0.085867
-0.0861494
-0.0862685
-0.0864168
-0.0863629
-0.0863472
-0.0860925
-0.0858836
-0.0854018
-0.0849736
-0.0842417
-0.0835732
-0.0825741
-0.0816507
-0.0803748
-0.0791903
-0.0776364
-0.0761937
-0.0743714
-0.0726831
-0.0706129
-0.0687024
-0.0664165
-0.064318
-0.0616401
-0.0593704
-0.0552475
-0.050249
-0.0436354
-0.0355704
-0.0269712
-0.0176114
-0.00857545
0.000294125
0.00826826
0.0151767
0.0210752
0.0253669
0.0288213
0.0305482
0.0315636
0.0309015
0.0296424
0.0268659
0.0239743
0.0201775
0.016955
0.0139582
0.01248
0.0255705
0.0278283
0.0317245
0.0369633
0.0424051
0.0479711
0.0522616
0.0561486
0.0577779
0.0588322
0.057352
0.0552619
0.050611
0.0453756
0.0377367
0.0298419
0.0201559
0.0109181
0.000955983
-0.00766367
-0.0158624
-0.021866
-0.0265846
-0.0293879
-0.0310441
-0.0320875
-0.0333644
-0.0339881
-0.0350224
-0.0355031
-0.0363751
-0.0367332
-0.0374626
-0.0377277
-0.0383416
-0.0385487
-0.0390784
-0.0392637
-0.0397402
-0.0399375
-0.0403881
-0.0406251
-0.0410704
-0.0413657
-0.0418174
-0.042179
-0.0426387
-0.0430635
-0.0435225
-0.0439966
-0.0444373
-0.0449376
-0.0453351
-0.0458322
-0.0461568
-0.0466177
-0.0468376
-0.0472287
-0.0473129
-0.0476027
-0.0475234
-0.0476845
-0.0474189
-0.0474295
-0.0469607
-0.0468055
-0.0461242
-0.0457943
-0.044899
-0.0443926
-0.0432903
-0.042613
-0.0413196
-0.0404846
-0.038963
-0.0377587
-0.0359272
-0.0332483
-0.0288616
-0.0235982
-0.0164811
-0.00929085
-0.00104799
0.0063196
0.0139737
0.0199708
0.0257093
0.0294377
0.0326965
0.033965
0.0347952
0.0337767
0.0323874
0.029434
0.0262531
0.0222394
0.0183706
0.0147003
0.0119825
0.0104253
0.0196457
0.0218875
0.0262504
0.0316343
0.0384929
0.0445507
0.0512086
0.055946
0.0604475
0.0626363
0.0643329
0.0635784
0.0621906
0.05841
0.0538134
0.047377
0.0402219
0.032304
0.0243053
0.0167695
0.0101821
0.00502005
0.00206517
-7.11464e-05
0.000162983
-0.000253263
0.000135524
0.000107566
0.000598701
0.00068273
0.00124835
0.00141782
0.00201983
0.00223942
0.00283302
0.00306229
0.0036002
0.00379764
0.00423442
0.00436154
0.00465775
0.00468274
0.00480853
0.00470929
0.00464702
0.00441304
0.00415857
0.0037917
0.00335424
0.00286806
0.00226868
0.00168669
0.000955699
0.0003086
-0.000518042
-0.00119553
-0.00207967
-0.00275201
-0.00365656
-0.00429014
-0.00518162
-0.00574678
-0.00659654
-0.00706874
-0.00785361
-0.0082139
-0.00891583
-0.00915089
-0.00975646
-0.00985857
-0.0103587
-0.0103258
-0.0107156
-0.0105517
-0.0108312
-0.0103202
-0.0104676
-0.0084978
-0.00596076
-0.00153762
0.00387399
0.0100487
0.0163404
0.0225448
0.027889
0.0326686
0.0358282
0.0383986
0.0390488
0.0392992
0.0377148
0.0358647
0.0323901
0.0288327
0.023999
0.0196446
0.0148149
0.0110494
0.00804242
0.00649927
0.0135523
0.0157657
0.0196377
0.0253628
0.0320992
0.0394304
0.0464787
0.0533649
0.0589436
0.0638786
0.0670635
0.0694227
0.0698335
0.0693323
0.066841
0.0636047
0.0587287
0.0536869
0.0478539
0.0427568
0.0379669
0.034845
0.032887
0.0325117
0.033234
0.0343973
0.0354959
0.0369691
0.0382233
0.0397307
0.0410125
0.042512
0.0437772
0.0452189
0.0464172
0.0477467
0.0488252
0.0499878
0.0508958
0.0518409
0.0525333
0.0532186
0.0536606
0.0540551
0.0542245
0.0543117
0.0542004
0.0539787
0.053593
0.0530751
0.0524345
0.0516452
0.0507793
0.0497527
0.0486979
0.0474729
0.0462684
0.0448856
0.0435708
0.0420692
0.0406803
0.0390955
0.0376649
0.0360284
0.0345842
0.0329238
0.0314903
0.0298308
0.0284294
0.0267936
0.0254432
0.0238522
0.0225695
0.0210426
0.0199219
0.018687
0.0178975
0.0179815
0.0194523
0.0217925
0.025517
0.0293526
0.0337504
0.0373758
0.04084
0.0429238
0.044431
0.0443832
0.0436838
0.0415622
0.0389027
0.0350457
0.0308146
0.0257414
0.0206366
0.01541
0.0106642
0.00667802
0.00398851
0.00247199
0.0038034
0.00585825
0.00981039
0.0154798
0.023078
0.0309543
0.0396979
0.0477905
0.0555029
0.062228
0.067965
0.0725966
0.0759024
0.0780543
0.0785756
0.0781964
0.0761336
0.073875
0.0704442
0.0677733
0.0649453
0.0637119
0.0636051
0.0646283
0.0670628
0.069402
0.0719061
0.0744727
0.0769801
0.0795244
0.0819884
0.0844594
0.0868245
0.0891641
0.0913689
0.0935146
0.095495
0.0973839
0.0990781
0.100651
0.102004
0.10321
0.104175
0.104976
0.105524
0.105895
0.106012
0.105945
0.105633
0.105138
0.104415
0.103514
0.102411
0.101138
0.0996927
0.0980875
0.096344
0.0944499
0.0924517
0.0903116
0.0881004
0.0857551
0.0833695
0.0808573
0.0783329
0.0756902
0.073061
0.0703236
0.0676235
0.0648276
0.0620914
0.0592744
0.056538
0.0537381
0.0510379
0.0484735
0.0458655
0.0444708
0.0440564
0.044566
0.0463753
0.0480243
0.0502282
0.0514896
0.0525415
0.052317
0.0513764
0.049278
0.0463335
0.0425251
0.0379727
0.032832
0.0270832
0.0211647
0.0148927
0.00928916
0.00396436
2.35988e-05
-0.002676
-0.00407759
-0.00681885
-0.00488431
-0.00169015
0.0038534
0.0114539
0.019603
0.0292114
0.0381144
0.0476625
0.0556728
0.0640767
0.0703913
0.0770932
0.0812516
0.0857979
0.0876217
0.0899267
0.0898651
0.0906487
0.0899494
0.0906678
0.0910054
0.0932771
0.095439
0.0994107
0.102641
0.106665
0.11006
0.114043
0.117373
0.121229
0.124437
0.1281
0.13112
0.13452
0.137285
0.140348
0.142787
0.14544
0.147488
0.149664
0.151265
0.152905
0.154013
0.155076
0.155662
0.156123
0.156174
0.156025
0.155548
0.1548
0.153815
0.152495
0.151035
0.14918
0.147287
0.144941
0.142659
0.13987
0.137247
0.134063
0.131141
0.127611
0.124435
0.120606
0.117219
0.113141
0.109587
0.105312
0.101637
0.0972232
0.0934769
0.0889863
0.0852213
0.0807431
0.0771705
0.0728061
0.0702089
0.0673955
0.0663834
0.0649554
0.0648256
0.0634301
0.062821
0.0603378
0.0583287
0.0542783
0.0506244
0.0451645
0.0401019
0.0336428
0.0275764
0.0205416
0.0140539
0.00717075
0.00137933
-0.00396022
-0.00780962
-0.00997903
-0.0112937
-0.0197208
-0.0182626
-0.0152506
-0.0103487
-0.00322107
0.00507357
0.0145457
0.0245864
0.0344957
0.0446263
0.0538079
0.0631599
0.0710503
0.0790839
0.0852318
0.0915502
0.0957403
0.100342
0.10303
0.106577
0.10892
0.112547
0.115902
0.120328
0.124864
0.129799
0.134409
0.139363
0.143903
0.148718
0.153102
0.15771
0.161869
0.166193
0.170052
0.174014
0.177494
0.181013
0.184038
0.187036
0.189534
0.19194
0.193849
0.195605
0.196877
0.19794
0.198545
0.198891
0.198819
0.198444
0.197702
0.19662
0.195233
0.193474
0.191476
0.18908
0.186517
0.183532
0.180454
0.176932
0.173388
0.169382
0.165425
0.160992
0.156676
0.151874
0.147253
0.142146
0.137283
0.13194
0.126901
0.121399
0.116257
0.110678
0.105529
0.100043
0.0950389
0.0901152
0.0862543
0.0821783
0.0793114
0.0755066
0.0725185
0.0680921
0.0641029
0.0585833
0.0533025
0.0467427
0.0403994
0.0331357
0.0261107
0.0185404
0.0112403
0.00394046
-0.00286335
-0.00878292
-0.0138075
-0.0172209
-0.0192737
-0.0202538
-0.0350314
-0.0340576
-0.0321128
-0.0281519
-0.0215196
-0.0139052
-0.00425102
0.00561188
0.0163161
0.0269151
0.0375774
0.0480868
0.0581988
0.0680928
0.0771658
0.0859647
0.0935198
0.100935
0.106971
0.113188
0.118366
0.124011
0.129307
0.134958
0.140693
0.146463
0.15214
0.157849
0.163397
0.168946
0.174292
0.179604
0.18467
0.189661
0.194366
0.19895
0.203206
0.207295
0.211018
0.214526
0.217634
0.220482
0.222904
0.225025
0.226702
0.228047
0.228939
0.229477
0.229566
0.229287
0.228574
0.227486
0.225991
0.224124
0.22188
0.219272
0.216326
0.213028
0.209431
0.205498
0.201307
0.196798
0.192073
0.187053
0.181857
0.176394
0.170797
0.164966
0.159044
0.152929
0.146766
0.140459
0.134148
0.127745
0.121385
0.11502
0.108713
0.102616
0.0968912
0.0910519
0.0856971
0.0796959
0.0739442
0.0673082
0.060676
0.0532826
0.0458002
0.037879
0.0299244
0.0218277
0.0137571
0.00583454
-0.0020315
-0.00925132
-0.0162177
-0.0217119
-0.0264302
-0.0292099
-0.0304857
-0.0311284
-0.0509084
-0.0503336
-0.049798
-0.0467271
-0.0415583
-0.0348353
-0.0262291
-0.0169928
-0.00661585
0.00377859
0.0149381
0.0257328
0.0372531
0.0479579
0.0594074
0.0695144
0.0802334
0.0892839
0.0987502
0.106604
0.114754
0.121657
0.128731
0.135116
0.141613
0.147832
0.154271
0.160388
0.166699
0.172655
0.178754
0.184466
0.190263
0.19564
0.201044
0.205994
0.210906
0.215335
0.21966
0.223477
0.227124
0.230244
0.233129
0.23548
0.237538
0.239065
0.240247
0.240915
0.241194
0.24099
0.240363
0.239295
0.237777
0.23587
0.233496
0.230791
0.227607
0.224155
0.220217
0.216078
0.211449
0.206685
0.201436
0.196117
0.190321
0.184523
0.178263
0.172069
0.165436
0.158937
0.152032
0.145327
0.13826
0.131458
0.124344
0.117545
0.110496
0.103737
0.0964672
0.0895684
0.0817968
0.0744799
0.0660674
0.058168
0.0491781
0.0408064
0.0316116
0.0230976
0.0141479
0.00583686
-0.00260518
-0.0104091
-0.0181142
-0.0249342
-0.03127
-0.0361778
-0.0399527
-0.042125
-0.0424114
-0.042775
-0.0658586
-0.065831
-0.0661705
-0.0642893
-0.0606946
-0.0552529
-0.048394
-0.040201
-0.0312338
-0.0214373
-0.0111859
-0.000431852
0.0107488
0.0220388
0.0337806
0.0450824
0.056713
0.0673781
0.0781422
0.0876568
0.097028
0.105185
0.112944
0.12001
0.126662
0.133241
0.139781
0.146226
0.152668
0.158971
0.165238
0.171306
0.177298
0.183033
0.188647
0.193948
0.199078
0.203841
0.208383
0.21251
0.216364
0.219763
0.222841
0.225434
0.227665
0.229392
0.230725
0.231546
0.231952
0.231851
0.231325
0.230309
0.228868
0.226962
0.22464
0.221886
0.218733
0.215185
0.211261
0.206982
0.202356
0.197416
0.192163
0.186637
0.18084
0.174811
0.168557
0.162117
0.155504
0.148752
0.141886
0.134929
0.127923
0.120879
0.113839
0.106767
0.0997403
0.0924466
0.0847592
0.0768827
0.0682651
0.059685
0.0503706
0.0412788
0.0316681
0.0224381
0.0130526
0.00412436
-0.00459839
-0.0128954
-0.020751
-0.0281765
-0.0349751
-0.0411262
-0.0463163
-0.0503816
-0.0530983
-0.0544571
-0.0541525
-0.0541324
-0.0789712
-0.0797383
-0.080615
-0.0805248
-0.0779874
-0.0746251
-0.068874
-0.0627363
-0.0548108
-0.046743
-0.0373747
-0.0278398
-0.017313
-0.00659719
0.00478912
0.0162182
0.0278053
0.0391665
0.0501064
0.0605153
0.0701091
0.0788608
0.0866578
0.0937897
0.100278
0.106689
0.113183
0.119502
0.125928
0.132188
0.138467
0.144562
0.150589
0.156407
0.162073
0.167498
0.172692
0.177608
0.18222
0.186517
0.190444
0.194021
0.197173
0.199944
0.202247
0.204149
0.205549
0.206541
0.20701
0.207075
0.206608
0.205752
0.204367
0.202619
0.200351
0.197758
0.194659
0.191279
0.187411
0.183313
0.178748
0.17401
0.168825
0.163529
0.157808
0.152044
0.145879
0.139741
0.133231
0.126823
0.120075
0.113507
0.106635
0.100024
0.0931322
0.0864935
0.0796924
0.0726051
0.0649627
0.0568367
0.0481062
0.0390085
0.0296046
0.0201029
0.0105514
0.00128003
-0.00783652
-0.0163544
-0.0246121
-0.0320928
-0.0393369
-0.0456274
-0.0517138
-0.0565133
-0.0609442
-0.0636136
-0.0655915
-0.0657024
-0.065007
-0.0644186
-0.0897204
-0.0908248
-0.0933896
-0.0941926
-0.093477
-0.0913305
-0.0876352
-0.082901
-0.0770287
-0.0703843
-0.0628527
-0.0546647
-0.0455988
-0.036087
-0.0256481
-0.0152138
-0.00402255
0.00659518
0.017539
0.0274268
0.0371053
0.0454585
0.0530034
0.0597809
0.0657405
0.0718185
0.0779008
0.0839381
0.0900719
0.0961064
0.102183
0.108103
0.114005
0.119693
0.125298
0.130631
0.135816
0.140673
0.145316
0.149583
0.153572
0.157144
0.160382
0.163173
0.165582
0.167527
0.169052
0.170109
0.170722
0.170876
0.170574
0.169832
0.168635
0.167028
0.164975
0.16255
0.159698
0.156516
0.152933
0.149064
0.144826
0.140349
0.13554
0.130539
0.125246
0.119811
0.114128
0.108354
0.102382
0.0963714
0.0902151
0.0840759
0.0778473
0.0716916
0.0655057
0.0593386
0.0532907
0.0466542
0.0394876
0.0318009
0.0232214
0.0146059
0.00534664
-0.00355601
-0.0127395
-0.0212688
-0.0296847
-0.0373392
-0.0445839
-0.0511169
-0.0571218
-0.0624154
-0.0671289
-0.0709371
-0.0739824
-0.0757786
-0.0764904
-0.0759478
-0.0740031
-0.0731648
-0.0991233
-0.100649
-0.103075
-0.104918
-0.105541
-0.104826
-0.103011
-0.0999061
-0.0960336
-0.0910304
-0.0854648
-0.0788123
-0.0716457
-0.0634793
-0.0548508
-0.0455035
-0.0359432
-0.0261315
-0.0165378
-0.00723248
0.00138654
0.00925802
0.0161616
0.0224788
0.0279888
0.0336342
0.0391719
0.0448435
0.0504661
0.0562085
0.0618598
0.0675543
0.0731102
0.0786306
0.0839611
0.0891777
0.094152
0.0989364
0.103428
0.107659
0.111553
0.115123
0.118319
0.121139
0.123559
0.125562
0.127152
0.128297
0.129029
0.129301
0.129173
0.128581
0.127613
0.12619
0.124423
0.122217
0.119709
0.116783
0.113602
0.11003
0.106254
0.102116
0.097828
0.0932106
0.0884989
0.0834926
0.0784503
0.0731505
0.0678751
0.062382
0.0569752
0.0513935
0.0459607
0.0403985
0.0350016
0.029449
0.024076
0.0180354
0.0116329
0.00450138
-0.00308812
-0.0111384
-0.0192921
-0.0275275
-0.035482
-0.0431931
-0.0503042
-0.0569942
-0.0628993
-0.0683566
-0.0729817
-0.077133
-0.0804264
-0.0830923
-0.084767
-0.0855413
-0.0852579
-0.0839562
-0.0821443
-0.0809945
-0.105479
-0.107465
-0.111392
-0.114417
-0.116028
-0.116958
-0.116255
-0.115144
-0.11254
-0.109695
-0.105462
-0.101013
-0.0951455
-0.0891397
-0.0816629
-0.0743319
-0.0656981
-0.0576558
-0.0487664
-0.0409303
-0.0328538
-0.0261696
-0.0199198
-0.0145934
-0.00973877
-0.00493501
0.000199669
0.00514987
0.0104879
0.0156161
0.021039
0.0262204
0.0315987
0.0366997
0.0418974
0.0467809
0.0516612
0.0561924
0.060624
0.0646772
0.0685404
0.0720046
0.0751973
0.077982
0.0804243
0.0824626
0.0841003
0.0853518
0.0861576
0.0866079
0.0865805
0.0862398
0.0854017
0.0843021
0.082696
0.0808871
0.0785716
0.0761166
0.0731623
0.0701345
0.0666198
0.0630993
0.0591086
0.0551804
0.0508024
0.0465552
0.0418819
0.0374077
0.0325351
0.0279293
0.0229564
0.0183172
0.0133462
0.00877382
0.00390829
-0.000610203
-0.00528711
-0.0102497
-0.0160067
-0.0220018
-0.0290789
-0.0358798
-0.0434418
-0.0502932
-0.0575319
-0.0637419
-0.070004
-0.0751245
-0.0800921
-0.0839615
-0.0876319
-0.0902224
-0.092608
-0.0938108
-0.0946862
-0.0942294
-0.0932138
-0.0910098
-0.088034
-0.0865283
-0.111245
-0.113407
-0.117359
-0.120874
-0.123798
-0.125509
-0.12667
-0.126533
-0.12607
-0.124297
-0.122344
-0.119014
-0.115521
-0.110644
-0.105605
-0.0993668
-0.0931214
-0.0860748
-0.0793545
-0.0723566
-0.0660898
-0.0600473
-0.0550426
-0.0501552
-0.0461783
-0.0417129
-0.0374541
-0.0327948
-0.0282583
-0.0233786
-0.0186489
-0.0136759
-0.00888702
-0.00395718
0.000750011
0.00549671
0.00998117
0.0144076
0.0185349
0.0225136
0.0261625
0.0295814
0.0326495
0.0354174
0.0378256
0.0398759
0.0415705
0.0428629
0.0438172
0.0443377
0.0445503
0.0443094
0.043802
0.0428318
0.0416454
0.0399957
0.0381869
0.0359209
0.0335578
0.0307487
0.0279073
0.024635
0.021397
0.0177458
0.0141964
0.0102543
0.00648139
0.00233888
-0.00156706
-0.00581662
-0.00976327
-0.0140243
-0.0179178
-0.0220933
-0.0258688
-0.0299729
-0.033616
-0.0381094
-0.0426296
-0.0480345
-0.0535541
-0.0596572
-0.0654999
-0.0715729
-0.0770073
-0.0823935
-0.0868559
-0.0911417
-0.0943672
-0.0974139
-0.0994035
-0.1012
-0.101982
-0.102454
-0.101897
-0.100842
-0.098797
-0.096212
-0.0932106
-0.0915682
-0.114384
-0.116866
-0.121846
-0.126219
-0.129774
-0.132768
-0.134717
-0.136232
-0.136707
-0.136829
-0.135914
-0.134642
-0.132243
-0.12953
-0.12558
-0.121529
-0.116293
-0.111328
-0.105478
-0.100314
-0.0947464
-0.0901784
-0.0858056
-0.0820622
-0.0786
-0.075063
-0.0711592
-0.0673092
-0.0630471
-0.0588817
-0.0543848
-0.0500329
-0.0454378
-0.041038
-0.0364885
-0.0321832
-0.0278229
-0.023751
-0.0197164
-0.0160061
-0.0124201
-0.0091834
-0.00614907
-0.00347651
-0.00107337
0.000969195
0.00268788
0.00406056
0.00506832
0.00575691
0.00605277
0.00606683
0.00567272
0.00504251
0.00399971
0.00277248
0.00113744
-0.000626461
-0.00278594
-0.00501668
-0.007625
-0.0102462
-0.0132226
-0.0161538
-0.0194142
-0.0225719
-0.0260298
-0.0293284
-0.0328956
-0.0362477
-0.0398343
-0.0431513
-0.0466661
-0.0498585
-0.0532103
-0.0562827
-0.059398
-0.0627543
-0.0666916
-0.0707848
-0.0757092
-0.0803087
-0.0854583
-0.0899051
-0.0945677
-0.0982878
-0.101933
-0.104584
-0.106992
-0.10848
-0.10969
-0.110036
-0.110105
-0.109288
-0.108122
-0.106045
-0.103499
-0.100217
-0.0964036
-0.0944997
-0.118008
-0.120638
-0.124628
-0.129421
-0.13368
-0.137359
-0.140435
-0.142842
-0.14469
-0.145842
-0.146461
-0.146317
-0.145616
-0.144104
-0.142032
-0.139211
-0.135969
-0.132186
-0.128272
-0.124151
-0.120246
-0.116502
-0.113172
-0.110016
-0.107172
-0.104085
-0.100876
-0.0974187
-0.0938332
-0.0900149
-0.0861267
-0.0820769
-0.0780209
-0.0738795
-0.0697975
-0.0657079
-0.0617415
-0.0578431
-0.0541264
-0.0505481
-0.0472013
-0.0440547
-0.041179
-0.0385542
-0.0362271
-0.0341897
-0.0324638
-0.0310534
-0.0299557
-0.0291866
-0.0287197
-0.0285828
-0.0287276
-0.0291936
-0.0299126
-0.0309354
-0.0321763
-0.0336971
-0.0353966
-0.0373472
-0.0394342
-0.04174
-0.0441381
-0.0467204
-0.0493501
-0.0521277
-0.0549071
-0.0577968
-0.0606426
-0.0635601
-0.0663877
-0.0692476
-0.0719721
-0.0746886
-0.0772635
-0.0798368
-0.0822705
-0.0850459
-0.0880121
-0.0913779
-0.0949079
-0.0986514
-0.102253
-0.105772
-0.108875
-0.111651
-0.113836
-0.115572
-0.116655
-0.11728
-0.117277
-0.116826
-0.115788
-0.114268
-0.112169
-0.109541
-0.106399
-0.102774
-0.0997178
-0.0976919
-0.118294
-0.121021
-0.126687
-0.131781
-0.136761
-0.140955
-0.144978
-0.148101
-0.15111
-0.153132
-0.155083
-0.155936
-0.156694
-0.156289
-0.155735
-0.154099
-0.152335
-0.14974
-0.147165
-0.144119
-0.141338
-0.138444
-0.136115
-0.133567
-0.131551
-0.128948
-0.126359
-0.123334
-0.120259
-0.116835
-0.113395
-0.1097
-0.106032
-0.102204
-0.0984507
-0.0946309
-0.0909352
-0.0872617
-0.0837586
-0.0803582
-0.0771681
-0.0741512
-0.0713747
-0.0688302
-0.0665446
-0.0645373
-0.0627947
-0.0613643
-0.0601913
-0.0593529
-0.0587526
-0.0584984
-0.0584526
-0.0587553
-0.059228
-0.060044
-0.0609847
-0.0622578
-0.0636057
-0.0652703
-0.0669569
-0.0689413
-0.0708931
-0.0731214
-0.0752621
-0.0776559
-0.0799072
-0.0823864
-0.084669
-0.0871525
-0.0893863
-0.0917921
-0.0938966
-0.0961428
-0.0980378
-0.100116
-0.101735
-0.10394
-0.106006
-0.108636
-0.111229
-0.114086
-0.116623
-0.119185
-0.121142
-0.12297
-0.123985
-0.124833
-0.124786
-0.124604
-0.123557
-0.122389
-0.120422
-0.1183
-0.115426
-0.112353
-0.108603
-0.104711
-0.10031
-0.0981959
-0.119315
-0.122216
-0.127562
-0.13318
-0.138269
-0.143347
-0.147563
-0.151888
-0.155157
-0.158621
-0.160883
-0.163378
-0.164505
-0.165912
-0.165797
-0.166082
-0.164809
-0.164124
-0.162039
-0.160738
-0.158366
-0.156901
-0.154806
-0.15336
-0.151437
-0.149709
-0.147247
-0.145005
-0.142056
-0.139346
-0.136024
-0.13297
-0.12941
-0.126147
-0.12249
-0.119157
-0.115546
-0.112277
-0.108844
-0.105764
-0.102629
-0.0998447
-0.0971086
-0.0947069
-0.0924455
-0.0904905
-0.0887559
-0.0872873
-0.0861065
-0.0851408
-0.0845172
-0.0840493
-0.0839657
-0.0839718
-0.0843929
-0.0848337
-0.0857103
-0.0865342
-0.0878064
-0.0889529
-0.0905533
-0.0919554
-0.0938116
-0.0953984
-0.097435
-0.0991333
-0.101273
-0.103008
-0.105172
-0.106869
-0.108979
-0.110562
-0.112538
-0.113931
-0.1157
-0.116881
-0.118402
-0.119568
-0.121427
-0.122812
-0.125058
-0.126473
-0.128603
-0.12963
-0.131178
-0.131478
-0.132125
-0.131527
-0.131168
-0.129661
-0.128347
-0.125995
-0.123801
-0.12067
-0.117623
-0.113788
-0.109937
-0.105581
-0.101428
-0.0991579
-0.119504
-0.122402
-0.127705
-0.133324
-0.138948
-0.144055
-0.149157
-0.153541
-0.157969
-0.161519
-0.165161
-0.167769
-0.170484
-0.172034
-0.173703
-0.174157
-0.174793
-0.174289
-0.174084
-0.172945
-0.172233
-0.170874
-0.170017
-0.168593
-0.167583
-0.165857
-0.164238
-0.161999
-0.159843
-0.157136
-0.154546
-0.151496
-0.148598
-0.145339
-0.14227
-0.138941
-0.135835
-0.13257
-0.129556
-0.126479
-0.123671
-0.120889
-0.118383
-0.115984
-0.113855
-0.111902
-0.110201
-0.108734
-0.10749
-0.106525
-0.105744
-0.105277
-0.104946
-0.104952
-0.105042
-0.105482
-0.105949
-0.106772
-0.107561
-0.108707
-0.109757
-0.111158
-0.112403
-0.113988
-0.115357
-0.117054
-0.118476
-0.120209
-0.121612
-0.123307
-0.124617
-0.126198
-0.127343
-0.128735
-0.129654
-0.130833
-0.131474
-0.132621
-0.133368
-0.134663
-0.135498
-0.136775
-0.137347
-0.138218
-0.138199
-0.138352
-0.137529
-0.136807
-0.135121
-0.133515
-0.131027
-0.128598
-0.125396
-0.12221
-0.118368
-0.114506
-0.110155
-0.105797
-0.101631
-0.099363
-0.118352
-0.121283
-0.127247
-0.133009
-0.138845
-0.144262
-0.149679
-0.154543
-0.159374
-0.163549
-0.167672
-0.171033
-0.174305
-0.176732
-0.179021
-0.180456
-0.181737
-0.182257
-0.182668
-0.182494
-0.182307
-0.181748
-0.181306
-0.180495
-0.179781
-0.178565
-0.177199
-0.175432
-0.173499
-0.171239
-0.168851
-0.166215
-0.163499
-0.160616
-0.157707
-0.154711
-0.151742
-0.148761
-0.145859
-0.143015
-0.140294
-0.13769
-0.135244
-0.132966
-0.130871
-0.128981
-0.127288
-0.125826
-0.124564
-0.12355
-0.122725
-0.122156
-0.121756
-0.121611
-0.121608
-0.121852
-0.122203
-0.122787
-0.12344
-0.124307
-0.125202
-0.126288
-0.127359
-0.128596
-0.129776
-0.131095
-0.132313
-0.133641
-0.134827
-0.136094
-0.137176
-0.138309
-0.139216
-0.140145
-0.140808
-0.141501
-0.141857
-0.142441
-0.142821
-0.143412
-0.143804
-0.144252
-0.144318
-0.144318
-0.14377
-0.143086
-0.141752
-0.140273
-0.138123
-0.135855
-0.132959
-0.129968
-0.126415
-0.122785
-0.118661
-0.114497
-0.109948
-0.105437
-0.100733
-0.0984239
-0.117676
-0.120649
-0.126484
-0.132448
-0.138281
-0.144129
-0.149559
-0.155066
-0.159932
-0.164928
-0.169104
-0.173451
-0.176799
-0.180367
-0.182764
-0.185462
-0.186881
-0.188705
-0.189262
-0.190317
-0.190255
-0.190723
-0.190343
-0.190335
-0.189626
-0.189066
-0.187733
-0.186575
-0.184675
-0.182989
-0.180634
-0.17853
-0.175846
-0.173447
-0.170566
-0.167998
-0.165055
-0.162441
-0.159562
-0.157016
-0.154313
-0.151937
-0.149506
-0.147382
-0.145297
-0.143487
-0.141799
-0.140345
-0.139083
-0.138005
-0.137177
-0.136477
-0.13607
-0.13573
-0.135717
-0.135706
-0.136044
-0.136318
-0.136955
-0.137462
-0.138338
-0.139018
-0.140068
-0.140857
-0.142013
-0.142844
-0.144037
-0.144843
-0.146002
-0.146717
-0.14777
-0.148326
-0.149205
-0.149536
-0.15017
-0.150235
-0.150584
-0.150432
-0.150754
-0.150442
-0.150722
-0.150119
-0.150053
-0.148946
-0.148273
-0.146515
-0.14508
-0.142618
-0.140396
-0.137263
-0.134315
-0.130586
-0.126998
-0.122772
-0.118632
-0.114052
-0.109501
-0.104778
-0.100178
-0.0978162
-0.117499
-0.120469
-0.125168
-0.131113
-0.137049
-0.142875
-0.148591
-0.154084
-0.1594
-0.164394
-0.169163
-0.17352
-0.177607
-0.1812
-0.184488
-0.187226
-0.18966
-0.191536
-0.19315
-0.194257
-0.195171
-0.195676
-0.196037
-0.196036
-0.195887
-0.195328
-0.194549
-0.193392
-0.192045
-0.190361
-0.188537
-0.186436
-0.184251
-0.181854
-0.179431
-0.176866
-0.174328
-0.171716
-0.169182
-0.166639
-0.164215
-0.161841
-0.159618
-0.157495
-0.155546
-0.153738
-0.152115
-0.150662
-0.149396
-0.148319
-0.147421
-0.146721
-0.146184
-0.145844
-0.145644
-0.145633
-0.145733
-0.146007
-0.14636
-0.146866
-0.147415
-0.148094
-0.148778
-0.149566
-0.150321
-0.151151
-0.15191
-0.152716
-0.153413
-0.154127
-0.154695
-0.155251
-0.155625
-0.155956
-0.156081
-0.156146
-0.155979
-0.15582
-0.155469
-0.155122
-0.154528
-0.153874
-0.152863
-0.151705
-0.150117
-0.148317
-0.146065
-0.143577
-0.140658
-0.137513
-0.133988
-0.13026
-0.126217
-0.122002
-0.117555
-0.112994
-0.108307
-0.1036
-0.0998704
-0.0975108
-0.114965
-0.117923
-0.123826
-0.12974
-0.135836
-0.141644
-0.147661
-0.153162
-0.158889
-0.16392
-0.169206
-0.173626
-0.178339
-0.182023
-0.186038
-0.188898
-0.192122
-0.194142
-0.196542
-0.197796
-0.199411
-0.200038
-0.20097
-0.201057
-0.201357
-0.200876
-0.200508
-0.199428
-0.198466
-0.196858
-0.195398
-0.193371
-0.191522
-0.189196
-0.187077
-0.184575
-0.182304
-0.179748
-0.177439
-0.174943
-0.172699
-0.170363
-0.168273
-0.166178
-0.164315
-0.162524
-0.160939
-0.159494
-0.158221
-0.157143
-0.156194
-0.155484
-0.154856
-0.154498
-0.154169
-0.154132
-0.154068
-0.15431
-0.154466
-0.154933
-0.155255
-0.155889
-0.156317
-0.157056
-0.157528
-0.158304
-0.158756
-0.159504
-0.159872
-0.160524
-0.160746
-0.161236
-0.161248
-0.161512
-0.161255
-0.16125
-0.160667
-0.160427
-0.159565
-0.159104
-0.157898
-0.157107
-0.155413
-0.154117
-0.151837
-0.149918
-0.147019
-0.144437
-0.140948
-0.137733
-0.133723
-0.12995
-0.125506
-0.121272
-0.116515
-0.111961
-0.107087
-0.1024
-0.0976796
-0.0953277
-0.113399
-0.116311
-0.122201
-0.128078
-0.134143
-0.140021
-0.146004
-0.151683
-0.157381
-0.162689
-0.167953
-0.172751
-0.177451
-0.181616
-0.185628
-0.189062
-0.192292
-0.194945
-0.197357
-0.199239
-0.200868
-0.202049
-0.202988
-0.203534
-0.203834
-0.20376
-0.203392
-0.202712
-0.201751
-0.200538
-0.199079
-0.197432
-0.195585
-0.193615
-0.191498
-0.189321
-0.187051
-0.184781
-0.182473
-0.180216
-0.177974
-0.175826
-0.173738
-0.171781
-0.169919
-0.168213
-0.16663
-0.165219
-0.163947
-0.162856
-0.161908
-0.161141
-0.160513
-0.160057
-0.159729
-0.159557
-0.159493
-0.159566
-0.159722
-0.159989
-0.16031
-0.160715
-0.161143
-0.161624
-0.162096
-0.162591
-0.163043
-0.163485
-0.163854
-0.164181
-0.164403
-0.164553
-0.164565
-0.164477
-0.16422
-0.163847
-0.163264
-0.162603
-0.161733
-0.160762
-0.159539
-0.158167
-0.156456
-0.154569
-0.152277
-0.149808
-0.146907
-0.143849
-0.140369
-0.136763
-0.13277
-0.128692
-0.124273
-0.119825
-0.115099
-0.110431
-0.105585
-0.100889
-0.09618
-0.0938513
-0.111953
-0.114821
-0.120682
-0.126533
-0.132564
-0.138518
-0.144462
-0.150313
-0.155978
-0.161549
-0.166786
-0.171941
-0.17662
-0.181239
-0.185241
-0.189213
-0.192449
-0.195687
-0.198112
-0.200576
-0.202218
-0.203911
-0.204857
-0.205827
-0.206127
-0.206431
-0.206063
-0.205754
-0.204793
-0.203945
-0.202488
-0.201193
-0.199347
-0.197708
-0.195592
-0.193715
-0.191448
-0.189441
-0.187135
-0.185099
-0.182858
-0.180886
-0.178799
-0.176969
-0.175108
-0.173482
-0.171899
-0.170521
-0.16925
-0.168147
-0.1672
-0.166379
-0.165752
-0.165206
-0.164878
-0.164581
-0.164517
-0.164434
-0.164589
-0.164671
-0.164992
-0.165184
-0.165612
-0.165856
-0.166327
-0.16656
-0.167012
-0.167173
-0.167541
-0.167568
-0.167789
-0.167624
-0.167636
-0.167222
-0.166965
-0.166251
-0.16567
-0.164618
-0.16374
-0.162297
-0.161059
-0.159148
-0.157422
-0.154986
-0.152685
-0.149701
-0.146804
-0.143297
-0.139832
-0.135858
-0.131887
-0.127521
-0.123131
-0.118477
-0.113786
-0.109003
-0.104189
-0.0994767
-0.0947934
-0.0924869
-0.111392
-0.114257
-0.11887
-0.124695
-0.130608
-0.136522
-0.142397
-0.148211
-0.153875
-0.159414
-0.164716
-0.169844
-0.17466
-0.179257
-0.183473
-0.187434
-0.190954
-0.194191
-0.196955
-0.199422
-0.201416
-0.203116
-0.204373
-0.205348
-0.205916
-0.206221
-0.206148
-0.20584
-0.205189
-0.204343
-0.203198
-0.201905
-0.200367
-0.198729
-0.196904
-0.195029
-0.193026
-0.191021
-0.188947
-0.186913
-0.184866
-0.182895
-0.18096
-0.179131
-0.177378
-0.175753
-0.174236
-0.172859
-0.171614
-0.170511
-0.169553
-0.168733
-0.168061
-0.167514
-0.167111
-0.166815
-0.166649
-0.166565
-0.166594
-0.166675
-0.166847
-0.167039
-0.167297
-0.167539
-0.167822
-0.168054
-0.1683
-0.16846
-0.168606
-0.168632
-0.168619
-0.168453
-0.16822
-0.167806
-0.1673
-0.166586
-0.165762
-0.164705
-0.163527
-0.162075
-0.160479
-0.158561
-0.156473
-0.154032
-0.151408
-0.148429
-0.145267
-0.141775
-0.138112
-0.13416
-0.130059
-0.12572
-0.121267
-0.116647
-0.111965
-0.107218
-0.10247
-0.0977816
-0.0940795
-0.0917754
-0.109263
-0.112124
-0.117126
-0.122927
-0.128771
-0.134645
-0.140516
-0.146286
-0.152001
-0.157498
-0.16291
-0.168001
-0.17299
-0.177555
-0.182011
-0.185945
-0.189766
-0.192984
-0.196081
-0.198537
-0.20086
-0.202554
-0.204097
-0.205071
-0.205894
-0.206198
-0.206383
-0.206075
-0.205688
-0.204842
-0.203961
-0.202669
-0.201386
-0.19975
-0.198164
-0.19629
-0.194504
-0.192501
-0.190614
-0.188582
-0.18669
-0.184721
-0.182906
-0.181079
-0.179411
-0.177787
-0.176322
-0.174946
-0.173719
-0.172617
-0.171648
-0.170829
-0.17012
-0.169574
-0.169109
-0.168813
-0.168564
-0.168481
-0.168406
-0.168487
-0.168537
-0.168729
-0.168846
-0.169089
-0.169213
-0.169445
-0.169516
-0.169676
-0.169632
-0.169659
-0.169443
-0.169277
-0.168833
-0.168418
-0.167695
-0.166981
-0.165927
-0.164871
-0.163421
-0.161971
-0.160055
-0.158141
-0.155718
-0.153289
-0.150348
-0.147388
-0.143955
-0.140488
-0.136612
-0.13269
-0.128432
-0.124129
-0.119574
-0.114993
-0.110263
-0.105554
-0.100824
-0.096158
-0.0921228
-0.0898224
-0.107072
-0.1099
-0.115427
-0.121154
-0.126962
-0.132758
-0.138634
-0.144334
-0.150084
-0.155526
-0.161006
-0.166055
-0.171153
-0.175694
-0.180304
-0.184234
-0.188245
-0.191483
-0.194788
-0.197283
-0.199806
-0.201551
-0.203261
-0.204292
-0.205252
-0.205621
-0.205954
-0.205717
-0.205482
-0.204711
-0.203981
-0.202766
-0.201629
-0.200068
-0.198619
-0.196816
-0.195153
-0.193214
-0.191434
-0.189459
-0.187654
-0.185732
-0.183985
-0.182193
-0.180574
-0.178975
-0.177539
-0.176178
-0.174962
-0.173867
-0.172892
-0.172071
-0.171341
-0.170786
-0.170287
-0.169975
-0.16968
-0.169574
-0.169442
-0.169496
-0.169476
-0.169635
-0.169673
-0.169878
-0.169912
-0.170102
-0.170073
-0.170185
-0.170033
-0.170009
-0.169676
-0.169457
-0.168891
-0.168421
-0.167571
-0.166801
-0.165622
-0.164509
-0.162902
-0.161392
-0.159283
-0.157315
-0.154685
-0.152214
-0.149077
-0.146093
-0.142492
-0.13902
-0.135012
-0.131102
-0.126748
-0.122474
-0.117854
-0.113317
-0.108553
-0.103898
-0.0991728
-0.0945624
-0.0900946
-0.0878179
-0.105487
-0.108239
-0.113754
-0.119345
-0.125118
-0.130805
-0.136634
-0.142254
-0.147955
-0.15335
-0.158782
-0.163824
-0.168874
-0.173453
-0.178017
-0.182033
-0.186002
-0.189366
-0.192638
-0.195286
-0.197787
-0.199694
-0.201394
-0.202583
-0.203542
-0.204078
-0.204411
-0.204356
-0.204121
-0.203544
-0.202814
-0.201796
-0.200659
-0.199291
-0.197842
-0.196222
-0.19456
-0.192786
-0.191007
-0.189174
-0.18737
-0.185565
-0.183819
-0.182119
-0.1805
-0.178966
-0.17753
-0.176209
-0.174993
-0.173914
-0.172939
-0.172113
-0.171383
-0.170804
-0.170306
-0.169953
-0.169658
-0.169497
-0.169364
-0.169349
-0.169329
-0.169405
-0.169442
-0.169551
-0.169585
-0.169666
-0.169637
-0.169629
-0.169477
-0.169323
-0.168991
-0.168633
-0.168068
-0.167456
-0.166607
-0.165691
-0.164513
-0.163245
-0.161644
-0.159962
-0.157868
-0.155719
-0.153114
-0.150476
-0.147371
-0.14425
-0.140686
-0.137117
-0.133149
-0.129185
-0.124873
-0.120585
-0.11601
-0.111496
-0.106775
-0.102178
-0.0974858
-0.0929657
-0.088509
-0.0862876
-0.104019
-0.106701
-0.112205
-0.11767
-0.123411
-0.128997
-0.134783
-0.140328
-0.145983
-0.151335
-0.156722
-0.161757
-0.166764
-0.171377
-0.1759
-0.179994
-0.183926
-0.187406
-0.190648
-0.193437
-0.195918
-0.197974
-0.199666
-0.201001
-0.201959
-0.20265
-0.202982
-0.203096
-0.202861
-0.202463
-0.201734
-0.200897
-0.199761
-0.198572
-0.197124
-0.195672
-0.19401
-0.192389
-0.190611
-0.18891
-0.187107
-0.185411
-0.183666
-0.18205
-0.180432
-0.178958
-0.177522
-0.176237
-0.175022
-0.173957
-0.172983
-0.172152
-0.171423
-0.170821
-0.170323
-0.169933
-0.169638
-0.169425
-0.169293
-0.169212
-0.169193
-0.169191
-0.169229
-0.169248
-0.169282
-0.169262
-0.169233
-0.169114
-0.168962
-0.168687
-0.168355
-0.167871
-0.167305
-0.166562
-0.165713
-0.164664
-0.163486
-0.162075
-0.16048
-0.158637
-0.156558
-0.154242
-0.151659
-0.148866
-0.14579
-0.142544
-0.139013
-0.135356
-0.131424
-0.127409
-0.123137
-0.118836
-0.114301
-0.10981
-0.105128
-0.100585
-0.0959236
-0.0914872
-0.0870408
-0.0848706
-0.102701
-0.105322
-0.110746
-0.116108
-0.121801
-0.127307
-0.133034
-0.138524
-0.144117
-0.149441
-0.154765
-0.159807
-0.16475
-0.169409
-0.173871
-0.178049
-0.181927
-0.185524
-0.188724
-0.191649
-0.194104
-0.196296
-0.197978
-0.199441
-0.200398
-0.201221
-0.201561
-0.201821
-0.201595
-0.20135
-0.200632
-0.199953
-0.198828
-0.197792
-0.196356
-0.195049
-0.193398
-0.191908
-0.19014
-0.188553
-0.186759
-0.185157
-0.183419
-0.181876
-0.180264
-0.178841
-0.17741
-0.176156
-0.174944
-0.173891
-0.172919
-0.172083
-0.171354
-0.170734
-0.170235
-0.169813
-0.169516
-0.169259
-0.169124
-0.168988
-0.168965
-0.168897
-0.16893
-0.168873
-0.168903
-0.168796
-0.168762
-0.168547
-0.16839
-0.168011
-0.167673
-0.167079
-0.166507
-0.165651
-0.164796
-0.163631
-0.162455
-0.160919
-0.159329
-0.15734
-0.155278
-0.152806
-0.150252
-0.147312
-0.144276
-0.140905
-0.137421
-0.133672
-0.129791
-0.125721
-0.121501
-0.117179
-0.112698
-0.108217
-0.103587
-0.0990833
-0.0944638
-0.0900952
-0.0857144
-0.0835888
-0.10194
-0.104558
-0.1092
-0.114541
-0.120074
-0.12554
-0.131104
-0.136547
-0.141993
-0.147267
-0.152465
-0.157456
-0.162298
-0.166905
-0.171293
-0.17542
-0.179256
-0.182806
-0.185999
-0.188887
-0.19137
-0.193541
-0.195286
-0.196745
-0.197792
-0.198614
-0.199061
-0.19932
-0.199219
-0.198974
-0.198392
-0.197713
-0.196731
-0.195695
-0.1944
-0.193094
-0.191578
-0.190088
-0.188442
-0.186856
-0.185169
-0.183567
-0.181918
-0.180374
-0.178832
-0.177409
-0.176028
-0.174774
-0.173594
-0.172541
-0.171584
-0.170749
-0.170021
-0.169401
-0.16889
-0.168468
-0.168149
-0.167891
-0.167724
-0.167587
-0.167523
-0.167455
-0.167437
-0.16738
-0.16735
-0.167243
-0.167142
-0.166928
-0.166696
-0.166318
-0.165902
-0.165308
-0.164655
-0.163798
-0.162861
-0.161697
-0.160435
-0.158902
-0.157232
-0.15526
-0.153129
-0.150686
-0.148082
-0.145179
-0.142118
-0.13879
-0.135308
-0.131603
-0.127752
-0.123727
-0.119565
-0.115288
-0.110893
-0.106456
-0.101937
-0.0974709
-0.09297
-0.0886218
-0.0848636
-0.08274
-0.10117
-0.103786
-0.107765
-0.113086
-0.118473
-0.123902
-0.129318
-0.134716
-0.140028
-0.145256
-0.150339
-0.155282
-0.160031
-0.16459
-0.168911
-0.17299
-0.176788
-0.180295
-0.183482
-0.186337
-0.188846
-0.190997
-0.1928
-0.194255
-0.195385
-0.196207
-0.196752
-0.197011
-0.197023
-0.196779
-0.196322
-0.195644
-0.194792
-0.193757
-0.192592
-0.191286
-0.189893
-0.188404
-0.186871
-0.185285
-0.183695
-0.182094
-0.180526
-0.178983
-0.177503
-0.176081
-0.174745
-0.173492
-0.172341
-0.171289
-0.170346
-0.169511
-0.168784
-0.168164
-0.167643
-0.167221
-0.16688
-0.166623
-0.166426
-0.166289
-0.166186
-0.166118
-0.166054
-0.165997
-0.165913
-0.165806
-0.165644
-0.165429
-0.16513
-0.164752
-0.164263
-0.16367
-0.162942
-0.162086
-0.161072
-0.159909
-0.158568
-0.157039
-0.155295
-0.153337
-0.151143
-0.148727
-0.146077
-0.143209
-0.140124
-0.136835
-0.133355
-0.129691
-0.125867
-0.121883
-0.117774
-0.113539
-0.109222
-0.104825
-0.100407
-0.0959764
-0.0915835
-0.0872541
-0.0840226
-0.0819008
-0.0993713
-0.101985
-0.106391
-0.111694
-0.116964
-0.122358
-0.12767
-0.133027
-0.138242
-0.143428
-0.148427
-0.153328
-0.158011
-0.162528
-0.166806
-0.170843
-0.174624
-0.178093
-0.181289
-0.184114
-0.186654
-0.188788
-0.190636
-0.192087
-0.193277
-0.194099
-0.194723
-0.194981
-0.195086
-0.194842
-0.194486
-0.193808
-0.19306
-0.192026
-0.190963
-0.189657
-0.188361
-0.186872
-0.185425
-0.18384
-0.182325
-0.180724
-0.179216
-0.177674
-0.176241
-0.174819
-0.173517
-0.172264
-0.171135
-0.170083
-0.169152
-0.168317
-0.167593
-0.166974
-0.166448
-0.166026
-0.165674
-0.165417
-0.165202
-0.165066
-0.164939
-0.164871
-0.164776
-0.164719
-0.164597
-0.164491
-0.164283
-0.164069
-0.163719
-0.163341
-0.162795
-0.162202
-0.161413
-0.160557
-0.159484
-0.15832
-0.156922
-0.155395
-0.153593
-0.151649
-0.149398
-0.147004
-0.144308
-0.14147
-0.138355
-0.135101
-0.131612
-0.127984
-0.124172
-0.120226
-0.116149
-0.111952
-0.107684
-0.103325
-0.0989691
-0.0945714
-0.0902568
-0.0859455
-0.0823628
-0.0802437
-0.097706
-0.100316
-0.105119
-0.110404
-0.115567
-0.120928
-0.126143
-0.131463
-0.136589
-0.141735
-0.146657
-0.151518
-0.156141
-0.160618
-0.164856
-0.168855
-0.17262
-0.176055
-0.179258
-0.182056
-0.184625
-0.186743
-0.188631
-0.19008
-0.191325
-0.192147
-0.192843
-0.193102
-0.193293
-0.193048
-0.192786
-0.192108
-0.191456
-0.190422
-0.189454
-0.188149
-0.186942
-0.185453
-0.184087
-0.182502
-0.181055
-0.179455
-0.178003
-0.176462
-0.175072
-0.173651
-0.17238
-0.171127
-0.170018
-0.168967
-0.168046
-0.167212
-0.16649
-0.165871
-0.165341
-0.164919
-0.164558
-0.164301
-0.164069
-0.163933
-0.163784
-0.163716
-0.163593
-0.163535
-0.163379
-0.163272
-0.163023
-0.162809
-0.162411
-0.162033
-0.161435
-0.160842
-0.159998
-0.159142
-0.158012
-0.156849
-0.155397
-0.153873
-0.152017
-0.150085
-0.147782
-0.145409
-0.14267
-0.13986
-0.136717
-0.133495
-0.129997
-0.126403
-0.122603
-0.118691
-0.114645
-0.110482
-0.10626
-0.101936
-0.0976375
-0.0932704
-0.0890282
-0.0847337
-0.0808257
-0.0787091
-0.0968197
-0.0994138
-0.104342
-0.109604
-0.114692
-0.120041
-0.125176
-0.130486
-0.135535
-0.140674
-0.145524
-0.150383
-0.15494
-0.15942
-0.1636
-0.167606
-0.171325
-0.17477
-0.177943
-0.180755
-0.18331
-0.185444
-0.187338
-0.188803
-0.19007
-0.190913
-0.191633
-0.191917
-0.192136
-0.191921
-0.19169
-0.191042
-0.190423
-0.189419
-0.188483
-0.187208
-0.18603
-0.18457
-0.18323
-0.18167
-0.180246
-0.178667
-0.177234
-0.175709
-0.174334
-0.172925
-0.171665
-0.170421
-0.169319
-0.168273
-0.167356
-0.166523
-0.165803
-0.165183
-0.164652
-0.164227
-0.163862
-0.163599
-0.163363
-0.163219
-0.163063
-0.162986
-0.162853
-0.162784
-0.162616
-0.162496
-0.162233
-0.162004
-0.161591
-0.161197
-0.160581
-0.15997
-0.159108
-0.158234
-0.157086
-0.155905
-0.154432
-0.152891
-0.151023
-0.14907
-0.146767
-0.144372
-0.141645
-0.138814
-0.135696
-0.132454
-0.128992
-0.125383
-0.121625
-0.117704
-0.113707
-0.10954
-0.105376
-0.101051
-0.0968152
-0.0924509
-0.0882701
-0.0839895
-0.0799793
-0.077875
-0.0963328
-0.0989016
-0.103825
-0.109037
-0.114115
-0.119414
-0.124535
-0.129797
-0.134832
-0.139928
-0.144763
-0.149586
-0.154128
-0.15858
-0.162744
-0.166735
-0.170437
-0.173879
-0.177037
-0.179856
-0.182402
-0.184552
-0.186442
-0.187929
-0.189196
-0.190068
-0.190788
-0.191109
-0.191328
-0.191154
-0.190923
-0.190319
-0.1897
-0.188741
-0.187805
-0.186573
-0.185396
-0.183975
-0.182636
-0.181111
-0.179688
-0.178138
-0.176705
-0.175204
-0.17383
-0.172439
-0.171179
-0.169947
-0.168845
-0.167806
-0.16689
-0.16606
-0.16534
-0.164718
-0.164187
-0.163758
-0.163393
-0.163123
-0.162886
-0.162733
-0.162576
-0.162485
-0.162352
-0.162268
-0.162099
-0.161961
-0.161698
-0.161448
-0.161034
-0.160616
-0.160001
-0.159365
-0.158502
-0.157603
-0.156455
-0.155248
-0.153776
-0.152209
-0.150345
-0.148368
-0.146072
-0.143656
-0.14094
-0.138094
-0.134989
-0.131741
-0.128293
-0.124687
-0.120943
-0.117035
-0.113052
-0.108907
-0.104756
-0.10046
-0.0962376
-0.0919067
-0.0877367
-0.0834924
-0.0794862
-0.0774012
-0.0958819
-0.0984272
-0.103347
-0.108513
-0.11358
-0.118833
-0.123942
-0.12916
-0.13418
-0.139237
-0.144058
-0.148848
-0.153375
-0.157803
-0.161952
-0.165927
-0.169616
-0.173053
-0.176199
-0.179024
-0.181561
-0.183725
-0.185612
-0.187119
-0.188385
-0.189286
-0.190006
-0.190361
-0.19058
-0.190444
-0.190213
-0.18965
-0.189031
-0.188113
-0.187177
-0.185985
-0.184808
-0.183424
-0.182085
-0.180593
-0.17917
-0.177648
-0.176216
-0.174737
-0.173362
-0.171988
-0.170728
-0.169508
-0.168406
-0.167374
-0.166458
-0.165631
-0.16491
-0.164288
-0.163757
-0.163324
-0.162959
-0.162682
-0.162445
-0.162282
-0.162125
-0.162022
-0.161889
-0.161789
-0.161621
-0.161465
-0.161203
-0.160932
-0.160519
-0.160079
-0.159463
-0.158804
-0.157942
-0.157018
-0.15587
-0.15464
-0.153168
-0.151578
-0.149717
-0.147717
-0.145428
-0.142993
-0.140286
-0.137427
-0.134334
-0.131081
-0.127645
-0.124043
-0.120312
-0.116416
-0.112445
-0.108321
-0.104182
-0.0999133
-0.0957026
-0.0914028
-0.0872427
-0.0830321
-0.0790295
-0.0769625
-0.0954643
-0.0979879
-0.102904
-0.108028
-0.113085
-0.118295
-0.123392
-0.128569
-0.133577
-0.138597
-0.143405
-0.148164
-0.152678
-0.157083
-0.161218
-0.16518
-0.168855
-0.172288
-0.175423
-0.178254
-0.180782
-0.18296
-0.184843
-0.186369
-0.187635
-0.188562
-0.189281
-0.189668
-0.189887
-0.189786
-0.189555
-0.18903
-0.188411
-0.187532
-0.186596
-0.185441
-0.184264
-0.182914
-0.181576
-0.180114
-0.178691
-0.177195
-0.175763
-0.174304
-0.17293
-0.171571
-0.170311
-0.169102
-0.168
-0.166974
-0.166058
-0.165233
-0.164513
-0.16389
-0.163359
-0.162921
-0.162557
-0.162273
-0.162037
-0.161864
-0.161707
-0.161593
-0.16146
-0.161347
-0.161178
-0.161006
-0.160743
-0.160454
-0.160041
-0.159581
-0.158966
-0.158284
-0.157423
-0.156476
-0.155329
-0.154076
-0.152605
-0.150994
-0.149136
-0.147115
-0.144832
-0.142379
-0.139681
-0.13681
-0.133727
-0.13047
-0.127045
-0.123447
-0.119728
-0.115843
-0.111884
-0.107778
-0.103651
-0.0994067
-0.0952072
-0.0909362
-0.0867853
-0.0826058
-0.0786066
-0.0765562
-0.0950777
-0.0975811
-0.102494
-0.107578
-0.112626
-0.117797
-0.122883
-0.128022
-0.133018
-0.138005
-0.142801
-0.147532
-0.152032
-0.156416
-0.160538
-0.164487
-0.16815
-0.17158
-0.174704
-0.17754
-0.180061
-0.182252
-0.184131
-0.185675
-0.186941
-0.187891
-0.188611
-0.189026
-0.189245
-0.189177
-0.188946
-0.188456
-0.187837
-0.186993
-0.186058
-0.184936
-0.18376
-0.182442
-0.181104
-0.179669
-0.178247
-0.176775
-0.175343
-0.173903
-0.172529
-0.171185
-0.169925
-0.168725
-0.167624
-0.166604
-0.165688
-0.164865
-0.164145
-0.163521
-0.16299
-0.162549
-0.162184
-0.161895
-0.161658
-0.161477
-0.161321
-0.161196
-0.161063
-0.160936
-0.160768
-0.160581
-0.160318
-0.160012
-0.159599
-0.15912
-0.158505
-0.157803
-0.156942
-0.155975
-0.154827
-0.153554
-0.152083
-0.150453
-0.148597
-0.146557
-0.14428
-0.14181
-0.139121
-0.136238
-0.133166
-0.129904
-0.12649
-0.122895
-0.119186
-0.115312
-0.111364
-0.107275
-0.103159
-0.0989375
-0.0947484
-0.090504
-0.0863616
-0.082211
-0.078215
-0.07618
-0.0947196
-0.0972043
-0.102114
-0.107162
-0.112202
-0.117336
-0.122412
-0.127516
-0.132501
-0.137456
-0.142241
-0.146945
-0.151435
-0.155799
-0.159909
-0.163846
-0.167497
-0.170924
-0.174038
-0.176879
-0.179393
-0.181595
-0.183471
-0.185032
-0.186297
-0.18727
-0.187989
-0.188431
-0.18865
-0.188613
-0.188382
-0.187924
-0.187306
-0.186494
-0.185559
-0.184469
-0.183293
-0.182005
-0.180667
-0.179258
-0.177836
-0.176385
-0.174954
-0.173532
-0.172158
-0.170827
-0.169568
-0.168377
-0.167276
-0.16626
-0.165345
-0.164524
-0.163804
-0.163179
-0.162649
-0.162204
-0.16184
-0.161544
-0.161308
-0.161119
-0.160963
-0.160828
-0.160695
-0.160557
-0.160389
-0.160187
-0.159925
-0.159603
-0.15919
-0.158693
-0.158078
-0.157358
-0.156497
-0.15551
-0.154363
-0.153071
-0.151601
-0.149952
-0.148099
-0.14604
-0.143768
-0.141283
-0.138602
-0.135709
-0.132645
-0.12938
-0.125975
-0.122383
-0.118685
-0.11482
-0.110882
-0.106809
-0.102703
-0.0985031
-0.0943236
-0.0901038
-0.0859693
-0.0818455
-0.0778523
-0.0758315
-0.094388
-0.0968554
-0.101762
-0.106776
-0.111808
-0.116909
-0.121976
-0.127047
-0.132022
-0.136948
-0.141722
-0.146403
-0.150881
-0.155227
-0.159326
-0.163252
-0.166893
-0.170316
-0.173422
-0.176267
-0.178774
-0.180988
-0.182861
-0.184437
-0.185702
-0.186694
-0.187414
-0.187881
-0.1881
-0.188091
-0.18786
-0.187432
-0.186813
-0.186032
-0.185097
-0.184037
-0.182861
-0.1816
-0.180262
-0.178877
-0.177456
-0.176025
-0.174594
-0.173188
-0.171815
-0.170495
-0.169237
-0.168054
-0.166953
-0.165943
-0.165027
-0.164208
-0.163489
-0.162863
-0.162333
-0.161885
-0.16152
-0.16122
-0.160984
-0.160788
-0.160631
-0.160487
-0.160354
-0.160205
-0.160037
-0.159823
-0.15956
-0.159223
-0.15881
-0.158297
-0.157683
-0.156946
-0.156084
-0.15508
-0.153933
-0.152624
-0.151153
-0.149488
-0.147637
-0.145561
-0.143295
-0.140795
-0.138121
-0.135218
-0.132164
-0.128894
-0.125499
-0.12191
-0.118221
-0.114365
-0.110436
-0.106378
-0.102281
-0.0981007
-0.0939302
-0.0897332
-0.085606
-0.0815069
-0.0775165
-0.0755089
-0.0945982
-0.0970617
-0.101746
-0.106741
-0.111792
-0.11686
-0.121951
-0.126986
-0.131988
-0.136878
-0.141679
-0.146324
-0.15083
-0.15514
-0.159267
-0.16316
-0.166824
-0.170219
-0.173343
-0.176168
-0.178687
-0.18089
-0.182771
-0.184346
-0.185616
-0.18661
-0.187332
-0.187802
-0.188023
-0.188017
-0.187789
-0.187364
-0.186749
-0.185971
-0.18504
-0.183983
-0.18281
-0.181552
-0.180217
-0.178836
-0.177418
-0.175989
-0.174561
-0.173157
-0.171786
-0.170468
-0.169211
-0.16803
-0.16693
-0.16592
-0.165005
-0.164187
-0.163467
-0.162841
-0.162309
-0.161861
-0.161495
-0.161194
-0.160955
-0.160759
-0.160599
-0.160455
-0.160319
-0.160168
-0.159997
-0.159782
-0.159517
-0.159178
-0.158763
-0.158248
-0.157632
-0.156893
-0.156029
-0.155024
-0.153875
-0.152564
-0.151089
-0.149423
-0.147566
-0.145498
-0.143221
-0.140736
-0.138046
-0.135165
-0.13209
-0.128846
-0.125428
-0.121867
-0.118153
-0.114327
-0.110374
-0.106347
-0.102226
-0.0980781
-0.0938853
-0.0897178
-0.0855738
-0.0814919
-0.0776792
-0.0756749
-0.094848
-0.0973115
-0.101755
-0.10675
-0.111797
-0.116867
-0.12195
-0.126987
-0.131981
-0.136873
-0.141667
-0.146313
-0.150813
-0.155125
-0.159246
-0.163139
-0.166799
-0.170194
-0.173314
-0.176138
-0.178656
-0.180857
-0.18274
-0.184314
-0.185588
-0.186583
-0.187307
-0.187776
-0.188
-0.187994
-0.187769
-0.187344
-0.186733
-0.185955
-0.185027
-0.18397
-0.182802
-0.181544
-0.180213
-0.178832
-0.177417
-0.175989
-0.174564
-0.17316
-0.171792
-0.170474
-0.169219
-0.168038
-0.166939
-0.16593
-0.165015
-0.164197
-0.163476
-0.162851
-0.162318
-0.16187
-0.161501
-0.161201
-0.160959
-0.160763
-0.160601
-0.160456
-0.160317
-0.160167
-0.159993
-0.159777
-0.159509
-0.159171
-0.158753
-0.158238
-0.157619
-0.15688
-0.156015
-0.155009
-0.153858
-0.152547
-0.151069
-0.149404
-0.147545
-0.145477
-0.143201
-0.140717
-0.138029
-0.135147
-0.132075
-0.128831
-0.125416
-0.121854
-0.118145
-0.114318
-0.11037
-0.106341
-0.102227
-0.0980771
-0.0938915
-0.0897227
-0.0855828
-0.0815009
-0.0778823
-0.0758781
-0.0950794
-0.0975427
-0.101763
-0.106758
-0.111801
-0.116873
-0.121949
-0.126988
-0.131975
-0.136868
-0.141656
-0.146304
-0.150798
-0.155111
-0.159226
-0.16312
-0.166775
-0.17017
-0.173287
-0.176111
-0.178626
-0.180828
-0.182711
-0.184286
-0.185562
-0.186557
-0.187283
-0.187753
-0.187979
-0.187973
-0.187751
-0.187326
-0.186718
-0.18594
-0.185016
-0.183959
-0.182794
-0.181536
-0.180209
-0.178828
-0.177416
-0.175988
-0.174567
-0.173163
-0.171797
-0.17048
-0.169227
-0.168045
-0.166948
-0.165939
-0.165024
-0.164206
-0.163485
-0.16286
-0.162326
-0.161878
-0.161507
-0.161207
-0.160963
-0.160767
-0.160602
-0.160457
-0.160315
-0.160165
-0.159988
-0.159773
-0.159502
-0.159164
-0.158743
-0.158229
-0.157607
-0.156869
-0.156001
-0.154996
-0.153843
-0.152532
-0.151051
-0.149386
-0.147525
-0.145458
-0.143182
-0.140698
-0.138012
-0.135131
-0.132061
-0.128817
-0.125405
-0.121843
-0.118137
-0.114309
-0.110366
-0.106336
-0.102228
-0.0980763
-0.0938974
-0.0897272
-0.0855911
-0.0815092
-0.0780705
-0.0760664
-0.0952937
-0.0977569
-0.10177
-0.106766
-0.111806
-0.116879
-0.121948
-0.126989
-0.131969
-0.136864
-0.141646
-0.146295
-0.150784
-0.155097
-0.159208
-0.163103
-0.166753
-0.170149
-0.173262
-0.176085
-0.178599
-0.1808
-0.182685
-0.184259
-0.185539
-0.186533
-0.187262
-0.187731
-0.18796
-0.187954
-0.187734
-0.187309
-0.186704
-0.185927
-0.185005
-0.183949
-0.182787
-0.181529
-0.180205
-0.178824
-0.177416
-0.175988
-0.174569
-0.173165
-0.171802
-0.170485
-0.169234
-0.168052
-0.166956
-0.165947
-0.165033
-0.164215
-0.163493
-0.162868
-0.162333
-0.161885
-0.161513
-0.161212
-0.160967
-0.16077
-0.160603
-0.160458
-0.160314
-0.160163
-0.159984
-0.159769
-0.159495
-0.159157
-0.158734
-0.15822
-0.157597
-0.156858
-0.155989
-0.154984
-0.153829
-0.152518
-0.151034
-0.14937
-0.147507
-0.14544
-0.143165
-0.140682
-0.137997
-0.135115
-0.132049
-0.128804
-0.125395
-0.121832
-0.11813
-0.114301
-0.110363
-0.106331
-0.102229
-0.0980754
-0.0939028
-0.0897313
-0.0855988
-0.0815169
-0.0782447
-0.0762407
-0.0954921
-0.0979552
-0.101777
-0.106773
-0.111809
-0.116884
-0.121947
-0.12699
-0.131963
-0.13686
-0.141636
-0.146286
-0.150771
-0.155085
-0.159192
-0.163087
-0.166733
-0.170129
-0.173239
-0.176062
-0.178574
-0.180774
-0.18266
-0.184234
-0.185517
-0.186511
-0.187241
-0.187711
-0.187941
-0.187935
-0.187719
-0.187294
-0.186691
-0.185914
-0.184996
-0.183939
-0.182781
-0.181523
-0.180202
-0.178821
-0.177415
-0.175988
-0.174571
-0.173168
-0.171807
-0.170489
-0.16924
-0.168059
-0.166964
-0.165954
-0.165041
-0.164223
-0.163501
-0.162875
-0.162339
-0.161892
-0.161518
-0.161217
-0.16097
-0.160773
-0.160604
-0.160459
-0.160312
-0.160162
-0.15998
-0.159765
-0.159489
-0.159151
-0.158726
-0.158212
-0.157587
-0.156848
-0.155977
-0.154972
-0.153815
-0.152505
-0.151019
-0.149355
-0.14749
-0.145424
-0.143149
-0.140666
-0.137983
-0.135101
-0.132037
-0.128791
-0.125386
-0.121822
-0.118123
-0.114293
-0.110359
-0.106326
-0.10223
-0.0980747
-0.0939077
-0.0897352
-0.0856059
-0.0815241
-0.0784061
-0.0764021
)
;

boundaryField
{
    inlet
    {
        type            cyclic;
    }
    outlet
    {
        type            cyclic;
    }
    top
    {
        type            zeroGradient;
    }
    hills
    {
        type            zeroGradient;
    }
    front
    {
        type            empty;
    }
    back
    {
        type            empty;
    }
}


// ************************************************************************* //
