/*--------------------------------*- C++ -*----------------------------------*\
| =========                 |                                                 |
| \\      /  F ield         | OpenFOAM: The Open Source CFD Toolbox           |
|  \\    /   O peration     | Version:  v2106                                 |
|   \\  /    A nd           | Website:  www.openfoam.com                      |
|    \\/     M anipulation  |                                                 |
\*---------------------------------------------------------------------------*/
FoamFile
{
    version     2.0;
    format      ascii;
    arch        "LSB;label=32;scalar=64";
    class       volScalarField;
    location    "0";
    object      expGpCoeffs35;
}
// * * * * * * * * * * * * * * * * * * * * * * * * * * * * * * * * * * * * * //

dimensions      [0 0 0 0 0 0 0];

internalField   nonuniform List<scalar> 
8000
(
0.00447439
0.00474648
0.00512732
0.00553133
0.00578344
0.00590729
0.00592097
0.00584857
0.00573082
0.00557036
0.00537263
0.00513707
0.00485691
0.00453255
0.00418121
0.00380361
0.00344547
0.00310654
0.00283109
0.0026203
0.00249665
0.0024621
0.00250789
0.00263476
0.00280379
0.00301441
0.00323573
0.00346658
0.00369955
0.00393442
0.00416944
0.00440441
0.00463772
0.00486918
0.00509732
0.00532194
0.00554164
0.00575622
0.00596419
0.00616537
0.00635807
0.00654209
0.00671551
0.00687812
0.0070278
0.00716434
0.00728559
0.00739135
0.00747966
0.00755038
0.00760204
0.00763455
0.00764718
0.00763991
0.0076129
0.0075662
0.00750082
0.00741689
0.00731613
0.00719873
0.00706685
0.00692072
0.00676269
0.00659299
0.00641392
0.00622571
0.00603045
0.00582836
0.00562129
0.00540941
0.00519436
0.00497631
0.00475671
0.00453573
0.00432117
0.00411427
0.00395024
0.00383
0.00379893
0.0038561
0.00401429
0.00427124
0.00461213
0.00503608
0.00551296
0.00604514
0.00659588
0.00716695
0.00773794
0.00830733
0.00886434
0.00940701
0.00988404
0.0102912
0.0105171
0.0105166
0.0102478
0.00966259
0.00907446
0.00863663
0.00445247
0.00472451
0.00513839
0.00554254
0.00579439
0.0059186
0.00592553
0.00585325
0.00573347
0.00557303
0.00537631
0.00514077
0.00486076
0.0045364
0.00418214
0.00380446
0.00344192
0.00310287
0.00282464
0.00261377
0.00248903
0.00245442
0.00250253
0.00262938
0.00280241
0.00301301
0.0032355
0.00346632
0.00369949
0.00393433
0.00416953
0.00440447
0.00463795
0.00486938
0.00509767
0.00532227
0.00554212
0.00575668
0.00596482
0.00616597
0.00635885
0.00654285
0.00671647
0.00687906
0.00702896
0.00716548
0.00728694
0.00739268
0.00748116
0.00755186
0.00760363
0.00763613
0.0076488
0.00764153
0.00761446
0.00756777
0.00750225
0.00741834
0.00731739
0.0072
0.0070679
0.00692179
0.00676352
0.00659385
0.00641456
0.00622637
0.00603091
0.00582885
0.00562159
0.00540975
0.00519453
0.00497651
0.00475675
0.0045358
0.00431996
0.00411309
0.00394443
0.0038242
0.00379039
0.00384762
0.00400673
0.00426377
0.00460639
0.00503051
0.00551034
0.0060427
0.00659591
0.00716714
0.00773869
0.00830824
0.00886645
0.00940927
0.00989364
0.0103006
0.0105411
0.0105399
0.0102711
0.00968561
0.00903911
0.00860137
0.00442881
0.00470079
0.00515034
0.00555464
0.00580621
0.0059308
0.00593045
0.0058583
0.00573633
0.00557592
0.00538028
0.00514477
0.00486492
0.00454057
0.00418313
0.00380538
0.00343809
0.00309892
0.00281768
0.00260671
0.00248079
0.00244613
0.00249674
0.00262356
0.00280093
0.00301149
0.00323525
0.00346604
0.00369941
0.00393422
0.00416963
0.00440453
0.00463819
0.00486959
0.00509805
0.00532262
0.00554264
0.00575717
0.00596549
0.00616661
0.0063597
0.00654367
0.00671751
0.00688008
0.00703021
0.00716672
0.00728839
0.00739411
0.00748277
0.00755347
0.00760535
0.00763785
0.00765054
0.00764328
0.00761615
0.00756946
0.0075038
0.0074199
0.00731874
0.00720137
0.00706903
0.00692294
0.00676443
0.00659477
0.00641525
0.00622709
0.00603141
0.00582937
0.00562192
0.0054101
0.00519471
0.00497672
0.00475679
0.00453588
0.00431866
0.00411182
0.00393815
0.00381795
0.00378117
0.00383846
0.00399856
0.00425571
0.00460019
0.00502449
0.00550751
0.00604008
0.00659594
0.00716735
0.0077395
0.00830923
0.00886872
0.00941171
0.009904
0.0103108
0.0105669
0.010565
0.0102963
0.00971046
0.00900093
0.0085633
0.00440327
0.00467517
0.00516325
0.00556771
0.00581898
0.00594398
0.00593576
0.00586375
0.00573943
0.00557903
0.00538457
0.00514908
0.00486941
0.00454506
0.0041842
0.00380637
0.00343396
0.00309465
0.00281016
0.00259909
0.00247189
0.00243717
0.00249049
0.00261728
0.00279932
0.00300986
0.00323498
0.00346574
0.00369934
0.00393411
0.00416973
0.0044046
0.00463845
0.00486982
0.00509847
0.005323
0.00554321
0.0057577
0.00596622
0.00616731
0.00636061
0.00654456
0.00671864
0.00688118
0.00703156
0.00716804
0.00728995
0.00739566
0.00748452
0.0075552
0.00760721
0.0076397
0.00765243
0.00764516
0.00761797
0.00757129
0.00750547
0.00742158
0.0073202
0.00720285
0.00707025
0.00692418
0.0067654
0.00659577
0.00641599
0.00622786
0.00603194
0.00582994
0.00562227
0.00541049
0.0051949
0.00497694
0.00475684
0.00453596
0.00431726
0.00411044
0.00393137
0.00381119
0.00377121
0.00382857
0.00398974
0.00424701
0.0045935
0.00501799
0.00550445
0.00603724
0.00659598
0.00716758
0.00774037
0.0083103
0.00887118
0.00941434
0.00991519
0.0103219
0.0105949
0.0105922
0.0103234
0.0097373
0.00895971
0.00852219
0.00437568
0.00464751
0.00517718
0.00558391
0.00583277
0.00595822
0.0059415
0.00586964
0.00574277
0.0055824
0.0053892
0.00515375
0.00487426
0.00454992
0.00418536
0.00380744
0.00342949
0.00309004
0.00280205
0.00259087
0.00246229
0.0024275
0.00248374
0.0026105
0.00279759
0.00300809
0.00323469
0.00346541
0.00369926
0.00393399
0.00416984
0.00440467
0.00463874
0.00487006
0.00509891
0.00532341
0.00554382
0.00575828
0.005967
0.00616806
0.0063616
0.00654551
0.00671985
0.00688237
0.00703302
0.00716948
0.00729164
0.00739733
0.0074864
0.00755707
0.00760922
0.0076417
0.00765446
0.0076472
0.00761993
0.00757326
0.00750728
0.0074234
0.00732178
0.00720445
0.00707156
0.00692552
0.00676645
0.00659685
0.00641679
0.00622869
0.00603252
0.00583055
0.00562266
0.00541091
0.00519511
0.00497719
0.0047569
0.00453604
0.00431574
0.00410896
0.00392404
0.0038039
0.00376046
0.00381788
0.00398022
0.00423762
0.00458628
0.00501097
0.00550115
0.00603418
0.00659602
0.00716782
0.00774132
0.00831145
0.00887384
0.00941718
0.00992727
0.0103338
0.010625
0.0106215
0.0103563
0.00976628
0.0089152
0.00847779
0.00436346
0.00463686
0.00520078
0.0056143
0.00585364
0.00598721
0.0059511
0.00588481
0.00574696
0.00558828
0.00539566
0.00516259
0.00488195
0.00456089
0.00418758
0.00380995
0.00342467
0.00308506
0.00279328
0.00258198
0.00245191
0.00241706
0.00247645
0.00260318
0.00280323
0.00301467
0.00324269
0.00347441
0.00370848
0.00394425
0.00418031
0.00441618
0.00465045
0.00488279
0.00511183
0.00533731
0.00555791
0.00577329
0.00598222
0.00618413
0.00637787
0.00656256
0.00673713
0.00690025
0.00705114
0.00718809
0.00731048
0.00741647
0.00750576
0.00757651
0.00762878
0.00766126
0.00767403
0.00766655
0.00763923
0.00759214
0.00752601
0.0074416
0.00733978
0.00722174
0.00708859
0.00694181
0.00678244
0.00661199
0.00643168
0.00624262
0.00604622
0.00584328
0.00563518
0.00542242
0.00520644
0.00498751
0.00476703
0.0045452
0.00432335
0.00411564
0.00391614
0.00379602
0.00374885
0.00380635
0.00396994
0.00422747
0.00457847
0.00500339
0.00549947
0.00603237
0.00660545
0.00717268
0.00774935
0.00831569
0.00888108
0.00942144
0.00995723
0.0103531
0.010682
0.010663
0.0104135
0.00981052
0.00890018
0.00845992
0.00438774
0.00466419
0.00522818
0.00564711
0.00588721
0.00602443
0.00598949
0.00592558
0.00578899
0.00563308
0.00544169
0.00521272
0.0049333
0.00461688
0.00424482
0.0038705
0.00348366
0.00314066
0.00285005
0.00263273
0.00250556
0.00246904
0.00253589
0.00266962
0.00287873
0.00310016
0.00332814
0.00357061
0.00380464
0.00405138
0.0042874
0.00453431
0.00476853
0.00501178
0.00524078
0.00547681
0.00569736
0.00592268
0.00613157
0.00634253
0.00653623
0.00672885
0.00690339
0.00707306
0.00722392
0.00736584
0.00748821
0.00759742
0.0076867
0.00775883
0.00781109
0.00784308
0.00785585
0.00784604
0.00781873
0.00776759
0.00770147
0.00761144
0.00750963
0.00738459
0.00725146
0.0070965
0.00693717
0.00675758
0.0065773
0.00637838
0.00618202
0.00596873
0.00576066
0.00553728
0.00532133
0.00509172
0.00487128
0.0046389
0.0044171
0.00419952
0.00398995
0.00386303
0.00380744
0.00386799
0.00402817
0.00429539
0.00464467
0.00507978
0.00557795
0.00611587
0.00668714
0.00725792
0.00783261
0.00840044
0.00896367
0.00950288
0.0100364
0.0104274
0.0107541
0.0107262
0.0104753
0.00986118
0.00895072
0.00850473
0.00441396
0.00469371
0.00525776
0.00568254
0.00592346
0.00606462
0.00603095
0.0059696
0.00583437
0.00568145
0.0054914
0.00526686
0.00498876
0.00467735
0.00430663
0.00393587
0.00355034
0.00320846
0.00291897
0.00270206
0.00257563
0.00254237
0.0026095
0.00275119
0.00296026
0.00319249
0.00342042
0.00367448
0.00390846
0.00416706
0.00440303
0.00466187
0.00489605
0.00515108
0.00538003
0.00562744
0.00584795
0.00608399
0.00629283
0.00651358
0.00670724
0.00690842
0.00708292
0.00725967
0.0074105
0.00755779
0.00768013
0.00779282
0.00788208
0.0079557
0.00800795
0.00803941
0.00805218
0.00803987
0.00801256
0.00795705
0.00789094
0.00779484
0.00769306
0.00756044
0.00742734
0.00726355
0.00710424
0.00691479
0.00673455
0.00652498
0.00632866
0.00610419
0.00589616
0.0056613
0.0054454
0.00520425
0.00498385
0.00474009
0.00451832
0.0042901
0.00408057
0.00394595
0.00389004
0.00394842
0.00410775
0.0043778
0.00472575
0.00516623
0.0056627
0.00620604
0.00677536
0.00734997
0.00792252
0.00849195
0.00905286
0.00959081
0.0101219
0.0105075
0.010832
0.0107944
0.0105421
0.00991589
0.00900529
0.00855311
0.00444227
0.00472559
0.00528971
0.00572081
0.0059626
0.00610802
0.00607572
0.00601714
0.00588338
0.00573369
0.00554507
0.00532531
0.00504864
0.00474264
0.00437338
0.00400647
0.00362236
0.00328169
0.0029934
0.00277692
0.00265131
0.00262154
0.00268899
0.00283927
0.00304831
0.00329218
0.00352007
0.00378665
0.00402058
0.00429198
0.0045279
0.00479962
0.00503374
0.00530149
0.00553039
0.0057901
0.00601056
0.00625818
0.00646698
0.00669829
0.00689191
0.00710233
0.00727679
0.00746118
0.00761198
0.00776506
0.00788737
0.00800383
0.00809307
0.0081683
0.00822054
0.00825142
0.00826418
0.00824917
0.00822186
0.00816163
0.00809554
0.00799289
0.00789112
0.00775034
0.00761727
0.00744393
0.00728466
0.00708455
0.00690435
0.00668329
0.00648701
0.00625046
0.00604248
0.00579523
0.00557938
0.00532576
0.00510541
0.00484935
0.00462763
0.00438791
0.00417842
0.00403549
0.00397922
0.00403528
0.00419367
0.00446679
0.0048133
0.00525958
0.00575421
0.00630341
0.00687062
0.00744937
0.00801961
0.00859077
0.00914917
0.00968577
0.0102142
0.0105941
0.0109161
0.0108681
0.0106141
0.00997497
0.00906422
0.00860536
0.00447283
0.00476001
0.0053242
0.00576212
0.00600487
0.00615489
0.00612406
0.00606847
0.0059363
0.0057901
0.00560303
0.00538844
0.00511331
0.00481314
0.00444545
0.0040827
0.00370012
0.00336075
0.00307376
0.00285775
0.00273302
0.00270704
0.00277483
0.00293439
0.00314338
0.00339984
0.00362767
0.00390778
0.00414165
0.00442688
0.00466274
0.00494836
0.00518243
0.00546392
0.00569276
0.00596574
0.00618615
0.00644627
0.00665502
0.00689774
0.00709131
0.00731172
0.00748614
0.00767878
0.00782954
0.00798888
0.00811117
0.00823168
0.0083209
0.00839786
0.00845009
0.00848036
0.00849312
0.00847518
0.00844788
0.00838255
0.00831648
0.00820674
0.008105
0.00795539
0.00782235
0.00763871
0.00747948
0.00726787
0.00708771
0.00685424
0.00665801
0.00640842
0.00620048
0.00593985
0.00572405
0.00545697
0.00523668
0.00496733
0.00474567
0.00449353
0.00428408
0.00413219
0.00407553
0.00412908
0.00428646
0.00456289
0.00490785
0.00536038
0.00585303
0.00640855
0.00697348
0.0075567
0.00812445
0.00869748
0.00925317
0.00978831
0.0103138
0.0106876
0.0110069
0.0109476
0.0106919
0.0100388
0.00912785
0.00866177
0.00450584
0.00479718
0.00536145
0.00580674
0.00605051
0.00620549
0.00617627
0.00612391
0.00599345
0.00585102
0.00566561
0.0054566
0.00518313
0.00488928
0.00452328
0.00416503
0.00378409
0.00344613
0.00316054
0.00294504
0.00282126
0.00279936
0.00286752
0.0030371
0.00324604
0.00351609
0.00374386
0.00403857
0.00427239
0.00457254
0.00480834
0.00510898
0.00534299
0.00563931
0.0058681
0.00615541
0.00637576
0.00664939
0.00685809
0.00711312
0.00730664
0.00753783
0.0077122
0.00791375
0.00806447
0.00823057
0.00835282
0.00847772
0.00856691
0.00864576
0.00869797
0.00872757
0.00874033
0.00871923
0.00869194
0.00862111
0.00855505
0.00843767
0.00833596
0.00817682
0.00804381
0.00784905
0.00768986
0.00746583
0.00728572
0.00703883
0.00684265
0.00657898
0.0063711
0.00609601
0.00588027
0.00559866
0.00537843
0.00509473
0.00487313
0.00460758
0.00439818
0.0042366
0.00417952
0.00423036
0.00438666
0.00466665
0.00500994
0.00546923
0.00595974
0.00652208
0.00708456
0.0076726
0.00823766
0.00881271
0.00936547
0.00989904
0.0104215
0.0107885
0.0111049
0.0110335
0.0107759
0.0101077
0.00919656
0.0087227
0.00454149
0.00483732
0.00540168
0.00585492
0.0060998
0.00626014
0.00623264
0.00618376
0.00605516
0.0059168
0.00573319
0.00553021
0.00525853
0.00497149
0.00460733
0.00425392
0.00387477
0.00353833
0.00325425
0.00303931
0.00291654
0.00289906
0.00296761
0.00314801
0.0033569
0.00364162
0.00386933
0.00417981
0.00441356
0.00472983
0.00496557
0.00528243
0.00551637
0.0058287
0.00605743
0.00636022
0.00658051
0.00686872
0.00707736
0.00734569
0.00753916
0.00778198
0.00795631
0.00816748
0.00831816
0.00849155
0.00861377
0.0087434
0.00883257
0.00891345
0.00896565
0.00899453
0.00900728
0.00898277
0.00895549
0.00887872
0.00881268
0.00868704
0.00858535
0.00841593
0.00828296
0.00807618
0.00791703
0.00767959
0.00749952
0.00723817
0.00704204
0.00676317
0.00655534
0.00626465
0.00604896
0.00575166
0.00553149
0.00523231
0.00501077
0.00473073
0.00452138
0.00434935
0.00429182
0.00433973
0.00449485
0.0047787
0.00512018
0.00558677
0.00607497
0.00664468
0.0072045
0.00779776
0.00835991
0.00893713
0.00948674
0.0100186
0.0105377
0.0108975
0.0112108
0.0111263
0.0108666
0.010182
0.00927076
0.00878848
0.00462664
0.00492429
0.00546956
0.00592057
0.00617587
0.00633351
0.00631783
0.00626751
0.00614304
0.00600749
0.00583074
0.00563132
0.00536902
0.00508525
0.0047271
0.00437841
0.00399758
0.00366804
0.00337698
0.00316982
0.00304123
0.00303229
0.00310632
0.00329537
0.00352616
0.00382103
0.00405948
0.00438086
0.00462672
0.00495413
0.00520216
0.00553023
0.00577644
0.00609984
0.00634055
0.00665405
0.00688578
0.00718406
0.00740329
0.00768081
0.00788375
0.00813457
0.00831692
0.00853475
0.00869177
0.00887017
0.00899686
0.00912975
0.00922136
0.00930367
0.00935628
0.00938461
0.00939577
0.0093689
0.00933804
0.00925718
0.00918577
0.00905442
0.00894573
0.00876923
0.00862785
0.00841273
0.008244
0.00799728
0.00780665
0.00753532
0.00732792
0.00703853
0.00681899
0.00651752
0.00628992
0.00598177
0.00574973
0.00543984
0.00520782
0.00491778
0.00468539
0.00450502
0.00444231
0.00448235
0.00464587
0.00492443
0.00527886
0.00574409
0.00624364
0.00681723
0.00738027
0.00797997
0.00853611
0.00911651
0.00965788
0.010189
0.0106996
0.0110619
0.011349
0.0112675
0.0109853
0.0103036
0.00942552
0.00893974
0.00476987
0.00506759
0.00554424
0.00599623
0.006268
0.00642841
0.00644029
0.006394
0.00628352
0.0061522
0.00598464
0.00578935
0.00554162
0.00526209
0.00492488
0.0045806
0.00421814
0.00389271
0.0036109
0.00340687
0.0032867
0.00327954
0.00336538
0.0035547
0.00380497
0.00409975
0.00437073
0.004692
0.00497454
0.00530185
0.00558711
0.00591507
0.00619842
0.00652172
0.00679874
0.00711213
0.0073785
0.00767669
0.00792799
0.00820542
0.00843695
0.00868769
0.00889431
0.00911206
0.00928827
0.00946661
0.00960681
0.00973966
0.00983872
0.00992101
0.00997487
0.0100032
0.0100095
0.00998261
0.009941
0.00986017
0.00977254
0.00964123
0.00951141
0.00933496
0.00916815
0.00895309
0.00875531
0.00850867
0.0082861
0.00801485
0.00777337
0.00748406
0.00722908
0.0069277
0.00666403
0.00635599
0.00608799
0.0057782
0.00551446
0.00522451
0.00497488
0.0047942
0.00472291
0.00476093
0.00492335
0.00519823
0.00556151
0.00602157
0.00653092
0.0070983
0.00766987
0.00826273
0.00882618
0.00939919
0.00993825
0.0104614
0.0109431
0.0112979
0.0115244
0.0114379
0.0111207
0.0104372
0.00967712
0.00919121
0.00491635
0.00521415
0.00564757
0.00610046
0.00637735
0.00654055
0.00657253
0.00653059
0.0064352
0.00630845
0.00615084
0.00596
0.005728
0.00545304
0.00513846
0.00479893
0.00445631
0.00413533
0.0038635
0.00366286
0.00355177
0.00354652
0.00364513
0.00383473
0.00410604
0.00440071
0.00470682
0.00502799
0.00535013
0.00567733
0.00600279
0.00633063
0.00665409
0.00697728
0.0072935
0.00760679
0.00791056
0.00820864
0.00849457
0.00877191
0.00903432
0.00928497
0.00951779
0.00973547
0.00993239
0.0101107
0.0102655
0.0103983
0.0105054
0.0105876
0.0106429
0.0106712
0.0106722
0.0106453
0.0105921
0.0105113
0.0104062
0.0102749
0.0101222
0.00994586
0.00975159
0.0095366
0.00930745
0.0090609
0.00880382
0.00853267
0.00825438
0.00796517
0.0076719
0.00737063
0.00706802
0.00676008
0.00645326
0.00614358
0.00584558
0.00555573
0.00528748
0.00510648
0.00502591
0.00506175
0.00522297
0.0054939
0.00586671
0.00632121
0.00684113
0.00740181
0.00798258
0.00856807
0.00913942
0.00970443
0.010241
0.0107556
0.011206
0.0115528
0.0117341
0.0116426
0.0113123
0.0106273
0.00993547
0.00944941
0.00494287
0.00524059
0.00580043
0.00625535
0.00655196
0.00672033
0.00674205
0.00670566
0.0066103
0.00648885
0.00634703
0.00616148
0.0059502
0.00568072
0.00537759
0.00504341
0.00469912
0.00438262
0.00410375
0.00390624
0.00379488
0.00379133
0.00391407
0.00410393
0.00442151
0.00471607
0.00506816
0.0053892
0.00575537
0.00608245
0.00645257
0.00678029
0.00714828
0.00747135
0.00783113
0.0081443
0.00848971
0.00878768
0.00911233
0.00938956
0.00968673
0.00993729
0.0101999
0.0104175
0.0106382
0.0108164
0.0109883
0.0111211
0.0112379
0.0113201
0.0113773
0.0114056
0.0114009
0.0113741
0.0113078
0.011227
0.0111019
0.0109707
0.010792
0.0106157
0.0103901
0.0101752
0.00991058
0.00966412
0.00936821
0.00909716
0.00877767
0.00848858
0.00815264
0.00785148
0.00750562
0.0071978
0.00684796
0.00653839
0.00619469
0.00590496
0.00558933
0.00540802
0.00530355
0.00533746
0.00550399
0.0057713
0.00616561
0.00661474
0.00716423
0.00771795
0.00832418
0.00890159
0.00948582
0.010042
0.0105849
0.0110897
0.0115538
0.0118899
0.0120839
0.0119826
0.0116047
0.0109158
0.0099993
0.00951335
0.0049728
0.00527112
0.00595588
0.00641547
0.00673948
0.00691043
0.0069253
0.00689496
0.00680042
0.0066847
0.00656016
0.00638034
0.00619145
0.00592791
0.00563668
0.00530828
0.00495899
0.00464733
0.00435642
0.0041623
0.00404732
0.0040456
0.00419828
0.00438842
0.00476165
0.00505609
0.00545825
0.00577916
0.00619295
0.00651989
0.0069383
0.00726589
0.00768204
0.00800498
0.00841186
0.0087249
0.00911534
0.00941319
0.00977973
0.0100568
0.0103916
0.0106421
0.0109369
0.0111544
0.011401
0.0115791
0.0117695
0.0119022
0.0120295
0.0121117
0.0121711
0.0121994
0.0121886
0.0121618
0.0120812
0.0120005
0.0118538
0.0117227
0.0115158
0.0113395
0.0110802
0.0108653
0.0105622
0.0103159
0.00997795
0.00970701
0.00934295
0.00905398
0.0086719
0.00837086
0.00797823
0.00767054
0.00727418
0.00696474
0.00657123
0.00628161
0.0059086
0.00572696
0.00559187
0.0056237
0.00579874
0.00606216
0.0064835
0.00692685
0.00751195
0.00805817
0.00869329
0.00926199
0.0098605
0.0104071
0.0109578
0.011452
0.0119299
0.0122543
0.0124521
0.0123472
0.0119038
0.0112068
0.0100714
0.00958441
0.00508752
0.00540066
0.0060859
0.00657362
0.00690134
0.00709414
0.00711552
0.00709924
0.00701063
0.00690797
0.00679091
0.00662855
0.0064475
0.00620564
0.00592119
0.00561319
0.00526819
0.00497074
0.00468256
0.0044998
0.00438818
0.00440675
0.00456953
0.0047985
0.00518615
0.00553394
0.00593983
0.00631747
0.00673479
0.00711948
0.00754148
0.0079267
0.00834642
0.00872559
0.00913597
0.0095025
0.00989627
0.0102435
0.0106131
0.0109342
0.0112718
0.0115597
0.0118569
0.0121043
0.0123527
0.0125525
0.0127442
0.01289
0.0130181
0.0131047
0.0131643
0.0131885
0.0131771
0.0131381
0.0130565
0.012956
0.0128077
0.01265
0.012441
0.012232
0.0119701
0.0117171
0.0114112
0.0111219
0.0107809
0.0104631
0.0100958
0.00975689
0.00937138
0.00901821
0.0086221
0.008261
0.00786119
0.00749803
0.00710081
0.00675985
0.00637082
0.0061534
0.00600715
0.00602777
0.00619943
0.00647117
0.0068909
0.00735075
0.00793452
0.00849537
0.00912618
0.00970188
0.0102923
0.0108357
0.0113768
0.011855
0.0123223
0.0126142
0.0127986
0.0126425
0.0121924
0.01144
0.0103037
0.00979
0.0052114
0.00554055
0.0062263
0.00674439
0.00707613
0.00729252
0.0073203
0.00731983
0.00723825
0.00715029
0.00704015
0.00689761
0.00672352
0.00650635
0.00622901
0.00594473
0.0056066
0.00532731
0.00504492
0.00487918
0.00477153
0.00481911
0.00498349
0.00526185
0.00564933
0.00605922
0.00646492
0.00690858
0.00732571
0.00777761
0.00819941
0.0086517
0.00907122
0.00951584
0.00992602
0.0103548
0.0107484
0.0111531
0.0115225
0.0118948
0.0122322
0.0125636
0.0128607
0.0131428
0.0133912
0.0136162
0.0138078
0.0139688
0.0140969
0.0141886
0.0142481
0.0142675
0.0142562
0.0142029
0.0141214
0.013998
0.0138497
0.0136611
0.0134522
0.0132051
0.0129433
0.0126459
0.01234
0.0120009
0.01166
0.0112878
0.0109206
0.0105237
0.0101383
0.00972449
0.00932857
0.0089053
0.00850568
0.00808001
0.00768297
0.00728226
0.0068934
0.00663054
0.00648242
0.00648536
0.00665226
0.00693097
0.00734335
0.00782227
0.00839652
0.00897628
0.00959614
0.0101823
0.0107609
0.0113024
0.011831
0.0122916
0.0127459
0.0130002
0.0131728
0.0129613
0.012504
0.0116918
0.0105545
0.010012
0.00534517
0.0056916
0.00637792
0.0069288
0.00726487
0.00750674
0.00754144
0.00755803
0.00748405
0.00741196
0.00730929
0.00718817
0.00702157
0.00683106
0.00656142
0.00630274
0.00597203
0.00571234
0.00543621
0.00528884
0.00518549
0.00526439
0.00543051
0.00576218
0.00614949
0.00662644
0.00703192
0.00754689
0.0079638
0.00848828
0.00890986
0.00943458
0.00985389
0.0103692
0.0107791
0.0112751
0.0116685
0.0121353
0.0125046
0.0129321
0.0132693
0.0136477
0.0139446
0.0142643
0.0145126
0.0147648
0.0149564
0.0151338
0.0152618
0.015359
0.0154185
0.0154327
0.0154214
0.0153528
0.0152713
0.0151231
0.0149749
0.0147528
0.014544
0.0142558
0.0139942
0.0136488
0.0133431
0.0129501
0.0126094
0.0121783
0.0118113
0.0113516
0.0109665
0.0104872
0.0100914
0.00960105
0.00920163
0.00870844
0.00831161
0.00784639
0.00745769
0.00714579
0.00699564
0.00697948
0.00714124
0.00742749
0.00783193
0.00833143
0.00889541
0.00949559
0.0101036
0.0107011
0.0112669
0.0118064
0.0123215
0.0127632
0.0132034
0.013417
0.0135769
0.0133056
0.0128405
0.0119636
0.0108253
0.0102517
0.00557749
0.00592902
0.00651594
0.00707669
0.00744314
0.00770022
0.00778037
0.00780866
0.00775965
0.00769921
0.00761031
0.00750285
0.00735301
0.00717821
0.00693672
0.00669397
0.0063985
0.00615356
0.00591017
0.00577781
0.00570568
0.00580411
0.00600112
0.0063575
0.00678533
0.00728827
0.00774559
0.00828819
0.00876288
0.00931549
0.00979503
0.0103478
0.0108239
0.0113666
0.0118306
0.0123527
0.012796
0.0132868
0.0137006
0.0141495
0.0145245
0.0149211
0.0152483
0.0155825
0.015853
0.0161158
0.0163213
0.0165051
0.0166391
0.0167384
0.0167962
0.0168084
0.0167883
0.0167138
0.0166169
0.0164591
0.0162896
0.0160545
0.0158188
0.0155146
0.015221
0.014857
0.0145145
0.0141006
0.0137187
0.0132649
0.0128529
0.0123689
0.0119355
0.0114307
0.0109842
0.0104678
0.010016
0.00949668
0.00905214
0.00856191
0.00813719
0.0078025
0.00763165
0.00760078
0.00775185
0.00803276
0.00843561
0.00893487
0.00949551
0.0100958
0.0106963
0.01129
0.0118438
0.0123736
0.0128619
0.0132864
0.0136679
0.0138559
0.0139215
0.013617
0.0130939
0.0121971
0.0112339
0.0106511
0.00578302
0.0061346
0.00671373
0.00727666
0.00767224
0.00793574
0.00805204
0.0080893
0.00806733
0.00801625
0.00794645
0.00784813
0.0077243
0.00755875
0.0073577
0.00712446
0.00688067
0.00664476
0.00645488
0.00632974
0.00631441
0.00641713
0.00667102
0.00702802
0.00752444
0.00802708
0.00857702
0.0091193
0.00969277
0.0102451
0.0108238
0.0113762
0.0119495
0.0124918
0.0130486
0.0135703
0.0140993
0.0145898
0.0150799
0.0155285
0.0159686
0.0163649
0.0167443
0.0170784
0.0173873
0.01765
0.0178799
0.0180636
0.0182081
0.0183074
0.0183625
0.0183747
0.0183395
0.018265
0.0181417
0.0179839
0.0177776
0.0175426
0.0172606
0.0169565
0.0166077
0.0162439
0.0158381
0.0154245
0.0149719
0.0145183
0.0140291
0.0135454
0.0130292
0.0125248
0.0119914
0.0114753
0.010934
0.010415
0.00988425
0.00939431
0.00890896
0.0085735
0.00836347
0.00832744
0.0084565
0.00872821
0.00913023
0.00961686
0.0101822
0.0107676
0.0113706
0.0119483
0.0124945
0.0130076
0.0134652
0.0138724
0.0141875
0.0143594
0.0143408
0.0140251
0.0134414
0.0125408
0.0115878
0.0110048
0.00581989
0.00617314
0.00696982
0.0075417
0.00799279
0.00826468
0.00838285
0.00843104
0.00841177
0.00837116
0.00832497
0.00823695
0.00814983
0.00799511
0.007829
0.0076064
0.00738649
0.00716006
0.00698672
0.0068687
0.00687836
0.00698512
0.00732121
0.00767881
0.00830392
0.00880646
0.00947121
0.0100134
0.0106963
0.0112484
0.0119371
0.0124895
0.0131707
0.0137129
0.0143728
0.0148944
0.0155189
0.0160093
0.0165849
0.0170334
0.0175467
0.0179429
0.0183816
0.0187155
0.0190685
0.0193311
0.0195894
0.019773
0.0199301
0.0200293
0.0200818
0.020094
0.0200419
0.0199675
0.0198142
0.0196564
0.0194081
0.0191733
0.0188385
0.0185346
0.0181232
0.0177596
0.0172825
0.0168689
0.0163372
0.0158837
0.0153083
0.0148247
0.0142166
0.0137123
0.0130826
0.0125666
0.0119262
0.0114073
0.0107668
0.010277
0.00966094
0.00932474
0.0090382
0.00899733
0.0091295
0.00939232
0.00982925
0.0103031
0.0109141
0.0114836
0.0121163
0.0126759
0.0132226
0.0137169
0.0141592
0.0145465
0.0148464
0.0149988
0.014943
0.0146127
0.0139072
0.0129917
0.0116653
0.0110796
0.00599917
0.0063775
0.00717489
0.00779998
0.0082572
0.0085804
0.00870888
0.00879671
0.00878908
0.00877881
0.00874437
0.00868737
0.00861198
0.00849606
0.00834191
0.00816734
0.00795894
0.00778623
0.00762354
0.00756505
0.00758404
0.00776632
0.00811339
0.00857419
0.00920867
0.00983609
0.0105004
0.0111734
0.0118558
0.0125403
0.0132285
0.0139114
0.0145921
0.0152596
0.015919
0.0165571
0.0171812
0.0177762
0.0183514
0.0188901
0.019403
0.0198731
0.0203114
0.0207019
0.0210546
0.021356
0.0216141
0.0218193
0.0219763
0.0220808
0.0221333
0.0221358
0.0220838
0.0219859
0.0218327
0.0216391
0.0213909
0.0211085
0.020774
0.0204115
0.0200004
0.0195675
0.0190908
0.0185977
0.0180663
0.0175234
0.0169484
0.0163661
0.0157585
0.0151474
0.0145182
0.013889
0.013249
0.0126123
0.0119724
0.0113657
0.0107366
0.0103084
0.0100088
0.00992131
0.0100431
0.0102961
0.0107206
0.0111998
0.0117962
0.0123665
0.012981
0.0135247
0.014051
0.0145052
0.0149263
0.0152455
0.0155238
0.0155789
0.0155051
0.0150656
0.0143496
0.0133387
0.0120111
0.0113844
0.00619276
0.00659819
0.00739562
0.00807887
0.00854271
0.00892132
0.00906094
0.00919157
0.00919663
0.00921918
0.0091974
0.00917376
0.00911105
0.00903701
0.00889585
0.0087737
0.00857802
0.00846598
0.00831438
0.00832555
0.00835246
0.00862359
0.0089739
0.00955161
0.0101857
0.0109479
0.0116117
0.012426
0.0131079
0.0139353
0.014623
0.0154468
0.016127
0.0169297
0.0175886
0.0183525
0.0189762
0.0196842
0.0202589
0.020895
0.0214075
0.0219574
0.0223954
0.0228468
0.0231993
0.0235426
0.0238005
0.024029
0.0241858
0.0242961
0.0243486
0.0243406
0.0242886
0.0241655
0.0240124
0.02378
0.023532
0.0231983
0.022864
0.0224382
0.0220275
0.0215198
0.0210435
0.0204645
0.0199335
0.019294
0.0187194
0.0180306
0.0174234
0.0166972
0.0160684
0.0153169
0.0146774
0.0139136
0.0132742
0.0125413
0.0119127
0.0113804
0.0110767
0.0109323
0.0110436
0.0112814
0.0116902
0.0121734
0.0127501
0.0133221
0.0139147
0.0144419
0.0149456
0.0153568
0.0157548
0.0159997
0.0162552
0.0162054
0.0161121
0.0155546
0.0148273
0.0137119
0.0123845
0.0117135
0.00657669
0.00698567
0.00759311
0.00828351
0.00880307
0.00920035
0.00943869
0.00958806
0.00966018
0.0097009
0.00971589
0.00971029
0.0096791
0.00962475
0.00953303
0.00943359
0.0093131
0.00922687
0.00916916
0.0092084
0.00934204
0.00964294
0.0100871
0.0106931
0.0114211
0.0122087
0.0129984
0.0138393
0.0146599
0.0155142
0.0163397
0.01719
0.0180033
0.0188314
0.019615
0.0204025
0.021139
0.0218681
0.0225409
0.0231952
0.023789
0.0243538
0.0248552
0.025318
0.0257161
0.0260672
0.0263535
0.0265863
0.0267559
0.0268672
0.0269181
0.0269081
0.0268419
0.026714
0.0265352
0.0262955
0.0260111
0.0256677
0.0252864
0.0248488
0.0243804
0.0238587
0.0233138
0.0227187
0.0221079
0.0214503
0.0207849
0.0200762
0.0193676
0.0186197
0.0178801
0.0171057
0.0163477
0.01556
0.0148095
0.014053
0.0133474
0.0127896
0.0124232
0.0122538
0.0123053
0.0125219
0.0128891
0.013353
0.0138877
0.0144397
0.0149851
0.0154889
0.0159345
0.0163165
0.0166227
0.0168323
0.0169381
0.0168496
0.0165694
0.0159755
0.0151542
0.0140256
0.0130274
0.0123505
0.00661868
0.00702738
0.00793387
0.00863083
0.00924151
0.00964882
0.00992038
0.0100858
0.0101887
0.0102456
0.0102996
0.01031
0.0103248
0.0102867
0.0102454
0.0101622
0.0101002
0.0100289
0.010043
0.0100939
0.010319
0.0106267
0.0112214
0.0118283
0.0127586
0.0135455
0.0145307
0.0153708
0.0163818
0.0172353
0.0182505
0.0191
0.0200971
0.0209245
0.0218806
0.0226675
0.0235604
0.0242889
0.0250979
0.0257517
0.0264588
0.0270231
0.0276133
0.0280757
0.0285376
0.0288883
0.0292145
0.0294471
0.029634
0.0297452
0.0297933
0.0297833
0.0296961
0.0295683
0.0293522
0.0291127
0.0287761
0.028433
0.0279851
0.0275479
0.0269987
0.0264776
0.0258373
0.0252427
0.0245218
0.0238648
0.0230743
0.0223662
0.0215185
0.0207713
0.0198798
0.0191061
0.0181859
0.0173989
0.0164668
0.015711
0.0148011
0.014242
0.0137409
0.0135623
0.0135771
0.013777
0.0141497
0.0145905
0.0151429
0.0156675
0.0162064
0.016681
0.017075
0.0174275
0.0176482
0.017828
0.0178366
0.0177197
0.0173344
0.0167245
0.0157279
0.0145898
0.0130969
0.0124205
0.00683171
0.00727433
0.00818514
0.00896285
0.00958377
0.0100834
0.0103738
0.010622
0.0107433
0.0108663
0.0109396
0.0110059
0.0110406
0.0110593
0.011038
0.011023
0.0109811
0.0109965
0.0110306
0.0111908
0.0114348
0.0118793
0.0124969
0.0132737
0.0142254
0.0152068
0.0162024
0.0172443
0.0182651
0.0193216
0.0203467
0.0213949
0.0224016
0.0234177
0.0243828
0.0253432
0.0262442
0.0271268
0.0279429
0.0287279
0.0294408
0.0301118
0.0307064
0.0312504
0.0317155
0.0321235
0.0324517
0.0327189
0.0329066
0.033032
0.0330798
0.0330657
0.0329774
0.0328291
0.0326111
0.0323357
0.0319964
0.0316026
0.0311514
0.0306482
0.0300949
0.0294919
0.0288468
0.0281536
0.0274271
0.0266541
0.0258573
0.025016
0.0241611
0.0232643
0.022365
0.021427
0.0204984
0.0195353
0.0185935
0.0176567
0.0167199
0.0160055
0.0154783
0.0151986
0.0151943
0.0153377
0.0156893
0.0160902
0.0166183
0.0170918
0.0176014
0.0179949
0.0183553
0.0185891
0.0187746
0.0187993
0.0187712
0.0184755
0.0180546
0.0172722
0.0162583
0.0149919
0.0134922
0.0127669
0.00716331
0.00762924
0.00843305
0.00926543
0.00992332
0.0104964
0.0108545
0.011172
0.0113512
0.0115316
0.0116476
0.011763
0.011834
0.0119021
0.0119208
0.0119657
0.0119724
0.0120661
0.0121575
0.0124178
0.0127262
0.0132941
0.0139677
0.0148877
0.0158926
0.0170247
0.018089
0.0192872
0.0203831
0.0215967
0.0226959
0.023898
0.0249758
0.0261381
0.0271694
0.0282643
0.029225
0.0302269
0.0310949
0.0319816
0.0327378
0.0334913
0.0341206
0.0347277
0.0352189
0.0356712
0.0360175
0.0363115
0.0365104
0.0366467
0.0366993
0.036682
0.0365928
0.0364285
0.0362043
0.0359012
0.0355504
0.0351173
0.034649
0.0340949
0.0335187
0.0328523
0.0321778
0.0314084
0.0306457
0.029783
0.0289431
0.0279986
0.0270937
0.0260811
0.0251252
0.0240601
0.0230692
0.0219697
0.0209686
0.0198916
0.0189097
0.0180646
0.0174927
0.0171164
0.0170576
0.0171394
0.017436
0.0177915
0.0182566
0.0186797
0.0191183
0.0194392
0.0197223
0.0198532
0.0199477
0.0198402
0.0197007
0.0192564
0.0187208
0.0178014
0.0167317
0.0153773
0.0140622
0.0133035
0.00732571
0.00779134
0.00876067
0.00959705
0.0103748
0.0109617
0.0114369
0.0117742
0.0120602
0.0122626
0.0124668
0.0126048
0.0127504
0.0128418
0.0129342
0.0130023
0.0131022
0.0132173
0.0134383
0.0137156
0.0141958
0.0147739
0.0156637
0.0165848
0.0178412
0.0189721
0.0203016
0.0214985
0.0228616
0.024074
0.0254379
0.0266387
0.0279713
0.0291323
0.0304013
0.0314949
0.0326698
0.0336706
0.0347246
0.0356103
0.0365215
0.0372742
0.0380265
0.0386329
0.0392161
0.0396679
0.0400772
0.0403709
0.0406067
0.0407428
0.0408094
0.0407922
0.0406966
0.0405325
0.0402831
0.0399804
0.0395861
0.0391535
0.0386229
0.0380694
0.0374105
0.0367449
0.0359657
0.0351971
0.034306
0.0334443
0.0324513
0.0315079
0.0304256
0.029414
0.0282576
0.0271937
0.0259819
0.0248836
0.0236414
0.0225656
0.0213386
0.0204913
0.0197251
0.0193331
0.0191512
0.0192055
0.0194209
0.0197398
0.0201285
0.0205105
0.02084
0.0211194
0.0212389
0.02133
0.0212109
0.0210661
0.0206851
0.0202085
0.0194424
0.0185016
0.0172391
0.0158786
0.014317
0.0135589
0.00750077
0.00800117
0.00901723
0.00994968
0.0107586
0.0114718
0.0119811
0.0124534
0.0127715
0.0130946
0.013332
0.0135726
0.0137514
0.0139338
0.0140578
0.0142184
0.0143498
0.0145752
0.0148304
0.0152492
0.0157664
0.016523
0.017464
0.0186006
0.0199125
0.0212834
0.0226543
0.0240981
0.0255006
0.0269602
0.0283633
0.0298054
0.0311758
0.0325659
0.03387
0.0351747
0.0363812
0.0375705
0.0386519
0.0397004
0.0406344
0.0415226
0.0422929
0.0430076
0.0436041
0.0441383
0.0445566
0.0449087
0.0451496
0.0453226
0.0453909
0.0453908
0.045294
0.0451286
0.0448754
0.0445533
0.0441525
0.043682
0.0431423
0.0425309
0.04186
0.041115
0.0403207
0.0394497
0.0385401
0.037552
0.0365368
0.0354428
0.0343346
0.033149
0.0319633
0.0307037
0.0294595
0.0281469
0.026866
0.025564
0.0242727
0.0232165
0.0223927
0.0218381
0.0216203
0.0215487
0.0217292
0.0219283
0.0222778
0.0225153
0.0227945
0.0228877
0.0229462
0.02281
0.0226251
0.0222258
0.0217787
0.0210481
0.0202172
0.0190706
0.0177559
0.0162642
0.0146293
0.0138292
0.00794679
0.00846397
0.00925251
0.0102297
0.0110956
0.0118831
0.0125277
0.0130844
0.01354
0.013943
0.0142923
0.0146034
0.0148775
0.0151244
0.015345
0.0155727
0.0158124
0.0161177
0.0164988
0.0170168
0.0176821
0.0185571
0.0196259
0.0208917
0.0223178
0.0238198
0.0253439
0.0269225
0.0284916
0.0300863
0.0316533
0.0332272
0.0347551
0.0362703
0.0377223
0.0391423
0.0404841
0.0417762
0.0429782
0.0441155
0.0451542
0.0461164
0.046975
0.0477488
0.0484177
0.0489968
0.0494723
0.0498563
0.0501403
0.0503334
0.0504314
0.0504407
0.0503606
0.0501946
0.049945
0.0496125
0.0492018
0.0487106
0.0481463
0.0475035
0.0467923
0.0460042
0.0451529
0.0442263
0.0432424
0.0421855
0.0410787
0.0399027
0.0386858
0.0374053
0.036095
0.0347287
0.0333453
0.0319157
0.030502
0.0290764
0.0276984
0.0265163
0.0255813
0.0249117
0.0245308
0.0243591
0.0243693
0.0244722
0.0246337
0.0247645
0.0248446
0.0248108
0.024665
0.0243804
0.0239749
0.0234138
0.0227293
0.0218431
0.0208067
0.0195387
0.0181502
0.0165956
0.0153449
0.0145249
0.00787977
0.00841079
0.00951313
0.010539
0.0115374
0.0124025
0.0131649
0.013818
0.0143921
0.0148937
0.0153597
0.0157644
0.016141
0.0164746
0.0167758
0.0170845
0.0173978
0.0177833
0.018258
0.0188618
0.0196565
0.020627
0.0219024
0.023274
0.0249545
0.0265732
0.0283256
0.030023
0.0318116
0.0335247
0.0353091
0.0369987
0.0387363
0.040362
0.0420105
0.0435339
0.0450546
0.0464412
0.0478011
0.0490228
0.0501965
0.0512323
0.0522027
0.0530393
0.0537972
0.0544284
0.0549721
0.0553977
0.0557308
0.0559555
0.0560853
0.0561164
0.0560521
0.0558979
0.0556485
0.0553174
0.0548908
0.05439
0.0537926
0.0531284
0.0523653
0.0515434
0.0506195
0.0496463
0.0485678
0.0474515
0.0462274
0.0449793
0.0436227
0.042258
0.0407865
0.039325
0.0377611
0.0362263
0.0345967
0.0330578
0.0313958
0.0301022
0.0289375
0.0281573
0.0276514
0.0273633
0.0272743
0.0272441
0.0272937
0.0272688
0.0271823
0.0269742
0.0266005
0.0261337
0.0254737
0.0247352
0.0238083
0.0227663
0.0215194
0.0201416
0.0185622
0.0169521
0.0152322
0.0143998
0.00817696
0.00873386
0.00969192
0.0107971
0.011829
0.0128345
0.0136827
0.0145114
0.015188
0.0158689
0.0164341
0.0170041
0.017477
0.0179582
0.018358
0.018805
0.019218
0.0197508
0.0203234
0.0211026
0.0219941
0.0231756
0.0245243
0.0261334
0.0278728
0.029736
0.0315685
0.0335148
0.0353902
0.0373516
0.0392213
0.0411534
0.0429736
0.0448311
0.0465585
0.0482986
0.0498937
0.0514783
0.0529075
0.0543061
0.0555433
0.0567334
0.0577611
0.0587291
0.0595377
0.0602778
0.0608652
0.061378
0.0617474
0.0620381
0.0621965
0.0622728
0.0622286
0.0620987
0.0618602
0.0615315
0.061106
0.0605845
0.0599779
0.0592684
0.0584854
0.0575923
0.0566379
0.0555666
0.0544474
0.0532061
0.0519315
0.0505319
0.0491156
0.0475745
0.0460349
0.0443738
0.0427341
0.0409791
0.0392781
0.0375021
0.0357952
0.0342535
0.0330106
0.0319926
0.0313492
0.030833
0.0305787
0.0303097
0.0301723
0.0298767
0.029601
0.029085
0.0285352
0.027737
0.0269114
0.0258442
0.0247635
0.0234336
0.0220713
0.0204919
0.0188753
0.0171719
0.0156906
0.0148355
0.0081034
0.00866745
0.00982737
0.0109654
0.0121371
0.0132068
0.0142412
0.0151615
0.0160501
0.0168364
0.0176165
0.0182968
0.0189678
0.0195585
0.0201282
0.0206795
0.0212439
0.0218739
0.0226078
0.0234787
0.0245653
0.0258351
0.027438
0.0291332
0.0311573
0.0331107
0.035214
0.0372502
0.0393908
0.0414412
0.0435728
0.0455921
0.0476663
0.0496083
0.0515777
0.0533988
0.0552199
0.0568814
0.0585179
0.0599884
0.0614122
0.0626688
0.0638611
0.0648893
0.0658403
0.0666336
0.067341
0.0678993
0.0683662
0.0686941
0.0689271
0.0690312
0.0690379
0.0689256
0.0687131
0.0683912
0.0679651
0.0674389
0.0668032
0.0660773
0.0652356
0.0643144
0.0632708
0.0621602
0.0609213
0.0596301
0.0582063
0.0567473
0.0551539
0.0535446
0.051802
0.0500648
0.0481986
0.0463602
0.0444001
0.0425332
0.040517
0.038877
0.0373362
0.0361969
0.0352984
0.0346331
0.0341156
0.03367
0.033229
0.032738
0.0321003
0.0313859
0.0304345
0.0294498
0.028226
0.0269958
0.025562
0.0241045
0.0224694
0.0208121
0.0190247
0.0172934
0.0155451
0.0146879
0.00835242
0.00893279
0.00988947
0.0110911
0.0122888
0.0134954
0.0146239
0.0157407
0.0167625
0.0177743
0.0187003
0.0196102
0.0204358
0.0212463
0.0219826
0.0227403
0.0234756
0.0243063
0.0252017
0.0262816
0.0275142
0.0290086
0.0307073
0.0326367
0.0347261
0.0369112
0.0391077
0.0413755
0.0436169
0.0458966
0.0481268
0.0503708
0.0525416
0.0547014
0.0567657
0.0587955
0.0607101
0.0625693
0.0642974
0.0659528
0.0674656
0.0688925
0.0701701
0.0713523
0.072383
0.0733123
0.0740916
0.0747662
0.0752951
0.0757172
0.076
0.0761744
0.0762166
0.0761486
0.0759558
0.0756502
0.0752271
0.0746878
0.0740383
0.0732693
0.0723974
0.0714033
0.0703146
0.0691024
0.0678051
0.0663853
0.0648917
0.0632794
0.0616064
0.0598214
0.0579906
0.0560575
0.0540952
0.0520424
0.0499942
0.0478939
0.0458286
0.0439245
0.0422668
0.0408319
0.0397026
0.0387077
0.037906
0.0370932
0.0363441
0.0354519
0.0345251
0.0333956
0.0321977
0.0308128
0.0293799
0.0277942
0.0261886
0.0244528
0.0227101
0.0208835
0.0190778
0.0172891
0.0158662
0.0150044
0.00805771
0.0086411
0.0098224
0.0110566
0.0123586
0.0136537
0.0149361
0.0161987
0.0174157
0.0186146
0.0197623
0.0208846
0.0219357
0.0229696
0.0239118
0.0248898
0.0258045
0.0268413
0.0279049
0.0291733
0.030581
0.0322466
0.0341608
0.0362463
0.0385647
0.0408985
0.043295
0.0457062
0.0481362
0.0505559
0.0529721
0.0553535
0.0577065
0.0600021
0.0622438
0.0644083
0.0664944
0.0684874
0.0703798
0.0721671
0.0738355
0.0753907
0.0768131
0.0781172
0.0792799
0.0803213
0.0812173
0.0819902
0.0826178
0.0831207
0.0834816
0.0837158
0.0838129
0.083781
0.0836177
0.0833228
0.0829022
0.0823479
0.0816734
0.0808645
0.0799404
0.0788836
0.0777168
0.0764218
0.0750226
0.0735033
0.0718866
0.0701608
0.0683463
0.0664364
0.0644479
0.0623799
0.0602454
0.0580486
0.055799
0.0535412
0.0512149
0.0491223
0.0471867
0.0455012
0.0441034
0.04279
0.0416808
0.0405006
0.0393965
0.038121
0.0368014
0.0353106
0.0337202
0.0320231
0.030242
0.0284081
0.0265264
0.0246174
0.0226815
0.0207668
0.0188541
0.017055
0.0153343
0.0144834
0.00798362
0.00856799
0.00966769
0.0109199
0.012278
0.0136368
0.0150667
0.0164415
0.017887
0.0192339
0.0206675
0.0219596
0.0233372
0.0245519
0.025844
0.0270045
0.028268
0.029481
0.0308683
0.0323014
0.0339941
0.0358079
0.0379438
0.0401556
0.0426503
0.0450956
0.0476717
0.0501902
0.0527952
0.0553198
0.0579059
0.0603902
0.0629118
0.0653091
0.0677213
0.0699868
0.0722477
0.074341
0.0764126
0.078299
0.0801493
0.0818009
0.0834035
0.0847994
0.0861344
0.0872603
0.0883135
0.0891606
0.0899224
0.0904864
0.0909514
0.0912309
0.0913963
0.0913918
0.0912575
0.0909709
0.0905391
0.0899738
0.0892493
0.0884106
0.0874016
0.0862978
0.0850165
0.0836595
0.0821222
0.0805281
0.0787555
0.0769446
0.074961
0.0729574
0.0707898
0.0686208
0.0662985
0.0639938
0.0615526
0.0591766
0.0566604
0.0544148
0.0521802
0.0502822
0.0484253
0.0468447
0.0451783
0.0436972
0.0420033
0.0404208
0.0385534
0.0367778
0.0347292
0.0327888
0.0306505
0.0286251
0.0264877
0.0244484
0.0223689
0.0203925
0.0184509
0.0166482
0.0150885
0.0142472
0.00778598
0.00835693
0.00940193
0.0106587
0.0120206
0.013463
0.014941
0.0164948
0.018031
0.0196435
0.0212016
0.0228289
0.0243611
0.02596
0.0274323
0.0289979
0.0304512
0.0320578
0.0336225
0.0354098
0.0372497
0.0393571
0.0415963
0.0440388
0.0465956
0.0492281
0.0518617
0.0545486
0.0572071
0.0598909
0.0625281
0.0651682
0.0677408
0.0702963
0.072762
0.0751929
0.077511
0.0797792
0.0819125
0.0839827
0.0858982
0.0877385
0.0894078
0.0909904
0.0923905
0.0936919
0.0948047
0.095806
0.0966182
0.0973054
0.0978078
0.0981715
0.098359
0.0983943
0.0982654
0.0979724
0.0975292
0.0969127
0.0961613
0.0952313
0.0941821
0.0929533
0.0916214
0.0901134
0.088518
0.0867545
0.084919
0.0829266
0.0808772
0.0786848
0.07645
0.0740873
0.0716968
0.0691941
0.0666834
0.0640924
0.0615119
0.0589755
0.0566015
0.0542742
0.052196
0.0500536
0.0481178
0.0460125
0.0440432
0.0418557
0.0397484
0.0374527
0.0352204
0.0328749
0.0306051
0.0282939
0.0260722
0.0238644
0.0217523
0.0197225
0.0177969
0.0160355
0.0145688
0.0137675
0.00728211
0.00783067
0.00894527
0.0101702
0.0115455
0.0129976
0.0145541
0.0161761
0.017862
0.0196061
0.0213827
0.0232045
0.0250146
0.0268653
0.0286556
0.0305126
0.0322934
0.0341977
0.0360679
0.0381185
0.0402164
0.0425167
0.0449527
0.04751
0.050202
0.0529032
0.0556423
0.0583795
0.0611284
0.0638545
0.0665768
0.0692575
0.0719161
0.0745167
0.0770747
0.0795604
0.0819811
0.0843167
0.0865641
0.0887142
0.0907536
0.0926834
0.0944815
0.0961574
0.097684
0.0990748
0.100303
0.101382
0.10229
0.103034
0.103605
0.104
0.104223
0.10426
0.104131
0.103811
0.103332
0.102662
0.101844
0.100837
0.0996953
0.0983736
0.0969298
0.0953187
0.0935991
0.091728
0.0897617
0.0876619
0.0854798
0.0831832
0.0808165
0.0783545
0.0758338
0.0732372
0.0705927
0.0679031
0.0651662
0.0624792
0.0598445
0.0572535
0.054791
0.052288
0.0498922
0.0474006
0.0449661
0.0424356
0.0399229
0.0373672
0.0348254
0.0323088
0.0298287
0.0274233
0.0250787
0.0228423
0.0206819
0.0186804
0.0167758
0.0150858
0.0135473
0.012788
0.00683311
0.00736038
0.00839733
0.00958402
0.0109098
0.0123463
0.0139126
0.0155569
0.0173273
0.0191379
0.0210796
0.0230146
0.0250761
0.0270864
0.0292104
0.0312642
0.0334295
0.0355437
0.0377901
0.0400288
0.0424294
0.0448615
0.0474678
0.05009
0.0528367
0.0555631
0.0583329
0.0610811
0.0638447
0.0665762
0.0693064
0.0719919
0.0746617
0.0772713
0.0798528
0.0823557
0.0848185
0.0871816
0.0894924
0.0916806
0.0938024
0.0957785
0.0976719
0.0993982
0.101023
0.102463
0.103781
0.104901
0.105878
0.106652
0.107262
0.107669
0.107895
0.107926
0.107762
0.107416
0.106867
0.106154
0.105236
0.104173
0.10291
0.101523
0.0999451
0.0982641
0.0964064
0.0944648
0.0923631
0.0901954
0.0878858
0.085526
0.0830427
0.0805237
0.0778989
0.0752518
0.072516
0.0697759
0.0669576
0.0641831
0.0613299
0.0585744
0.055725
0.0529969
0.0501475
0.0474231
0.0445716
0.041847
0.0390244
0.0363363
0.0336071
0.0310187
0.02845
0.0260223
0.0236622
0.0214433
0.0193285
0.017377
0.0155703
0.013949
0.0125403
0.0118168
0.00645961
0.00695522
0.00783226
0.00896024
0.0102137
0.0116085
0.0131213
0.0147614
0.0165127
0.0183674
0.0203333
0.0223678
0.0245102
0.0266791
0.0289505
0.0312131
0.0335799
0.0359243
0.0383826
0.0408287
0.0433902
0.0459601
0.048619
0.0512958
0.0540083
0.0567368
0.0594575
0.0621894
0.0648958
0.067604
0.0702746
0.0729366
0.0755511
0.0781437
0.08068
0.0831774
0.0856092
0.0879816
0.090277
0.0924892
0.0946102
0.0966223
0.0985257
0.100295
0.101935
0.103417
0.104748
0.105903
0.106886
0.107679
0.108282
0.10869
0.108892
0.108902
0.108698
0.10831
0.107707
0.106933
0.10595
0.104814
0.10348
0.102011
0.100361
0.0985965
0.0966702
0.0946472
0.0924844
0.0902415
0.0878811
0.0854551
0.0829337
0.0803593
0.0777109
0.0750203
0.0722759
0.0694963
0.0666795
0.0638269
0.0609099
0.0579973
0.0550027
0.052057
0.0490423
0.0461009
0.0431238
0.0402324
0.0373542
0.0345706
0.0318512
0.0292328
0.0267183
0.0243102
0.0220316
0.0198686
0.017858
0.01599
0.0142966
0.01277
0.01159
0.0109161
0.00594251
0.00638579
0.00725548
0.00827686
0.00947792
0.0107709
0.0122398
0.0138005
0.0155225
0.0173354
0.0192917
0.0213367
0.0234941
0.0257382
0.028053
0.0304546
0.0328875
0.0354072
0.0379369
0.0405411
0.0431556
0.0458054
0.0484766
0.0511336
0.0538151
0.0564644
0.0591516
0.0617866
0.0644549
0.0670626
0.0696947
0.0722597
0.0748383
0.077344
0.0798497
0.0822755
0.0846836
0.0870023
0.0892816
0.091458
0.0935698
0.0955613
0.0974607
0.0992189
0.100858
0.102333
0.103663
0.104807
0.105785
0.106559
0.107153
0.107529
0.107716
0.10768
0.107456
0.107009
0.10638
0.105538
0.104527
0.103318
0.101954
0.100413
0.0987345
0.0969024
0.0949507
0.0928701
0.0906865
0.0883995
0.0860242
0.0835706
0.0810413
0.0784583
0.0758098
0.0731319
0.0703951
0.0676435
0.0648502
0.0620023
0.0590794
0.0561058
0.0530773
0.0500282
0.0469781
0.0439488
0.0409553
0.0380321
0.0351668
0.0324171
0.0297375
0.0272054
0.0247486
0.0224597
0.0202499
0.0182264
0.0162915
0.0145747
0.0129615
0.0115881
0.0104223
0.00982434
0.00540525
0.00582268
0.00664525
0.0076064
0.00870225
0.00992767
0.0112928
0.0127829
0.0144126
0.0161574
0.0180457
0.0200314
0.0221612
0.0243619
0.0267013
0.02908
0.0315842
0.0340969
0.0367142
0.0393117
0.041982
0.044605
0.0472496
0.0498518
0.0524354
0.0550143
0.0575918
0.0601543
0.0627109
0.0652479
0.0677708
0.0702684
0.0727452
0.0751881
0.0776032
0.0799717
0.0823031
0.0845701
0.0867871
0.0889174
0.0909801
0.0929304
0.094791
0.0965123
0.0981185
0.09956
0.10086
0.101973
0.10292
0.103666
0.104223
0.104574
0.10472
0.104662
0.104392
0.103927
0.10325
0.102396
0.101336
0.10012
0.0987114
0.0971692
0.0954532
0.0936267
0.0916467
0.0895787
0.0873788
0.0851118
0.0827344
0.080309
0.0777939
0.0752479
0.0726321
0.0700008
0.0673187
0.0646224
0.0619036
0.0591118
0.0562302
0.0533084
0.0502773
0.0472811
0.0442297
0.0412655
0.0383044
0.0354634
0.0326766
0.0300236
0.0274614
0.0250337
0.0227158
0.0205331
0.0184693
0.01655
0.0147606
0.0131416
0.0116723
0.0103853
0.00928736
0.00872635
0.00510725
0.00549206
0.0061398
0.00703046
0.00804098
0.00918339
0.0104448
0.0118479
0.0133654
0.0150263
0.0167979
0.0187112
0.0207293
0.0228782
0.0251214
0.027473
0.0299001
0.0324032
0.0349524
0.0375383
0.0401285
0.0427134
0.0452583
0.0477886
0.0502571
0.0527454
0.0552016
0.0576709
0.0601078
0.0625538
0.0649627
0.0673738
0.0697423
0.0721048
0.0744169
0.0767119
0.078945
0.081146
0.083269
0.0853405
0.0873134
0.0892113
0.0909868
0.0926611
0.094188
0.0955869
0.0968148
0.0978896
0.098774
0.0994844
0.0999914
0.10031
0.100419
0.100333
0.100041
0.0995527
0.0988689
0.0979969
0.0969453
0.0957183
0.0943323
0.0927874
0.0911066
0.0892858
0.0873529
0.0852997
0.0831581
0.0809156
0.0786077
0.0762172
0.0737832
0.0712837
0.0687614
0.0661892
0.0636081
0.0609822
0.0583612
0.055642
0.0528725
0.0500172
0.0471198
0.0441885
0.0412768
0.038389
0.0355765
0.0328306
0.0302
0.0276597
0.0252567
0.0229523
0.020792
0.0187356
0.0168249
0.0150295
0.0133886
0.0118861
0.0105417
0.00935443
0.00849731
0.00798278
0.00454915
0.00489142
0.00559398
0.00638761
0.00733077
0.00835757
0.00954698
0.010817
0.0122564
0.0137714
0.0154648
0.0172262
0.0191722
0.0211727
0.0233574
0.025573
0.0279581
0.0303388
0.0328572
0.0353237
0.0378821
0.0403333
0.0428162
0.0451895
0.04757
0.0498922
0.0522708
0.0545788
0.0569438
0.0592362
0.0615767
0.0638417
0.0661465
0.0683699
0.0706238
0.0727861
0.0749667
0.0770408
0.0791168
0.0810669
0.0829978
0.0847804
0.0865183
0.0880849
0.0895778
0.0908786
0.0920757
0.093065
0.0939213
0.0945619
0.0950438
0.0953107
0.0953989
0.0952818
0.0949726
0.0944758
0.0937808
0.092922
0.0918655
0.0906729
0.0892889
0.0877982
0.0861266
0.0843779
0.0824617
0.0804968
0.0783794
0.0762402
0.0739642
0.0716912
0.0692972
0.0669292
0.0644554
0.0620289
0.059511
0.0570441
0.0545128
0.0519588
0.0492675
0.0465755
0.0437363
0.0409724
0.0381299
0.03542
0.0326931
0.0301362
0.0276067
0.0252614
0.0229682
0.0208573
0.0188068
0.0169363
0.0151294
0.0135082
0.0119599
0.0106151
0.00936096
0.0083111
0.00738333
0.00693034
0.00424867
0.00457397
0.00513214
0.00588645
0.00672485
0.00769827
0.00875607
0.00996259
0.0112476
0.0126915
0.0142098
0.0158954
0.017652
0.0195761
0.0215657
0.0237073
0.0258985
0.0282087
0.0305351
0.0329327
0.0352954
0.0376765
0.039965
0.0422693
0.0444578
0.0467119
0.0488982
0.05114
0.0533196
0.0555488
0.0577128
0.0599177
0.0620531
0.0642193
0.0663088
0.0684165
0.0704362
0.072458
0.0743761
0.0762762
0.0780533
0.0797884
0.0813791
0.0829013
0.0842578
0.0855184
0.0865948
0.0875493
0.0883063
0.0889186
0.0893276
0.0895739
0.0896192
0.08949
0.08917
0.0886702
0.0879966
0.0871438
0.0861393
0.0849614
0.0836572
0.0821893
0.0806219
0.0789034
0.0771122
0.0751842
0.0732099
0.0711136
0.0689963
0.0667721
0.064551
0.0622375
0.05995
0.0575836
0.0552602
0.0528589
0.0505202
0.0480395
0.0455576
0.0429521
0.0403444
0.0376763
0.0350689
0.0324608
0.0299691
0.0275171
0.0252185
0.0229779
0.0209073
0.0188982
0.0170589
0.0152848
0.0136754
0.0121429
0.0107766
0.00950888
0.00840707
0.00741493
0.00668919
0.00626083
0.00381063
0.00409728
0.00468253
0.00534743
0.00613496
0.00699726
0.00799518
0.00906634
0.0102807
0.0115656
0.0130047
0.0145105
0.0161825
0.0179111
0.0198156
0.0217537
0.0238643
0.0259692
0.0282215
0.0304144
0.0327079
0.0348838
0.0370924
0.0391884
0.0412903
0.0433392
0.0454515
0.0474963
0.0496083
0.0516484
0.0537483
0.0557709
0.0578456
0.0598349
0.0618668
0.0638018
0.0657668
0.0676197
0.0694857
0.0712216
0.0729493
0.0745272
0.0760717
0.0774473
0.0787614
0.079891
0.0809299
0.0817741
0.0824998
0.0830277
0.0834128
0.0836048
0.0836349
0.0834843
0.0831585
0.0826712
0.0820017
0.0811945
0.080204
0.0791028
0.077822
0.0764587
0.0749233
0.0733336
0.0715822
0.0698038
0.067876
0.065947
0.0638824
0.0618406
0.0596778
0.0575596
0.0553357
0.0531758
0.0509255
0.0487408
0.0464938
0.0442365
0.0418457
0.0394667
0.0369437
0.0345075
0.0319947
0.0296218
0.0272328
0.0250148
0.0228236
0.0208102
0.0188463
0.017052
0.0153136
0.0137381
0.0122207
0.0108679
0.00958155
0.00847013
0.00744001
0.00657904
0.00582215
0.00545164
0.0036076
0.00387572
0.00431833
0.0049404
0.0056535
0.00645736
0.0073545
0.00835291
0.00944431
0.0106431
0.0119357
0.0133432
0.0148454
0.0164664
0.0181785
0.0200026
0.0219008
0.0238886
0.0259152
0.027991
0.0300561
0.0321181
0.0341281
0.0361176
0.0380476
0.0399963
0.0419292
0.0438778
0.0458113
0.047759
0.0496855
0.0516189
0.0535235
0.0554262
0.0572896
0.0591401
0.0609376
0.0627078
0.0644083
0.0660638
0.0676301
0.0691311
0.0705225
0.0718266
0.0730014
0.074067
0.0749863
0.0757767
0.0764084
0.0768952
0.0772166
0.0773823
0.0773822
0.0772214
0.0769004
0.0764193
0.0757889
0.0750043
0.074085
0.0730215
0.0718408
0.0705288
0.0691186
0.0675921
0.0659872
0.0642822
0.0625184
0.0606714
0.0587852
0.0568326
0.0548596
0.052837
0.0508116
0.0487528
0.0467007
0.0446218
0.0425579
0.0404154
0.0382366
0.0359852
0.0337119
0.0314114
0.0291472
0.0269124
0.0247602
0.0226778
0.0207053
0.0188217
0.0170574
0.015385
0.0138295
0.0123661
0.0110158
0.00976316
0.00862665
0.00760006
0.0066857
0.00588875
0.00532761
0.00498486
0.00319484
0.00344374
0.00391961
0.0044948
0.00513402
0.00587701
0.00668618
0.00760806
0.00859158
0.00969761
0.0108632
0.0121614
0.0135199
0.0150155
0.0165734
0.0182588
0.0200003
0.0218409
0.0237143
0.0256415
0.0275583
0.0294778
0.0313238
0.0331801
0.0349376
0.0367575
0.038537
0.0403599
0.0421505
0.0439749
0.0457634
0.0475756
0.0493465
0.0511297
0.0528634
0.0545959
0.0562674
0.0579218
0.0595004
0.0610437
0.0624934
0.0638881
0.0651702
0.0663768
0.0674525
0.0684327
0.0692666
0.0699872
0.0705505
0.0709862
0.0712595
0.071395
0.0713696
0.0712009
0.0708789
0.0704127
0.0698058
0.0690581
0.0681863
0.0671802
0.0660691
0.064833
0.0635122
0.0620779
0.0605795
0.0589804
0.0573376
0.055608
0.0538548
0.0520287
0.0501988
0.0483096
0.0464356
0.0445153
0.042628
0.0406918
0.0388172
0.0368223
0.0348239
0.032731
0.030619
0.0284856
0.0263896
0.0243231
0.0223449
0.0204252
0.0186282
0.0168965
0.0153018
0.013768
0.012369
0.0110298
0.00981867
0.00867495
0.00765742
0.00672181
0.0059139
0.00518874
0.00459718
0.00428409
0.00295331
0.00316854
0.00361702
0.00411621
0.00473515
0.00537839
0.00616025
0.00695656
0.00790649
0.00886014
0.00998536
0.0111042
0.0124143
0.0137053
0.0152058
0.0166651
0.0183415
0.0199407
0.0217452
0.0234235
0.0252749
0.0269467
0.0287423
0.030356
0.032076
0.0336638
0.0354031
0.0369997
0.0387493
0.0403517
0.0420994
0.0436932
0.0454235
0.0469912
0.0486843
0.0502042
0.0518354
0.0532812
0.0548202
0.0561614
0.0575733
0.0587762
0.0600232
0.0610538
0.0620982
0.0629244
0.0637321
0.0643266
0.0648699
0.065213
0.0654735
0.0655542
0.0655235
0.0653403
0.0650208
0.0645809
0.0639842
0.0633025
0.0624479
0.061545
0.0604575
0.0593581
0.0580667
0.0567983
0.0553342
0.0539259
0.0523216
0.0508032
0.0490917
0.0474935
0.0457077
0.0440591
0.0422309
0.0405603
0.0387184
0.0370393
0.0352068
0.0334798
0.031539
0.0297184
0.0276836
0.0258245
0.0238122
0.0220146
0.0201184
0.018456
0.0167338
0.0152431
0.0137145
0.0124018
0.0110611
0.00992078
0.00876126
0.00779213
0.00681882
0.00602972
0.00525514
0.00464569
0.00409113
0.00382994
0.00273549
0.00295022
0.00331637
0.00381141
0.00434346
0.00497788
0.00564607
0.00643016
0.00723847
0.00817689
0.00913042
0.0102308
0.0113382
0.0126071
0.013874
0.0153075
0.0167222
0.0182936
0.0198165
0.0214689
0.0230316
0.0246852
0.0262051
0.0278135
0.0292734
0.0308592
0.0323378
0.0339325
0.0354222
0.0370228
0.0385124
0.0401043
0.0415778
0.0431437
0.0445817
0.0460998
0.0474791
0.0489232
0.0502164
0.051556
0.0527327
0.0539342
0.0549628
0.0559922
0.0568421
0.0576673
0.0583114
0.0589052
0.0593226
0.0596653
0.0598427
0.0599233
0.0598559
0.059673
0.0593644
0.0589251
0.0583865
0.0577056
0.0569538
0.056052
0.0551084
0.0540104
0.0528995
0.0516326
0.0503807
0.048974
0.0476084
0.0460918
0.0446404
0.043044
0.0415346
0.0398879
0.0383477
0.036679
0.0351306
0.0334535
0.0319134
0.0301927
0.0285595
0.0267627
0.0250495
0.0232252
0.0215292
0.0197706
0.0181748
0.01655
0.0151055
0.0136484
0.0123716
0.0110881
0.00997281
0.00885788
0.0078966
0.0069486
0.00614441
0.0053708
0.00473045
0.0041281
0.00369617
0.00343572
0.00248072
0.00267475
0.00305062
0.00349697
0.00399577
0.00456768
0.0051941
0.00589914
0.00665529
0.00749681
0.00838756
0.00937184
0.0104056
0.0115385
0.012722
0.0140006
0.0153252
0.0167266
0.018157
0.0196319
0.0211047
0.0225826
0.0240133
0.0254516
0.0268262
0.0282448
0.0296443
0.031072
0.0324854
0.0339183
0.0353323
0.0367564
0.0381552
0.0395536
0.040918
0.0422704
0.0435775
0.0448595
0.0460828
0.0472667
0.0483771
0.049433
0.0504003
0.0512983
0.0520936
0.0528059
0.053404
0.0539075
0.0542892
0.0545675
0.0547209
0.0547654
0.0546868
0.0544972
0.0541908
0.0537744
0.0532512
0.052622
0.0518984
0.0510752
0.0501718
0.049177
0.048117
0.046975
0.0457833
0.0445203
0.0432227
0.0418653
0.0404883
0.0390632
0.0376333
0.0361666
0.0347094
0.0332264
0.031766
0.0302785
0.0288353
0.0273097
0.0257783
0.0241843
0.0225738
0.0209572
0.0193689
0.0178131
0.016325
0.0148906
0.0135492
0.0122654
0.0110836
0.00995442
0.00892393
0.00794412
0.00705666
0.00622424
0.00548167
0.00480276
0.00421313
0.00368591
0.00324934
0.00302104
0.00229461
0.0024624
0.00283032
0.00321729
0.00370666
0.00420038
0.00481414
0.00541999
0.00616048
0.00688039
0.00775232
0.00859109
0.00960221
0.010565
0.0117213
0.0128063
0.0140999
0.0152885
0.0166867
0.0179372
0.0193811
0.0206335
0.0220449
0.0232614
0.024625
0.0258284
0.0272148
0.0284277
0.0298276
0.031045
0.0324453
0.0336535
0.0350385
0.0362215
0.0375722
0.0387112
0.0400048
0.0410781
0.0422884
0.043272
0.04437
0.0452387
0.0461947
0.0469237
0.0477092
0.0482763
0.0488664
0.0492536
0.0496294
0.0498247
0.0499745
0.0499723
0.0498925
0.0496941
0.0493889
0.0490019
0.0484822
0.0479193
0.0472014
0.0464792
0.0455835
0.0447214
0.0436708
0.0426897
0.041509
0.0404308
0.0391456
0.0379929
0.0366294
0.0354246
0.0340089
0.0327739
0.0313314
0.0300872
0.0286414
0.0273981
0.0259676
0.0246959
0.0231883
0.0218535
0.0202803
0.0189242
0.0173789
0.016075
0.0146298
0.013431
0.0121286
0.0110595
0.00991137
0.0089741
0.00797259
0.0071612
0.00629874
0.0056106
0.0048887
0.00432795
0.00375366
0.0033181
0.00289191
0.00270433
0.0021906
0.00235811
0.00263373
0.00301799
0.00344836
0.00393623
0.00447025
0.00506784
0.00570941
0.00641892
0.00717097
0.0079971
0.00886507
0.00981255
0.0107995
0.0118665
0.0129635
0.0141325
0.0153116
0.0165437
0.0177574
0.0189967
0.0201925
0.0214054
0.0225688
0.023771
0.024947
0.0261588
0.0273419
0.0285581
0.0297385
0.0309456
0.0321089
0.0332908
0.0344197
0.0355577
0.0366324
0.0377048
0.0387029
0.0396856
0.0405833
0.0414511
0.042224
0.0429523
0.0435777
0.0441443
0.0446028
0.0449897
0.0452668
0.0454618
0.0455492
0.045547
0.0454429
0.0452448
0.0449537
0.0445671
0.0440992
0.0435368
0.0429064
0.042185
0.0414098
0.0405484
0.0396481
0.0386679
0.0376635
0.0365863
0.0354994
0.0343478
0.0332002
0.0319965
0.0308098
0.0295759
0.0283709
0.0271279
0.0259201
0.0246779
0.0234769
0.0222097
0.0209538
0.0196366
0.0183383
0.0170079
0.0157299
0.0144543
0.0132557
0.0120838
0.0110005
0.00995493
0.00899861
0.00808146
0.00724753
0.00645323
0.00573581
0.00506157
0.0044615
0.00391063
0.00342817
0.00299701
0.00269306
0.00250587
0.00196775
0.00213121
0.00242046
0.0027934
0.00317223
0.0036444
0.00411531
0.00469279
0.00525571
0.00594064
0.00659731
0.00739402
0.00814903
0.00906171
0.00991894
0.0109459
0.0118992
0.0130242
0.0140504
0.0152379
0.0162952
0.0174936
0.018526
0.0197047
0.0207018
0.0218705
0.022885
0.0240626
0.0250846
0.0262661
0.0272839
0.0284558
0.029456
0.0306028
0.0315697
0.0326729
0.0335888
0.0346274
0.0354726
0.0364232
0.037177
0.0380154
0.0386571
0.0393593
0.0398698
0.0404144
0.0407779
0.0411476
0.0413526
0.0415359
0.0415764
0.0415681
0.0414439
0.0412455
0.0409616
0.0405806
0.0401469
0.0395957
0.0390257
0.0383207
0.0376302
0.0367902
0.0359969
0.0350423
0.0341645
0.0331167
0.0321732
0.0310539
0.0300632
0.0288943
0.0278748
0.0266774
0.0256465
0.0244409
0.0234149
0.0222106
0.0212029
0.0199759
0.0189138
0.0176468
0.016536
0.0152625
0.0141719
0.012954
0.0119363
0.0108184
0.00990391
0.0089064
0.00810237
0.00722702
0.00652644
0.00576804
0.00516443
0.00452026
0.00401413
0.00348695
0.00308265
0.00266847
0.00236479
0.00218366
0.00183488
0.00197924
0.00226742
0.00259697
0.00297186
0.00338812
0.00385278
0.00435972
0.0049146
0.00551325
0.00616023
0.00685353
0.00759696
0.00838796
0.00923145
0.0101183
0.0110562
0.0120248
0.0130355
0.0140553
0.0150998
0.0161271
0.0171529
0.0181601
0.0191563
0.0201541
0.0211678
0.0221715
0.0231927
0.024197
0.025214
0.0262067
0.027206
0.0281732
0.0291393
0.030065
0.0309801
0.0318462
0.0326907
0.0334776
0.0342308
0.0349182
0.0355594
0.0361277
0.0366379
0.0370696
0.0374328
0.0377144
0.0379192
0.0380416
0.0380821
0.038042
0.0379179
0.0377176
0.0374339
0.0370807
0.0366473
0.0361527
0.0355831
0.0349616
0.0342717
0.0335401
0.0327474
0.0319233
0.0310462
0.030148
0.0292052
0.0282514
0.0272615
0.0262702
0.0252514
0.0242402
0.0232101
0.0221954
0.0211702
0.0201602
0.0191534
0.018127
0.0170734
0.0160114
0.014918
0.0138501
0.0127812
0.01176
0.0107645
0.00982735
0.00893312
0.00809711
0.00731053
0.00657666
0.00589101
0.00525454
0.00466355
0.00412207
0.00362581
0.00318169
0.00278352
0.00243442
0.00213229
0.00197986
0.00171213
0.00183879
0.00212607
0.00241559
0.0027866
0.00315078
0.00360983
0.00405129
0.00459882
0.00511747
0.00575558
0.006353
0.00708585
0.00776402
0.00859489
0.00935188
0.0102755
0.0110992
0.0120955
0.0129602
0.0139928
0.0148617
0.0158813
0.0167296
0.0177251
0.0185646
0.0195775
0.0204203
0.0214407
0.0222809
0.0232972
0.0241238
0.0251224
0.0259232
0.0268886
0.0276499
0.0285643
0.0292707
0.0301146
0.0307498
0.0315025
0.0320501
0.0326908
0.0331351
0.0336449
0.0339722
0.0343351
0.0345349
0.0347396
0.0348057
0.0348461
0.0347766
0.0346525
0.0344505
0.034167
0.0338396
0.0334066
0.0329643
0.0323951
0.031851
0.0311616
0.0305302
0.0297382
0.0290349
0.0281585
0.0273988
0.0264567
0.0256561
0.0246668
0.02384
0.022822
0.0219831
0.0209538
0.020116
0.0190915
0.0182614
0.0172554
0.0164147
0.0153692
0.0144969
0.0134197
0.0125422
0.0114934
0.0106543
0.0096793
0.0089098
0.00803411
0.00734798
0.00657724
0.00597467
0.00530256
0.00477924
0.0041997
0.00375367
0.0032662
0.00289957
0.00250735
0.00221835
0.00191734
0.0017915
0.00165906
0.00178558
0.00200655
0.00229441
0.00262813
0.00298831
0.0033978
0.0038333
0.00432037
0.0048315
0.00539717
0.00598558
0.00663228
0.00729972
0.00802851
0.00877289
0.00957757
0.0103875
0.0112501
0.0121016
0.0129918
0.0138509
0.0147342
0.0155789
0.0164445
0.0172831
0.0181565
0.0189983
0.0198734
0.0207125
0.0215802
0.0224059
0.0232544
0.0240542
0.0248699
0.0256302
0.026398
0.0271035
0.0278069
0.0284414
0.0290632
0.0296101
0.0301334
0.0305771
0.0309863
0.0313131
0.0315955
0.031795
0.0319415
0.0320073
0.0320137
0.0319442
0.0318107
0.0316088
0.0313407
0.0310135
0.0306197
0.0301779
0.0296705
0.0291269
0.0285202
0.0278895
0.0271988
0.0264964
0.0257377
0.024979
0.0241685
0.0233687
0.022522
0.0216962
0.0208285
0.0199907
0.0191164
0.0182796
0.0174098
0.0165807
0.0157221
0.0148859
0.0140014
0.013142
0.0122398
0.0113801
0.0105003
0.0096806
0.00885955
0.00810823
0.00736737
0.00669705
0.00604241
0.00545338
0.0048813
0.00436952
0.0038758
0.00343906
0.00302353
0.00266314
0.00232553
0.002039
0.0018172
0.00169156
0.00153886
0.00166516
0.00187555
0.00216162
0.00245902
0.00281525
0.00317913
0.0036092
0.00403983
0.00454432
0.00504185
0.00562238
0.0061884
0.00684649
0.00748156
0.00821512
0.00891351
0.00971188
0.0104578
0.0112987
0.0120661
0.0129178
0.0136753
0.0145181
0.0152567
0.0160947
0.0168389
0.0176801
0.0184229
0.0192616
0.0199945
0.0208196
0.0215321
0.0223315
0.0230121
0.0237719
0.0244079
0.0251129
0.0256904
0.0263244
0.0268293
0.0273758
0.0277941
0.0282376
0.0285568
0.0288834
0.0290932
0.0292926
0.0293863
0.0294521
0.0294265
0.029357
0.0292135
0.0290117
0.0287553
0.0284283
0.0280676
0.027626
0.0271722
0.026629
0.0260948
0.0254646
0.0248638
0.0241618
0.0235083
0.0227501
0.0220576
0.0212584
0.0205401
0.0197147
0.018983
0.0181457
0.0174121
0.0165758
0.0158496
0.015021
0.0143089
0.0134751
0.012741
0.0118915
0.0111411
0.010296
0.00956455
0.00876101
0.00807845
0.00734256
0.00672648
0.0060697
0.00552476
0.0049473
0.0044699
0.00396797
0.00355435
0.0031257
0.00277595
0.00242138
0.00213643
0.00185246
0.00165378
0.0015284
0.00142495
0.00154682
0.00176128
0.00203642
0.00231025
0.00265223
0.00298681
0.0033989
0.00379338
0.004276
0.00473008
0.00528456
0.00579924
0.00642675
0.00700243
0.00770081
0.0083325
0.00909179
0.00976554
0.0105653
0.011258
0.0120693
0.0127506
0.013555
0.0142174
0.0150169
0.0156844
0.0164862
0.0171511
0.0179493
0.0186028
0.0193871
0.0200197
0.0207783
0.0213796
0.0220994
0.022658
0.0233247
0.0238284
0.0244265
0.0248629
0.0253769
0.0257338
0.0261489
0.0264154
0.0267188
0.0268862
0.0270681
0.0271306
0.0271852
0.0271407
0.0270666
0.0269167
0.0267169
0.026467
0.0261485
0.0258068
0.0253798
0.024957
0.0244343
0.0239424
0.0233379
0.0227896
0.022118
0.0215261
0.0208022
0.020179
0.0194174
0.0187744
0.0179891
0.0173372
0.0165415
0.0158906
0.0150966
0.0144556
0.0136697
0.0130455
0.0122555
0.0116132
0.0108119
0.0101547
0.00936011
0.00872141
0.00796698
0.00737227
0.00668136
0.00614521
0.00552812
0.00505366
0.00451058
0.00409403
0.00362149
0.00325942
0.00285529
0.0025478
0.0022128
0.0019619
0.00169296
0.00149764
0.00137839
0.00135042
0.00146133
0.0016752
0.00192556
0.00219717
0.00250751
0.00283851
0.00321103
0.00360091
0.00403553
0.00448408
0.00498148
0.00548959
0.00605026
0.0066182
0.00723976
0.00786279
0.00853611
0.00920121
0.00990822
0.0105938
0.0113092
0.0119869
0.0126938
0.0133558
0.0140571
0.0147242
0.0154252
0.0160898
0.016785
0.0174382
0.0181182
0.0187506
0.0194052
0.0200062
0.020624
0.0211823
0.021751
0.0222544
0.0227608
0.0231969
0.0236277
0.0239844
0.0243272
0.0245936
0.0248377
0.025005
0.0251422
0.0252047
0.0252306
0.0251861
0.0251
0.0249502
0.0247552
0.0245054
0.0242082
0.0238667
0.023477
0.0230544
0.0225838
0.0220921
0.0215531
0.0210052
0.020411
0.0198194
0.0191832
0.0185603
0.0178945
0.0172519
0.0165685
0.015917
0.0152273
0.0145767
0.0138907
0.01325
0.012573
0.0119492
0.0112709
0.0106331
0.00994521
0.00929716
0.00861545
0.0079882
0.00734072
0.00675772
0.00616415
0.00563866
0.00510768
0.00464238
0.00417415
0.00376541
0.00335696
0.00300147
0.00265108
0.00234871
0.00205715
0.00180938
0.00157469
0.00138015
0.00127609
0.00128139
0.00138216
0.00159548
0.0018229
0.00209244
0.00237349
0.00270118
0.00303706
0.00342267
0.00381285
0.00425628
0.0047008
0.00520283
0.00570161
0.00626237
0.0068128
0.00742781
0.00802152
0.00867861
0.00929969
0.00997873
0.0106053
0.0112797
0.0118963
0.012558
0.0131682
0.013835
0.0144428
0.015107
0.0157068
0.0163597
0.0169432
0.0175752
0.0181336
0.0187343
0.0192577
0.0198157
0.0202936
0.0207968
0.0212182
0.0216541
0.0220079
0.0223645
0.0226403
0.0229066
0.0230957
0.0232629
0.0233588
0.0234212
0.0234205
0.0233761
0.0232788
0.0231291
0.0229385
0.0226888
0.0224115
0.0220701
0.0217149
0.0212925
0.0208701
0.0203787
0.0199004
0.0193527
0.0188303
0.018239
0.0176839
0.0170613
0.0164842
0.0158419
0.015253
0.0146018
0.0140102
0.01336
0.0127739
0.0121335
0.0115574
0.0109339
0.0103591
0.00972549
0.00914257
0.00850303
0.00792584
0.00730921
0.00676076
0.00618862
0.00568517
0.00516955
0.00471834
0.00426151
0.0038626
0.00346108
0.00311199
0.00276258
0.00246197
0.00216433
0.001913
0.00166814
0.00146517
0.00127134
0.00118134
0.00121999
0.00131202
0.00152235
0.00172996
0.00199623
0.00225141
0.00257478
0.00287821
0.00325846
0.00360933
0.00404635
0.00444418
0.00493858
0.00538272
0.00593443
0.0064221
0.00702681
0.00755038
0.00819668
0.00874226
0.00941135
0.00996019
0.0106274
0.0111657
0.0118227
0.0123546
0.0130158
0.0135433
0.0142017
0.0147194
0.0153663
0.0158669
0.016493
0.0169685
0.0175634
0.0180055
0.018558
0.0189578
0.0194557
0.019804
0.0202351
0.0205226
0.0208749
0.0210932
0.0213559
0.0214977
0.0216623
0.0217226
0.0217833
0.0217598
0.0217145
0.0216076
0.0214581
0.0212713
0.0210228
0.0207625
0.0204232
0.0200977
0.0196782
0.0192972
0.0188094
0.0183834
0.01784
0.0173794
0.0167929
0.0163076
0.0156904
0.0151897
0.0145531
0.0140454
0.0134002
0.012893
0.0122488
0.0117487
0.0111143
0.010625
0.0100062
0.0095212
0.0088957
0.00840495
0.00777734
0.00729248
0.00668907
0.00622849
0.00566912
0.00524585
0.00474153
0.00436131
0.00391407
0.00357685
0.00318353
0.00288729
0.00254489
0.00228861
0.00199668
0.00178106
0.00154051
0.00136499
0.00117433
0.00109643
0.00119095
0.0012829
0.00146023
0.00166698
0.00191366
0.00216692
0.00246476
0.00276545
0.00311456
0.00346201
0.00386201
0.00425573
0.00470663
0.00514586
0.00564683
0.00612878
0.00667528
0.00719271
0.00777426
0.00831418
0.00891431
0.00945923
0.0100582
0.0105955
0.0111857
0.0117174
0.0123085
0.0128358
0.0134218
0.0139393
0.0145128
0.0150131
0.0155657
0.016041
0.0165634
0.0170054
0.0174878
0.0178874
0.0183193
0.0186674
0.0190382
0.0193256
0.019625
0.0198431
0.0200619
0.0202036
0.0203344
0.0203947
0.0204329
0.0204093
0.0203535
0.0202466
0.0200986
0.0199119
0.0196768
0.0194166
0.0191021
0.0187767
0.0183926
0.0180118
0.017569
0.0171431
0.016653
0.0161926
0.0156666
0.0151815
0.0146305
0.01413
0.013564
0.0130566
0.0124848
0.0119778
0.0114085
0.0109087
0.0103487
0.00985955
0.00931314
0.00882926
0.00827997
0.007794
0.00724587
0.00676804
0.00624083
0.00578801
0.00529815
0.00488225
0.0044391
0.0040653
0.00367103
0.00333927
0.00299165
0.00270003
0.00239677
0.00214423
0.00188496
0.00167197
0.00145678
0.0012824
0.00112687
0.00104906
0.00116176
0.00125364
0.00140198
0.00160793
0.00183655
0.00208802
0.00236229
0.00266045
0.00298076
0.00332503
0.00369076
0.00408065
0.0044913
0.00492596
0.00538002
0.00585667
0.00634938
0.00686111
0.00738288
0.00791756
0.00845401
0.00899528
0.00953115
0.0100676
0.0105958
0.0111273
0.0116535
0.0121806
0.0126997
0.013217
0.0137225
0.0142227
0.0147072
0.0151823
0.0156377
0.0160795
0.0164971
0.0168966
0.0172675
0.0176155
0.0179306
0.0182178
0.0184682
0.0186863
0.0188643
0.019006
0.0191056
0.0191658
0.0191832
0.0191597
0.019094
0.0189871
0.0188404
0.0186538
0.018431
0.018171
0.0178793
0.0175541
0.0172025
0.0168219
0.0164206
0.0159949
0.0155541
0.0150938
0.0146238
0.0141388
0.0136491
0.0131488
0.012648
0.0121408
0.011637
0.0111302
0.0106302
0.0101305
0.00963949
0.00915055
0.00867127
0.00818845
0.00770971
0.00722816
0.00675347
0.00628214
0.00582535
0.00537974
0.00495413
0.00454507
0.00415853
0.00379069
0.00344547
0.00311878
0.0028135
0.00252617
0.00225912
0.00201006
0.00178095
0.00157041
0.00137865
0.00120533
0.00108097
0.00100325
0.00109662
0.0011884
0.00133871
0.00154378
0.00175481
0.00200435
0.00225703
0.00255254
0.00284652
0.00318757
0.00352189
0.00390799
0.00428184
0.00471205
0.00512376
0.00559529
0.00604031
0.00654664
0.00701621
0.00754598
0.00802733
0.00856523
0.00904401
0.00957956
0.0100495
0.0105807
0.0110476
0.0115745
0.012033
0.0125501
0.0129943
0.0134943
0.0139174
0.0143924
0.0147874
0.015229
0.0155886
0.0159879
0.0163042
0.016652
0.0169173
0.0172044
0.0174111
0.0176291
0.0177707
0.0179123
0.0179837
0.018044
0.0180423
0.0180187
0.0179435
0.0178367
0.0176902
0.0175037
0.0172907
0.0170307
0.0167583
0.0164332
0.0161098
0.0157293
0.0153642
0.0149387
0.0145415
0.0140813
0.0136611
0.0131764
0.0127415
0.0122414
0.0117995
0.0112925
0.0108501
0.0103436
0.00990655
0.00940707
0.00897967
0.00849091
0.008076
0.00759415
0.00718034
0.00670289
0.00629263
0.0058274
0.00543294
0.00499414
0.00462635
0.00422381
0.00388919
0.00352709
0.00322746
0.00290568
0.00263978
0.00235665
0.002123
0.0018774
0.0016759
0.00146785
0.00129865
0.00112641
0.00100619
0.000928579
0.00103631
0.00112798
0.00128012
0.00148438
0.00167912
0.00192686
0.00215955
0.00245261
0.0027222
0.00306027
0.00336551
0.00374811
0.00408788
0.00451396
0.00488645
0.00535325
0.00575409
0.00625542
0.00667665
0.00720188
0.00763221
0.00816698
0.00859289
0.00912765
0.00954353
0.0100746
0.0104865
0.0110132
0.0114157
0.0119326
0.0123199
0.0128197
0.013186
0.0136608
0.014
0.0144414
0.0147472
0.0151464
0.0154121
0.0157598
0.0159789
0.016266
0.0164322
0.0166501
0.0167579
0.0168995
0.0169449
0.0170051
0.0169857
0.0169621
0.016878
0.0167713
0.0166249
0.0164385
0.0162347
0.0159748
0.0157202
0.0153952
0.0150979
0.0147175
0.014386
0.0139606
0.0136037
0.0131437
0.0127696
0.012285
0.011901
0.0114011
0.0110137
0.0105069
0.0101215
0.00961513
0.0092364
0.00873709
0.00836863
0.00788004
0.00752473
0.00704379
0.00669011
0.00621647
0.00586587
0.00540627
0.00506955
0.00463706
0.00432282
0.0039263
0.00363977
0.00328298
0.00302558
0.00270834
0.0024789
0.00219966
0.00199694
0.00175455
0.00157862
0.00137288
0.00122457
0.00105333
0.000936929
0.000859428
0.00100403
0.00109388
0.00124645
0.001447
0.00163436
0.00187796
0.00210115
0.00238906
0.00264719
0.00297893
0.00327073
0.00364579
0.00396983
0.00438714
0.00474138
0.00519801
0.00557848
0.00606807
0.00646773
0.00697972
0.00738866
0.00790901
0.00831541
0.00883452
0.00923319
0.00974803
0.0101416
0.0106516
0.0110353
0.0115353
0.0119036
0.0123863
0.0127336
0.0131914
0.0135119
0.0139368
0.0142246
0.014608
0.0148569
0.0151899
0.0153937
0.0156676
0.0158203
0.016027
0.0161236
0.0162562
0.0162928
0.0163465
0.0163212
0.0162937
0.0162067
0.0160987
0.0159525
0.0157676
0.0155669
0.0153113
0.0150627
0.0147445
0.0144559
0.0140847
0.0137644
0.0133503
0.0130069
0.01256
0.0122013
0.0117314
0.0113644
0.0108804
0.0105112
0.0100211
0.00965481
0.00916573
0.00880648
0.00832468
0.00797591
0.00750489
0.00716844
0.00670485
0.00637349
0.00591623
0.00559091
0.00514671
0.00483603
0.00441743
0.00412815
0.00374385
0.00347989
0.00313375
0.00289599
0.00258805
0.00237554
0.00210425
0.0019161
0.0016803
0.00151647
0.00131613
0.0011772
0.00101082
0.000895873
0.000820758
0.000986147
0.00107332
0.00122573
0.00142022
0.00160703
0.00184288
0.00206525
0.00234352
0.00260061
0.00292073
0.00321127
0.00357262
0.00389515
0.0042965
0.00464895
0.00508736
0.00546582
0.00593513
0.0063328
0.00682294
0.00723023
0.00772795
0.00813348
0.00862944
0.00902798
0.00951941
0.00991282
0.0103989
0.0107825
0.011258
0.0116262
0.0120842
0.0124314
0.0128648
0.0131852
0.0135863
0.013874
0.0142347
0.0144834
0.0147954
0.0149991
0.0152541
0.0154068
0.0155973
0.0156939
0.0158134
0.01585
0.0158942
0.0158689
0.0158358
0.0157488
0.0156391
0.0154929
0.0153103
0.0151096
0.0148601
0.0146116
0.0143032
0.0140147
0.0136566
0.0133365
0.0129386
0.0125952
0.0121673
0.0118087
0.0113599
0.010993
0.0105319
0.0101628
0.00969689
0.00933069
0.00886655
0.0085074
0.00805083
0.00770217
0.00725645
0.00692012
0.00648228
0.00615194
0.00572057
0.00539728
0.00497868
0.00467052
0.0042761
0.0039894
0.00362708
0.00336548
0.00303879
0.00280305
0.00251201
0.00230121
0.00204442
0.00185771
0.0016341
0.00147141
0.00128098
0.00114277
0.00098424
0.000869484
0.000797857
0.000969584
0.00105429
0.00120654
0.00139542
0.00158172
0.0018104
0.00203201
0.00230135
0.00255747
0.00286684
0.00315622
0.00350486
0.00382599
0.00421257
0.00456336
0.00498489
0.0053615
0.00581203
0.00620783
0.00667776
0.00708351
0.00756028
0.007965
0.00843951
0.00883794
0.00930769
0.009701
0.0101649
0.0105484
0.0110012
0.0113693
0.0118045
0.0121516
0.0125623
0.0128827
0.0132616
0.0135492
0.0138889
0.0141376
0.0144301
0.0146337
0.0148712
0.0150239
0.0151993
0.0152959
0.0154034
0.01544
0.0154754
0.0154501
0.0154117
0.0153247
0.0152135
0.0150673
0.0148867
0.0146862
0.0144423
0.0141939
0.0138945
0.013606
0.0132602
0.0129401
0.0125573
0.0122141
0.0118036
0.0114451
0.0110159
0.0106491
0.0102092
0.00984021
0.00939663
0.00903053
0.00858949
0.00823044
0.00779723
0.00744866
0.00702638
0.00669016
0.00627617
0.00594677
0.00553938
0.00521797
0.00482308
0.00451725
0.00414522
0.00386091
0.00351895
0.00325953
0.00295085
0.00271698
0.00244159
0.00223238
0.00198901
0.00180363
0.00159132
0.00142968
0.00124842
0.00111088
0.000959627
0.000845046
0.00077665
0.000954246
0.00103665
0.00118877
0.00137245
0.00155828
0.00178031
0.00200123
0.00226229
0.00251752
0.00281694
0.00310523
0.00344212
0.00376194
0.00413484
0.00448409
0.00489
0.00526489
0.00569802
0.00609211
0.00654331
0.00694763
0.007405
0.00780897
0.00826363
0.00866195
0.00911163
0.00950484
0.00994816
0.0103316
0.0107634
0.0111314
0.0115455
0.0118925
0.0122822
0.0126025
0.012961
0.0132485
0.0135687
0.0138173
0.0140917
0.0142953
0.0145166
0.0146692
0.0148308
0.0149273
0.0150236
0.0150603
0.0150875
0.0150623
0.015019
0.014932
0.0148193
0.0146732
0.0144945
0.014294
0.0140554
0.013807
0.013516
0.0132276
0.0128931
0.0125731
0.0122042
0.0118611
0.0114668
0.0111084
0.0106973
0.0103306
0.00991032
0.00954144
0.00911858
0.00875257
0.00833291
0.00797395
0.00756238
0.0072139
0.00681333
0.00647719
0.0060853
0.00575677
0.00537158
0.00505191
0.00467898
0.00437531
0.00402401
0.00374192
0.00341881
0.00316142
0.00286941
0.00263728
0.00237638
0.00216864
0.00193769
0.00175355
0.0015517
0.00139103
0.00121827
0.00108136
0.000936835
0.000822415
0.00075701
0.000940042
0.00102033
0.00117231
0.00135118
0.00153658
0.00175246
0.00197272
0.00222612
0.00248053
0.00277072
0.00305802
0.00338401
0.00370263
0.00406285
0.00441069
0.00480212
0.00517542
0.00559245
0.00598495
0.00641881
0.0068218
0.0072612
0.00766449
0.00810076
0.00849897
0.00893007
0.00932318
0.00974747
0.0101308
0.0105432
0.0109111
0.0113056
0.0116525
0.0120228
0.012343
0.0126826
0.0129701
0.0132722
0.0135208
0.0137784
0.0139819
0.0141882
0.0143408
0.0144895
0.014586
0.014672
0.0147086
0.0147283
0.0147031
0.0146553
0.0145684
0.0144542
0.0143082
0.0141313
0.0139308
0.013697
0.0134487
0.0131655
0.0128772
0.0125531
0.0122332
0.0118772
0.0115342
0.0111549
0.0107966
0.0104023
0.0100357
0.00963355
0.00926476
0.00886108
0.00849516
0.0080953
0.00773643
0.0073449
0.0069965
0.00661602
0.00627998
0.00590855
0.00558082
0.00521619
0.00489813
0.00454553
0.00424386
0.00391177
0.00363173
0.00332608
0.00307056
0.00279399
0.00256346
0.00231599
0.00210961
0.00189017
0.00170718
0.00151501
0.00135525
0.00119035
0.00105401
0.000915728
0.000801457
0.000738823
0.000926888
0.00100521
0.00115707
0.00133148
0.00151648
0.00172666
0.00194632
0.00219262
0.00244627
0.00272792
0.00301429
0.00333019
0.00364771
0.0039962
0.00434271
0.00472074
0.00509257
0.00549468
0.00588571
0.0063035
0.00670528
0.00712804
0.00753069
0.00794992
0.00834804
0.00876193
0.00915496
0.00956161
0.00994484
0.0103393
0.0107071
0.0110835
0.0114303
0.0117826
0.0121027
0.0124248
0.0127122
0.0129976
0.0132461
0.0134882
0.0136917
0.0138841
0.0140367
0.0141735
0.01427
0.0143463
0.0143829
0.0143957
0.0143705
0.0143185
0.0142316
0.0141162
0.0139701
0.0137949
0.0135945
0.0133652
0.013117
0.012841
0.0125527
0.0122383
0.0119185
0.0115744
0.0112314
0.0108661
0.0105078
0.0101291
0.00976254
0.00937725
0.00900853
0.00862263
0.00825678
0.00787526
0.00751647
0.0071435
0.00679517
0.00643331
0.00609735
0.00574486
0.00541788
0.00507229
0.00475573
0.00442195
0.00412214
0.00380782
0.00352969
0.0032402
0.00298642
0.00272415
0.00249511
0.00226006
0.00205495
0.00184617
0.00166423
0.00148103
0.0013221
0.0011645
0.00102869
0.000896181
0.000782049
0.00072198
0.000914707
0.000991204
0.00114296
0.00131324
0.00149787
0.00170277
0.00192187
0.00216161
0.00241455
0.00268828
0.0029738
0.00328036
0.00359684
0.00393446
0.00427976
0.00464538
0.00501584
0.00540414
0.0057938
0.00619673
0.00659737
0.00700472
0.00740678
0.00781024
0.00820827
0.00860622
0.00899917
0.00938949
0.00977265
0.0101504
0.0105182
0.0108777
0.0112245
0.0115602
0.0118802
0.0121861
0.0124734
0.0127433
0.0129918
0.0132195
0.013423
0.0136025
0.013755
0.0138808
0.0139773
0.0140448
0.0140814
0.0140877
0.0140624
0.0140066
0.0139197
0.0138032
0.0136571
0.0134835
0.013283
0.0130579
0.0128097
0.0125404
0.0122522
0.0119468
0.011627
0.011294
0.0109511
0.0105986
0.0102404
0.00987605
0.0095096
0.00913989
0.00877125
0.0084018
0.00803603
0.00767149
0.00731277
0.00695698
0.00660873
0.0062641
0.00592822
0.00559327
0.00526699
0.00493903
0.00462385
0.00430751
0.00400941
0.00371156
0.00343519
0.00316067
0.00290849
0.00265947
0.00243181
0.00220827
0.00200432
0.00180542
0.00162446
0.00144957
0.00129141
0.00114055
0.00100524
0.000878079
0.000764076
0.000706383
0.00092103
0.000997271
0.00114371
0.00131287
0.00149875
0.00170153
0.00192246
0.00215941
0.00241457
0.00268499
0.00297312
0.00327579
0.00359531
0.00392838
0.00427705
0.00463752
0.00501142
0.00539431
0.00578703
0.0061849
0.00658772
0.00699112
0.00739433
0.00779564
0.00819418
0.00859048
0.00898328
0.00937192
0.00975486
0.0101309
0.0104985
0.0108563
0.0112029
0.0115368
0.0118566
0.0121608
0.0124478
0.0127162
0.0129644
0.0131907
0.0133938
0.0135721
0.0137244
0.013849
0.0139453
0.0140119
0.0140484
0.0140541
0.0140289
0.0139727
0.0138859
0.0137692
0.0136234
0.0134499
0.0132498
0.0130251
0.0127773
0.0125087
0.0122208
0.0119164
0.011597
0.0112651
0.0109225
0.0105714
0.0102135
0.00985059
0.00948439
0.00911629
0.00874784
0.00838008
0.00801446
0.00765167
0.00729306
0.00693903
0.0065908
0.00624794
0.00591124
0.00557873
0.00525077
0.00492751
0.00460932
0.00429915
0.00399693
0.00370579
0.00342483
0.00315676
0.00290009
0.00265679
0.00242509
0.00220649
0.00199907
0.00180439
0.00162052
0.00144918
0.00128871
0.00114053
0.00100372
0.000877958
0.000767906
0.000710528
0.000928762
0.001005
0.00114546
0.00131464
0.00150062
0.00170352
0.00192433
0.00216143
0.0024164
0.00268698
0.00297488
0.00327771
0.00359697
0.00393019
0.00427853
0.00463913
0.00501259
0.00539556
0.00578774
0.00618562
0.00658787
0.00699122
0.00739415
0.00779539
0.00819393
0.00859017
0.00898281
0.00937139
0.00975411
0.0101301
0.0104974
0.0108552
0.0112015
0.0115354
0.011855
0.0121591
0.0124459
0.0127142
0.0129621
0.0131884
0.0133913
0.0135695
0.0137215
0.0138462
0.0139423
0.0140089
0.0140453
0.014051
0.0140257
0.0139696
0.0138829
0.0137662
0.0136206
0.0134472
0.0132474
0.0130227
0.0127752
0.0125066
0.0122192
0.0119148
0.0115957
0.011264
0.0109217
0.0105706
0.010213
0.00985021
0.00948424
0.00911621
0.00874795
0.00838026
0.00801479
0.00765206
0.00729356
0.0069396
0.00659137
0.00624857
0.00591167
0.00557922
0.00525132
0.00492811
0.0046103
0.00430011
0.00399824
0.00370703
0.00342631
0.00315814
0.0029016
0.00265819
0.00242656
0.00220784
0.0020005
0.0018057
0.00162192
0.00145046
0.00129006
0.0011418
0.0010049
0.000879119
0.000773722
0.000716347
0.000935922
0.00101216
0.00114708
0.00131628
0.00150236
0.00170535
0.00192606
0.00216331
0.0024181
0.00268883
0.00297652
0.00327948
0.00359852
0.00393187
0.0042799
0.00464062
0.00501367
0.00539671
0.00578839
0.00618628
0.006588
0.00699131
0.00739398
0.00779515
0.00819371
0.00858988
0.00898239
0.0093709
0.00975342
0.0101293
0.0104965
0.0108542
0.0112003
0.0115341
0.0118535
0.0121575
0.0124441
0.0127123
0.01296
0.0131862
0.0133889
0.0135671
0.0137189
0.0138435
0.0139395
0.0140061
0.0140424
0.0140481
0.0140228
0.0139667
0.0138801
0.0137635
0.0136181
0.0134446
0.0132451
0.0130205
0.0127733
0.0125048
0.0122177
0.0119133
0.0115946
0.0112629
0.0109209
0.01057
0.0102126
0.00984985
0.00948411
0.00911613
0.00874806
0.00838042
0.00801509
0.00765242
0.00729402
0.00694012
0.00659189
0.00624915
0.00591207
0.00557967
0.00525184
0.00492866
0.0046112
0.004301
0.00399945
0.00370817
0.00342768
0.00315942
0.002903
0.00265949
0.00242792
0.0022091
0.00200182
0.00180691
0.00162321
0.00145165
0.00129131
0.00114298
0.00100598
0.000880195
0.000779108
0.000721735
0.000942553
0.00101878
0.00114858
0.00131779
0.00150397
0.00170706
0.00192766
0.00216505
0.00241967
0.00269054
0.00297804
0.00328113
0.00359995
0.00393342
0.00428118
0.00464201
0.00501467
0.00539778
0.005789
0.0061869
0.00658813
0.00699139
0.00739382
0.00779494
0.0081935
0.00858961
0.00898199
0.00937044
0.00975278
0.0101286
0.0104956
0.0108532
0.0111992
0.0115329
0.011852
0.0121561
0.0124424
0.0127106
0.0129581
0.0131842
0.0133867
0.0135648
0.0137165
0.0138411
0.0139369
0.0140035
0.0140397
0.0140454
0.0140201
0.013964
0.0138775
0.0137609
0.0136157
0.0134423
0.013243
0.0130184
0.0127716
0.0125031
0.0122163
0.011912
0.0115936
0.0112619
0.0109203
0.0105693
0.0102122
0.00984952
0.00948399
0.00911606
0.00874816
0.00838057
0.00801537
0.00765275
0.00729445
0.0069406
0.00659238
0.00624969
0.00591244
0.00558008
0.00525232
0.00492916
0.00461204
0.00430183
0.00400057
0.00370923
0.00342896
0.0031606
0.0029043
0.0026607
0.00242918
0.00221026
0.00200304
0.00180803
0.00162441
0.00145274
0.00129247
0.00114407
0.00100699
0.000881191
0.000784096
0.000726726
0.000948694
0.00102492
0.00114997
0.0013192
0.00150546
0.00170863
0.00192915
0.00216666
0.00242113
0.00269212
0.00297944
0.00328266
0.00360127
0.00393486
0.00428235
0.00464329
0.00501559
0.00539878
0.00578956
0.00618747
0.00658825
0.00699147
0.00739368
0.00779473
0.0081933
0.00858936
0.00898162
0.00937002
0.00975218
0.010128
0.0104948
0.0108524
0.0111981
0.0115318
0.0118507
0.0121547
0.0124409
0.012709
0.0129563
0.0131824
0.0133846
0.0135628
0.0137142
0.0138388
0.0139345
0.014001
0.0140372
0.0140429
0.0140176
0.0139615
0.0138751
0.0137585
0.0136135
0.0134401
0.013241
0.0130165
0.0127699
0.0125015
0.012215
0.0119107
0.0115926
0.011261
0.0109196
0.0105687
0.0102119
0.00984921
0.00948387
0.009116
0.00874825
0.00838071
0.00801563
0.00765306
0.00729485
0.00694105
0.00659284
0.00625019
0.00591278
0.00558047
0.00525276
0.00492964
0.00461281
0.00430259
0.00400161
0.00371022
0.00343014
0.0031617
0.0029055
0.00266181
0.00243035
0.00221134
0.00200417
0.00180907
0.00162551
0.00145376
0.00129354
0.00114508
0.00100792
0.000882114
0.000788715
0.000731347
)
;

boundaryField
{
    inlet
    {
        type            cyclic;
    }
    outlet
    {
        type            cyclic;
    }
    top
    {
        type            zeroGradient;
    }
    hills
    {
        type            zeroGradient;
    }
    front
    {
        type            empty;
    }
    back
    {
        type            empty;
    }
}


// ************************************************************************* //
