/*--------------------------------*- C++ -*----------------------------------*\
| =========                 |                                                 |
| \\      /  F ield         | OpenFOAM: The Open Source CFD Toolbox           |
|  \\    /   O peration     | Version:  v2106                                 |
|   \\  /    A nd           | Website:  www.openfoam.com                      |
|    \\/     M anipulation  |                                                 |
\*---------------------------------------------------------------------------*/
FoamFile
{
    version     2.0;
    format      ascii;
    arch        "LSB;label=32;scalar=64";
    class       volScalarField;
    location    "0";
    object      expGpCoeffs52;
}
// * * * * * * * * * * * * * * * * * * * * * * * * * * * * * * * * * * * * * //

dimensions      [0 0 0 0 0 0 0];

internalField   nonuniform List<scalar> 
8000
(
8.6498e-09
-1.81631e-09
-2.64045e-07
-9.30914e-07
-2.58816e-06
-5.22541e-06
-7.18451e-06
-8.0155e-06
-6.95934e-06
-4.31534e-06
4.95135e-07
7.7254e-06
4.06612e-05
0.000102496
0.000236761
0.00044613
0.000733465
0.00109825
0.0014807
0.00187882
0.00223336
0.00254092
0.00278799
0.00297102
0.00310407
0.00318543
0.00322455
0.00322152
0.00317713
0.00309144
0.00296765
0.00280631
0.00261572
0.00239684
0.00216172
0.00191156
0.00165992
0.00140801
0.00116835
0.000941947
0.000738018
0.000557215
0.000403989
0.000278529
0.000180068
0.000108351
5.79185e-05
2.81478e-05
1.02181e-05
3.28558e-06
-2.98977e-06
-9.49653e-06
-2.60415e-05
-5.33789e-05
-9.88497e-05
-0.000162919
-0.000248985
-0.000357116
-0.00048603
-0.000635384
-0.000799414
-0.000977408
-0.00116023
-0.00134697
-0.00152694
-0.00169918
-0.00185358
-0.00198933
-0.00209881
-0.00218151
-0.0022336
-0.00225494
-0.00224592
-0.00220675
-0.00213901
-0.00204277
-0.0019119
-0.00174748
-0.00154411
-0.00130463
-0.00104964
-0.000781629
-0.000543625
-0.000336636
-0.000185336
-8.92521e-05
-3.19384e-05
-1.12028e-05
-5.20314e-07
1.44367e-06
2.77324e-06
3.35454e-06
3.04226e-06
1.89935e-06
8.28143e-07
-1.09102e-07
-9.66463e-07
-1.91254e-06
-2.82582e-06
-3.4887e-06
9.49258e-09
-9.71269e-10
-2.12222e-07
-8.78378e-07
-2.48069e-06
-5.11556e-06
-7.43161e-06
-8.27129e-06
-6.98866e-06
-4.34452e-06
1.50934e-07
7.37396e-06
3.66048e-05
9.83527e-05
0.000228871
0.000438105
0.000728611
0.00109336
0.00148256
0.0018807
0.0022386
0.00254617
0.00279275
0.00297576
0.00310753
0.00318887
0.0032279
0.00322487
0.00318044
0.00309476
0.00297043
0.00280911
0.00261756
0.00239871
0.00216238
0.00191225
0.00165937
0.0014075
0.00116681
0.000940434
0.000735855
0.000555076
0.000401668
0.000276224
0.000178042
0.000106334
5.65545e-05
2.67876e-05
9.73735e-06
2.80576e-06
-2.54426e-06
-9.05019e-06
-2.48087e-05
-5.21427e-05
-9.71251e-05
-0.000161186
-0.000247166
-0.000355284
-0.00048454
-0.000633875
-0.000798615
-0.000976586
-0.00116035
-0.00134707
-0.00152802
-0.00170023
-0.00185547
-0.0019912
-0.00210122
-0.0021839
-0.00223615
-0.00225749
-0.00224825
-0.00220908
-0.00214128
-0.00204505
-0.00191511
-0.00175071
-0.0015469
-0.00130741
-0.00104902
-0.000781016
-0.000539099
-0.000332168
-0.000180691
-8.46903e-05
-3.03802e-05
-9.67804e-06
-5.33758e-07
1.43123e-06
2.90104e-06
3.47869e-06
3.05508e-06
1.91127e-06
7.97174e-07
-1.39452e-07
-9.36058e-07
-1.88251e-06
-2.87934e-06
-3.54207e-06
1.04027e-08
-5.87635e-11
-1.56261e-07
-8.21648e-07
-2.36463e-06
-4.99693e-06
-7.69844e-06
-8.54749e-06
-7.02032e-06
-4.37602e-06
-2.20749e-07
6.99446e-06
3.22245e-05
9.38787e-05
0.00022035
0.00042944
0.00072337
0.00108807
0.00148457
0.00188274
0.00224426
0.00255184
0.00279789
0.00298088
0.00311126
0.0031926
0.00323152
0.00322849
0.00318401
0.00309834
0.00297343
0.00281213
0.00261954
0.00240072
0.00216308
0.00191299
0.00165879
0.00140694
0.00116514
0.0009388
0.00073352
0.000552765
0.000399161
0.000273734
0.000175854
0.000104155
5.50816e-05
2.53188e-05
9.21826e-06
2.28764e-06
-2.06319e-06
-8.56822e-06
-2.34776e-05
-5.08077e-05
-9.52628e-05
-0.000159315
-0.000245201
-0.000353305
-0.00048293
-0.000632245
-0.000797752
-0.000975698
-0.00116048
-0.00134717
-0.00152918
-0.00170137
-0.00185751
-0.00199322
-0.00210382
-0.00218649
-0.00223891
-0.00226024
-0.00225076
-0.0022116
-0.00214372
-0.00204751
-0.00191859
-0.00175421
-0.0015499
-0.00131042
-0.00104835
-0.000780353
-0.000534213
-0.000327344
-0.000175675
-7.97643e-05
-2.86977e-05
-8.0315e-06
-5.48276e-07
1.4178e-06
3.03905e-06
3.61275e-06
3.06894e-06
1.92415e-06
7.63732e-07
-1.72226e-07
-9.03226e-07
-1.85009e-06
-2.93713e-06
-3.59971e-06
1.13854e-08
9.26597e-10
-9.58328e-08
-7.60388e-07
-2.23931e-06
-4.86882e-06
-7.98657e-06
-8.84575e-06
-7.05451e-06
-4.41004e-06
-6.22107e-07
6.58466e-06
2.74944e-05
8.90475e-05
0.00021115
0.000420083
0.000717711
0.00108236
0.00148674
0.00188494
0.00225036
0.00255795
0.00280343
0.00298641
0.0031153
0.00319662
0.00323544
0.00323241
0.00318787
0.00310221
0.00297667
0.00281539
0.00262169
0.0024029
0.00216385
0.00191379
0.00165815
0.00140635
0.00116334
0.000937036
0.000730999
0.000550271
0.000396453
0.000271046
0.000173491
0.000101803
5.34911e-05
2.37328e-05
8.65773e-06
1.72814e-06
-1.5437e-06
-8.04777e-06
-2.20401e-05
-4.93662e-05
-9.32518e-05
-0.000157295
-0.000243081
-0.000351167
-0.000481193
-0.000630486
-0.00079682
-0.00097474
-0.00116061
-0.00134727
-0.00153043
-0.0017026
-0.00185971
-0.0019954
-0.00210662
-0.00218928
-0.00224188
-0.00226321
-0.00225348
-0.00221432
-0.00214637
-0.00205017
-0.00192234
-0.00175798
-0.00155315
-0.00131367
-0.00104763
-0.000779638
-0.000528936
-0.000322134
-0.000170258
-7.44449e-05
-2.68808e-05
-6.25351e-06
-5.63953e-07
1.40329e-06
3.18807e-06
3.75751e-06
3.08389e-06
1.93805e-06
7.2762e-07
-2.07616e-07
-8.67773e-07
-1.81508e-06
-2.99954e-06
-3.66196e-06
1.24466e-08
1.99063e-09
-3.05798e-08
-6.97894e-07
-2.10398e-06
-4.73049e-06
-8.29771e-06
-9.16782e-06
-7.09143e-06
-4.44677e-06
-1.05551e-06
6.14214e-06
2.23867e-05
8.38306e-05
0.000201214
0.000409979
0.0007116
0.00107619
0.00148908
0.00188731
0.00225696
0.00256456
0.00280942
0.00299238
0.00311965
0.00320096
0.00323966
0.00323663
0.00319204
0.00310639
0.00298017
0.00281892
0.002624
0.00240525
0.00216467
0.00191466
0.00165746
0.0014057
0.0011614
0.000935131
0.000728276
0.000547577
0.00039353
0.000268142
0.00017094
9.92635e-05
5.17736e-05
2.20201e-05
8.05245e-06
1.12397e-06
-9.8274e-07
-7.48576e-06
-2.04879e-05
-4.78096e-05
-9.10803e-05
-0.000155113
-0.00024079
-0.00034886
-0.000479317
-0.000628585
-0.000795814
-0.000973705
-0.00116076
-0.00134739
-0.00153178
-0.00170392
-0.00186209
-0.00199775
-0.00210965
-0.0021923
-0.0022451
-0.00226642
-0.00225641
-0.00221726
-0.00214922
-0.00205304
-0.00192639
-0.00176205
-0.00155665
-0.00131718
-0.00104684
-0.000778865
-0.000523238
-0.000316509
-0.000164409
-6.87009e-05
-2.49189e-05
-4.33355e-06
-5.80882e-07
1.38763e-06
3.349e-06
3.91384e-06
3.10004e-06
1.95307e-06
6.88624e-07
-2.45831e-07
-8.5614e-07
-1.77728e-06
-3.06693e-06
-3.72917e-06
3.13619e-08
1.53803e-08
1.17445e-08
-6.52969e-07
-1.99493e-06
-4.61781e-06
-8.58324e-06
-9.45076e-06
-7.1326e-06
-4.50467e-06
-1.51916e-06
5.66366e-06
1.71617e-05
7.84532e-05
0.000190618
0.000399022
0.000705001
0.00106953
0.00149161
0.00188988
0.00226408
0.00257169
0.00281589
0.00299882
0.00311947
0.00320044
0.00323903
0.00323588
0.00319123
0.00310574
0.00297886
0.00281803
0.00262194
0.00240383
0.00216178
0.00191255
0.00165385
0.00140291
0.00115737
0.000931858
0.000724218
0.000544146
0.00038988
0.000264941
0.00016808
9.66691e-05
4.99753e-05
2.03362e-05
7.43964e-06
5.38687e-07
-4.4119e-07
-6.92473e-06
-1.89691e-05
-4.62022e-05
-8.88777e-05
-0.000152694
-0.000238265
-0.000345961
-0.000476833
-0.000625583
-0.000793673
-0.000970938
-0.00115914
-0.00134512
-0.0015307
-0.00170225
-0.00186142
-0.00199662
-0.00210917
-0.00219154
-0.00224453
-0.0022658
-0.00225552
-0.00221654
-0.00214841
-0.00205257
-0.00193077
-0.00176645
-0.00156044
-0.00132097
-0.001046
-0.00077803
-0.000517085
-0.000310434
-0.000158106
-6.25913e-05
-2.29162e-05
-2.36928e-06
-5.78769e-07
1.3779e-06
3.52221e-06
4.07982e-06
3.11175e-06
1.96152e-06
6.40994e-07
-3.29161e-07
-1.00814e-06
-2.02802e-06
-3.22214e-06
-3.89413e-06
8.96615e-08
5.45754e-08
5.115e-08
-6.04458e-07
-1.94563e-06
-4.51207e-06
-8.47636e-06
-9.57681e-06
-7.26134e-06
-4.87913e-06
-1.90315e-06
5.14027e-06
1.66295e-05
7.46204e-05
0.000186735
0.000385203
0.000691254
0.00104468
0.00146715
0.0018607
0.00223393
0.00254024
0.00277994
0.00295916
0.00307407
0.00315174
0.00319032
0.00318595
0.00314131
0.00305726
0.00293041
0.00277363
0.00257758
0.0023657
0.0021237
0.0018821
0.00162345
0.00138057
0.00113507
0.000917082
0.000709481
0.000535612
0.000381375
0.000260874
0.000164031
9.52389e-05
4.85538e-05
2.00488e-05
7.15475e-06
5.2852e-07
-4.51173e-07
-6.74238e-06
-1.87845e-05
-4.51465e-05
-8.7814e-05
-0.000149497
-0.000235051
-0.000339073
-0.000469919
-0.00061354
-0.000781598
-0.000952725
-0.00114089
-0.00132043
-0.00150598
-0.00167162
-0.00183077
-0.00196139
-0.00207391
-0.00215361
-0.00220658
-0.00222735
-0.00221708
-0.0021797
-0.00211159
-0.00201906
-0.00190146
-0.00174118
-0.00153808
-0.00130166
-0.00102694
-0.000764355
-0.000503142
-0.000304119
-0.000151894
-6.12953e-05
-2.16361e-05
-2.14492e-06
-3.59503e-07
1.55953e-06
3.69971e-06
4.07707e-06
3.10849e-06
1.90672e-06
5.87169e-07
-4.96717e-07
-1.17227e-06
-2.36408e-06
-3.55622e-06
-4.26925e-06
1.52616e-07
9.69e-08
9.37017e-08
-5.52073e-07
-1.89239e-06
-4.39789e-06
-8.36095e-06
-9.71292e-06
-7.40036e-06
-5.28349e-06
-2.3178e-06
4.57509e-06
1.60548e-05
7.04815e-05
0.000182542
0.000370281
0.000676101
0.00101559
0.00143761
0.00182149
0.00219427
0.00249563
0.0027351
0.00291017
0.00302506
0.00309915
0.00313772
0.00313204
0.00308741
0.00300491
0.00287809
0.00272569
0.00252968
0.00232453
0.00208258
0.00184921
0.00159062
0.00135644
0.00111099
0.000901126
0.000693567
0.000526397
0.000372192
0.000256481
0.000159658
9.36945e-05
4.70189e-05
1.97386e-05
6.84712e-06
5.17541e-07
-4.61953e-07
-6.54546e-06
-1.85852e-05
-4.40065e-05
-8.66653e-05
-0.000146044
-0.000231582
-0.000331634
-0.000462454
-0.000600536
-0.00076856
-0.000933057
-0.00112118
-0.00129377
-0.00147928
-0.00163856
-0.00179767
-0.00192334
-0.00203584
-0.00211265
-0.00216561
-0.00218584
-0.00217556
-0.00213993
-0.00207183
-0.00198288
-0.00186531
-0.0017097
-0.00150677
-0.00127642
-0.001002
-0.000748119
-0.000487149
-0.000297312
-0.000145186
-5.98959e-05
-2.02539e-05
-1.90266e-06
-1.2273e-07
1.75566e-06
3.89138e-06
4.0741e-06
3.10497e-06
1.84754e-06
5.29045e-07
-6.77651e-07
-1.34952e-06
-2.72697e-06
-3.91698e-06
-4.67432e-06
2.20596e-07
1.42604e-07
1.39651e-07
-4.95506e-07
-1.83489e-06
-4.2746e-06
-8.23632e-06
-9.8599e-06
-7.55047e-06
-5.72013e-06
-2.76555e-06
3.96478e-06
1.54341e-05
6.60122e-05
0.000178014
0.000354168
0.000659738
0.00098417
0.00140572
0.00177916
0.00215145
0.00244746
0.00268668
0.00285727
0.00297213
0.00304236
0.00308092
0.00307382
0.0030292
0.00294838
0.00282159
0.00267392
0.00247796
0.00228007
0.00203817
0.0018137
0.00155517
0.00133038
0.00108499
0.000883896
0.000676383
0.000516447
0.000362275
0.000251738
0.000154936
9.20268e-05
4.53614e-05
1.94036e-05
6.51492e-06
5.05686e-07
-4.73593e-07
-6.33283e-06
-1.83699e-05
-4.27755e-05
-8.5425e-05
-0.000142316
-0.000227835
-0.000323601
-0.000454393
-0.000586493
-0.00075448
-0.000911819
-0.0010999
-0.00126499
-0.00145046
-0.00160285
-0.00176193
-0.00188226
-0.00199474
-0.00206842
-0.00212137
-0.00214101
-0.00213074
-0.00209698
-0.0020289
-0.00194381
-0.00182626
-0.0016757
-0.00147295
-0.00124918
-0.000975064
-0.000730588
-0.000469878
-0.000289961
-0.000137942
-5.83847e-05
-1.87613e-05
-1.64104e-06
1.32948e-07
1.96744e-06
4.09836e-06
4.0709e-06
3.10117e-06
1.78364e-06
4.66282e-07
-8.73031e-07
-1.54091e-06
-3.11883e-06
-4.30654e-06
-5.11174e-06
2.94005e-07
1.91956e-07
1.89268e-07
-4.34423e-07
-1.77281e-06
-4.14145e-06
-8.10175e-06
-1.00186e-05
-7.71257e-06
-6.19164e-06
-3.24906e-06
3.30575e-06
1.4764e-05
6.11861e-05
0.000173124
0.000336768
0.000642068
0.000950247
0.00137127
0.00173344
0.00210521
0.00239544
0.00263439
0.00280014
0.00291497
0.00298104
0.00301959
0.00301095
0.00296634
0.00288734
0.00276057
0.00261802
0.0024221
0.00223206
0.00199022
0.00177536
0.00151689
0.00130225
0.00105692
0.000865291
0.000657827
0.000505702
0.000351567
0.000246616
0.000149837
9.02259e-05
4.35715e-05
1.90418e-05
6.1562e-06
4.92884e-07
-4.86164e-07
-6.10322e-06
-1.81374e-05
-4.14462e-05
-8.40856e-05
-0.000138291
-0.000223789
-0.000314927
-0.000445688
-0.000571329
-0.000739276
-0.000888885
-0.00107693
-0.00123391
-0.00141933
-0.00156429
-0.00172333
-0.0018379
-0.00195035
-0.00202065
-0.00207359
-0.0020926
-0.00208233
-0.00205061
-0.00198254
-0.00190162
-0.0017841
-0.00163898
-0.00143643
-0.00121975
-0.000945979
-0.000711656
-0.000451228
-0.000282023
-0.00013012
-5.67529e-05
-1.71495e-05
-1.35854e-06
4.09038e-07
2.19614e-06
4.32186e-06
4.06744e-06
3.09707e-06
1.71464e-06
3.98507e-07
-1.08401e-06
-1.74758e-06
-3.54198e-06
-4.72721e-06
-5.58407e-06
3.73274e-07
2.4525e-07
2.42847e-07
-3.68463e-07
-1.70577e-06
-3.99768e-06
-7.95643e-06
-1.019e-05
-7.88761e-06
-6.70079e-06
-3.77117e-06
2.5941e-06
1.40403e-05
5.59747e-05
0.000167844
0.000317979
0.000622988
0.000913615
0.00133408
0.00168408
0.00205528
0.00233927
0.00257793
0.00273845
0.00285325
0.00291482
0.00295336
0.00294307
0.00289847
0.00282143
0.00269469
0.00255766
0.00236179
0.00218022
0.00193844
0.00173396
0.00147555
0.00127187
0.0010266
0.0008452
0.000637789
0.000494099
0.000340003
0.000241085
0.000144331
8.82812e-05
4.16388e-05
1.86512e-05
5.76885e-06
4.7906e-07
-4.99737e-07
-5.85528e-06
-1.78864e-05
-4.00108e-05
-8.26393e-05
-0.000133944
-0.00021942
-0.00030556
-0.000436288
-0.000554955
-0.000722859
-0.00086412
-0.00105211
-0.00120034
-0.00138572
-0.00152266
-0.00168166
-0.00178999
-0.00190241
-0.00196908
-0.002022
-0.00204032
-0.00203006
-0.00200053
-0.00193248
-0.00185607
-0.00173858
-0.00159933
-0.00139699
-0.00118798
-0.000914571
-0.000691213
-0.000431089
-0.000273451
-0.000121673
-5.49907e-05
-1.54091e-05
-1.05349e-06
7.07173e-07
2.4431e-06
4.5632e-06
4.06371e-06
3.09264e-06
1.64012e-06
3.25321e-07
-1.31184e-06
-1.97075e-06
-3.99891e-06
-5.18146e-06
-6.09412e-06
4.58872e-07
3.02798e-07
3.00704e-07
-2.97236e-07
-1.63338e-06
-3.84243e-06
-7.7995e-06
-1.03751e-05
-8.07663e-06
-7.25059e-06
-4.33496e-06
1.82562e-06
1.32588e-05
5.03471e-05
0.000162142
0.00029769
0.000602384
0.000874059
0.00129392
0.00163077
0.00200136
0.00227862
0.00251696
0.00267184
0.0027866
0.00284331
0.00288185
0.00286976
0.00282517
0.00275025
0.00262355
0.00249247
0.00229666
0.00212424
0.00188253
0.00168924
0.00143091
0.00123906
0.000993859
0.000823505
0.000616151
0.00048157
0.000327516
0.000235113
0.000138385
8.61813e-05
3.95517e-05
1.82293e-05
5.35056e-06
4.64133e-07
-5.14395e-07
-5.58754e-06
-1.76154e-05
-3.84607e-05
-8.10775e-05
-0.000129249
-0.000214702
-0.000295446
-0.000426137
-0.000537273
-0.000705131
-0.000837378
-0.00102532
-0.0011641
-0.00134942
-0.0014777
-0.00163665
-0.00173826
-0.00185065
-0.00191338
-0.00196629
-0.00198387
-0.00197361
-0.00194645
-0.00187842
-0.00180687
-0.00168942
-0.00155652
-0.00135441
-0.00115367
-0.000880656
-0.000669138
-0.000409343
-0.000264195
-0.000112552
-5.30879e-05
-1.35296e-05
-7.24077e-07
1.02911e-06
2.70977e-06
4.82382e-06
4.05968e-06
3.08786e-06
1.55966e-06
2.46292e-07
-1.55785e-06
-2.21174e-06
-4.49233e-06
-5.67198e-06
-6.64488e-06
5.8096e-07
4.09056e-07
3.20885e-07
-2.64653e-07
-1.61444e-06
-3.76138e-06
-7.45748e-06
-1.02993e-05
-8.45721e-06
-7.89412e-06
-4.95008e-06
1.05736e-06
1.36565e-05
4.71595e-05
0.00015486
0.000279533
0.000572814
0.000828079
0.0012391
0.00156136
0.00192963
0.00219819
0.00243192
0.00258231
0.00268421
0.00273754
0.00277358
0.00276026
0.00271584
0.00264239
0.00251928
0.00239235
0.00220321
0.00203716
0.00180436
0.00161886
0.0013705
0.00118688
0.000951412
0.000788733
0.000589741
0.000461491
0.000313652
0.000225774
0.000132834
8.33027e-05
3.82669e-05
1.81013e-05
5.29201e-06
6.85918e-07
-7.977e-07
-5.67435e-06
-1.77513e-05
-3.77077e-05
-7.9019e-05
-0.000125014
-0.000207228
-0.000284221
-0.00040961
-0.00051551
-0.000676354
-0.000802341
-0.000982331
-0.00111454
-0.00129202
-0.00141427
-0.00156656
-0.0016635
-0.0017713
-0.00183129
-0.00188226
-0.00189933
-0.00188988
-0.00186436
-0.00179919
-0.00173103
-0.00162403
-0.00149627
-0.00129919
-0.00110749
-0.000838438
-0.000638785
-0.000385872
-0.000251152
-0.00010537
-5.12662e-05
-1.25778e-05
-9.32548e-07
1.48358e-06
3.12943e-06
5.01424e-06
4.05326e-06
3.04075e-06
1.45833e-06
6.45987e-08
-1.82839e-06
-2.92951e-06
-5.33054e-06
-6.43104e-06
-7.43954e-06
7.45395e-07
5.73728e-07
3.40279e-07
-2.44961e-07
-1.61988e-06
-3.76849e-06
-6.87191e-06
-9.69732e-06
-9.24665e-06
-8.70753e-06
-5.6268e-06
3.66799e-07
1.63624e-05
4.99597e-05
0.000144341
0.000268845
0.000515024
0.000769269
0.001126
0.00144674
0.00178353
0.00205097
0.00227157
0.0024217
0.00251468
0.002568
0.00259652
0.0025832
0.00253928
0.00246586
0.00235351
0.00222662
0.0020575
0.0018915
0.00168547
0.00150003
0.00128161
0.00109805
0.000891828
0.000729201
0.000555325
0.000427116
0.000297942
0.000210093
0.000128526
7.901e-05
3.87569e-05
1.85978e-05
5.99084e-06
1.38623e-06
-1.62173e-06
-6.49681e-06
-1.87288e-05
-3.86788e-05
-7.60752e-05
-0.000122056
-0.000194546
-0.000271514
-0.000380976
-0.000486841
-0.00062662
-0.000752566
-0.000908679
-0.00104085
-0.00119475
-0.00131696
-0.00144922
-0.00154612
-0.00164016
-0.00170013
-0.00174526
-0.00176232
-0.00175532
-0.00172981
-0.00167324
-0.0016051
-0.00150874
-0.00138117
-0.0012022
-0.00101125
-0.000774128
-0.000575325
-0.000360564
-0.000226273
-0.000103953
-4.9849e-05
-1.3875e-05
-2.18884e-06
2.21559e-06
3.84292e-06
5.0035e-06
4.04191e-06
2.91069e-06
1.3308e-06
-2.3685e-07
-2.12265e-06
-3.86453e-06
-6.25301e-06
-7.51034e-06
-8.51733e-06
9.27686e-07
7.56267e-07
4.00668e-07
-1.84522e-07
-1.53409e-06
-3.68647e-06
-6.23959e-06
-9.04723e-06
-1.00991e-05
-9.58588e-06
-6.35755e-06
-3.789e-07
1.92843e-05
5.29835e-05
0.000132983
0.000257303
0.000452619
0.000705762
0.00100387
0.00132297
0.00162576
0.00189199
0.00209841
0.00224828
0.00233161
0.00238491
0.00240532
0.00239201
0.00234862
0.00227523
0.00217451
0.00204766
0.00190016
0.00173422
0.00155709
0.00137171
0.00118563
0.00100213
0.000827486
0.000664916
0.000518161
0.000389997
0.000280978
0.00019316
0.000123873
7.43745e-05
3.92859e-05
1.91339e-05
6.74547e-06
2.14245e-06
-2.51154e-06
-7.38493e-06
-1.97843e-05
-3.97273e-05
-7.28964e-05
-0.000118861
-0.000180851
-0.000257792
-0.000350055
-0.000455884
-0.000572915
-0.000698818
-0.000829146
-0.000961268
-0.00108971
-0.00121188
-0.0013225
-0.00141938
-0.00149855
-0.0015585
-0.00159732
-0.00161438
-0.00161002
-0.00158452
-0.00153724
-0.00146912
-0.00138424
-0.00125687
-0.00109748
-0.000907325
-0.000704684
-0.000506799
-0.000333234
-0.000199409
-0.000102422
-4.83186e-05
-1.52757e-05
-3.54543e-06
3.00604e-06
4.61338e-06
4.99191e-06
4.02965e-06
2.77024e-06
1.19309e-06
-5.06469e-07
-2.38328e-06
-4.93361e-06
-7.30894e-06
-8.70351e-06
-9.70891e-06
1.20059e-06
1.02954e-06
5.37689e-07
-4.56153e-08
-9.16006e-07
-3.0523e-06
-5.85268e-06
-8.65045e-06
-1.21522e-05
-1.17036e-05
-8.39513e-06
-2.46828e-06
1.1336e-05
4.4857e-05
9.23014e-05
0.000215725
0.000358968
0.000610356
0.000870288
0.0011876
0.00147661
0.00174172
0.00193565
0.00208526
0.00214994
0.00220322
0.00221245
0.00219914
0.00215581
0.00208243
0.00199183
0.00186503
0.00173689
0.00157101
0.00142028
0.00123497
0.00107907
0.000895647
0.000751317
0.000588807
0.000469113
0.000340998
0.000253344
0.000165559
0.00011088
6.14e-05
3.46028e-05
1.44583e-05
5.81213e-06
1.21085e-06
-1.60255e-06
-6.4741e-06
-1.60079e-05
-3.59434e-05
-6.26564e-05
-0.000108603
-0.000158898
-0.000235811
-0.000310769
-0.000416559
-0.000511686
-0.000637541
-0.000743556
-0.000875628
-0.000980279
-0.0011024
-0.00119283
-0.00128966
-0.00135482
-0.00141475
-0.00144739
-0.00146444
-0.00146215
-0.00143666
-0.00140024
-0.00133214
-0.0012646
-0.00113743
-0.000994177
-0.000804804
-0.000622143
-0.000425365
-0.000284255
-0.000151343
-8.58805e-05
-3.21344e-05
-1.27937e-05
-1.11673e-06
4.49049e-06
6.05872e-06
5.49062e-06
4.51161e-06
2.34833e-06
7.82387e-07
-4.57982e-07
-2.33765e-06
-6.19972e-06
-8.55808e-06
-1.04387e-05
-1.14418e-05
1.5012e-06
1.33133e-06
7.84646e-07
1.93079e-07
-2.55229e-07
-2.4055e-06
-5.43702e-06
-8.22479e-06
-1.44729e-05
-1.40957e-05
-1.06904e-05
-4.82113e-06
2.05954e-06
3.53734e-05
4.55152e-05
0.000167944
0.000253605
0.000503085
0.000725695
0.00104107
0.00132051
0.00158441
0.00176443
0.00191375
0.00195462
0.00200787
0.00200491
0.00199161
0.00194829
0.00187495
0.00179514
0.00166839
0.00156094
0.00139513
0.00127264
0.00108741
0.000963856
0.000780505
0.000668706
0.000506263
0.000415671
0.000287607
0.000223004
0.000135254
9.64211e-05
4.69613e-05
2.92634e-05
9.12711e-06
4.71033e-06
1.10916e-07
-5.20489e-07
-5.39007e-06
-1.16658e-05
-3.15932e-05
-5.12331e-05
-9.71615e-05
-0.000134807
-0.000211689
-0.000268031
-0.000373777
-0.000445394
-0.000571198
-0.000651149
-0.000783167
-0.000862325
-0.000984396
-0.00105318
-0.00114998
-0.00120012
-0.00126002
-0.00128602
-0.00130306
-0.00130296
-0.00127749
-0.00125283
-0.00118476
-0.00113817
-0.00101121
-0.000884897
-0.000696367
-0.000531465
-0.000335885
-0.000228278
-9.63608e-05
-6.65432e-05
-1.31971e-05
-9.86719e-06
1.74709e-06
6.14093e-06
7.66611e-06
6.07512e-06
5.07736e-06
1.89025e-06
3.36987e-07
-5.13012e-07
-2.33214e-06
-7.63228e-06
-1.00683e-05
-1.23171e-05
-1.33156e-05
2.20132e-06
1.98344e-06
1.4405e-06
6.34473e-07
1.95722e-07
-1.91022e-06
-4.9338e-06
-8.06218e-06
-1.45966e-05
-1.55772e-05
-1.22059e-05
-7.77771e-06
-1.63025e-06
2.49721e-05
3.06897e-05
0.000128596
0.000205275
0.000412047
0.000627521
0.000900693
0.00117744
0.00141269
0.0015896
0.00172064
0.00175884
0.0018013
0.0017974
0.0017829
0.0017396
0.00167515
0.00159621
0.00148777
0.00138197
0.00124184
0.00112159
0.000966246
0.00084526
0.000692389
0.000583165
0.00044838
0.000360086
0.000254284
0.000191497
0.000119301
8.17147e-05
4.12056e-05
2.42217e-05
7.82851e-06
3.74224e-06
1.19657e-08
-4.49477e-07
-4.55477e-06
-1.05747e-05
-2.72012e-05
-4.62836e-05
-8.43922e-05
-0.00012104
-0.000184667
-0.00023954
-0.000326948
-0.000396707
-0.000500657
-0.000578549
-0.000687668
-0.000764814
-0.000865821
-0.000932893
-0.00101319
-0.00106214
-0.00111212
-0.00113759
-0.0011523
-0.00115238
-0.00113201
-0.00110828
-0.00105207
-0.00100664
-0.000896956
-0.000773661
-0.000609786
-0.000448639
-0.000283231
-0.000181604
-7.41937e-05
-4.97141e-05
-7.34503e-06
-5.87221e-06
3.32825e-06
7.56904e-06
8.17766e-06
6.46539e-06
4.93648e-06
1.66201e-06
-3.03197e-07
-1.14591e-06
-4.04919e-06
-9.31459e-06
-1.23333e-05
-1.45689e-05
-1.54954e-05
2.95735e-06
2.68761e-06
2.14871e-06
1.11111e-06
6.82678e-07
-1.3754e-06
-4.38605e-06
-7.88834e-06
-1.44274e-05
-1.70631e-05
-1.37306e-05
-1.1007e-05
-4.93846e-06
1.37285e-05
1.91762e-05
8.75892e-05
0.000163454
0.000318576
0.000532589
0.000753475
0.00102865
0.00122679
0.00140287
0.00151053
0.0015487
0.00157861
0.0015747
0.00155881
0.00151554
0.00146143
0.00138252
0.00129539
0.00118965
0.00107937
0.000959184
0.000838612
0.000717684
0.000600273
0.0004911
0.000388493
0.00030024
0.000220337
0.00015758
0.000103478
6.59101e-05
3.58139e-05
1.88381e-05
6.79976e-06
2.71542e-06
-3.59027e-09
-4.64814e-07
-3.68085e-06
-9.69793e-06
-2.24842e-05
-4.15575e-05
-7.05686e-05
-0.000107199
-0.000155406
-0.000210253
-0.000276326
-0.000346052
-0.000424576
-0.000502431
-0.000584907
-0.000662017
-0.00073852
-0.000805561
-0.00086665
-0.00091558
-0.000954026
-0.000979485
-0.00099148
-0.000991555
-0.000977136
-0.000953412
-0.000911006
-0.000865601
-0.000778054
-0.000655292
-0.000523126
-0.000362892
-0.000234777
-0.000133895
-5.61544e-05
-3.20318e-05
-2.86387e-06
-1.497e-06
4.87456e-06
9.07998e-06
8.5879e-06
6.86189e-06
4.68881e-06
1.41714e-06
-1.00725e-06
-1.82934e-06
-5.90332e-06
-1.11312e-05
-1.47792e-05
-1.70004e-05
-1.78494e-05
3.77373e-06
3.44801e-06
2.91346e-06
1.6258e-06
1.20851e-06
-7.97882e-07
-3.79456e-06
-7.70062e-06
-1.42446e-05
-1.86677e-05
-1.5377e-05
-1.44941e-05
-8.5108e-06
1.58712e-06
6.74341e-06
4.33081e-05
0.000118293
0.000217641
0.000430077
0.000594503
0.000867978
0.00102605
0.00120122
0.00128364
0.00132178
0.00133813
0.00133423
0.00131684
0.00127358
0.00123064
0.00115178
0.00108766
0.000981963
0.000903941
0.000783812
0.000700788
0.000579922
0.000500802
0.000391686
0.000323824
0.000235617
0.00018368
0.000120956
8.63925e-05
4.88437e-05
2.99918e-05
1.30247e-05
5.68886e-06
1.60661e-06
-2.03882e-08
-4.81376e-07
-2.73715e-06
-8.75115e-06
-1.73905e-05
-3.64541e-05
-5.56414e-05
-9.22529e-05
-0.000123808
-0.000178627
-0.000221663
-0.000291354
-0.00034242
-0.000420236
-0.000473942
-0.000551013
-0.000601056
-0.000668062
-0.000708415
-0.00075732
-0.000783305
-0.000808751
-0.000817816
-0.000817892
-0.000809893
-0.000786182
-0.000758678
-0.000713304
-0.000649659
-0.000527472
-0.000429546
-0.000270298
-0.000182453
-8.23768e-05
-3.66747e-05
-1.29377e-05
1.97507e-06
3.22753e-06
6.54434e-06
1.07115e-05
9.03089e-06
7.29005e-06
4.42136e-06
1.15272e-06
-1.76751e-06
-2.56733e-06
-7.9055e-06
-1.30929e-05
-1.74203e-05
-1.96261e-05
-2.03912e-05
4.9518e-06
4.60782e-06
4.06123e-06
2.7096e-06
1.5315e-06
-4.21656e-07
-3.4212e-06
-7.46344e-06
-1.31539e-05
-1.8313e-05
-1.7546e-05
-1.74478e-05
-1.2673e-05
-6.09374e-06
3.16385e-06
2.65153e-05
8.96608e-05
0.000165405
0.000333812
0.000472752
0.000692667
0.000831018
0.000976668
0.00104727
0.00108051
0.00109156
0.00108785
0.00106988
0.00103328
0.000994711
0.000930055
0.000874936
0.000789401
0.00072399
0.00062749
0.000559146
0.000462514
0.000398364
0.000311388
0.000257108
0.000186899
0.000145891
9.59263e-05
6.89996e-05
3.89301e-05
2.4472e-05
1.06064e-05
5.108e-06
1.35169e-06
1.51431e-07
-7.87576e-07
-2.66779e-06
-7.98672e-06
-1.50049e-05
-3.05713e-05
-4.5919e-05
-7.52473e-05
-0.000100294
-0.000143897
-0.00017793
-0.000233197
-0.000273531
-0.000335189
-0.000377651
-0.000438754
-0.000478457
-0.000531695
-0.000563941
-0.000602985
-0.000624101
-0.000644697
-0.000652616
-0.000653196
-0.000647705
-0.000628487
-0.000606808
-0.000567704
-0.000515215
-0.000415547
-0.000333981
-0.000208199
-0.000138227
-5.90031e-05
-2.68049e-05
-4.97716e-06
4.00791e-06
7.05812e-06
9.11873e-06
1.141e-05
9.23275e-06
7.09795e-06
3.94412e-06
7.41509e-07
-2.34669e-06
-4.95345e-06
-1.07243e-05
-1.60671e-05
-2.05001e-05
-2.26025e-05
-2.33394e-05
6.43789e-06
6.09575e-06
5.5615e-06
4.22821e-06
1.81572e-06
-1.31717e-07
-2.69606e-06
-6.72408e-06
-1.15819e-05
-1.67026e-05
-2.08762e-05
-2.0871e-05
-1.77913e-05
-1.13341e-05
3.31941e-06
2.66934e-05
6.8835e-05
0.000144195
0.000238927
0.000376574
0.000505091
0.000642034
0.00073477
0.000805021
0.000825668
0.000836712
0.000831979
0.00081402
0.000788393
0.000749848
0.000708687
0.000653601
0.000601442
0.00053607
0.000478768
0.000410465
0.000354144
0.000290032
0.000240022
0.000185775
0.000145775
0.000104791
7.64369e-05
4.95263e-05
3.23585e-05
1.7909e-05
9.69731e-06
4.20223e-06
1.48108e-06
2.81544e-07
-9.91932e-07
-2.87102e-06
-6.63124e-06
-1.36452e-05
-2.30721e-05
-3.84105e-05
-5.53978e-05
-8.04296e-05
-0.000105249
-0.000139261
-0.000170503
-0.000210812
-0.000245621
-0.000288058
-0.00032266
-0.00036234
-0.000392733
-0.00042496
-0.000447627
-0.00046873
-0.000481242
-0.000489157
-0.00049052
-0.000485032
-0.000474012
-0.000452346
-0.000428758
-0.000376475
-0.00031754
-0.000236712
-0.000167931
-9.85075e-05
-5.42575e-05
-2.21447e-05
-4.05098e-06
4.92056e-06
1.07872e-05
1.27575e-05
1.18391e-05
9.64651e-06
6.24813e-06
3.11457e-06
4.29117e-07
-2.65434e-06
-7.80264e-06
-1.34964e-05
-2.05309e-05
-2.49131e-05
-2.60576e-05
-2.67902e-05
8.22918e-06
7.9106e-06
7.48872e-06
6.17409e-06
2.22315e-06
3.02466e-07
-6.74531e-07
-4.67661e-06
-1.04906e-05
-1.5588e-05
-2.69398e-05
-2.71001e-05
-2.47317e-05
-1.84417e-05
-5.5481e-06
1.76487e-05
2.22577e-05
9.67807e-05
0.000119841
0.000255894
0.000319167
0.000454696
0.000500108
0.000570016
0.000561326
0.000572353
0.000562275
0.000544338
0.000529734
0.000491238
0.000473805
0.000418791
0.00040049
0.000335205
0.000317907
0.000249695
0.000234852
0.000170827
0.000159281
0.000105109
9.70552e-05
5.613e-05
5.12318e-05
2.43587e-05
2.19242e-05
7.4953e-06
6.66767e-06
1.1805e-06
1.08558e-06
-1.12197e-07
-2.70378e-07
-2.14696e-06
-3.02819e-06
-1.00327e-05
-1.21215e-05
-2.74387e-05
-3.10105e-05
-5.60079e-05
-6.11016e-05
-9.50658e-05
-0.000101471
-0.000141727
-0.000149002
-0.00019138
-0.000198909
-0.00023853
-0.000245596
-0.000277781
-0.000283678
-0.000304751
-0.00030889
-0.000316794
-0.000318783
-0.000313305
-0.00031301
-0.000291373
-0.000292233
-0.000240157
-0.000216603
-0.00013654
-0.000111678
-4.29982e-05
-3.71642e-05
-5.35002e-06
2.12957e-08
8.91123e-06
1.61174e-05
1.79699e-05
1.35416e-05
1.13003e-05
4.6459e-06
1.55403e-06
6.06507e-07
-2.43948e-06
-1.02001e-05
-1.58642e-05
-2.62312e-05
-3.0479e-05
-3.01657e-05
-3.08408e-05
1.01131e-05
1.01751e-05
9.76604e-06
8.37716e-06
4.47189e-06
1.59629e-06
6.58354e-07
-3.25515e-06
-9.04173e-06
-1.49074e-05
-2.63607e-05
-3.06607e-05
-2.84176e-05
-2.60688e-05
-1.33747e-05
2.88063e-06
6.00369e-06
5.43973e-05
7.33618e-05
0.000161223
0.000219798
0.00030932
0.000352875
0.000398873
0.000394369
0.000399877
0.000389806
0.000376978
0.000362384
0.000337142
0.000319721
0.000284741
0.000266453
0.000225692
0.000208405
0.000166395
0.000151563
0.000112592
0.000101054
6.84453e-05
6.03974e-05
3.60397e-05
3.1145e-05
1.53486e-05
1.29158e-05
4.56788e-06
3.74083e-06
6.48131e-07
5.53274e-07
-9.76407e-08
-2.55712e-07
-1.40983e-06
-2.29045e-06
-6.55197e-06
-8.63933e-06
-1.78582e-05
-2.14275e-05
-3.63939e-05
-4.1484e-05
-6.17803e-05
-6.81812e-05
-9.22504e-05
-9.95201e-05
-0.000124921
-0.000132444
-0.000156302
-0.000163363
-0.000182902
-0.000188794
-0.000201795
-0.000205931
-0.000211116
-0.000213104
-0.000210278
-0.000209983
-0.000197124
-0.000195419
-0.000161843
-0.00013978
-8.80935e-05
-6.62836e-05
-2.22831e-05
-1.85912e-05
2.59364e-06
7.43624e-06
1.31484e-05
2.02623e-05
1.89815e-05
1.44791e-05
1.05375e-05
3.8527e-06
2.78845e-07
-6.23562e-07
-5.95415e-06
-1.36223e-05
-2.1012e-05
-3.12736e-05
-3.44564e-05
-3.41208e-05
-3.37933e-05
1.21474e-05
1.26203e-05
1.22278e-05
1.07561e-05
6.90016e-06
2.99342e-06
2.09766e-06
-1.72019e-06
-7.47183e-06
-1.41759e-05
-2.56315e-05
-3.45057e-05
-3.23596e-05
-3.4305e-05
-2.17926e-05
-1.31456e-05
-1.03596e-05
9.08333e-06
2.73293e-05
6.16596e-05
0.000119205
0.000156979
0.000199893
0.000218591
0.000214082
0.00021363
0.000203566
0.000196256
0.000181673
0.000170743
0.000153335
0.000139988
0.000121714
0.000107435
9.01614e-05
7.64446e-05
6.16231e-05
4.9708e-05
3.81785e-05
2.88547e-05
2.08128e-05
1.43454e-05
9.45439e-06
5.61914e-06
3.18811e-06
1.40675e-06
5.80324e-07
7.3253e-08
-2.15324e-08
-8.19226e-08
-2.39875e-07
-6.13856e-07
-1.49381e-06
-2.79338e-06
-4.87917e-06
-7.51269e-06
-1.10793e-05
-1.52139e-05
-2.03001e-05
-2.58374e-05
-3.22334e-05
-3.88235e-05
-4.60877e-05
-5.3155e-05
-6.06728e-05
-6.75093e-05
-7.45651e-05
-8.04474e-05
-8.63357e-05
-9.06197e-05
-9.47527e-05
-9.70009e-05
-9.89875e-05
-9.90248e-05
-9.87304e-05
-9.53498e-05
-9.36514e-05
-8.11712e-05
-5.94448e-05
-3.97298e-05
-1.84119e-05
-1.89996e-06
1.47071e-06
1.08152e-05
1.5491e-05
1.77224e-05
2.47381e-05
2.00283e-05
1.54915e-05
9.67663e-06
3.00259e-06
-1.09e-06
-1.95184e-06
-9.74943e-06
-1.73177e-05
-2.65708e-05
-3.67185e-05
-3.87228e-05
-3.83916e-05
-3.69814e-05
1.46727e-05
1.52067e-05
1.50438e-05
1.35907e-05
1.05202e-05
6.47177e-06
2.84669e-06
-9.1257e-07
-6.29205e-06
-1.31524e-05
-2.19911e-05
-3.17622e-05
-3.6676e-05
-3.95776e-05
-3.57556e-05
-2.89521e-05
-2.02757e-05
-7.18155e-06
1.04891e-05
3.30896e-05
6.40378e-05
8.97333e-05
0.000113347
0.000125366
0.000127646
0.000126051
0.000121135
0.000114887
0.000106481
9.83023e-05
8.82068e-05
7.90189e-05
6.83596e-05
5.91702e-05
4.90532e-05
4.07732e-05
3.20891e-05
2.53716e-05
1.86573e-05
1.38062e-05
9.20065e-06
6.16776e-06
3.46053e-06
1.92232e-06
6.65931e-07
1.45151e-07
-2.11396e-07
-2.22145e-07
-2.19829e-07
-1.66893e-07
-2.64171e-07
-4.88228e-07
-1.03069e-06
-1.76122e-06
-2.97857e-06
-4.34734e-06
-6.35902e-06
-8.41297e-06
-1.123e-05
-1.39338e-05
-1.74562e-05
-2.0687e-05
-2.47029e-05
-2.82485e-05
-3.24473e-05
-3.60175e-05
-4.00209e-05
-4.32787e-05
-4.66908e-05
-4.93008e-05
-5.1769e-05
-5.34527e-05
-5.47252e-05
-5.53106e-05
-5.4855e-05
-5.32958e-05
-4.95885e-05
-4.22223e-05
-2.99686e-05
-1.76936e-05
-4.40019e-06
6.02202e-06
1.34275e-05
2.00248e-05
2.42194e-05
2.55768e-05
2.51249e-05
1.97061e-05
1.41278e-05
7.95062e-06
2.51534e-06
-1.67392e-06
-7.02873e-06
-1.52174e-05
-2.41125e-05
-3.35522e-05
-3.98448e-05
-4.16812e-05
-4.14821e-05
-3.99111e-05
1.69315e-05
1.74675e-05
2.05779e-05
1.92483e-05
1.46162e-05
1.06785e-05
3.21479e-06
-5.43115e-07
-1.9399e-06
-8.68457e-06
-1.78335e-05
-2.75125e-05
-4.71016e-05
-5.02735e-05
-5.51861e-05
-4.88206e-05
-3.13664e-05
-1.84736e-05
-2.82361e-06
1.95935e-05
2.54687e-05
5.08688e-05
5.2726e-05
6.46577e-05
6.2785e-05
6.11911e-05
6.08726e-05
5.46298e-05
5.39488e-05
4.57776e-05
4.48168e-05
3.56369e-05
3.45117e-05
2.53304e-05
2.42346e-05
1.59619e-05
1.5112e-05
8.40041e-06
7.95826e-06
3.11142e-06
3.11997e-06
8.97492e-08
4.55018e-07
-1.08183e-06
-5.50459e-07
-1.07078e-06
-5.78094e-07
-5.88833e-07
-2.71762e-07
-2.18872e-07
-1.03789e-07
-3.27649e-07
-3.43879e-07
-1.07376e-06
-1.10912e-06
-2.47668e-06
-2.44219e-06
-4.49433e-06
-4.36644e-06
-7.06782e-06
-6.89325e-06
-1.01212e-05
-9.98736e-06
-1.35299e-05
-1.3521e-05
-1.70881e-05
-1.72466e-05
-2.05016e-05
-2.08106e-05
-2.34183e-05
-2.38103e-05
-2.54925e-05
-2.58769e-05
-2.64618e-05
-2.67254e-05
-2.51675e-05
-2.58579e-05
-1.85282e-05
-1.67761e-05
-4.60406e-06
1.87893e-06
1.22162e-05
2.4911e-05
3.12989e-05
3.72901e-05
3.83536e-05
2.70806e-05
2.16029e-05
1.00273e-05
3.94659e-06
2.15747e-06
-2.03212e-06
-9.6811e-06
-1.78063e-05
-3.45656e-05
-4.38655e-05
-4.81144e-05
-4.97643e-05
-4.30209e-05
-4.14494e-05
1.79675e-05
1.96316e-05
2.27491e-05
2.37961e-05
1.92585e-05
1.52787e-05
7.71042e-06
2.12073e-06
1.03303e-06
-5.03365e-06
-1.41671e-05
-2.441e-05
-4.49677e-05
-5.63975e-05
-6.21605e-05
-6.64099e-05
-4.86178e-05
-4.22443e-05
-2.72182e-05
-1.30534e-05
-9.90275e-06
3.06489e-06
2.69436e-06
4.789e-06
2.72845e-06
-4.3272e-06
-4.40746e-06
-1.35081e-05
-1.37569e-05
-2.21884e-05
-2.26382e-05
-2.90277e-05
-2.96194e-05
-3.288e-05
-3.34702e-05
-3.31055e-05
-3.35154e-05
-2.97955e-05
-2.98842e-05
-2.38112e-05
-2.35411e-05
-1.65861e-05
-1.60458e-05
-9.71865e-06
-9.08453e-06
-4.48521e-06
-3.94283e-06
-1.44092e-06
-1.1046e-06
-2.77909e-07
-1.49668e-07
4.97106e-09
1.92103e-08
6.83866e-07
7.15547e-07
2.8098e-06
2.95964e-06
6.81635e-06
7.1098e-06
1.23688e-05
1.27509e-05
1.84927e-05
1.88587e-05
2.39044e-05
2.41493e-05
2.74282e-05
2.74853e-05
2.83387e-05
2.82034e-05
2.65301e-05
2.62544e-05
2.24899e-05
2.21554e-05
1.70975e-05
1.67846e-05
1.21898e-05
1.07622e-05
1.08793e-05
1.13713e-05
1.70832e-05
2.26659e-05
2.83047e-05
4.12121e-05
4.10569e-05
4.6986e-05
4.0102e-05
2.79742e-05
1.9328e-05
7.36614e-06
1.32635e-06
-1.41116e-07
-7.40744e-06
-1.51756e-05
-2.61967e-05
-4.30744e-05
-4.94483e-05
-5.34903e-05
-5.03717e-05
-4.36411e-05
-4.04803e-05
1.89836e-05
2.14515e-05
2.42401e-05
2.68818e-05
2.42935e-05
2.03264e-05
1.36473e-05
6.5918e-06
3.41845e-06
-2.07879e-06
-1.07668e-05
-2.14247e-05
-3.93958e-05
-5.74097e-05
-6.70905e-05
-7.98498e-05
-7.13864e-05
-7.07188e-05
-5.98916e-05
-5.326e-05
-4.97022e-05
-4.75511e-05
-4.87914e-05
-5.50193e-05
-6.01481e-05
-7.14396e-05
-7.6108e-05
-8.74235e-05
-9.16476e-05
-0.000100279
-0.000103172
-0.000107394
-0.000108334
-0.000107
-0.000105631
-9.85651e-05
-9.49482e-05
-8.31353e-05
-7.78002e-05
-6.32559e-05
-5.71184e-05
-4.24165e-05
-3.65524e-05
-2.41254e-05
-1.94589e-05
-1.08882e-05
-7.90637e-06
-3.4556e-06
-2.05557e-06
-6.28762e-07
-1.69722e-07
2.78558e-07
7.35588e-07
2.48208e-06
3.83476e-06
8.61453e-06
1.14053e-05
1.98456e-05
2.40813e-05
3.5516e-05
4.06749e-05
5.33738e-05
5.8579e-05
7.02867e-05
7.45803e-05
8.31717e-05
8.57874e-05
8.98279e-05
9.03802e-05
8.94328e-05
8.79767e-05
8.25977e-05
7.95576e-05
7.10303e-05
6.71878e-05
5.78206e-05
5.31434e-05
4.71817e-05
4.61109e-05
4.59735e-05
4.97842e-05
5.09914e-05
5.82691e-05
5.26211e-05
5.25066e-05
3.92803e-05
2.711e-05
1.59552e-05
5.39224e-06
-5.81671e-07
-4.54141e-06
-1.4235e-05
-2.34758e-05
-3.67877e-05
-5.00118e-05
-5.4071e-05
-5.53979e-05
-4.908e-05
-4.33627e-05
-3.9069e-05
1.78618e-05
2.03258e-05
2.69265e-05
2.95979e-05
3.34123e-05
2.96831e-05
2.08603e-05
1.40133e-05
4.32724e-06
-1.161e-06
-3.99237e-06
-1.44946e-05
-2.66959e-05
-4.44344e-05
-7.41325e-05
-8.70818e-05
-0.000110482
-0.000110559
-0.000110407
-0.000104451
-9.59913e-05
-9.4177e-05
-9.81875e-05
-0.000104471
-0.000124107
-0.000135386
-0.000157007
-0.00016831
-0.000186764
-0.000195385
-0.000207178
-0.000211396
-0.000213813
-0.000212481
-0.000204317
-0.000197259
-0.000179365
-0.000167565
-0.000142869
-0.000128341
-0.00010124
-8.65541e-05
-6.17777e-05
-4.93646e-05
-3.06319e-05
-2.20708e-05
-1.10026e-05
-6.5568e-06
-2.23549e-06
-8.10261e-07
-1.69243e-07
2.78539e-07
1.3674e-06
3.11195e-06
8.43375e-06
1.32082e-05
2.4963e-05
3.33939e-05
5.15136e-05
6.29356e-05
8.51447e-05
9.78295e-05
0.000120375
0.00013207
0.000150844
0.000159426
0.000171103
0.000175139
0.000177983
0.000177036
0.000171176
0.000165803
0.000152973
0.000144455
0.00012743
0.000118073
0.000100969
9.49531e-05
8.88368e-05
8.83921e-05
8.82899e-05
8.89873e-05
7.84972e-05
7.24628e-05
4.88777e-05
3.57055e-05
1.86873e-05
7.71272e-06
4.25971e-06
-1.70022e-06
-1.00336e-05
-1.95994e-05
-3.86767e-05
-5.15598e-05
-6.00334e-05
-6.38462e-05
-5.36696e-05
-4.73819e-05
-3.76009e-05
-3.33181e-05
1.52511e-05
1.81899e-05
2.51735e-05
3.13826e-05
3.63568e-05
3.78295e-05
2.87657e-05
2.24346e-05
1.19515e-05
3.65316e-06
2.37569e-06
-6.28529e-06
-1.77606e-05
-3.33988e-05
-6.69207e-05
-9.01114e-05
-0.000118927
-0.00014077
-0.000142159
-0.000157771
-0.000148425
-0.000164776
-0.000169827
-0.000195148
-0.000218472
-0.00024971
-0.00027398
-0.000302086
-0.000322716
-0.000341758
-0.000354928
-0.000360875
-0.000363541
-0.000354298
-0.000345117
-0.000321341
-0.000301277
-0.000266537
-0.000238885
-0.000199006
-0.000168703
-0.000130377
-0.000102724
-7.17318e-05
-5.08868e-05
-3.04975e-05
-1.82608e-05
-8.33493e-06
-3.66006e-06
-8.05953e-07
-2.42223e-07
1.01034e-06
2.09598e-06
7.48306e-06
1.33324e-05
2.70003e-05
4.0075e-05
6.32757e-05
8.34949e-05
0.000114216
0.000139028
0.000172631
0.00019783
0.000228426
0.000249413
0.000271525
0.000284579
0.000294558
0.000297734
0.000294527
0.000287975
0.000273113
0.000258775
0.000235686
0.000216586
0.000190279
0.000170474
0.000147906
0.000140657
0.000123489
0.000122893
0.000105587
9.22577e-05
7.28016e-05
4.49732e-05
2.92268e-05
1.10224e-05
1.6872e-06
-2.97943e-07
-9.93684e-06
-1.82556e-05
-3.18566e-05
-5.26376e-05
-6.05164e-05
-6.80864e-05
-6.29546e-05
-5.08825e-05
-4.07622e-05
-3.04858e-05
-2.61987e-05
1.2825e-05
1.59984e-05
2.12786e-05
2.90606e-05
3.53193e-05
3.96618e-05
3.82329e-05
3.2294e-05
2.41039e-05
1.43736e-05
6.50277e-06
-1.07442e-06
-1.2111e-05
-2.65026e-05
-4.93155e-05
-7.80853e-05
-0.000109293
-0.000143289
-0.000170742
-0.000199234
-0.000222121
-0.000250053
-0.000279414
-0.000316129
-0.000356919
-0.000399109
-0.000437402
-0.000474726
-0.000504783
-0.000529542
-0.000545116
-0.000552008
-0.000549229
-0.000535643
-0.000513705
-0.000480754
-0.00044251
-0.000395182
-0.000346787
-0.000292998
-0.000242556
-0.000191258
-0.000146774
-0.000105589
-7.28034e-05
-4.59249e-05
-2.67446e-05
-1.38125e-05
-5.86877e-06
-2.23109e-06
2.36557e-07
1.9307e-06
6.14481e-06
1.35308e-05
2.58258e-05
4.4374e-05
6.81815e-05
9.94865e-05
0.000134274
0.000175586
0.000217045
0.000262125
0.000303464
0.00034443
0.000378334
0.00040787
0.000428471
0.00044171
0.00044599
0.000441542
0.000429823
0.000409755
0.00038524
0.000354155
0.000322154
0.000286545
0.000252084
0.00021961
0.000192244
0.000164721
0.000140807
0.000113015
8.73987e-05
6.05271e-05
3.78061e-05
2.06846e-05
7.38686e-06
-9.86861e-07
-1.01555e-05
-2.1733e-05
-3.47369e-05
-5.03819e-05
-6.17803e-05
-6.67523e-05
-6.48569e-05
-5.48929e-05
-4.34571e-05
-3.16918e-05
-2.41778e-05
-1.98988e-05
6.777e-06
9.41085e-06
1.48378e-05
2.23347e-05
3.60512e-05
4.31665e-05
5.09895e-05
4.95332e-05
3.71634e-05
2.85188e-05
1.36649e-05
4.31784e-06
1.69303e-06
-1.14128e-05
-2.14308e-05
-4.5813e-05
-8.83085e-05
-0.000122356
-0.000184589
-0.000220946
-0.000279183
-0.000317255
-0.000375123
-0.000418765
-0.000483535
-0.000530193
-0.000589992
-0.000630401
-0.000675005
-0.000701403
-0.000722036
-0.000728709
-0.000719806
-0.000704069
-0.000665136
-0.000628424
-0.000564788
-0.000512749
-0.000434772
-0.000376164
-0.000296928
-0.000241498
-0.00017349
-0.000129398
-8.11575e-05
-5.27333e-05
-2.6537e-05
-1.31309e-05
-4.50945e-06
-8.54372e-07
-1.635e-07
1.83281e-06
6.26959e-06
1.4874e-05
3.30482e-05
5.40468e-05
9.11469e-05
0.000126023
0.000180856
0.000226339
0.000291731
0.000340794
0.000405722
0.000449666
0.000502425
0.000533312
0.000564665
0.000577368
0.000582743
0.00057605
0.000556255
0.000532749
0.000493158
0.000458139
0.000406818
0.000367049
0.000312622
0.000275111
0.000224028
0.000190504
0.000139323
0.000108826
6.36231e-05
3.91812e-05
1.85306e-05
3.60357e-06
1.77588e-06
-8.72409e-06
-2.02525e-05
-3.37119e-05
-5.80086e-05
-6.97726e-05
-7.89939e-05
-7.7697e-05
-6.01932e-05
-4.79583e-05
-2.94051e-05
-1.89915e-05
-1.29684e-05
-9.56976e-06
3.69327e-06
5.29933e-06
1.0056e-05
1.70162e-05
2.83986e-05
4.10023e-05
5.01363e-05
5.7616e-05
5.21546e-05
4.54462e-05
3.34316e-05
2.02578e-05
1.28756e-05
2.15978e-06
-9.46105e-06
-2.53436e-05
-5.86799e-05
-9.29918e-05
-0.000145715
-0.000197739
-0.000255068
-0.000314208
-0.000372431
-0.000431735
-0.000490828
-0.000546824
-0.000602117
-0.000648984
-0.000690222
-0.000720058
-0.000739289
-0.000745515
-0.000737633
-0.000717409
-0.00068199
-0.000637422
-0.000579384
-0.000517499
-0.000446346
-0.000377657
-0.000305332
-0.000241252
-0.000179093
-0.000128908
-8.46012e-05
-5.29302e-05
-2.84362e-05
-1.40276e-05
-5.1825e-06
-1.48643e-06
5.21564e-07
3.14753e-06
8.88712e-06
2.00316e-05
3.84351e-05
6.45474e-05
0.000100087
0.00014242
0.000193712
0.000247911
0.000308141
0.000365543
0.000424485
0.000474669
0.000521627
0.00055535
0.000582048
0.00059366
0.00059623
0.000584865
0.000564431
0.000533756
0.000495601
0.000452373
0.00040401
0.000355554
0.000305742
0.000256815
0.000207823
0.00016188
0.000115598
7.98029e-05
4.34258e-05
2.36923e-05
5.97734e-06
-4.7797e-06
-1.23509e-05
-2.7432e-05
-4.12439e-05
-5.88897e-05
-7.58873e-05
-8.00826e-05
-8.16673e-05
-6.76404e-05
-5.12554e-05
-3.44485e-05
-1.95868e-05
-1.1563e-05
-6.15865e-06
-4.43859e-06
5.73254e-07
1.90852e-06
2.49707e-06
8.11733e-06
1.62585e-05
2.79758e-05
4.90372e-05
5.94745e-05
7.24816e-05
7.16538e-05
5.90553e-05
4.86963e-05
2.65393e-05
1.42939e-05
6.06142e-06
-9.73008e-06
-1.33678e-05
-4.17258e-05
-7.10659e-05
-0.00011462
-0.000172584
-0.000224391
-0.000286205
-0.000338347
-0.000389564
-0.000437914
-0.000484866
-0.000525443
-0.000561546
-0.000587708
-0.000605705
-0.000611671
-0.000606846
-0.000590051
-0.000561821
-0.000523995
-0.000476534
-0.0004237
-0.000365253
-0.000306487
-0.00024741
-0.000192584
-0.000142603
-9.9744e-05
-6.52471e-05
-3.83177e-05
-2.05761e-05
-8.43565e-06
-3.36501e-06
-2.82924e-07
1.17345e-07
2.51896e-06
7.4942e-06
1.7484e-05
3.44725e-05
5.75212e-05
8.97013e-05
0.000126711
0.00017192
0.00021891
0.000270258
0.000319553
0.000367482
0.000409992
0.000445095
0.000472896
0.00048856
0.000496979
0.000491028
0.000479632
0.000454543
0.000426824
0.000388604
0.000350639
0.00030687
0.00026495
0.000221928
0.00017949
0.000133801
9.46938e-05
5.91628e-05
2.96764e-05
1.8217e-05
4.71983e-07
-1.77958e-06
-1.50335e-05
-3.38966e-05
-4.95468e-05
-7.74478e-05
-8.97401e-05
-9.61321e-05
-9.36464e-05
-7.07517e-05
-5.50892e-05
-3.05061e-05
-1.58362e-05
-8.49331e-06
-2.07528e-06
-1.90304e-06
-3.99729e-07
-1.89272e-06
-1.17994e-06
4.29484e-07
3.2598e-06
9.88811e-06
1.96118e-05
3.49899e-05
5.28973e-05
6.78674e-05
8.10285e-05
8.14634e-05
7.72872e-05
6.43515e-05
4.78697e-05
3.3689e-05
1.78556e-05
5.64437e-06
-8.92521e-06
-3.03529e-05
-5.34231e-05
-8.9352e-05
-0.000121736
-0.00016186
-0.00019471
-0.000228628
-0.000257826
-0.000289525
-0.000314348
-0.000338819
-0.000355785
-0.00036854
-0.000373865
-0.000371632
-0.00036344
-0.000345664
-0.00032474
-0.000294047
-0.000263899
-0.000225662
-0.000191765
-0.000152812
-0.000121179
-8.79595e-05
-6.34606e-05
-4.02263e-05
-2.51825e-05
-1.27901e-05
-6.33681e-06
-2.08797e-06
-5.46114e-07
8.40571e-07
2.68232e-06
7.27155e-06
1.43751e-05
2.69676e-05
4.23501e-05
6.48555e-05
8.85371e-05
0.000119288
0.000148221
0.000182445
0.000211431
0.000242687
0.000265961
0.000288066
0.000301005
0.000309789
0.000310183
0.000304538
0.000293036
0.000274963
0.000254627
0.000228384
0.000203596
0.000174054
0.000148505
0.000120153
9.52304e-05
6.62505e-05
4.50346e-05
2.2527e-05
8.28994e-06
-4.77333e-06
-1.80682e-05
-3.09647e-05
-5.06208e-05
-6.93178e-05
-8.71258e-05
-0.000100377
-0.000100308
-9.47369e-05
-7.59631e-05
-5.56226e-05
-3.53349e-05
-1.82717e-05
-8.48862e-06
-1.84973e-06
1.24516e-06
2.96946e-06
3.97823e-06
-1.14434e-05
-9.28148e-06
-7.56137e-06
-2.38077e-06
-1.59884e-06
6.3137e-06
1.58865e-05
3.04738e-05
5.83654e-05
7.7341e-05
0.000101157
0.000112494
0.000106627
0.000102425
7.30089e-05
5.7517e-05
3.53409e-05
1.67923e-05
1.27703e-05
-6.42659e-06
-8.88221e-06
-2.89018e-05
-3.66428e-05
-5.51035e-05
-6.19144e-05
-7.74986e-05
-8.58182e-05
-9.92539e-05
-0.000107182
-0.000116756
-0.000122597
-0.000126243
-0.000128531
-0.00012515
-0.000123142
-0.000113036
-0.000107029
-9.19599e-05
-8.32742e-05
-6.60881e-05
-5.66972e-05
-4.05639e-05
-3.24702e-05
-1.99734e-05
-1.45396e-05
-6.91611e-06
-4.40645e-06
-1.19237e-06
-6.98436e-07
6.77905e-08
2.71012e-07
1.35003e-06
3.13851e-06
7.12133e-06
1.17847e-05
2.01799e-05
2.78824e-05
4.05666e-05
5.02086e-05
6.54212e-05
7.49629e-05
8.9846e-05
9.69805e-05
0.000108459
0.000111396
0.000117109
0.000115168
0.000114125
0.000107933
0.000100682
9.19052e-05
8.02344e-05
7.09717e-05
5.72601e-05
4.93539e-05
3.53954e-05
3.04111e-05
1.58783e-05
1.25789e-05
-2.372e-06
-3.05265e-06
-1.90906e-05
-2.92499e-05
-4.75909e-05
-7.7254e-05
-9.2821e-05
-0.000120632
-0.0001228
-0.000119443
-0.000105029
-7.42845e-05
-5.36438e-05
-2.63602e-05
-1.13784e-05
-4.78395e-06
4.36986e-06
6.01046e-06
1.3102e-05
1.61504e-05
1.90661e-05
-3.75034e-05
-3.43198e-05
-2.57255e-05
-1.90772e-05
-6.76938e-06
-2.68906e-07
4.30515e-06
1.62785e-05
2.80197e-05
5.10034e-05
8.0904e-05
0.000103652
0.000136041
0.000141384
0.000149355
0.000135035
0.000113004
9.24347e-05
6.22512e-05
4.64115e-05
2.6674e-05
1.64041e-05
7.86426e-06
1.04053e-06
-2.47182e-06
-7.70729e-06
-1.03793e-05
-1.51578e-05
-1.73348e-05
-2.12887e-05
-2.28281e-05
-2.51978e-05
-2.59645e-05
-2.62415e-05
-2.62113e-05
-2.4327e-05
-2.3611e-05
-2.00034e-05
-1.88365e-05
-1.43523e-05
-1.30414e-05
-8.68809e-06
-7.52933e-06
-4.15567e-06
-3.3474e-06
-1.36395e-06
-9.48282e-07
-1.96313e-07
-5.20533e-08
1.24595e-07
2.30572e-07
7.29609e-07
1.04995e-06
2.66018e-06
3.36651e-06
6.44992e-06
7.56134e-06
1.18853e-05
1.32518e-05
1.80359e-05
1.93825e-05
2.35449e-05
2.45555e-05
2.70689e-05
2.7477e-05
2.77006e-05
2.73474e-05
2.52119e-05
2.40542e-05
2.00376e-05
1.81111e-05
1.30285e-05
1.03965e-05
5.1047e-06
1.78349e-06
-3.36352e-06
-7.88488e-06
-1.40132e-05
-2.40023e-05
-3.39249e-05
-5.52888e-05
-7.22225e-05
-0.000101121
-0.000122387
-0.000138202
-0.000150076
-0.000135581
-0.000125976
-9.28685e-05
-6.80778e-05
-4.2685e-05
-2.09677e-05
-1.26837e-05
-1.74532e-06
5.65301e-06
1.42421e-05
3.27289e-05
4.23245e-05
5.31307e-05
5.739e-05
-9.61647e-05
-9.05475e-05
-8.11944e-05
-6.30447e-05
-4.52812e-05
-2.42048e-05
-1.46481e-05
-2.21242e-06
8.32982e-06
2.15577e-05
4.83646e-05
7.55376e-05
0.000111512
0.000146988
0.000168453
0.000192768
0.000186313
0.000188443
0.000166761
0.000154841
0.00013704
0.000125998
0.000118599
0.000114402
0.000113563
0.000111913
0.000109838
0.000106353
0.000103508
9.75191e-05
9.38269e-05
8.57694e-05
8.14367e-05
7.19592e-05
6.72706e-05
5.71677e-05
5.24589e-05
4.25726e-05
3.81863e-05
2.92918e-05
2.55259e-05
1.82216e-05
1.52809e-05
9.90258e-06
7.86493e-06
4.43956e-06
3.24444e-06
1.49504e-06
9.54915e-07
3.5536e-07
1.89693e-07
6.07588e-08
-5.4632e-08
-4.26082e-07
-8.03274e-07
-2.04489e-06
-2.93221e-06
-5.48902e-06
-7.03347e-06
-1.11096e-05
-1.33415e-05
-1.88879e-05
-2.17296e-05
-2.84746e-05
-3.17739e-05
-3.92849e-05
-4.28621e-05
-5.06228e-05
-5.43182e-05
-6.1804e-05
-6.55109e-05
-7.22482e-05
-7.59143e-05
-8.15164e-05
-8.52641e-05
-9.00889e-05
-9.36203e-05
-0.000100787
-0.000110637
-0.000122799
-0.000141845
-0.000152453
-0.000172047
-0.000167585
-0.000168909
-0.000144618
-0.000120114
-8.88718e-05
-5.54862e-05
-3.39134e-05
-1.24218e-05
-8.53964e-07
8.01772e-06
2.51875e-05
3.96927e-05
6.81624e-05
9.25969e-05
0.00011508
0.000126637
0.00013311
-0.00018748
-0.000184922
-0.000175512
-0.000157583
-0.00012014
-8.60223e-05
-5.42645e-05
-2.41011e-05
-1.71675e-05
9.4977e-07
5.44522e-06
2.28076e-05
5.28745e-05
8.14347e-05
0.000136643
0.000174684
0.000223714
0.000258748
0.000275814
0.000299125
0.00029259
0.000307372
0.000301949
0.000314667
0.000316826
0.000326681
0.000324028
0.000326728
0.000318326
0.000312332
0.000298852
0.000284309
0.00026694
0.000245135
0.000225454
0.00019871
0.000178486
0.000149829
0.000130795
0.000103436
8.70514e-05
6.37964e-05
5.10504e-05
3.37504e-05
2.50267e-05
1.4222e-05
9.26108e-06
4.09999e-06
2.06337e-06
5.37593e-07
1.68211e-07
-3.90231e-07
-5.41516e-07
-2.82141e-06
-4.14674e-06
-1.02387e-05
-1.38494e-05
-2.48005e-05
-3.13685e-05
-4.70079e-05
-5.66933e-05
-7.57516e-05
-8.82145e-05
-0.000108667
-0.000123148
-0.000142682
-0.00015812
-0.000174596
-0.000189764
-0.000201567
-0.000215214
-0.000221452
-0.000232434
-0.000232972
-0.000240374
-0.000236138
-0.000240091
-0.000233548
-0.00024153
-0.00023192
-0.000236121
-0.00021788
-0.000198397
-0.000170174
-0.000125474
-9.57925e-05
-5.25725e-05
-3.0868e-05
-1.2552e-05
3.14618e-06
4.60582e-06
2.73464e-05
4.18379e-05
7.99634e-05
0.00012345
0.000163845
0.000208261
0.000228162
0.000237832
0.000240311
-0.00027765
-0.000279124
-0.000286653
-0.000276049
-0.000245722
-0.000211649
-0.000152022
-0.000112671
-6.29456e-05
-3.53292e-05
-1.68708e-05
1.65481e-06
3.2702e-06
2.66207e-05
4.34028e-05
7.95611e-05
0.000130253
0.000173684
0.000244259
0.000284072
0.000348253
0.000379912
0.000427703
0.000452842
0.000488327
0.00050736
0.000530808
0.000540353
0.000548172
0.000545958
0.000536058
0.000521493
0.00049423
0.000468495
0.000426868
0.000392887
0.000342169
0.000304182
0.000251016
0.0002138
0.000164904
0.000132813
9.35888e-05
6.96229e-05
4.30079e-05
2.81682e-05
1.4039e-05
7.15317e-06
2.45378e-06
5.33388e-07
1.29289e-07
-8.17941e-07
-2.77955e-06
-6.69913e-06
-1.52808e-05
-2.50687e-05
-4.329e-05
-6.01067e-05
-8.82658e-05
-0.000111334
-0.00014705
-0.000173948
-0.000212841
-0.000240174
-0.000276965
-0.000301179
-0.000330866
-0.000349002
-0.000367842
-0.000378046
-0.000384146
-0.000385859
-0.000379309
-0.000373173
-0.000355782
-0.000343421
-0.000317812
-0.000301033
-0.000265351
-0.000242676
-0.000193708
-0.000163747
-0.000112588
-7.996e-05
-4.82508e-05
-2.16416e-05
-1.48887e-05
3.76662e-06
8.02035e-06
2.85791e-05
5.8294e-05
9.28368e-05
0.000154367
0.000200987
0.000266068
0.0003039
0.000333314
0.000343996
0.000334283
0.000332211
-0.000314055
-0.000322761
-0.000343349
-0.000348882
-0.000351871
-0.000328322
-0.000296006
-0.000248395
-0.000191706
-0.000143788
-8.98949e-05
-5.86428e-05
-2.52986e-05
-7.88179e-06
6.84235e-06
2.65755e-05
4.09227e-05
7.566e-05
0.000105814
0.000153256
0.000197388
0.000245549
0.000289081
0.000329729
0.000364549
0.000396267
0.000425424
0.00044682
0.000465922
0.000473655
0.000478938
0.000470777
0.000460393
0.0004366
0.000411458
0.000375014
0.000338831
0.000294994
0.000253587
0.000208831
0.000168786
0.000129339
9.63836e-05
6.67539e-05
4.42991e-05
2.61941e-05
1.4489e-05
6.46383e-06
2.63937e-06
6.03421e-07
-3.70725e-07
-1.91337e-06
-5.64042e-06
-1.19741e-05
-2.28957e-05
-3.75776e-05
-5.76318e-05
-8.15215e-05
-0.000109595
-0.000140689
-0.000172999
-0.000207068
-0.000238292
-0.000270071
-0.000294835
-0.00031938
-0.000333633
-0.000347453
-0.000349345
-0.000351037
-0.000341137
-0.000331439
-0.000312316
-0.000293666
-0.000268942
-0.000244232
-0.000217553
-0.000187709
-0.00015697
-0.000122809
-9.40243e-05
-6.17119e-05
-4.39303e-05
-2.13261e-05
-1.13116e-05
3.47703e-06
2.24855e-05
4.30221e-05
8.48845e-05
0.000123917
0.000184994
0.000240098
0.000299019
0.000349422
0.000379012
0.00040119
0.000394155
0.000386179
0.000364072
0.000354309
-0.000283062
-0.000298624
-0.000324407
-0.000356298
-0.000375819
-0.000396125
-0.000380393
-0.000369316
-0.000318952
-0.000276585
-0.000217669
-0.000162746
-0.000120259
-7.33079e-05
-5.47101e-05
-2.5056e-05
-1.69915e-05
9.80424e-07
1.90187e-05
3.6644e-05
6.99581e-05
9.10776e-05
0.000127499
0.000148655
0.000179155
0.000198502
0.000225831
0.000242605
0.000262927
0.000274525
0.000283834
0.000287576
0.000283455
0.000278001
0.000260537
0.000246444
0.000218441
0.000198187
0.000164619
0.000142028
0.000108823
8.80161e-05
6.049e-05
4.46992e-05
2.61092e-05
1.67234e-05
7.39834e-06
3.59156e-06
9.41759e-07
2.55505e-08
-5.4156e-07
-2.14322e-06
-5.68098e-06
-1.11617e-05
-2.15134e-05
-3.256e-05
-5.11052e-05
-6.73075e-05
-9.25244e-05
-0.000111507
-0.000139462
-0.000157662
-0.000183216
-0.000197009
-0.000215313
-0.000222074
-0.000229867
-0.000228647
-0.000224982
-0.000216606
-0.000202876
-0.000189516
-0.000168845
-0.000153267
-0.000129505
-0.000113907
-9.01396e-05
-7.50213e-05
-4.97792e-05
-3.57002e-05
-1.51947e-05
-2.10599e-06
7.83922e-06
2.65564e-05
3.53446e-05
7.00621e-05
9.63993e-05
0.000148953
0.000200357
0.000257926
0.000321817
0.000362649
0.00041199
0.000418704
0.000429423
0.000404957
0.000380937
0.000347111
0.000320089
0.000304192
-0.000201783
-0.000215897
-0.000247592
-0.000280162
-0.000330844
-0.00036237
-0.000403848
-0.000415557
-0.000417508
-0.000400758
-0.000358655
-0.000320645
-0.00025285
-0.000208272
-0.000143264
-0.000104562
-6.5348e-05
-3.65854e-05
-2.4358e-05
-2.39967e-06
-1.41878e-06
1.71446e-05
1.85115e-05
3.44204e-05
3.75467e-05
5.12351e-05
5.69913e-05
6.87905e-05
7.57228e-05
8.41855e-05
9.05912e-05
9.40211e-05
9.80873e-05
9.55363e-05
9.60179e-05
8.7726e-05
8.44349e-05
7.19255e-05
6.58267e-05
5.15735e-05
4.44353e-05
3.11766e-05
2.49027e-05
1.48182e-05
1.07193e-05
4.76017e-06
3.05888e-06
6.74263e-07
4.5002e-07
-1.69819e-07
-5.62638e-07
-1.80207e-06
-4.00404e-06
-7.93707e-06
-1.28399e-05
-2.04657e-05
-2.77654e-05
-3.86401e-05
-4.68769e-05
-5.92624e-05
-6.63341e-05
-7.77872e-05
-8.17236e-05
-8.9886e-05
-8.95731e-05
-9.28727e-05
-8.84429e-05
-8.64725e-05
-7.92283e-05
-7.27055e-05
-6.46254e-05
-5.50101e-05
-4.804e-05
-3.69786e-05
-3.23763e-05
-2.09108e-05
-1.92297e-05
-6.74332e-06
-6.49318e-06
8.52191e-06
1.13857e-05
3.16537e-05
5.00359e-05
7.99693e-05
0.000126502
0.000168042
0.00023689
0.000283751
0.000350122
0.000388334
0.000425109
0.000439907
0.00043148
0.000416858
0.00037077
0.000337089
0.000285029
0.000251875
0.0002211
0.000207056
-0.000123418
-0.00013573
-0.000155067
-0.000188813
-0.000230325
-0.00027655
-0.000325037
-0.000365462
-0.000401123
-0.000415782
-0.000423201
-0.000405386
-0.000381744
-0.000339169
-0.000293548
-0.000242988
-0.00019236
-0.000150056
-0.000109474
-8.20275e-05
-5.64986e-05
-4.11065e-05
-2.72361e-05
-1.8389e-05
-1.04215e-05
-4.15821e-06
1.56176e-06
6.83413e-06
1.11854e-05
1.55353e-05
1.86414e-05
2.16639e-05
2.33979e-05
2.46592e-05
2.49053e-05
2.42294e-05
2.30772e-05
2.07334e-05
1.85717e-05
1.52636e-05
1.27161e-05
9.36407e-06
7.08953e-06
4.49517e-06
2.94217e-06
1.48101e-06
7.14953e-07
1.97162e-07
-1.14509e-07
-3.45406e-07
-7.73022e-07
-1.53747e-06
-2.61985e-06
-4.52236e-06
-6.5071e-06
-9.64403e-06
-1.23542e-05
-1.62372e-05
-1.91232e-05
-2.28505e-05
-2.5201e-05
-2.77968e-05
-2.90063e-05
-2.97773e-05
-2.95476e-05
-2.83023e-05
-2.66862e-05
-2.37278e-05
-2.10005e-05
-1.69078e-05
-1.33267e-05
-8.62435e-06
-4.19209e-06
9.44755e-07
6.66634e-06
1.27112e-05
2.09547e-05
2.99107e-05
4.46026e-05
6.0964e-05
8.79226e-05
0.000117365
0.000159173
0.000203403
0.000253789
0.000304622
0.000348205
0.000388986
0.000409753
0.000424658
0.000414737
0.000397425
0.000360457
0.000318688
0.000270392
0.000224371
0.000183962
0.000151243
0.000133026
0.00012129
-5.50379e-05
-6.15632e-05
-7.63052e-05
-9.66854e-05
-0.000134513
-0.000169988
-0.000228997
-0.000273074
-0.000333145
-0.000372025
-0.000408986
-0.000430143
-0.000429298
-0.000426834
-0.00038775
-0.000364314
-0.000303335
-0.000268697
-0.000210839
-0.0001765
-0.000137509
-0.000110689
-9.07436e-05
-7.19872e-05
-6.2521e-05
-4.84645e-05
-4.29105e-05
-3.16449e-05
-2.87957e-05
-1.98922e-05
-1.86765e-05
-1.19484e-05
-1.15431e-05
-6.77212e-06
-6.6783e-06
-3.6013e-06
-3.58969e-06
-1.8685e-06
-1.86815e-06
-1.09099e-06
-1.09101e-06
-8.26929e-07
-8.27341e-07
-7.18619e-07
-7.26134e-07
-5.75102e-07
-6.13841e-07
-4.17605e-07
-5.25081e-07
-4.32716e-07
-6.31907e-07
-8.35738e-07
-1.10028e-06
-1.70566e-06
-1.94853e-06
-2.87866e-06
-2.98487e-06
-3.96116e-06
-3.85563e-06
-4.45773e-06
-4.16874e-06
-3.94161e-06
-3.60884e-06
-2.1608e-06
-1.95544e-06
9.95204e-07
1.02958e-06
5.67827e-06
5.80704e-06
1.23346e-05
1.32567e-05
2.18984e-05
2.47392e-05
3.58006e-05
4.19365e-05
5.59876e-05
6.68873e-05
8.57519e-05
0.000107604
0.000134273
0.000174532
0.000208162
0.000264823
0.000298151
0.000354777
0.000376781
0.000410275
0.000412041
0.000408882
0.000388323
0.00035035
0.000313253
0.00025498
0.000213245
0.000157559
0.00012422
8.93541e-05
7.0417e-05
5.73541e-05
5.13537e-05
-2.22951e-05
-2.65737e-05
-3.13172e-05
-4.62377e-05
-6.19842e-05
-9.20193e-05
-0.000122618
-0.000166492
-0.000210432
-0.000257129
-0.000304568
-0.000339838
-0.000378215
-0.000391121
-0.000409208
-0.000396772
-0.000389635
-0.000358886
-0.000332164
-0.000296065
-0.000262449
-0.000231609
-0.0002021
-0.000179352
-0.000156389
-0.000139256
-0.000119463
-0.000105832
-8.93972e-05
-7.86968e-05
-6.55195e-05
-5.73287e-05
-4.7103e-05
-4.09452e-05
-3.322e-05
-2.8658e-05
-2.29502e-05
-1.9619e-05
-1.54798e-05
-1.30837e-05
-1.01298e-05
-8.43226e-06
-6.35711e-06
-5.17678e-06
-3.75128e-06
-2.96118e-06
-2.02584e-06
-1.5467e-06
-9.94133e-07
-7.73694e-07
-5.21332e-07
-5.02691e-07
-4.59414e-07
-5.49927e-07
-5.83363e-07
-6.37664e-07
-5.48637e-07
-3.71514e-07
1.20585e-07
7.57995e-07
2.01853e-06
3.36483e-06
5.83693e-06
8.16342e-06
1.23509e-05
1.59747e-05
2.24125e-05
2.77269e-05
3.69338e-05
4.44204e-05
5.68322e-05
6.70276e-05
8.29066e-05
9.63062e-05
0.000115719
0.00013293
0.000155686
0.000178554
0.000207139
0.000237508
0.00026898
0.000303554
0.000327589
0.00035608
0.000361522
0.000372174
0.000354815
0.000341904
0.000306864
0.000273737
0.000231165
0.000188054
0.000149023
0.000108953
8.20533e-05
5.49205e-05
4.11964e-05
2.78951e-05
2.38216e-05
2.00487e-05
-2.00189e-06
-4.01761e-06
-4.62894e-06
-1.18463e-05
-1.80863e-05
-3.34658e-05
-5.36565e-05
-7.86747e-05
-0.000117773
-0.000150427
-0.000202795
-0.000237433
-0.00029038
-0.000319327
-0.000357268
-0.000373604
-0.000383974
-0.000384801
-0.000367323
-0.000355507
-0.000322862
-0.000304908
-0.000272074
-0.000253333
-0.000225584
-0.000207903
-0.000183081
-0.00016661
-0.000145306
-0.000130335
-0.000112899
-9.96151e-05
-8.59063e-05
-7.43386e-05
-6.39132e-05
-5.4016e-05
-4.62974e-05
-3.80037e-05
-3.24082e-05
-2.5652e-05
-2.16625e-05
-1.63774e-05
-1.35758e-05
-9.68049e-06
-7.75232e-06
-5.12921e-06
-3.85048e-06
-2.32307e-06
-1.53884e-06
-8.5191e-07
-4.47627e-07
-2.56203e-07
-1.22156e-07
3.9031e-09
1.5208e-08
5.65993e-07
6.8655e-07
2.16653e-06
2.75515e-06
5.62521e-06
7.19188e-06
1.1814e-05
1.50112e-05
2.1611e-05
2.71823e-05
3.58408e-05
4.45261e-05
5.51998e-05
6.76106e-05
8.01641e-05
9.66513e-05
0.000110884
0.000131419
0.000147065
0.000171156
0.000187965
0.000214925
0.000232761
0.000263758
0.000280776
0.000310144
0.000321357
0.000335629
0.000335273
0.000324104
0.000309893
0.000274967
0.000249713
0.000202897
0.000172711
0.000127556
9.90127e-05
6.61444e-05
4.40667e-05
2.77812e-05
1.39949e-05
9.31968e-06
2.77953e-06
2.52663e-06
7.12321e-07
8.02536e-06
7.07881e-06
4.90979e-06
1.38961e-06
-4.31442e-06
-1.22228e-05
-2.29616e-05
-3.82816e-05
-5.69165e-05
-8.19767e-05
-0.000109344
-0.000142613
-0.000175861
-0.000211423
-0.000244155
-0.000273322
-0.000297293
-0.000312495
-0.000322121
-0.000321575
-0.000317346
-0.000305573
-0.000292558
-0.000275843
-0.000259479
-0.000241546
-0.000224277
-0.000206449
-0.00018936
-0.000172341
-0.000156049
-0.000140321
-0.000125246
-0.000111081
-9.74897e-05
-8.50291e-05
-7.30937e-05
-6.24151e-05
-5.22553e-05
-4.34032e-05
-3.51011e-05
-2.80913e-05
-2.16781e-05
-1.64775e-05
-1.19043e-05
-8.39995e-06
-5.50528e-06
-3.47394e-06
-1.9577e-06
-1.04651e-06
-4.61511e-07
-1.8698e-07
4.66158e-08
2.76921e-07
8.30776e-07
1.67268e-06
3.24455e-06
5.35115e-06
8.58148e-06
1.25252e-05
1.79102e-05
2.41072e-05
3.19266e-05
4.05804e-05
5.08581e-05
6.19362e-05
7.44444e-05
8.76925e-05
0.000101995
0.000116981
0.000132503
0.000148671
0.000164763
0.00018148
0.000197476
0.000214079
0.000229068
0.000244378
0.000256139
0.000266741
0.000270443
0.000270805
0.000262254
0.00024879
0.000228018
0.000202806
0.000175007
0.000144855
0.000117081
8.92844e-05
6.66453e-05
4.58576e-05
3.03836e-05
1.75356e-05
8.27882e-06
1.3101e-06
-3.97738e-06
-7.26197e-06
-9.29774e-06
-1.01856e-05
3.18916e-05
3.0902e-05
2.88018e-05
2.37515e-05
1.85882e-05
7.91466e-06
6.20019e-06
-9.19731e-06
-1.04796e-05
-3.09197e-05
-3.90577e-05
-6.44017e-05
-8.44388e-05
-0.000112012
-0.000144007
-0.000168584
-0.000205726
-0.000221758
-0.000252724
-0.000257619
-0.000274113
-0.000269469
-0.000270782
-0.000260586
-0.000252891
-0.000240625
-0.000229284
-0.000216293
-0.000202449
-0.000189307
-0.000173817
-0.000160898
-0.000144616
-0.000132205
-0.000115953
-0.000104317
-8.88647e-05
-7.82843e-05
-6.43294e-05
-5.51061e-05
-4.32317e-05
-3.56472e-05
-2.62683e-05
-2.05184e-05
-1.38206e-05
-9.94185e-06
-5.82646e-06
-3.63925e-06
-1.69081e-06
-7.79065e-07
-2.70757e-07
-8.58372e-09
4.29759e-08
4.16544e-07
1.14106e-06
2.41005e-06
4.92226e-06
7.76547e-06
1.29727e-05
1.78474e-05
2.62635e-05
3.33303e-05
4.49435e-05
5.40548e-05
6.82944e-05
7.9048e-05
9.48707e-05
0.000106713
0.000122792
0.000135133
0.000150103
0.000162409
0.000175091
0.00018692
0.000196481
0.000207407
0.000213128
0.000222137
0.000219832
0.000223959
0.000208766
0.000204592
0.000177864
0.000164162
0.000133573
0.000112719
8.77258e-05
6.4427e-05
4.99238e-05
2.83673e-05
2.33018e-05
5.44735e-06
4.81034e-06
-9.31775e-06
-1.18907e-05
-2.21392e-05
-2.82209e-05
-3.30334e-05
-3.52318e-05
-3.60826e-05
7.73233e-05
7.61825e-05
7.4537e-05
6.56743e-05
5.91929e-05
4.23059e-05
3.81729e-05
2.18187e-05
1.8409e-05
5.49344e-06
-3.0358e-06
-1.50766e-05
-3.3143e-05
-4.75519e-05
-7.54316e-05
-9.33207e-05
-0.000125631
-0.000144718
-0.000172078
-0.00018785
-0.000202988
-0.000211855
-0.000213653
-0.000215676
-0.000209115
-0.000207146
-0.000197507
-0.000193299
-0.000181248
-0.000175143
-0.000161415
-0.00015359
-0.000138912
-0.000129682
-0.000114789
-0.000104639
-9.02612e-05
-7.98468e-05
-6.66828e-05
-5.6773e-05
-4.5443e-05
-3.6804e-05
-2.77788e-05
-2.10228e-05
-1.45442e-05
-9.97959e-06
-5.99045e-06
-3.51706e-06
-1.62276e-06
-7.08905e-07
-1.87042e-07
5.2968e-08
1.83509e-07
8.18163e-07
1.66827e-06
3.71579e-06
6.34944e-06
1.05362e-05
1.57738e-05
2.2348e-05
3.05919e-05
3.92499e-05
5.0379e-05
6.03336e-05
7.37039e-05
8.38796e-05
9.84399e-05
0.000107738
0.000122233
0.000129778
0.000142981
0.000148276
0.000159192
0.000162142
0.0001701
0.000170712
0.000175395
0.000172603
0.00016994
0.000161738
0.000147882
0.000134492
0.000110995
9.54288e-05
6.88942e-05
5.45032e-05
3.26466e-05
2.06346e-05
7.21838e-06
-3.96234e-06
-1.00084e-05
-2.33379e-05
-2.63337e-05
-4.36423e-05
-4.85497e-05
-6.60546e-05
-7.32565e-05
-8.19618e-05
-8.35644e-05
-8.44289e-05
0.000146357
0.000145298
0.000143485
0.000135555
0.000114103
9.8616e-05
7.10052e-05
5.55424e-05
3.34718e-05
2.09251e-05
6.87971e-06
-4.94561e-06
-1.35525e-05
-2.75394e-05
-3.46677e-05
-5.17181e-05
-6.04816e-05
-7.84005e-05
-8.91555e-05
-0.000103817
-0.000114095
-0.000122288
-0.000129009
-0.000130917
-0.0001339
-0.000131933
-0.000133555
-0.000129352
-0.000129294
-0.000123196
-0.000121201
-0.000113385
-0.000109325
-0.000100105
-9.41244e-05
-8.39855e-05
-7.65445e-05
-6.61421e-05
-5.79879e-05
-4.80895e-05
-4.01396e-05
-3.15106e-05
-2.46635e-05
-1.79153e-05
-1.28343e-05
-8.27497e-06
-5.20499e-06
-2.73446e-06
-1.41088e-06
-4.98088e-07
-1.85096e-07
5.46366e-08
3.9296e-07
1.02688e-06
2.45709e-06
4.50224e-06
7.82106e-06
1.2003e-05
1.74914e-05
2.4058e-05
3.137e-05
4.00181e-05
4.82511e-05
5.81942e-05
6.61305e-05
7.62945e-05
8.27394e-05
9.20266e-05
9.613e-05
0.000103666
0.000105117
0.000110406
0.000109443
0.00011239
0.0001096
0.000110211
0.000106308
0.000103611
9.70875e-05
8.94351e-05
8.07713e-05
6.82685e-05
5.98988e-05
4.52317e-05
3.85005e-05
2.47199e-05
1.83635e-05
6.64874e-06
-2.60176e-06
-1.35724e-05
-2.91612e-05
-4.20251e-05
-6.57437e-05
-8.20049e-05
-0.000110587
-0.000126547
-0.000147888
-0.000155597
-0.000156487
-0.000157266
0.000246565
0.000249541
0.000249831
0.000245192
0.000218115
0.000195989
0.000160924
0.000131918
0.000104936
7.71271e-05
6.24225e-05
3.77831e-05
3.27052e-05
1.0621e-05
1.00509e-05
-1.00173e-05
-1.16014e-05
-2.89962e-05
-3.46901e-05
-4.79112e-05
-5.65176e-05
-6.43983e-05
-7.22094e-05
-7.53437e-05
-8.1027e-05
-8.12644e-05
-8.61492e-05
-8.4723e-05
-8.81969e-05
-8.53301e-05
-8.67784e-05
-8.25148e-05
-8.15514e-05
-7.60066e-05
-7.25978e-05
-6.6029e-05
-6.05582e-05
-5.3408e-05
-4.66469e-05
-3.95235e-05
-3.24932e-05
-2.60757e-05
-1.98196e-05
-1.47042e-05
-1.00258e-05
-6.55881e-06
-3.80067e-06
-1.95519e-06
-8.88312e-07
-2.33127e-07
-1.0306e-07
1.14277e-07
3.83925e-07
1.0531e-06
2.54466e-06
4.45476e-06
7.91239e-06
1.15292e-05
1.70909e-05
2.24202e-05
2.95195e-05
3.61048e-05
4.35922e-05
5.06508e-05
5.71103e-05
6.37612e-05
6.79239e-05
7.34214e-05
7.45324e-05
7.84211e-05
7.64293e-05
7.85699e-05
7.40835e-05
7.45652e-05
6.86084e-05
6.74552e-05
6.10712e-05
5.74561e-05
5.00555e-05
4.25298e-05
3.55698e-05
2.35206e-05
1.97575e-05
3.80284e-06
3.15336e-06
-1.59092e-05
-1.72642e-05
-3.91881e-05
-4.64945e-05
-7.17217e-05
-8.91902e-05
-0.000117871
-0.000147133
-0.000176742
-0.000212821
-0.000234875
-0.000261508
-0.000265404
-0.000263802
-0.00026033
0.000357362
0.000365317
0.000367839
0.000365094
0.000341088
0.00030713
0.000275111
0.000225761
0.000200565
0.000150995
0.000136899
9.42152e-05
8.88735e-05
5.54013e-05
5.42119e-05
2.98336e-05
2.78614e-05
1.09333e-05
5.31689e-06
-6.24709e-06
-1.45056e-05
-2.21341e-05
-2.97622e-05
-3.44985e-05
-4.02378e-05
-4.33188e-05
-4.80602e-05
-5.0215e-05
-5.35786e-05
-5.48786e-05
-5.62863e-05
-5.66031e-05
-5.56846e-05
-5.48778e-05
-5.15961e-05
-4.96294e-05
-4.43481e-05
-4.13896e-05
-3.48499e-05
-3.13027e-05
-2.44919e-05
-2.09243e-05
-1.48558e-05
-1.18444e-05
-7.30171e-06
-5.24221e-06
-2.56071e-06
-1.5207e-06
-4.78426e-07
-1.55256e-07
-1.76003e-08
1.70934e-07
4.5149e-07
1.16639e-06
2.64027e-06
4.37692e-06
7.76118e-06
1.06506e-05
1.60692e-05
1.98048e-05
2.66972e-05
3.06245e-05
3.78687e-05
4.12098e-05
4.74348e-05
4.9557e-05
5.35445e-05
5.41563e-05
5.51919e-05
5.43773e-05
5.24257e-05
5.0506e-05
4.61573e-05
4.34592e-05
3.76852e-05
3.42559e-05
2.78763e-05
2.30618e-05
1.58063e-05
8.3182e-06
1.54824e-06
-1.00986e-05
-1.39939e-05
-3.18408e-05
-3.30455e-05
-5.94164e-05
-6.14403e-05
-9.75816e-05
-0.000105074
-0.0001503
-0.000167
-0.000218229
-0.00024551
-0.000295252
-0.000328108
-0.000361297
-0.000384748
-0.000386094
-0.00038228
-0.000373556
0.000504604
0.000512723
0.000524229
0.000523598
0.000505479
0.000475735
0.000433546
0.000388585
0.000337591
0.000291581
0.000242794
0.000202633
0.000161005
0.000129136
9.67245e-05
7.32148e-05
5.01456e-05
3.36078e-05
1.83194e-05
6.92936e-06
-2.70983e-06
-1.02445e-05
-1.60251e-05
-2.07386e-05
-2.412e-05
-2.71982e-05
-2.94278e-05
-3.15806e-05
-3.30316e-05
-3.43304e-05
-3.50476e-05
-3.53641e-05
-3.52453e-05
-3.44393e-05
-3.33772e-05
-3.14123e-05
-2.94152e-05
-2.64594e-05
-2.37353e-05
-2.01914e-05
-1.71488e-05
-1.35845e-05
-1.07347e-05
-7.72603e-06
-5.5185e-06
-3.46091e-06
-2.11796e-06
-1.07891e-06
-4.99202e-07
-1.76329e-07
4.44784e-08
2.3284e-07
6.6196e-07
1.3762e-06
2.52958e-06
4.26464e-06
6.39782e-06
9.28457e-06
1.22728e-05
1.6005e-05
1.9368e-05
2.32917e-05
2.63617e-05
2.96997e-05
3.18657e-05
3.39859e-05
3.49063e-05
3.55175e-05
3.51992e-05
3.43853e-05
3.30891e-05
3.11712e-05
2.9195e-05
2.64994e-05
2.39205e-05
2.04943e-05
1.69437e-05
1.21481e-05
6.3427e-06
-1.06977e-06
-1.08776e-05
-2.23604e-05
-3.84634e-05
-5.58888e-05
-8.07387e-05
-0.000106154
-0.000141107
-0.000175516
-0.000219756
-0.000262313
-0.000313022
-0.000360553
-0.000412301
-0.000457545
-0.000499286
-0.000528194
-0.000545061
-0.000544269
-0.000531512
-0.000522623
0.000639432
0.000650211
0.000686093
0.000692069
0.000674492
0.000651144
0.000594086
0.000553367
0.00047866
0.000433969
0.000356901
0.000315496
0.000245206
0.000210211
0.000153403
0.000125636
8.6384e-05
6.53522e-05
4.28226e-05
2.74849e-05
1.68967e-05
6.29074e-06
2.40303e-06
-4.64038e-06
-5.62795e-06
-1.04805e-05
-1.07091e-05
-1.40843e-05
-1.41105e-05
-1.621e-05
-1.64582e-05
-1.73021e-05
-1.78359e-05
-1.74174e-05
-1.80319e-05
-1.64078e-05
-1.68121e-05
-1.41946e-05
-1.41964e-05
-1.09895e-05
-1.05997e-05
-7.34575e-06
-6.76055e-06
-4.00304e-06
-3.48438e-06
-1.59619e-06
-1.31843e-06
-3.65455e-07
-3.10809e-07
-1.33611e-08
2.69064e-08
2.08367e-07
5.22215e-07
1.1979e-06
1.98112e-06
3.60308e-06
4.81373e-06
7.49237e-06
8.81375e-06
1.22542e-05
1.32056e-05
1.67958e-05
1.69572e-05
1.99757e-05
1.92224e-05
2.10784e-05
1.9691e-05
2.00851e-05
1.86425e-05
1.75737e-05
1.66395e-05
1.42632e-05
1.40012e-05
1.04239e-05
1.03439e-05
5.39288e-06
4.52106e-06
-2.52758e-06
-6.68114e-06
-1.72794e-05
-2.90505e-05
-4.47579e-05
-6.98014e-05
-9.20862e-05
-0.000135003
-0.000165034
-0.000225821
-0.000263632
-0.00033709
-0.000381049
-0.000459635
-0.000505922
-0.000580299
-0.000621374
-0.000676767
-0.000699394
-0.000714873
-0.000707618
-0.00066991
-0.000658423
0.000786156
0.000809513
0.000846288
0.000872768
0.000858986
0.000845763
0.00079401
0.000751129
0.00068177
0.000622872
0.000550504
0.000484992
0.000418615
0.000353179
0.000299481
0.000239558
0.000202558
0.000152128
0.000131005
9.17768e-05
8.18906e-05
5.33787e-05
4.96982e-05
2.97193e-05
2.87342e-05
1.45914e-05
1.43629e-05
4.58749e-06
4.56131e-06
-1.72997e-06
-1.97798e-06
-5.58096e-06
-6.11432e-06
-7.71959e-06
-8.33358e-06
-8.48473e-06
-8.88865e-06
-8.02898e-06
-8.03084e-06
-6.57291e-06
-6.18344e-06
-4.53919e-06
-3.95446e-06
-2.49927e-06
-1.98103e-06
-9.71096e-07
-6.93559e-07
-1.86888e-07
-1.32285e-07
3.33901e-08
7.36258e-08
2.19689e-07
5.33288e-07
1.00998e-06
1.79259e-06
2.82953e-06
4.03922e-06
5.6402e-06
6.96054e-06
8.88924e-06
9.8399e-06
1.17e-05
1.18613e-05
1.32215e-05
1.24687e-05
1.2951e-05
1.15648e-05
1.08253e-05
9.38386e-06
6.9792e-06
6.04572e-06
1.2651e-06
1.00329e-06
-7.19472e-06
-7.27465e-06
-2.02121e-05
-2.1082e-05
-4.05958e-05
-4.45817e-05
-7.35405e-05
-8.4703e-05
-0.000125555
-0.000149312
-0.000202681
-0.000243461
-0.000307308
-0.000365075
-0.000434612
-0.000504219
-0.000573084
-0.000647014
-0.000707936
-0.000776996
-0.000820558
-0.000870663
-0.000883634
-0.00089532
-0.000868168
-0.000829566
-0.000805816
0.000922196
0.000957119
0.00099549
0.00104024
0.0010306
0.00102599
0.000979775
0.00093427
0.000870325
0.000797809
0.000730296
0.000641955
0.000579728
0.000485578
0.000435057
0.000345057
0.000310142
0.000232488
0.000212668
0.000151315
0.000142079
9.6985e-05
9.34965e-05
6.15385e-05
6.05557e-05
3.78095e-05
3.75812e-05
2.18788e-05
2.18526e-05
1.16794e-05
1.14316e-05
5.27352e-06
4.74056e-06
1.2612e-06
6.47665e-07
-1.14743e-06
-1.55105e-06
-2.31928e-06
-2.32114e-06
-2.48288e-06
-2.09371e-06
-1.94015e-06
-1.35585e-06
-1.10669e-06
-5.88828e-07
-3.92224e-07
-1.14891e-07
-2.15241e-08
3.30395e-08
7.66846e-08
1.16891e-07
2.30174e-07
5.43543e-07
8.35963e-07
1.61799e-06
2.11318e-06
3.32198e-06
3.92498e-06
5.24435e-06
5.77308e-06
6.72304e-06
6.98096e-06
7.14214e-06
6.96659e-06
6.21441e-06
5.42456e-06
4.03933e-06
2.2502e-06
8.09802e-07
-2.832e-06
-3.76479e-06
-1.07719e-05
-1.10336e-05
-2.35106e-05
-2.35905e-05
-4.39239e-05
-4.4792e-05
-7.58492e-05
-7.96801e-05
-0.000125642
-0.000136241
-0.000200378
-0.000222943
-0.000305099
-0.0003439
-0.000439328
-0.000494033
-0.000593423
-0.000658991
-0.000751374
-0.000820539
-0.000895432
-0.00095915
-0.00100558
-0.00105022
-0.00105495
-0.00106254
-0.00101765
-0.000977499
-0.000942473
0.00108158
0.00111667
0.00115961
0.00120658
0.00122273
0.00122289
0.00119786
0.00115781
0.00110287
0.00103547
0.00096276
0.000878915
0.000797877
0.000707523
0.000627019
0.000539916
0.00046805
0.000392254
0.00033396
0.000273663
0.000229841
0.000185118
0.000153865
0.000121875
9.99456e-05
7.71928e-05
6.16295e-05
4.59225e-05
3.54732e-05
2.5297e-05
1.86571e-05
1.24966e-05
8.50302e-06
5.02121e-06
2.77237e-06
9.7428e-07
-1.40579e-07
-9.12459e-07
-1.29118e-06
-1.45696e-06
-1.38843e-06
-1.23877e-06
-9.66481e-07
-7.20588e-07
-4.43063e-07
-2.4867e-07
-7.95274e-08
1.27174e-08
7.79349e-08
1.21237e-07
1.92111e-07
3.05233e-07
5.29034e-07
8.20783e-07
1.28843e-06
1.7819e-06
2.45624e-06
3.05628e-06
3.76458e-06
4.28937e-06
4.78666e-06
5.0403e-06
5.10134e-06
4.92198e-06
4.38475e-06
3.59221e-06
2.28274e-06
4.9212e-07
-1.97799e-06
-5.62048e-06
-1.00981e-05
-1.71061e-05
-2.50202e-05
-3.74998e-05
-5.07579e-05
-7.10964e-05
-9.17455e-05
-0.000122843
-0.00015422
-0.000199895
-0.000245552
-0.000308774
-0.000370672
-0.000451125
-0.000527907
-0.000620601
-0.000706393
-0.000802139
-0.00088774
-0.000975759
-0.00105153
-0.00112142
-0.00117776
-0.00121883
-0.00124405
-0.00124408
-0.00122756
-0.00118046
-0.00113711
-0.00110192
0.00120958
0.00124479
0.00132445
0.00137364
0.00141334
0.00141842
0.00140869
0.00137451
0.00132398
0.00126235
0.00118121
0.00110259
0.00100042
0.000914593
0.000802743
0.00071927
0.000610535
0.000537275
0.000442234
0.000383387
0.000307512
0.000263395
0.000207047
0.000175148
0.000134309
0.00011157
8.21704e-05
6.64732e-05
4.67651e-05
3.65953e-05
2.443e-05
1.82734e-05
1.13928e-05
7.91321e-06
4.36929e-06
2.57233e-06
9.37815e-07
1.66422e-07
-4.6999e-07
-6.3567e-07
-7.95853e-07
-6.46287e-07
-6.11195e-07
-3.65457e-07
-2.81831e-07
-8.75606e-08
-2.02359e-08
7.19509e-08
1.18714e-07
1.61989e-07
2.23595e-07
3.36646e-07
4.54388e-07
7.45954e-07
9.31381e-07
1.42454e-06
1.64518e-06
2.24484e-06
2.44344e-06
2.96789e-06
3.09534e-06
3.34881e-06
3.35604e-06
3.17678e-06
2.90039e-06
2.10835e-06
1.02256e-06
-7.66927e-07
-3.87186e-06
-7.51207e-06
-1.47633e-05
-2.1767e-05
-3.61412e-05
-4.86129e-05
-7.3441e-05
-9.37667e-05
-0.000132072
-0.000163096
-0.00021929
-0.000264458
-0.000342587
-0.000404527
-0.000504097
-0.000582223
-0.00069707
-0.000786351
-0.000904785
-0.000996207
-0.00110423
-0.00118721
-0.00127269
-0.00133696
-0.00139021
-0.00142553
-0.00143688
-0.00143205
-0.00139345
-0.00134414
-0.00126523
-0.00122992
0.00132224
0.00136214
0.00146947
0.00152911
0.00158445
0.00160055
0.00160127
0.00157702
0.00153046
0.00147589
0.00139087
0.00131545
0.00120151
0.00111474
0.000984629
0.000896344
0.000765798
0.000684623
0.000567759
0.000499118
0.0004042
0.000349788
0.00027876
0.000237087
0.000185464
0.000154105
0.000116602
9.39426e-05
6.88435e-05
5.33961e-05
3.80464e-05
2.81293e-05
1.96081e-05
1.35989e-05
9.33485e-06
5.91838e-06
4.00544e-06
2.23282e-06
1.4629e-06
6.87524e-07
4.06116e-07
1.84165e-07
8.96024e-08
1.10098e-07
8.49201e-08
1.48223e-07
1.5498e-07
1.77271e-07
2.07286e-07
2.13864e-07
2.62231e-07
3.45702e-07
3.95941e-07
6.44774e-07
6.65079e-07
1.09343e-06
1.05418e-06
1.56886e-06
1.47752e-06
1.89651e-06
1.81534e-06
1.91284e-06
1.89623e-06
1.41352e-06
1.30415e-06
-1.37263e-07
-1.05897e-06
-4.15815e-06
-7.57235e-06
-1.35902e-05
-2.23758e-05
-3.32577e-05
-5.13207e-05
-6.95209e-05
-0.000101056
-0.000129109
-0.000177498
-0.000217883
-0.000288599
-0.000344169
-0.000441568
-0.000513889
-0.000635827
-0.000722851
-0.000860219
-0.000955568
-0.00109303
-0.00118679
-0.00130736
-0.00138856
-0.00147865
-0.00153722
-0.00158721
-0.00161384
-0.00161551
-0.00160071
-0.00154728
-0.00148833
-0.00138241
-0.00134272
0.00142687
0.00147838
0.00158634
0.00166894
0.00172728
0.0017649
0.00177017
0.00176293
0.00172143
0.00167602
0.00159597
0.00151988
0.00141063
0.00131293
0.00118708
0.00107879
0.000951781
0.000844234
0.000729904
0.000632033
0.000538563
0.000455405
0.000384869
0.000317302
0.000265711
0.00021219
0.000174708
0.000134152
0.000109066
8.0055e-05
6.47137e-05
4.5133e-05
3.66163e-05
2.41074e-05
1.98457e-05
1.22683e-05
1.03564e-05
6.01172e-06
5.24222e-06
2.90087e-06
2.61961e-06
1.44366e-06
1.34915e-06
7.91415e-07
7.66251e-07
4.93388e-07
5.00141e-07
3.43015e-07
3.73014e-07
2.85392e-07
3.33733e-07
3.41346e-07
3.91557e-07
5.30927e-07
5.5122e-07
8.13636e-07
7.74401e-07
1.07144e-06
9.80144e-07
1.12882e-06
1.04768e-06
7.44863e-07
7.28261e-07
-5.33944e-07
-6.4325e-07
-3.75316e-06
-4.67437e-06
-1.11388e-05
-1.45511e-05
-2.66787e-05
-3.54595e-05
-5.63081e-05
-7.43614e-05
-0.000107285
-0.000138804
-0.000186718
-0.000235079
-0.000300204
-0.00037053
-0.0004548
-0.000551004
-0.00065352
-0.000773285
-0.000888463
-0.0010227
-0.00114043
-0.00127403
-0.0013815
-0.00149772
-0.00158254
-0.00166794
-0.0017203
-0.00176545
-0.00177783
-0.00177508
-0.00174118
-0.0016848
-0.00160479
-0.00149825
-0.00144774
0.00152376
0.00158603
0.00169457
0.00179843
0.00185954
0.00191709
0.00192658
0.00193509
0.00189828
0.00186135
0.00178591
0.0017092
0.0016043
0.00149647
0.00137456
0.00124775
0.00112401
0.000992045
0.00088006
0.000755121
0.00066299
0.000553213
0.000483133
0.000391585
0.000340024
0.000265981
0.000228518
0.000171388
0.000146315
0.000104743
8.94093e-05
6.08794e-05
5.2367e-05
3.3839e-05
2.95794e-05
1.81488e-05
1.62378e-05
9.51121e-06
8.7421e-06
4.95056e-06
4.66945e-06
2.61002e-06
2.51556e-06
1.42236e-06
1.39721e-06
8.13032e-07
8.19782e-07
4.96505e-07
5.26489e-07
3.5163e-07
3.99947e-07
3.37312e-07
3.87498e-07
4.25496e-07
4.4578e-07
5.54526e-07
5.1531e-07
6.108e-07
5.19546e-07
4.17883e-07
3.36789e-07
-3.36755e-07
-3.53349e-07
-2.33741e-06
-2.44666e-06
-7.10171e-06
-8.02245e-06
-1.76033e-05
-2.10139e-05
-3.87995e-05
-4.75759e-05
-7.76543e-05
-9.56985e-05
-0.000142257
-0.00017376
-0.000240068
-0.000288402
-0.000376438
-0.000446403
-0.000557252
-0.000652349
-0.000782828
-0.000900579
-0.00104183
-0.00117317
-0.00131163
-0.00144164
-0.0015618
-0.001674
-0.00176217
-0.00184324
-0.00188984
-0.00193051
-0.0019297
-0.00192286
-0.00187127
-0.00181215
-0.00171265
-0.00160552
-0.001545
0.00161428
0.00168574
0.00179424
0.00191647
0.00198149
0.00205674
0.00207125
0.00209381
0.00206234
0.00203297
0.00196264
0.00188539
0.0017851
0.00166825
0.00155019
0.00140692
0.00128587
0.00113228
0.00102155
0.000872774
0.000780491
0.00064741
0.000576137
0.000463786
0.000410613
0.000318917
0.000279748
0.000208361
0.000181861
0.000129484
0.000113025
7.67966e-05
6.74497e-05
4.37438e-05
3.89013e-05
2.41559e-05
2.1861e-05
1.30853e-05
1.20767e-05
7.03766e-06
6.61413e-06
3.79468e-06
3.61851e-06
2.06466e-06
1.99349e-06
1.14151e-06
1.12224e-06
6.56023e-07
6.70831e-07
4.20927e-07
4.60047e-07
3.36975e-07
3.81812e-07
3.32596e-07
3.50658e-07
3.27192e-07
2.87545e-07
2.09627e-07
1.14263e-07
-2.02769e-07
-3.06244e-07
-1.29872e-06
-1.38494e-06
-3.98998e-06
-4.26272e-06
-1.0247e-05
-1.14878e-05
-2.37495e-05
-2.77074e-05
-5.03602e-05
-5.99751e-05
-9.79933e-05
-0.000117206
-0.000175494
-0.000208495
-0.000290626
-0.000340495
-0.000448395
-0.000519638
-0.000653697
-0.000749259
-0.000904247
-0.00102127
-0.00118542
-0.00131474
-0.00147139
-0.0015983
-0.00172952
-0.00183783
-0.00192877
-0.00200539
-0.00204668
-0.00208257
-0.00206984
-0.00205841
-0.00199098
-0.00192825
-0.00181185
-0.00170491
-0.00163583
0.00170689
0.00177842
0.00188199
0.00200541
0.00208986
0.00216796
0.00220365
0.00222994
0.00221705
0.00219174
0.0021345
0.00206134
0.00196684
0.00185403
0.00173338
0.00159387
0.00146155
0.00131107
0.00118136
0.00103472
0.000918152
0.000786154
0.000688335
0.000576182
0.00049746
0.000405803
0.000344157
0.000272801
0.000227529
0.000175175
0.000143942
0.000107729
8.74399e-05
6.37442e-05
5.12684e-05
3.65294e-05
2.92105e-05
2.04387e-05
1.62991e-05
1.12622e-05
8.9778e-06
6.15957e-06
4.91619e-06
3.363e-06
2.69107e-06
1.83945e-06
1.48052e-06
1.01451e-06
8.31373e-07
5.81576e-07
5.00913e-07
3.77894e-07
3.5318e-07
3.03985e-07
2.93159e-07
2.69703e-07
2.2421e-07
1.46327e-07
-3.20269e-09
-3.20098e-07
-7.1618e-07
-1.70823e-06
-2.70353e-06
-5.30745e-06
-7.71513e-06
-1.36968e-05
-1.91214e-05
-3.13778e-05
-4.25003e-05
-6.51433e-05
-8.57538e-05
-0.000123756
-0.000158323
-0.000216586
-0.000269325
-0.000351421
-0.000424965
-0.000532706
-0.000629734
-0.000762924
-0.000883204
-0.00103642
-0.00117393
-0.00133544
-0.00147845
-0.00163183
-0.00176445
-0.00189208
-0.00199822
-0.00208544
-0.00215278
-0.00219032
-0.00221132
-0.00219506
-0.00216566
-0.00209549
-0.0020158
-0.00189823
-0.0017976
-0.00172844
0.00179086
0.00186247
0.00196383
0.00208834
0.00219083
0.00227157
0.00232682
0.00235659
0.00236085
0.00233931
0.00229413
0.00222479
0.00213552
0.00202646
0.00190324
0.00176722
0.00162429
0.00147669
0.00132926
0.0011846
0.00104547
0.000914476
0.000792041
0.000680072
0.000577661
0.00048604
0.000403582
0.000332254
0.000269623
0.00021729
0.000172413
0.000136215
0.000105834
8.21478e-05
6.26402e-05
4.79071e-05
3.59649e-05
2.71966e-05
2.0178e-05
1.51431e-05
1.11487e-05
8.33154e-06
6.10785e-06
4.55528e-06
3.33154e-06
2.48025e-06
1.80927e-06
1.34344e-06
9.78284e-07
7.28586e-07
5.37691e-07
4.14721e-07
3.26079e-07
2.76905e-07
2.39916e-07
2.1647e-07
1.66766e-07
8.89135e-08
-1.0785e-07
-4.2462e-07
-1.08485e-06
-2.07651e-06
-3.89958e-06
-6.50246e-06
-1.08619e-05
-1.68412e-05
-2.6101e-05
-3.83525e-05
-5.60575e-05
-7.86916e-05
-0.000109426
-0.000147413
-0.00019615
-0.00025439
-0.00032538
-0.000407443
-0.000502935
-0.000610528
-0.000731469
-0.000863858
-0.00100711
-0.00115869
-0.00131532
-0.00147437
-0.00163025
-0.00178059
-0.00191871
-0.00204301
-0.00214727
-0.00223103
-0.00228985
-0.00232391
-0.00233115
-0.00231162
-0.00226563
-0.00219291
-0.00209748
-0.00197883
-0.0018817
-0.00181248
0.00183904
0.00191068
0.00204702
0.00217266
0.00229406
0.0023775
0.00245114
0.0024844
0.00250416
0.00248637
0.00245112
0.00238553
0.00229883
0.00219341
0.00206469
0.00193198
0.00177595
0.00163104
0.00146451
0.00132166
0.00115987
0.00102977
0.000883949
0.000772145
0.000647738
0.000556152
0.000454476
0.000383175
0.000304917
0.000252602
0.000195805
0.00015962
0.000120668
9.69909e-05
7.16648e-05
5.69371e-05
4.12556e-05
3.24905e-05
2.31872e-05
1.81542e-05
1.28225e-05
1.00065e-05
7.02359e-06
5.47159e-06
3.82168e-06
2.97071e-06
2.05682e-06
1.59116e-06
1.08152e-06
8.31916e-07
5.51873e-07
4.28949e-07
2.90084e-07
2.40927e-07
1.90697e-07
1.6726e-07
1.3607e-07
5.82465e-08
-1.27749e-07
-4.44401e-07
-1.22219e-06
-2.21347e-06
-4.5406e-06
-7.14253e-06
-1.28383e-05
-1.88154e-05
-3.08954e-05
-4.31424e-05
-6.59698e-05
-8.85955e-05
-0.000127622
-0.000165595
-0.000226517
-0.000284735
-0.000372105
-0.000454138
-0.000569777
-0.000677241
-0.000820904
-0.000952585
-0.00111901
-0.00126912
-0.00144647
-0.00160325
-0.00177474
-0.0019222
-0.00206893
-0.00218997
-0.00229509
-0.00237542
-0.00242773
-0.00245828
-0.0024532
-0.00243034
-0.00236866
-0.00229332
-0.0021811
-0.00206134
-0.00193096
-0.0018617
0.00188365
0.00195532
0.00212406
0.00225074
0.00238965
0.0024756
0.00256626
0.00260276
0.00263687
0.00262255
0.00259651
0.00253439
0.00245007
0.00234802
0.0022142
0.00208457
0.0019164
0.00177398
0.00158976
0.00144859
0.00126581
0.00113655
0.000969061
0.00085741
0.000712635
0.000621079
0.000501607
0.00043033
0.0003376
0.000285304
0.000217467
0.000181295
0.000134406
0.000110737
8.00221e-05
6.52994e-05
4.61551e-05
3.73929e-05
2.5974e-05
2.09426e-05
1.43727e-05
1.15575e-05
7.87162e-06
6.32015e-06
4.27559e-06
3.42491e-06
2.28606e-06
1.82057e-06
1.17713e-06
9.27605e-07
5.65007e-07
4.42124e-07
2.56749e-07
2.0761e-07
1.45118e-07
1.21688e-07
1.07644e-07
2.98468e-08
-1.46176e-07
-4.6272e-07
-1.34937e-06
-2.34032e-06
-5.13423e-06
-7.73526e-06
-1.46685e-05
-2.06435e-05
-3.53354e-05
-4.75782e-05
-7.51492e-05
-9.77672e-05
-0.000144473
-0.000182432
-0.000254638
-0.000312836
-0.000415375
-0.00049738
-0.000631677
-0.00073902
-0.000903725
-0.00103475
-0.00122265
-0.00137138
-0.00156792
-0.0017226
-0.00190855
-0.00205333
-0.00220805
-0.00232608
-0.00243198
-0.00250914
-0.00255541
-0.00258272
-0.00256622
-0.00254027
-0.00246408
-0.0023863
-0.00225853
-0.00213774
-0.00197657
-0.00190728
0.00191596
0.00198983
0.00216932
0.00229995
0.00244727
0.00253663
0.00263661
0.00267599
0.00271883
0.00270633
0.00268724
0.00262529
0.00254561
0.00244178
0.00230997
0.00217671
0.00200767
0.00186015
0.00167231
0.00152509
0.00133659
0.00120095
0.00102658
0.00090879
0.000757081
0.00065988
0.000534511
0.000458408
0.000360882
0.000304715
0.000233219
0.000194123
0.000144603
0.00011885
8.63489e-05
7.02234e-05
4.99308e-05
4.02741e-05
2.81535e-05
2.2579e-05
1.55984e-05
1.24666e-05
8.54751e-06
6.81628e-06
4.64082e-06
3.68873e-06
2.47527e-06
1.95147e-06
1.26363e-06
9.79331e-07
5.89337e-07
4.45718e-07
2.44905e-07
1.85602e-07
1.19043e-07
9.39288e-08
8.55925e-08
6.27323e-09
-1.66395e-07
-5.10712e-07
-1.4334e-06
-2.53789e-06
-5.48654e-06
-8.39345e-06
-1.5737e-05
-2.23701e-05
-3.79279e-05
-5.13854e-05
-8.05292e-05
-0.000105139
-0.00015439
-0.00019531
-0.000271255
-0.000333485
-0.00044105
-0.000528111
-0.000668725
-0.000781878
-0.000953351
-0.00109066
-0.0012847
-0.0014396
-0.00164066
-0.00180078
-0.00198881
-0.00213774
-0.00229183
-0.00241232
-0.00251499
-0.00259275
-0.00263341
-0.00265969
-0.00263564
-0.00260756
-0.002523
-0.00244246
-0.00230697
-0.00218273
-0.00201135
-0.00194006
0.0019413
0.00201836
0.00219797
0.00233526
0.0024834
0.00257981
0.00268106
0.00272711
0.00277138
0.00276407
0.0027464
0.00268732
0.00260904
0.0025052
0.00237471
0.00223842
0.00207051
0.00191719
0.0017302
0.00157513
0.00138716
0.0012426
0.00106846
0.000941773
0.00079011
0.000684733
0.000559401
0.000476311
0.000378813
0.000317044
0.000245569
0.00020224
0.000152735
0.000123966
9.14742e-05
7.33185e-05
5.30318e-05
4.20805e-05
2.99634e-05
2.36031e-05
1.66245e-05
1.30345e-05
9.11658e-06
7.12524e-06
4.95041e-06
3.85159e-06
2.63849e-06
2.03032e-06
1.34269e-06
1.00807e-06
6.1819e-07
4.44573e-07
2.4382e-07
1.69816e-07
1.03277e-07
7.57249e-08
6.73911e-08
-1.41412e-08
-1.86759e-07
-5.71273e-07
-1.49369e-06
-2.76246e-06
-5.71025e-06
-9.05973e-06
-1.64011e-05
-2.39864e-05
-3.95397e-05
-5.4755e-05
-8.38902e-05
-0.000111384
-0.00016062
-0.000205825
-0.000281748
-0.000349814
-0.000457348
-0.000551731
-0.000692303
-0.000813889
-0.000985181
-0.00113136
-0.00132497
-0.0014881
-0.00168844
-0.00185509
-0.00204216
-0.00219514
-0.00234808
-0.00246979
-0.00257121
-0.00264741
-0.00268677
-0.00270914
-0.00268376
-0.00265017
-0.00256441
-0.00247778
-0.00234148
-0.0022113
-0.00203978
-0.0019656
0.00196477
0.00204477
0.00222451
0.00236797
0.00251686
0.0026198
0.00272222
0.00277445
0.00282003
0.00281753
0.00280119
0.00274476
0.00266777
0.00256394
0.00243466
0.00229556
0.0021287
0.00197001
0.00178382
0.00162146
0.001434
0.00128118
0.00110724
0.000972318
0.000820697
0.000707748
0.00058245
0.00049289
0.000395419
0.000328461
0.000257005
0.000209757
0.000160265
0.000128703
9.62205e-05
7.61847e-05
5.59036e-05
4.37533e-05
3.16396e-05
2.45514e-05
1.75747e-05
1.35605e-05
9.64358e-06
7.41135e-06
5.23711e-06
4.00242e-06
2.78964e-06
2.10335e-06
1.41591e-06
1.03468e-06
6.4491e-07
4.43514e-07
2.42815e-07
1.55198e-07
8.86768e-08
5.88669e-08
5.05354e-08
-3.30463e-08
-2.05617e-07
-6.27356e-07
-1.54953e-06
-2.97043e-06
-5.91742e-06
-9.67674e-06
-1.70162e-05
-2.54832e-05
-4.10323e-05
-5.78754e-05
-8.70028e-05
-0.000117166
-0.00016639
-0.000215563
-0.000291465
-0.000364936
-0.000472441
-0.000573605
-0.000714138
-0.000843534
-0.00101466
-0.00116905
-0.00136225
-0.00153301
-0.00173269
-0.00190539
-0.00209157
-0.0022483
-0.00240018
-0.00252301
-0.00262328
-0.00269803
-0.00273618
-0.00275493
-0.00272832
-0.00268964
-0.00260275
-0.00251048
-0.00237345
-0.00223775
-0.00206612
-0.00198926
0.0019865
0.00206923
0.00224908
0.00239825
0.00254785
0.00265683
0.00276035
0.00281828
0.00286509
0.00286705
0.00285193
0.00279796
0.00272216
0.00261833
0.00249018
0.00234848
0.0021826
0.00201893
0.00183347
0.00166437
0.00147736
0.0013169
0.00114315
0.0010006
0.000849023
0.000729062
0.000603796
0.000508244
0.000410797
0.000339034
0.000267596
0.000216718
0.000167239
0.00013309
0.000100616
7.8839e-05
5.8563e-05
4.53025e-05
3.31918e-05
2.54296e-05
1.84547e-05
1.40475e-05
1.01316e-05
7.6763e-06
5.50262e-06
4.14209e-06
2.92962e-06
2.17098e-06
1.48371e-06
1.05933e-06
6.69654e-07
4.42532e-07
2.41884e-07
1.41661e-07
7.51562e-08
4.32554e-08
3.49259e-08
-5.05535e-08
-2.23081e-07
-6.79293e-07
-1.60123e-06
-3.16302e-06
-6.10927e-06
-1.02481e-05
-1.75857e-05
-2.68694e-05
-4.24145e-05
-6.07652e-05
-8.98852e-05
-0.000122522
-0.000171732
-0.000224581
-0.000300464
-0.000378941
-0.000486418
-0.000593862
-0.000734358
-0.000870986
-0.00104196
-0.00120395
-0.00139678
-0.0015746
-0.00177367
-0.00195197
-0.00213732
-0.00229753
-0.00244842
-0.00257229
-0.0026715
-0.00274491
-0.00278194
-0.00279734
-0.00276959
-0.00272619
-0.00263826
-0.00254076
-0.00240305
-0.00226226
-0.00209051
-0.00201117
0.00200663
0.00209188
0.00227183
0.0024263
0.00257654
0.00269113
0.00279565
0.00285888
0.00290682
0.0029129
0.00289892
0.00284722
0.00277253
0.0026687
0.0025416
0.00239749
0.0022325
0.00206423
0.00187945
0.0017041
0.00151753
0.00134998
0.00117641
0.0010268
0.000875254
0.0007488
0.000623563
0.000522462
0.000425038
0.000348825
0.000277404
0.000223165
0.000173697
0.000137153
0.000104686
8.1297e-05
6.10257e-05
4.67371e-05
3.46292e-05
2.62429e-05
1.92696e-05
1.44985e-05
1.05836e-05
7.92167e-06
5.74849e-06
4.27143e-06
3.05925e-06
2.23361e-06
1.5465e-06
1.08215e-06
6.92569e-07
4.41624e-07
2.41022e-07
1.29125e-07
6.26352e-08
2.87982e-08
2.04707e-08
-6.67663e-08
-2.39254e-07
-7.2739e-07
-1.64911e-06
-3.34137e-06
-6.28693e-06
-1.07773e-05
-1.81131e-05
-2.81531e-05
-4.36946e-05
-6.34413e-05
-9.25545e-05
-0.000127481
-0.00017668
-0.000232932
-0.000308797
-0.000391909
-0.000499361
-0.000612621
-0.000753083
-0.000896409
-0.00106724
-0.00123628
-0.00142876
-0.00161311
-0.00181162
-0.00199511
-0.00217969
-0.00234312
-0.0024931
-0.00261794
-0.00271615
-0.00278832
-0.00282431
-0.00283661
-0.00280781
-0.00276003
-0.00267114
-0.00256881
-0.00243046
-0.00228495
-0.00211309
-0.00203146
0.00202526
0.00211286
0.00229291
0.00245227
0.00260312
0.00272289
0.00282834
0.00289648
0.00294546
0.00295536
0.00294243
0.00289284
0.00281918
0.00271535
0.00258921
0.00244287
0.00227872
0.00210618
0.00192203
0.0017409
0.00155472
0.00138061
0.0012072
0.00105106
0.000899546
0.000767079
0.000641869
0.000535629
0.000438226
0.000357892
0.000286486
0.000229134
0.000179677
0.000140916
0.000108456
8.35733e-05
6.33064e-05
4.80656e-05
3.59604e-05
2.69961e-05
2.00242e-05
1.49162e-05
1.10021e-05
8.14889e-06
5.97618e-06
4.39121e-06
3.17929e-06
2.2916e-06
1.60464e-06
1.10329e-06
7.13789e-07
4.40782e-07
2.40224e-07
1.17515e-07
5.10401e-08
1.54099e-08
7.08416e-09
-8.17804e-08
-2.54231e-07
-7.7193e-07
-1.69345e-06
-3.50654e-06
-6.45146e-06
-1.12673e-05
-1.86016e-05
-2.93418e-05
-4.488e-05
-6.59195e-05
-9.50264e-05
-0.000132073
-0.000181262
-0.000240665
-0.000316514
-0.000403919
-0.000511348
-0.000629993
-0.000770424
-0.000919952
-0.00109065
-0.00126621
-0.00145837
-0.00164878
-0.00184676
-0.00203506
-0.00221893
-0.00238534
-0.00253447
-0.0026602
-0.0027575
-0.00282852
-0.00286356
-0.00287298
-0.0028432
-0.00279137
-0.00270159
-0.00259478
-0.00245585
-0.00230596
-0.00213401
-0.00205025
0.00204252
0.00213228
0.00231242
0.00247632
0.00262773
0.0027523
0.00285862
0.00293129
0.00298124
0.00299468
0.00298272
0.00293509
0.00286238
0.00275855
0.00263331
0.0024849
0.00232152
0.00214503
0.00196147
0.00177498
0.00158916
0.00140898
0.00123572
0.00107352
0.000922042
0.000784006
0.000658821
0.000547822
0.000450439
0.000366289
0.000294897
0.000234663
0.000185215
0.0001444
0.000111947
8.56813e-05
6.54185e-05
4.9296e-05
3.71931e-05
2.76935e-05
2.07231e-05
1.5303e-05
1.13897e-05
8.35932e-06
6.18704e-06
4.50214e-06
3.29046e-06
2.34531e-06
1.65849e-06
1.12286e-06
7.33441e-07
4.40003e-07
2.39485e-07
1.06764e-07
4.03023e-08
3.01148e-09
-5.31257e-09
-9.56843e-08
-2.681e-07
-8.13178e-07
-1.73452e-06
-3.65949e-06
-6.60383e-06
-1.17211e-05
-1.90539e-05
-3.04427e-05
-4.59777e-05
-6.82144e-05
-9.73156e-05
-0.000136326
-0.000185505
-0.000247827
-0.000323661
-0.000415041
-0.000522448
-0.00064608
-0.000786482
-0.000941754
-0.00111233
-0.00129393
-0.00148579
-0.00168181
-0.00187931
-0.00207205
-0.00225527
-0.00242443
-0.00257279
-0.00269935
-0.00279579
-0.00286575
-0.0028999
-0.00290665
-0.00287597
-0.0028204
-0.00272979
-0.00261883
-0.00247936
-0.00232542
-0.00215338
-0.00206765
0.00205301
0.00214301
0.00231238
0.00247764
0.00262681
0.002754
0.00285741
0.00293325
0.00298018
0.00299684
0.00298208
0.00293754
0.0028624
0.0027614
0.00263426
0.0024882
0.00232356
0.00214869
0.0019645
0.0017788
0.00159287
0.00141273
0.0012396
0.0010769
0.00092555
0.000786985
0.000661853
0.000550401
0.000452915
0.0003684
0.000296801
0.00023629
0.000186593
0.000145581
0.000112887
8.64893e-05
6.6026e-05
4.98187e-05
3.75658e-05
2.80147e-05
2.09416e-05
1.54915e-05
1.15131e-05
8.46567e-06
6.25483e-06
4.5603e-06
3.32709e-06
2.37641e-06
1.67834e-06
1.13941e-06
7.44612e-07
4.49198e-07
2.45963e-07
1.12272e-07
4.20808e-08
4.63157e-09
-1.45823e-08
-1.05089e-07
-3.06184e-07
-8.53886e-07
-1.83778e-06
-3.77353e-06
-6.8342e-06
-1.19805e-05
-1.95012e-05
-3.09524e-05
-4.67525e-05
-6.91043e-05
-9.85287e-05
-0.000137728
-0.000187236
-0.000249837
-0.000325923
-0.000417682
-0.000525176
-0.000649282
-0.000789615
-0.000945373
-0.00111575
-0.00129746
-0.00148921
-0.00168471
-0.00188247
-0.00207395
-0.002258
-0.00242521
-0.00257503
-0.00269913
-0.00279764
-0.00286483
-0.00290152
-0.0029053
-0.00287748
-0.00281893
-0.00273115
-0.00261769
-0.00248043
-0.00232518
-0.0021637
-0.00207776
0.00206214
0.00215213
0.00231096
0.00247619
0.00262458
0.00275175
0.00285462
0.00293041
0.00297708
0.00299368
0.00297901
0.00293437
0.00285972
0.00275862
0.00263228
0.00248614
0.00232248
0.00214756
0.00196433
0.00177863
0.00159347
0.00141335
0.00124069
0.00107802
0.000926876
0.000788334
0.000663255
0.000551822
0.000454227
0.000369727
0.000297909
0.000237409
0.000187452
0.000146447
0.000113504
8.71105e-05
6.64389e-05
5.02344e-05
3.78255e-05
2.82761e-05
2.10963e-05
1.56472e-05
1.16012e-05
8.55433e-06
6.30346e-06
4.60922e-06
3.35366e-06
2.40314e-06
1.69339e-06
1.15455e-06
7.54178e-07
4.58814e-07
2.52758e-07
1.1909e-07
4.50293e-08
7.58651e-09
-2.29213e-08
-1.13412e-07
-3.44255e-07
-8.91863e-07
-1.94066e-06
-3.87608e-06
-7.05745e-06
-1.22029e-05
-1.99187e-05
-3.13679e-05
-4.74432e-05
-6.97911e-05
-9.95514e-05
-0.000138744
-0.000188595
-0.000251185
-0.000327534
-0.000419277
-0.000526863
-0.000650948
-0.000791158
-0.000946888
-0.00111681
-0.00129849
-0.00148943
-0.00168492
-0.00188163
-0.00207315
-0.00225609
-0.00242338
-0.00257227
-0.00269646
-0.00279438
-0.00286167
-0.00289818
-0.00290205
-0.00287444
-0.00281596
-0.0027287
-0.00261526
-0.00247878
-0.00232356
-0.00217241
-0.00208647
0.00207059
0.00216058
0.00230964
0.00247485
0.00262252
0.00274967
0.00285204
0.00292779
0.00297421
0.00299074
0.00297616
0.00293144
0.00285723
0.00275604
0.00263045
0.00248423
0.00232147
0.00214652
0.00196417
0.00177847
0.00159403
0.00141394
0.0012417
0.00107906
0.000928103
0.000789584
0.000664553
0.000553138
0.000455443
0.000370956
0.000298936
0.000238446
0.000188248
0.000147249
0.000114075
8.76858e-05
6.68213e-05
5.06194e-05
3.80661e-05
2.85182e-05
2.12396e-05
1.57913e-05
1.16828e-05
8.63643e-06
6.34849e-06
4.65452e-06
3.37826e-06
2.42789e-06
1.70733e-06
1.16858e-06
7.63036e-07
4.67719e-07
2.5905e-07
1.25403e-07
4.77598e-08
1.0323e-08
-3.06436e-08
-1.2112e-07
-3.79511e-07
-9.27032e-07
-2.03593e-06
-3.97104e-06
-7.26419e-06
-1.24088e-05
-2.03052e-05
-3.17526e-05
-4.80828e-05
-7.04272e-05
-0.000100499
-0.000139685
-0.000189853
-0.000252433
-0.000329025
-0.000420754
-0.000528426
-0.00065249
-0.000792587
-0.00094829
-0.0011178
-0.00129945
-0.00148964
-0.00168512
-0.00188085
-0.00207241
-0.00225432
-0.00242169
-0.0025697
-0.00269399
-0.00279135
-0.00285874
-0.00289509
-0.00289904
-0.00287164
-0.0028132
-0.00272643
-0.00261302
-0.00247726
-0.00232205
-0.00218047
-0.00209454
0.00207842
0.0021684
0.00230841
0.00247361
0.0026206
0.00274774
0.00284965
0.00292536
0.00297156
0.00298802
0.00297352
0.00292873
0.00285492
0.00275366
0.00262875
0.00248246
0.00232055
0.00214555
0.00196402
0.00177832
0.00159454
0.00141447
0.00124263
0.00108002
0.00092924
0.000790741
0.000665756
0.000554357
0.000456568
0.000372094
0.000299887
0.000239406
0.000188985
0.000147992
0.000114604
8.82185e-05
6.71754e-05
5.09759e-05
3.82889e-05
2.87424e-05
2.13724e-05
1.59248e-05
1.17584e-05
8.71246e-06
6.39019e-06
4.69647e-06
3.40104e-06
2.45081e-06
1.72024e-06
1.18157e-06
7.71239e-07
4.75966e-07
2.64877e-07
1.3125e-07
5.02884e-08
1.28571e-08
-3.77951e-08
-1.28258e-07
-4.12161e-07
-9.596e-07
-2.12416e-06
-4.05898e-06
-7.45565e-06
-1.25995e-05
-2.06632e-05
-3.21089e-05
-4.86752e-05
-7.10162e-05
-0.000101376
-0.000140556
-0.000191018
-0.000253589
-0.000330407
-0.000422122
-0.000529873
-0.000653919
-0.000793911
-0.000949589
-0.00111872
-0.00130034
-0.00148982
-0.00168531
-0.00188013
-0.00207173
-0.00225268
-0.00242012
-0.00256733
-0.0026917
-0.00278856
-0.00285603
-0.00289222
-0.00289625
-0.00286904
-0.00281065
-0.00272433
-0.00261094
-0.00247584
-0.00232066
-0.00218794
-0.00210202
0.00208566
0.00217564
0.00230728
0.00247246
0.00261883
0.00274596
0.00284743
0.00292311
0.0029691
0.00298551
0.00297108
0.00292622
0.00285279
0.00275145
0.00262718
0.00248083
0.00231968
0.00214465
0.00196389
0.00177818
0.00159502
0.00141497
0.0012435
0.00108091
0.000930293
0.000791813
0.000666869
0.000555486
0.000457611
0.000373148
0.000300768
0.000240295
0.000189667
0.00014868
0.000115094
8.87119e-05
6.75033e-05
5.1306e-05
3.84952e-05
2.895e-05
2.14952e-05
1.60485e-05
1.18284e-05
8.78288e-06
6.42881e-06
4.73532e-06
3.42214e-06
2.47204e-06
1.7322e-06
1.1936e-06
7.78836e-07
4.83603e-07
2.70274e-07
1.36665e-07
5.26301e-08
1.52039e-08
-4.44177e-08
-1.34868e-07
-4.42396e-07
-9.89761e-07
-2.20586e-06
-4.14042e-06
-7.63295e-06
-1.27761e-05
-2.09947e-05
-3.24388e-05
-4.92237e-05
-7.15617e-05
-0.000102188
-0.000141363
-0.000192097
-0.000254659
-0.000331686
-0.000423389
-0.000531213
-0.000655242
-0.000795137
-0.000950792
-0.00111956
-0.00130116
-0.00149
-0.00168548
-0.00187946
-0.00207109
-0.00225116
-0.00241867
-0.00256513
-0.00268959
-0.00278596
-0.00285351
-0.00288957
-0.00289367
-0.00286663
-0.00280829
-0.00272238
-0.00260901
-0.00247454
-0.00231938
-0.00219486
-0.00210894
)
;

boundaryField
{
    inlet
    {
        type            cyclic;
    }
    outlet
    {
        type            cyclic;
    }
    top
    {
        type            zeroGradient;
    }
    hills
    {
        type            zeroGradient;
    }
    front
    {
        type            empty;
    }
    back
    {
        type            empty;
    }
}


// ************************************************************************* //
