/*--------------------------------*- C++ -*----------------------------------*\
| =========                 |                                                 |
| \\      /  F ield         | OpenFOAM: The Open Source CFD Toolbox           |
|  \\    /   O peration     | Version:  v2106                                 |
|   \\  /    A nd           | Website:  www.openfoam.com                      |
|    \\/     M anipulation  |                                                 |
\*---------------------------------------------------------------------------*/
FoamFile
{
    version     2.0;
    format      ascii;
    arch        "LSB;label=32;scalar=64";
    class       volScalarField;
    location    "0";
    object      expGpCoeffs12;
}
// * * * * * * * * * * * * * * * * * * * * * * * * * * * * * * * * * * * * * //

dimensions      [0 0 0 0 0 0 0];

internalField   nonuniform List<scalar> 
8000
(
0.148632
0.149867
0.150708
0.150208
0.146746
0.140891
0.133267
0.124113
0.114449
0.10423
0.0939871
0.0837573
0.0737705
0.0640582
0.054894
0.0462305
0.0383597
0.0312229
0.0249064
0.019408
0.0145642
0.0104086
0.00658766
0.00313661
-0.00030221
-0.0037427
-0.00732707
-0.0110557
-0.0149158
-0.018903
-0.0229716
-0.0271163
-0.0312838
-0.0354682
-0.0396107
-0.0437049
-0.04769
-0.0515596
-0.0552537
-0.0587665
-0.0620424
-0.0650762
-0.0678198
-0.0702691
-0.0723862
-0.0741678
-0.075588
-0.0766446
-0.0773246
-0.0776271
-0.0775519
-0.0770994
-0.0762816
-0.0751002
-0.0735784
-0.0717189
-0.0695545
-0.0670889
-0.064363
-0.0613812
-0.0581903
-0.0547956
-0.0512484
-0.0475542
-0.043767
-0.0398926
-0.0359858
-0.0320525
-0.0281469
-0.0242746
-0.020487
-0.0167896
-0.0132293
-0.00981085
-0.00654694
-0.00343671
-0.000304087
0.00286705
0.00653068
0.0106531
0.0156999
0.0216352
0.0286707
0.0368067
0.0459054
0.0560327
0.0667831
0.0782097
0.0899358
0.10192
0.113847
0.125673
0.136763
0.147166
0.155759
0.162272
0.166069
0.166528
0.16551
0.164083
0.148533
0.149767
0.150945
0.150449
0.146941
0.141089
0.133349
0.124194
0.114471
0.104249
0.093985
0.0837517
0.0737487
0.0640329
0.0548467
0.04618
0.0382956
0.0311566
0.0248454
0.0193462
0.0145199
0.0103644
0.00657567
0.00312506
-0.000291457
-0.00373151
-0.00731504
-0.0110432
-0.0149075
-0.0188941
-0.0229677
-0.027112
-0.031285
-0.0354689
-0.0396173
-0.043711
-0.047702
-0.0515711
-0.0552709
-0.0587832
-0.0620642
-0.0650976
-0.0678455
-0.0702945
-0.0724147
-0.0741961
-0.0756181
-0.0766747
-0.0773553
-0.0776578
-0.077582
-0.0771296
-0.0763101
-0.0751289
-0.0736044
-0.0717451
-0.0695771
-0.0671119
-0.0643817
-0.0614002
-0.0582045
-0.0548102
-0.0512579
-0.0475641
-0.0437716
-0.0398976
-0.0359854
-0.0320527
-0.0281419
-0.02427
-0.0204775
-0.0167805
-0.0132158
-0.00979783
-0.00653511
-0.00342529
-0.000320383
0.00285037
0.00647123
0.0105937
0.0156153
0.0215517
0.028582
0.0367208
0.0458406
0.0559718
0.0667533
0.0781839
0.0899333
0.101921
0.113877
0.125707
0.136865
0.147269
0.155987
0.162495
0.166337
0.166792
0.165395
0.163968
0.148426
0.149659
0.151202
0.150708
0.147151
0.141304
0.133438
0.124281
0.114495
0.104269
0.0939826
0.0837456
0.0737251
0.0640056
0.0547956
0.0461255
0.0382264
0.031085
0.0247795
0.0192794
0.0144721
0.0103167
0.00656274
0.00311258
-0.000279846
-0.00371942
-0.00730205
-0.0110297
-0.0148985
-0.0188846
-0.0229636
-0.0271072
-0.0312863
-0.0354696
-0.0396244
-0.0437176
-0.047715
-0.0515836
-0.0552895
-0.0588013
-0.0620878
-0.0651208
-0.0678732
-0.0703218
-0.0724455
-0.0742266
-0.0756507
-0.0767071
-0.0773885
-0.077691
-0.0776146
-0.0771622
-0.0763409
-0.0751599
-0.0736324
-0.0717734
-0.0696016
-0.0671367
-0.0644019
-0.0614208
-0.0582199
-0.0548261
-0.0512682
-0.0475749
-0.0437766
-0.0399031
-0.0359851
-0.0320529
-0.0281364
-0.024265
-0.0204672
-0.0167708
-0.0132013
-0.00978378
-0.00652235
-0.00341295
-0.000337979
0.00283236
0.00640702
0.0105295
0.015524
0.0214616
0.0284862
0.036628
0.0457707
0.0559061
0.0667212
0.0781562
0.0899307
0.101923
0.113909
0.125743
0.136974
0.147379
0.156233
0.162736
0.166627
0.167078
0.165271
0.163844
0.14831
0.149543
0.151478
0.150989
0.147378
0.141535
0.133534
0.124375
0.114522
0.104291
0.0939801
0.083739
0.0736996
0.0639761
0.0547405
0.0460666
0.0381516
0.0310077
0.0247083
0.0192072
0.0144205
0.0102652
0.00654876
0.00309911
-0.000267308
-0.00370637
-0.00728802
-0.0110151
-0.0148888
-0.0188743
-0.0229591
-0.0271021
-0.0312877
-0.0354704
-0.0396321
-0.0437247
-0.0477291
-0.0515971
-0.0553096
-0.0588209
-0.0621133
-0.0651458
-0.0679031
-0.0703514
-0.0724787
-0.0742595
-0.0756859
-0.0767421
-0.0774244
-0.0777268
-0.0776498
-0.0771975
-0.0763742
-0.0751933
-0.0736627
-0.071804
-0.069628
-0.0671634
-0.0644236
-0.061443
-0.0582365
-0.0548432
-0.0512792
-0.0475865
-0.0437819
-0.039909
-0.0359847
-0.0320531
-0.0281304
-0.0242597
-0.0204561
-0.0167602
-0.0131856
-0.00976859
-0.00650856
-0.00339963
-0.000356981
0.0028129
0.00633769
0.0104602
0.0154254
0.0213643
0.0283828
0.0365277
0.0456951
0.0558351
0.0666865
0.0781261
0.0899278
0.101925
0.113944
0.125782
0.137092
0.147498
0.156499
0.162997
0.16694
0.167387
0.165136
0.16371
0.148184
0.149418
0.151777
0.151313
0.147623
0.141786
0.133637
0.124477
0.11455
0.104315
0.0939774
0.0837319
0.0736721
0.0639443
0.0546809
0.046003
0.0380709
0.0309243
0.0246315
0.0191293
0.0143648
0.0102095
0.00653368
0.00308456
-0.000253769
-0.00369228
-0.00727287
-0.0109993
-0.0148783
-0.0188631
-0.0229542
-0.0270966
-0.0312892
-0.0354712
-0.0396404
-0.0437323
-0.0477442
-0.0516116
-0.0553313
-0.058842
-0.0621408
-0.0651728
-0.0679354
-0.0703833
-0.0725145
-0.0742951
-0.0757239
-0.07678
-0.0774631
-0.0777654
-0.0776878
-0.0772355
-0.0764101
-0.0752294
-0.0736954
-0.071837
-0.0696565
-0.0671923
-0.0644471
-0.061467
-0.0582544
-0.0548616
-0.0512911
-0.047599
-0.0437877
-0.0399154
-0.0359843
-0.0320533
-0.028124
-0.0242539
-0.0204442
-0.0167488
-0.0131686
-0.0097522
-0.00649368
-0.00338524
-0.0003775
0.0027919
0.00626283
0.0103854
0.0153189
0.0212592
0.0282711
0.0364195
0.0456136
0.0557585
0.066649
0.0780937
0.0899247
0.101927
0.113982
0.125824
0.137219
0.147627
0.156786
0.163278
0.167302
0.167721
0.164991
0.163565
0.148234
0.149481
0.152194
0.151795
0.147971
0.142248
0.1338
0.124722
0.11459
0.104376
0.0939988
0.083781
0.07368
0.0639848
0.0546287
0.0459487
0.0379838
0.0308341
0.0245485
0.0190452
0.0143046
0.0101495
0.00651739
0.00306885
-0.000215048
-0.00365897
-0.00723847
-0.0109709
-0.0148549
-0.0188463
-0.0229433
-0.0270925
-0.0312919
-0.0354808
-0.0396571
-0.0437557
-0.0477749
-0.0516486
-0.0553751
-0.0588916
-0.0621965
-0.0652336
-0.0680013
-0.0704534
-0.0725883
-0.0743721
-0.0758033
-0.0768614
-0.0775453
-0.0778484
-0.0777701
-0.0773175
-0.0764901
-0.0753077
-0.0737704
-0.0719089
-0.0697241
-0.0672558
-0.0645054
-0.0615199
-0.0583015
-0.0549026
-0.0513258
-0.0476267
-0.0438088
-0.039929
-0.0359914
-0.0320526
-0.0281171
-0.0242391
-0.0204234
-0.0167205
-0.013135
-0.00971152
-0.00645452
-0.00333954
-0.000399657
0.00276921
0.00618198
0.0103046
0.0152039
0.0211457
0.0281505
0.0363027
0.0455434
0.0556906
0.0667009
0.0781044
0.089989
0.101957
0.114063
0.125881
0.137508
0.147823
0.157309
0.163671
0.167837
0.168182
0.165056
0.163616
0.148681
0.14995
0.152665
0.152316
0.148502
0.142832
0.134398
0.125358
0.11524
0.105038
0.0946752
0.0844388
0.0743509
0.0646065
0.0552621
0.0465061
0.0385238
0.03125
0.0249771
0.0193515
0.0146352
0.0103954
0.0068041
0.00330234
4.97201e-05
-0.00345568
-0.00703451
-0.010835
-0.0147182
-0.0187834
-0.0228796
-0.0271059
-0.0313045
-0.0355712
-0.0397467
-0.0439214
-0.0479397
-0.0518854
-0.0556112
-0.0591933
-0.0624975
-0.0655919
-0.068359
-0.0708583
-0.0729928
-0.0748123
-0.0762431
-0.0773241
-0.0780079
-0.0783202
-0.0782419
-0.0777842
-0.0769569
-0.0757549
-0.0742179
-0.0723225
-0.0701381
-0.0676224
-0.0648726
-0.0618275
-0.0586097
-0.0551407
-0.0515646
-0.0477871
-0.04397
-0.0400062
-0.0360693
-0.0320436
-0.0281088
-0.0241439
-0.020329
-0.016542
-0.0129572
-0.00945514
-0.00619875
-0.00301107
-0.000110181
0.0031244
0.00648575
0.0107154
0.0155832
0.0216787
0.0286669
0.0369701
0.0462329
0.0564645
0.0674602
0.0789103
0.0907791
0.102753
0.114842
0.126629
0.138239
0.148495
0.157966
0.164261
0.168415
0.168703
0.165575
0.16411
0.149163
0.150456
0.153174
0.152878
0.149076
0.143462
0.135043
0.126045
0.115943
0.105753
0.0954055
0.0851491
0.0750754
0.0652779
0.0559462
0.0471081
0.0391364
0.0317645
0.0254996
0.0197777
0.0150664
0.0107455
0.00715633
0.00358757
0.000335627
-0.00323616
-0.00681426
-0.0106882
-0.0145706
-0.0187154
-0.0228109
-0.0271203
-0.0313181
-0.0356688
-0.0398435
-0.0441003
-0.0481178
-0.052141
-0.0558661
-0.059519
-0.0628225
-0.0659787
-0.0687453
-0.0712955
-0.0734296
-0.0752875
-0.0767181
-0.0778238
-0.0785075
-0.0788297
-0.0787514
-0.0782882
-0.077461
-0.0762378
-0.0747011
-0.0727692
-0.0705852
-0.0680183
-0.0652691
-0.0621596
-0.0589425
-0.0553978
-0.0518224
-0.0479603
-0.044144
-0.0400895
-0.0361534
-0.0320338
-0.0280998
-0.0240412
-0.020227
-0.0163493
-0.0127652
-0.00917829
-0.00592255
-0.00265636
0.000243917
0.00356107
0.00691998
0.0112522
0.016114
0.0223295
0.0293076
0.0377281
0.0469774
0.0573001
0.0682802
0.0797805
0.0916321
0.103612
0.115683
0.127436
0.139029
0.149222
0.158676
0.164898
0.16904
0.169266
0.166135
0.164643
0.149684
0.151003
0.153723
0.153485
0.149695
0.144143
0.13574
0.126786
0.116701
0.106525
0.0961942
0.0859161
0.0758577
0.0660028
0.0566848
0.0477581
0.0397979
0.03232
0.0260638
0.020238
0.015532
0.0111235
0.00753667
0.00389558
0.000644362
-0.00299911
-0.00657643
-0.0105296
-0.0144112
-0.0186421
-0.0227366
-0.0271359
-0.0313328
-0.0357742
-0.0399479
-0.0442934
-0.0483101
-0.0524171
-0.0561414
-0.0598707
-0.0631735
-0.0663964
-0.0691624
-0.0717676
-0.0739013
-0.0758008
-0.077231
-0.0783634
-0.0790469
-0.0793798
-0.0793015
-0.0788323
-0.0780054
-0.0767592
-0.0752229
-0.0732515
-0.071068
-0.0684459
-0.0656972
-0.0625182
-0.0593018
-0.0556754
-0.0521008
-0.0481474
-0.0443319
-0.0401794
-0.0362442
-0.0320233
-0.0280902
-0.0239302
-0.0201169
-0.0161412
-0.0125578
-0.00887933
-0.00562431
-0.00227334
0.000626287
0.00403261
0.00738887
0.011832
0.0166871
0.0230323
0.0299996
0.0385465
0.0477814
0.0582025
0.0691657
0.0807202
0.0925534
0.10454
0.116591
0.128309
0.139882
0.150007
0.159442
0.165586
0.169714
0.169873
0.16674
0.165219
0.150247
0.151594
0.154316
0.15414
0.150364
0.144878
0.136492
0.127587
0.11752
0.107359
0.0970458
0.0867444
0.0767025
0.0667856
0.0574824
0.0484599
0.0405123
0.0329199
0.026673
0.020735
0.0160348
0.0115318
0.00794738
0.00422818
0.000977746
-0.00274313
-0.00631961
-0.0103584
-0.0142391
-0.0185628
-0.0226564
-0.0271528
-0.0313486
-0.035888
-0.0400608
-0.044502
-0.0485177
-0.0527153
-0.0564386
-0.0602505
-0.0635525
-0.0668475
-0.0696128
-0.0722774
-0.0744106
-0.076355
-0.0777849
-0.078946
-0.0796294
-0.0799738
-0.0798956
-0.0794199
-0.0785932
-0.0773223
-0.0757864
-0.0737723
-0.0715893
-0.0689075
-0.0661595
-0.0629055
-0.0596898
-0.0559752
-0.0524014
-0.0483494
-0.0445348
-0.0402765
-0.0363422
-0.032012
-0.0280797
-0.0238103
-0.0199979
-0.0159164
-0.0123339
-0.00855651
-0.00530225
-0.00185974
0.00103919
0.0045418
0.00789521
0.012458
0.017306
0.0237912
0.0307467
0.0394303
0.0486495
0.059177
0.0701218
0.0817349
0.0935481
0.105542
0.117572
0.12925
0.140802
0.150854
0.16027
0.166329
0.170442
0.170529
0.167393
0.165841
0.150854
0.152231
0.154957
0.154848
0.151085
0.145671
0.137305
0.128452
0.118405
0.108259
0.0979654
0.0876388
0.0776147
0.067631
0.0583437
0.0492179
0.0412837
0.0335677
0.0273309
0.0212717
0.0165778
0.0119726
0.00839089
0.00458733
0.00133775
-0.00246672
-0.00604228
-0.0101736
-0.0140533
-0.0184773
-0.0225698
-0.027171
-0.0313658
-0.0360109
-0.0401826
-0.0447272
-0.0487419
-0.0530372
-0.0567596
-0.0606606
-0.0639618
-0.0673346
-0.0700992
-0.072828
-0.0749606
-0.0769534
-0.078383
-0.0795752
-0.0802584
-0.0806153
-0.0805371
-0.0800545
-0.0792279
-0.0779304
-0.0763948
-0.0743347
-0.0721523
-0.0694061
-0.0666588
-0.0633237
-0.0601088
-0.0562989
-0.052726
-0.0485675
-0.0447539
-0.0403814
-0.0364481
-0.0319997
-0.0280685
-0.0236809
-0.0198695
-0.0156737
-0.0120921
-0.00820791
-0.00495449
-0.00141311
0.00148505
0.00509164
0.00844197
0.013134
0.0179744
0.0246107
0.0315535
0.0403846
0.0495869
0.0602292
0.0711543
0.0828306
0.0946223
0.106624
0.118632
0.130267
0.141797
0.151769
0.161163
0.167131
0.171228
0.171238
0.168098
0.166513
0.15151
0.15292
0.155649
0.155612
0.151865
0.146528
0.138182
0.129386
0.11936
0.109232
0.0989584
0.0886046
0.0785998
0.0685438
0.0592738
0.0500363
0.0421166
0.0342672
0.0280413
0.0218512
0.0171641
0.0124486
0.0088698
0.00497516
0.00172649
-0.00216824
-0.00574281
-0.00997396
-0.0138526
-0.0183849
-0.0224763
-0.0271906
-0.0313842
-0.0361436
-0.0403142
-0.0449704
-0.048984
-0.0533849
-0.0571063
-0.0611034
-0.0644037
-0.0678605
-0.0706244
-0.0734224
-0.0755545
-0.0775996
-0.0790288
-0.0802546
-0.0809377
-0.081308
-0.0812298
-0.0807397
-0.0799133
-0.078587
-0.0770519
-0.074942
-0.0727602
-0.0699444
-0.0671979
-0.0637752
-0.0605613
-0.0566485
-0.0530766
-0.0488031
-0.0449905
-0.0404946
-0.0365625
-0.0319865
-0.0280563
-0.0235412
-0.0197308
-0.0154116
-0.011831
-0.00783147
-0.00457895
-0.000930824
0.00196651
0.00568538
0.00903238
0.013864
0.0186961
0.0254956
0.0324248
0.0414152
0.0505992
0.0613655
0.0722693
0.0840139
0.0957822
0.107792
0.119775
0.131366
0.14287
0.152757
0.162128
0.167997
0.172077
0.172003
0.16886
0.167239
0.1527
0.154122
0.156645
0.156587
0.153031
0.147655
0.139501
0.130682
0.120721
0.1106
0.100396
0.0900076
0.0800421
0.0699115
0.0605857
0.0512766
0.0432248
0.0353192
0.0289497
0.0227011
0.017904
0.0131184
0.00949001
0.0055187
0.00225194
-0.00170496
-0.00535297
-0.0096529
-0.0136077
-0.0182146
-0.0223866
-0.0271789
-0.0314549
-0.036293
-0.0405451
-0.0452782
-0.0493699
-0.0538435
-0.0576374
-0.0617008
-0.065066
-0.0685806
-0.0713996
-0.0742454
-0.0764214
-0.0785026
-0.0799631
-0.0812121
-0.0819125
-0.0822923
-0.0822169
-0.0817214
-0.0808827
-0.0795365
-0.0779736
-0.0758295
-0.0736049
-0.0707413
-0.0679381
-0.0644552
-0.0611723
-0.0571885
-0.0535376
-0.0491847
-0.0452853
-0.0407044
-0.0366806
-0.0320166
-0.027993
-0.02339
-0.0194875
-0.0150832
-0.0114147
-0.00733564
-0.00399697
-0.000275204
0.00264208
0.00645545
0.00986607
0.0147867
0.0197588
0.0266302
0.0337369
0.0427907
0.0521304
0.0629746
0.0739323
0.0857543
0.0974555
0.109488
0.12137
0.132934
0.144345
0.154242
0.163386
0.16929
0.173156
0.173104
0.170195
0.168561
0.154515
0.155938
0.157735
0.157691
0.15443
0.149091
0.141389
0.132624
0.122897
0.112833
0.102669
0.0923354
0.0822939
0.0722138
0.0627282
0.0534634
0.0451587
0.0372875
0.0305955
0.024369
0.0192462
0.0144714
0.0105274
0.00655872
0.00302408
-0.000931547
-0.00480323
-0.00910178
-0.0132887
-0.0178942
-0.0223117
-0.0271024
-0.0316294
-0.036466
-0.0409664
-0.045698
-0.0500279
-0.0545
-0.0585148
-0.0625769
-0.0661394
-0.0696529
-0.0726401
-0.0754849
-0.0777948
-0.0798753
-0.0814311
-0.0826797
-0.0834332
-0.0838129
-0.0837457
-0.0832504
-0.0823736
-0.0810278
-0.0793801
-0.0772367
-0.0748821
-0.0720194
-0.0690439
-0.0655621
-0.0620694
-0.0580869
-0.054195
-0.0498436
-0.0456799
-0.0411005
-0.0367977
-0.0321353
-0.0278275
-0.0232259
-0.0190433
-0.0146404
-0.0107049
-0.00662708
-0.00302657
0.000694
0.00393679
0.00774729
0.0115589
0.0164662
0.021855
0.0286987
0.036196
0.0452067
0.0548249
0.0656142
0.0767188
0.0884793
0.100212
0.11218
0.123949
0.135446
0.146534
0.156371
0.164979
0.170843
0.174376
0.174308
0.172216
0.17058
0.156436
0.15786
0.159377
0.159345
0.156108
0.150805
0.143429
0.134721
0.125246
0.115244
0.105123
0.0948492
0.0847255
0.0746999
0.0650417
0.0558247
0.047247
0.0394129
0.0323727
0.02617
0.0206955
0.0159325
0.0116477
0.00768176
0.00385786
-9.63839e-05
-0.0042096
-0.00850665
-0.0129442
-0.0175481
-0.0222309
-0.0270199
-0.0318179
-0.0366527
-0.0414213
-0.0461513
-0.0507383
-0.0552089
-0.0594623
-0.063523
-0.0672986
-0.0708108
-0.0739795
-0.0768234
-0.0792778
-0.0813576
-0.0830162
-0.0842644
-0.0850753
-0.0854548
-0.0853966
-0.0849015
-0.0839835
-0.0826382
-0.080899
-0.0787563
-0.0762613
-0.0733995
-0.070238
-0.0667575
-0.0630382
-0.059057
-0.054905
-0.0505551
-0.046106
-0.0415282
-0.0369242
-0.0322634
-0.0276488
-0.0230488
-0.0185637
-0.0141623
-0.00993831
-0.00586194
-0.00197869
0.00174059
0.00533488
0.00914228
0.013387
0.0182798
0.0241186
0.0309324
0.0388515
0.0478155
0.0577346
0.0684644
0.0797278
0.091422
0.103189
0.115087
0.126733
0.138158
0.148898
0.158669
0.166884
0.172708
0.176205
0.176123
0.174354
0.172716
0.157881
0.159306
0.161993
0.161997
0.158873
0.153645
0.146135
0.137506
0.127939
0.118009
0.107804
0.0975949
0.0872767
0.0773079
0.0673235
0.0581529
0.0491887
0.0413878
0.0339813
0.0277993
0.0220248
0.0172724
0.0127891
0.00882612
0.00483188
0.000879118
-0.0034863
-0.00778173
-0.0125153
-0.0171174
-0.0221166
-0.0269038
-0.0320278
-0.0368609
-0.0419541
-0.0466823
-0.0515821
-0.056051
-0.0605952
-0.0646544
-0.0686898
-0.0722007
-0.0755902
-0.078433
-0.0810622
-0.0831412
-0.0849229
-0.0861706
-0.0870483
-0.0874277
-0.087377
-0.0868821
-0.0859107
-0.084566
-0.0827129
-0.080571
-0.0779039
-0.0750432
-0.0716557
-0.0681764
-0.0641838
-0.0602042
-0.0557399
-0.0513917
-0.0466017
-0.0420256
-0.0370633
-0.0324042
-0.0274259
-0.0228276
-0.0179855
-0.0135858
-0.00902312
-0.00494828
-0.000771801
0.00294607
0.00674434
0.0105485
0.0150421
0.0199222
0.0261395
0.0329276
0.041299
0.0502215
0.0605991
0.0712715
0.0828969
0.0945215
0.106469
0.118289
0.129966
0.141306
0.15208
0.161762
0.170062
0.175801
0.17914
0.179019
0.175938
0.174299
0.159446
0.160876
0.164623
0.164614
0.161837
0.156609
0.149062
0.140518
0.130861
0.121009
0.110702
0.100562
0.0900268
0.0801195
0.0697658
0.0606451
0.0512348
0.0434697
0.0356538
0.0294943
0.0234052
0.0186642
0.0140089
0.0100491
0.00588762
0.00193646
-0.00270082
-0.00699452
-0.0120491
-0.0166494
-0.0219918
-0.0267771
-0.0322549
-0.0370859
-0.0425317
-0.047258
-0.0524974
-0.0569645
-0.0618245
-0.065882
-0.0701996
-0.0737091
-0.0773383
-0.08018
-0.0829989
-0.0850771
-0.0869923
-0.0882395
-0.0891896
-0.0895689
-0.0895261
-0.0890314
-0.088002
-0.0866578
-0.0846809
-0.0825399
-0.0796858
-0.0768263
-0.0731934
-0.0697156
-0.0654263
-0.0614483
-0.0566453
-0.0522988
-0.0471388
-0.0425646
-0.0372136
-0.0325564
-0.0271836
-0.0225872
-0.017358
-0.0129601
-0.00803015
-0.00395697
0.000535492
0.00425186
0.00824761
0.0120484
0.0167554
0.0216217
0.0282351
0.0349955
0.0438753
0.0527532
0.0636648
0.0742754
0.0863142
0.0978638
0.110016
0.121752
0.133478
0.144726
0.155522
0.165106
0.173377
0.179117
0.182035
0.181927
0.177658
0.176014
0.161399
0.162934
0.166691
0.16693
0.164203
0.159257
0.151815
0.143464
0.1339
0.124144
0.113898
0.103733
0.0932435
0.0831846
0.0728471
0.0634634
0.0540352
0.0459348
0.0380865
0.0315832
0.0254594
0.0204236
0.0157578
0.0115467
0.00739158
0.00316179
-0.00149475
-0.00609502
-0.0111725
-0.0161032
-0.0214701
-0.0265989
-0.0321019
-0.0372783
-0.0427493
-0.0478118
-0.0530754
-0.0578594
-0.062742
-0.0670876
-0.0714253
-0.0751854
-0.0788317
-0.081879
-0.0847115
-0.0869436
-0.0888685
-0.0902126
-0.091168
-0.091583
-0.0915409
-0.0910183
-0.0899848
-0.0885481
-0.0865624
-0.0842658
-0.0813983
-0.0783233
-0.0746728
-0.0709255
-0.0666149
-0.0623212
-0.0574938
-0.0527954
-0.0476088
-0.0426577
-0.0372787
-0.0322318
-0.0268305
-0.0218445
-0.0165873
-0.0118121
-0.0068557
-0.0024293
0.00208588
0.00612873
0.0101139
0.014218
0.0189378
0.0241665
0.0308242
0.0379997
0.0469197
0.0561824
0.0671136
0.0779975
0.0900117
0.101681
0.113773
0.125471
0.137117
0.148191
0.158869
0.168186
0.176333
0.181731
0.184593
0.184204
0.179924
0.178165
0.163509
0.165156
0.168924
0.16943
0.166759
0.162116
0.154756
0.146643
0.137168
0.127519
0.117358
0.107154
0.0967433
0.0864966
0.0762302
0.0665222
0.0571528
0.0486391
0.0408333
0.0339023
0.0278038
0.0223897
0.017734
0.0131992
0.0090461
0.00449194
-0.000162386
-0.00511957
-0.0101946
-0.0155101
-0.0208744
-0.026403
-0.0319034
-0.0374818
-0.0429501
-0.0484041
-0.0536652
-0.0588181
-0.0636984
-0.0683793
-0.072715
-0.0767668
-0.0804114
-0.083698
-0.0865292
-0.0889405
-0.0908644
-0.0923214
-0.0932763
-0.093733
-0.0936909
-0.0931358
-0.0921028
-0.0905585
-0.0885738
-0.0860959
-0.0832298
-0.0799039
-0.0762552
-0.0721941
-0.0678856
-0.0632244
-0.0583993
-0.0532912
-0.048107
-0.0427172
-0.0373407
-0.0318404
-0.0264416
-0.021002
-0.0157473
-0.010533
-0.00557892
-0.000741365
0.00377168
0.00819457
0.0121778
0.0166726
0.0213803
0.0270735
0.0336998
0.0413912
0.0502585
0.0599957
0.0708544
0.082077
0.0940049
0.105826
0.117824
0.129484
0.141032
0.151903
0.16248
0.171469
0.179525
0.184555
0.187355
0.186663
0.182371
0.180488
0.165787
0.167555
0.171335
0.17213
0.169519
0.165204
0.157932
0.150076
0.140696
0.131163
0.121094
0.110848
0.100523
0.090073
0.0798835
0.0698251
0.0605193
0.0515592
0.0437993
0.0364064
0.0303355
0.0245128
0.019868
0.0149836
0.0108327
0.00592829
0.00127635
-0.00406624
-0.00913869
-0.0148695
-0.0202312
-0.0261914
-0.0316891
-0.0377015
-0.043167
-0.0490437
-0.0543021
-0.0598534
-0.0647311
-0.0697741
-0.0741076
-0.0784745
-0.0821172
-0.0856622
-0.0884919
-0.0910968
-0.0930197
-0.0945986
-0.095553
-0.0960547
-0.0960126
-0.0954224
-0.0943899
-0.0927294
-0.0907457
-0.0880721
-0.0852075
-0.0816108
-0.0779639
-0.073564
-0.0692577
-0.0641998
-0.0593771
-0.0538266
-0.0486451
-0.0427814
-0.0374077
-0.0314176
-0.0260217
-0.0200923
-0.0148402
-0.00915175
-0.0042002
0.00108134
0.00559207
0.0104253
0.0144064
0.0193231
0.0240179
0.0302125
0.036805
0.0450534
0.0538638
0.0641133
0.0748938
0.0864822
0.098317
0.110302
0.122198
0.133818
0.145259
0.155911
0.16638
0.175015
0.182972
0.187603
0.190337
0.189318
0.185013
0.182996
0.168577
0.170384
0.173036
0.173995
0.171838
0.167757
0.161104
0.153423
0.144419
0.134995
0.125097
0.114894
0.104623
0.0941481
0.083929
0.0737768
0.0643304
0.0552248
0.0472145
0.0396512
0.0332826
0.0272884
0.0223226
0.0172798
0.0128337
0.0077943
0.0028721
-0.00261899
-0.0079639
-0.0138548
-0.0195015
-0.0256281
-0.0314145
-0.0375941
-0.0433433
-0.0493827
-0.0549114
-0.0606161
-0.0657431
-0.0709256
-0.0754801
-0.0799684
-0.0837977
-0.0874422
-0.0904183
-0.0930977
-0.0951218
-0.0967476
-0.0977541
-0.0982731
-0.0982309
-0.0976272
-0.096541
-0.0948358
-0.0927449
-0.0899959
-0.0869724
-0.0832713
-0.0794178
-0.0748872
-0.0703321
-0.0651212
-0.060015
-0.0542938
-0.0488029
-0.0427564
-0.0370568
-0.0308778
-0.02515
-0.0190316
-0.0134521
-0.00758055
-0.00231568
0.00313722
0.00796179
0.0129535
0.0172836
0.0223917
0.0274741
0.0338788
0.0408236
0.0492759
0.05836
0.0687728
0.0796708
0.0913484
0.103153
0.115136
0.126901
0.138435
0.149622
0.160113
0.17012
0.178532
0.185789
0.190149
0.192383
0.19118
0.188136
0.186077
0.171304
0.173113
0.175771
0.176759
0.174841
0.170832
0.164668
0.157089
0.148489
0.139174
0.12946
0.119362
0.10908
0.0987046
0.0883172
0.0782553
0.0684856
0.059453
0.0509762
0.0434626
0.0365632
0.0305951
0.0250625
0.0200262
0.01508
0.0100436
0.00466737
-0.000820433
-0.00664269
-0.0125301
-0.0186776
-0.0248006
-0.0310955
-0.0372714
-0.0435211
-0.0495569
-0.0555632
-0.0612645
-0.0668321
-0.0720115
-0.076957
-0.0814426
-0.0856019
-0.0892442
-0.092479
-0.0951568
-0.0973596
-0.0989844
-0.100082
-0.100601
-0.100559
-0.0999552
-0.098774
-0.0970698
-0.0947896
-0.0920422
-0.0887387
-0.0850398
-0.0808223
-0.0762945
-0.0713016
-0.0660938
-0.0604891
-0.0547713
-0.0487366
-0.0426937
-0.0364225
-0.0302471
-0.0239378
-0.017823
-0.0116703
-0.00580224
9.98612e-06
0.00545963
0.0108091
0.0157979
0.0207228
0.0258235
0.0315895
0.0379621
0.0455335
0.0539245
0.0635251
0.0738483
0.085054
0.0966225
0.108523
0.120388
0.132051
0.143463
0.154334
0.164704
0.174186
0.182486
0.189169
0.193448
0.19541
0.194176
0.191137
0.189076
0.173285
0.175106
0.179549
0.180569
0.179198
0.175254
0.169242
0.161776
0.153251
0.144063
0.134367
0.124387
0.113949
0.103683
0.0928884
0.0829202
0.0725645
0.0636036
0.0545196
0.0470535
0.0396404
0.0336975
0.0278853
0.0228559
0.0176369
0.0126028
0.00675163
0.00126633
-0.00511659
-0.0110013
-0.0177417
-0.0238618
-0.0307622
-0.0369352
-0.0437835
-0.0498166
-0.0563957
-0.0620944
-0.0681917
-0.0733687
-0.0787848
-0.0832682
-0.0878244
-0.091465
-0.0950105
-0.0976871
-0.100104
-0.101728
-0.102935
-0.103454
-0.10341
-0.102807
-0.101511
-0.0998076
-0.0973006
-0.0945544
-0.0909165
-0.0872192
-0.0825681
-0.0780423
-0.0725289
-0.0673234
-0.0611274
-0.0554121
-0.0487338
-0.0426936
-0.0357473
-0.0295746
-0.0225805
-0.0164685
-0.0096432
-0.00377773
0.00267361
0.00812091
0.0140133
0.0189999
0.0242299
0.0293228
0.0354123
0.0417544
0.0499372
0.05827
0.068581
0.0788163
0.0906733
0.102128
0.114422
0.126159
0.137891
0.149164
0.159897
0.17012
0.179416
0.18759
0.194039
0.198248
0.199585
0.198316
0.19329
0.191217
0.175911
0.1779
0.182356
0.183811
0.182513
0.179131
0.17323
0.16628
0.157891
0.149039
0.139469
0.129623
0.119305
0.108964
0.098275
0.0880331
0.0777516
0.0683542
0.0593125
0.0513264
0.0439286
0.0374767
0.0316773
0.0261735
0.0209715
0.0154211
0.00957395
0.00352514
-0.00285334
-0.00933848
-0.0160742
-0.0228127
-0.0297082
-0.0364985
-0.043342
-0.0499724
-0.056547
-0.0628053
-0.0688984
-0.0745808
-0.0799931
-0.0849127
-0.0894656
-0.0934595
-0.0970025
-0.0999377
-0.102353
-0.104131
-0.105338
-0.1059
-0.105856
-0.105182
-0.103887
-0.101997
-0.0994918
-0.0964474
-0.0928119
-0.0887118
-0.084064
-0.0790419
-0.0735324
-0.0677516
-0.0615599
-0.055208
-0.0485343
-0.0418155
-0.034874
-0.0280017
-0.0210125
-0.0142008
-0.00738035
-0.000836337
0.0056105
0.0116956
0.0175839
0.0231589
0.0283673
0.0340069
0.0400799
0.0470086
0.0551719
0.0640838
0.0743419
0.0850221
0.0967875
0.108461
0.120628
0.132332
0.143924
0.154935
0.165523
0.175285
0.184428
0.191979
0.198305
0.201878
0.203136
0.201389
0.196349
0.194094
0.178748
0.180917
0.185365
0.187312
0.186093
0.183317
0.177537
0.171145
0.162891
0.154409
0.144975
0.135276
0.125089
0.114667
0.1041
0.0935554
0.0833801
0.0734979
0.0645369
0.0559701
0.0486231
0.0415926
0.0358141
0.0297703
0.0245724
0.0184643
0.0126216
0.00596428
-0.000409384
-0.00754292
-0.0142735
-0.0216798
-0.0285701
-0.0360269
-0.0428652
-0.0501406
-0.0567102
-0.0635729
-0.0696614
-0.0758897
-0.0812979
-0.0866884
-0.0912379
-0.0956132
-0.0991535
-0.102368
-0.104781
-0.106727
-0.107932
-0.108541
-0.108498
-0.107746
-0.106452
-0.104361
-0.101858
-0.0984914
-0.0948587
-0.0903236
-0.0856792
-0.0801213
-0.0746159
-0.0682141
-0.062027
-0.0549876
-0.0483189
-0.0408673
-0.0339311
-0.0263031
-0.0193192
-0.0117522
-0.00493683
0.0023399
0.00878188
0.0155557
0.0214396
0.02765
0.0328542
0.0391162
0.0451641
0.052759
0.0608604
0.0704185
0.0805784
0.0917527
0.103391
0.115307
0.127329
0.138998
0.150439
0.16116
0.171595
0.180849
0.189841
0.196719
0.202913
0.205797
0.20697
0.204683
0.199652
0.197202
0.182501
0.184697
0.18731
0.189366
0.18885
0.186309
0.181633
0.175463
0.168012
0.159718
0.15074
0.141186
0.131239
0.120914
0.110452
0.0999498
0.0896997
0.0798049
0.0705422
0.0619133
0.0540931
0.046962
0.0405291
0.0343651
0.0285122
0.0223012
0.0159166
0.00914703
0.00223991
-0.00501322
-0.0122965
-0.0198259
-0.0272718
-0.0348514
-0.0422323
-0.0496265
-0.0567102
-0.0636842
-0.0702436
-0.0765724
-0.0823946
-0.0878718
-0.0927658
-0.0972112
-0.101015
-0.104281
-0.106868
-0.108844
-0.110126
-0.110744
-0.110675
-0.10991
-0.108488
-0.106359
-0.103627
-0.100201
-0.0962433
-0.0916278
-0.086572
-0.0809149
-0.0749228
-0.0684062
-0.0616715
-0.0545049
-0.0472438
-0.0396566
-0.0321001
-0.0243324
-0.0167182
-0.00901129
-0.00157321
0.0058392
0.0128794
0.0197808
0.0262762
0.0326043
0.0385646
0.0449651
0.0517651
0.059473
0.0680809
0.0777008
0.0881222
0.0992928
0.110891
0.122733
0.134504
0.146036
0.157097
0.167631
0.177485
0.18651
0.194584
0.201206
0.206182
0.208805
0.209212
0.206807
0.203824
0.201345
0.184514
0.18671
0.191812
0.193889
0.19403
0.19157
0.187278
0.181274
0.174229
0.166103
0.157444
0.148051
0.138177
0.128008
0.117302
0.10694
0.0961897
0.0864088
0.0765154
0.0679658
0.0595019
0.0524144
0.0455045
0.0393522
0.0330338
0.0268282
0.0197516
0.012988
0.00528673
-0.00196002
-0.0100738
-0.0175966
-0.0258836
-0.0334565
-0.0416633
-0.0490511
-0.0569206
-0.0638885
-0.0711702
-0.0774934
-0.0839523
-0.0894247
-0.0948499
-0.0992915
-0.103504
-0.106767
-0.109625
-0.1116
-0.113005
-0.113622
-0.113521
-0.112756
-0.111145
-0.109018
-0.105943
-0.10252
-0.0980748
-0.0934634
-0.0877876
-0.0821355
-0.07541
-0.0688991
-0.0613395
-0.0541792
-0.0460267
-0.0384462
-0.0299591
-0.0221981
-0.0136415
-0.00594146
0.00242312
0.00982901
0.0177533
0.0246486
0.031911
0.0382335
0.0446993
0.0510863
0.0584119
0.0660673
0.075389
0.0849131
0.0959988
0.107033
0.119093
0.13077
0.142669
0.154021
0.164847
0.175197
0.184576
0.193415
0.200965
0.207405
0.211929
0.214464
0.214152
0.211725
0.205997
0.203518
0.187251
0.189665
0.194795
0.19749
0.197745
0.196133
0.192059
0.186891
0.180055
0.172595
0.16411
0.155138
0.145422
0.135411
0.124837
0.114374
0.10371
0.0935909
0.0837378
0.0746761
0.066215
0.0585365
0.0516268
0.0448556
0.0385281
0.031629
0.02452
0.0170029
0.00926293
0.00122048
-0.00693381
-0.0152709
-0.0235988
-0.0319805
-0.0402276
-0.048395
-0.0563028
-0.0639981
-0.0713148
-0.0782912
-0.084781
-0.0908119
-0.0962629
-0.10115
-0.105382
-0.108962
-0.111833
-0.113984
-0.115394
-0.116039
-0.115936
-0.115046
-0.113426
-0.111024
-0.107932
-0.10409
-0.0996204
-0.094459
-0.0887527
-0.0824358
-0.0756741
-0.0684035
-0.0608033
-0.0528112
-0.0446148
-0.0361546
-0.0276215
-0.018958
-0.010355
-0.00175446
0.00665584
0.0149358
0.0229037
0.0306237
0.0379224
0.0450039
0.0514771
0.0585393
0.0658602
0.0741451
0.0834586
0.0934861
0.104517
0.115813
0.127763
0.139408
0.151143
0.162181
0.172817
0.182597
0.191774
0.199817
0.207132
0.212628
0.216912
0.218519
0.218083
0.214994
0.209235
0.206525
0.190629
0.193196
0.197304
0.200474
0.20114
0.200249
0.196811
0.192366
0.186074
0.179193
0.171108
0.162518
0.153109
0.143273
0.132944
0.122444
0.11193
0.101573
0.0917367
0.0822822
0.0737093
0.0655468
0.0583761
0.0510858
0.0444451
0.0370098
0.029636
0.0215365
0.0135402
0.00488267
-0.00353552
-0.0125019
-0.0210941
-0.0301009
-0.0386052
-0.0473751
-0.0555258
-0.0637833
-0.0713215
-0.0788027
-0.0854856
-0.0919481
-0.0975576
-0.102789
-0.107139
-0.110964
-0.113908
-0.116195
-0.117631
-0.118296
-0.11817
-0.117183
-0.11549
-0.112875
-0.109663
-0.105497
-0.100864
-0.0952778
-0.0893696
-0.0825387
-0.0755429
-0.067685
-0.0598252
-0.05119
-0.042716
-0.0335756
-0.0247543
-0.015393
-0.00649843
0.00279823
0.0114961
0.0204518
0.0286965
0.0370542
0.0446404
0.0523088
0.0591301
0.0667586
0.0743594
0.0831568
0.0925566
0.102964
0.113915
0.125381
0.137094
0.148665
0.160072
0.170803
0.181068
0.19034
0.199061
0.206416
0.213131
0.217814
0.221405
0.222223
0.221344
0.217743
0.213125
0.210254
0.19294
0.195508
0.200949
0.204163
0.205656
0.204886
0.20247
0.198192
0.192915
0.186217
0.17893
0.17053
0.161604
0.151958
0.141769
0.131449
0.120754
0.110553
0.10026
0.0909189
0.0816924
0.0735945
0.0656841
0.0584112
0.050983
0.043556
0.0352771
0.0271866
0.0182088
0.00956096
0.000124942
-0.0088315
-0.0184486
-0.0274454
-0.0369519
-0.0457121
-0.0548131
-0.0630614
-0.0714692
-0.078942
-0.0863863
-0.0928416
-0.099079
-0.104304
-0.109127
-0.112947
-0.116191
-0.118475
-0.120024
-0.120688
-0.120483
-0.119497
-0.117533
-0.114921
-0.111254
-0.107093
-0.101834
-0.0962534
-0.0895683
-0.082745
-0.0748456
-0.0669965
-0.058134
-0.0495083
-0.039962
-0.0308319
-0.0208988
-0.0115479
-0.00153208
0.00775426
0.0175538
0.0264996
0.0357988
0.0441472
0.0527008
0.0603607
0.0680206
0.0756292
0.0840039
0.0927247
0.10276
0.113033
0.124344
0.135629
0.147357
0.158721
0.169795
0.180313
0.189915
0.198978
0.206748
0.213902
0.219477
0.223979
0.226451
0.227137
0.225376
0.221728
0.215673
0.212803
0.195069
0.197862
0.203609
0.207484
0.209319
0.209545
0.207473
0.204321
0.199347
0.193647
0.186623
0.178978
0.170276
0.161102
0.151076
0.140932
0.130317
0.119992
0.109706
0.099978
0.0907049
0.0820325
0.0740849
0.0661209
0.0586261
0.0503937
0.0419901
0.0330254
0.0239009
0.0143345
0.00474573
-0.00514789
-0.0149192
-0.0248456
-0.0345033
-0.0441586
-0.0534032
-0.0624855
-0.0710248
-0.0792444
-0.0868041
-0.0938942
-0.100227
-0.105953
-0.110848
-0.115016
-0.118305
-0.12077
-0.122337
-0.123008
-0.122791
-0.121634
-0.11963
-0.116675
-0.112939
-0.108274
-0.10292
-0.0966907
-0.0898884
-0.0822923
-0.0742567
-0.0655353
-0.0565217
-0.0469507
-0.0372428
-0.0271211
-0.0170207
-0.00665866
0.00352569
0.013817
0.0237818
0.0337021
0.0431589
0.0524282
0.0611138
0.0696172
0.077341
0.0856596
0.0940621
0.103336
0.113408
0.123986
0.135264
0.146533
0.15814
0.169162
0.180025
0.189912
0.199244
0.207413
0.214881
0.220913
0.22615
0.229418
0.231513
0.23113
0.228998
0.224664
0.218273
0.215175
0.198499
0.201404
0.205278
0.209525
0.211898
0.212756
0.211791
0.209345
0.20544
0.200382
0.194216
0.187085
0.179067
0.170256
0.160792
0.15084
0.140606
0.130291
0.12011
0.110218
0.100751
0.0917705
0.0832284
0.0748612
0.0666328
0.057963
0.0489707
0.0395311
0.029839
0.0197739
0.00960208
-0.000800408
-0.0111551
-0.0215861
-0.0318118
-0.0419531
-0.0517341
-0.0612691
-0.070297
-0.0789219
-0.0869064
-0.094341
-0.10102
-0.107018
-0.112168
-0.116524
-0.119968
-0.12253
-0.124144
-0.124817
-0.124536
-0.123286
-0.121109
-0.117967
-0.113955
-0.109016
-0.103294
-0.0967115
-0.08946
-0.0814439
-0.0728928
-0.0636976
-0.054118
-0.0440335
-0.033725
-0.0230647
-0.0123446
-0.00143337
0.00937451
0.0202118
0.03079
0.0412396
0.0512865
0.0610561
0.0703565
0.0793182
0.0878287
0.0965606
0.105565
0.115128
0.125305
0.135987
0.14702
0.158188
0.169263
0.179989
0.190164
0.19959
0.20814
0.215708
0.222228
0.227541
0.231611
0.234105
0.235006
0.233942
0.231243
0.226518
0.222219
0.21901
0.198755
0.201755
0.208022
0.212599
0.215908
0.21732
0.217236
0.215479
0.212482
0.208107
0.202764
0.196234
0.188828
0.180504
0.171345
0.161738
0.151497
0.141355
0.13092
0.121017
0.111128
0.10197
0.0930521
0.0843769
0.0756936
0.0666268
0.0569148
0.0470435
0.0365264
0.0260091
0.0149804
0.00411724
-0.00710238
-0.0179903
-0.0290643
-0.0396457
-0.0502331
-0.0601784
-0.0699457
-0.0789381
-0.0875705
-0.0953173
-0.10253
-0.108773
-0.114323
-0.118849
-0.122542
-0.125192
-0.126893
-0.127567
-0.127209
-0.125873
-0.123455
-0.120142
-0.115734
-0.110545
-0.104285
-0.097384
-0.0894712
-0.0810777
-0.0717647
-0.0621456
-0.0517281
-0.0411861
-0.029989
-0.0188506
-0.00721607
0.00418124
0.0159055
0.0272251
0.0386991
0.0496162
0.0605175
0.0707295
0.0807628
0.0901277
0.0990708
0.108104
0.117446
0.127152
0.137701
0.148329
0.159524
0.170436
0.181397
0.191694
0.201436
0.210298
0.218119
0.225015
0.230608
0.235172
0.238241
0.23999
0.239936
0.238288
0.234606
0.229554
0.222665
0.219367
0.200694
0.203874
0.208936
0.214133
0.217773
0.220267
0.220807
0.220333
0.218018
0.214873
0.210149
0.204665
0.197825
0.190297
0.181664
0.172551
0.162737
0.152745
0.142559
0.132455
0.122596
0.112927
0.103745
0.0943451
0.0852573
0.0753539
0.0653128
0.0545319
0.0436978
0.0322278
0.0208744
0.00904018
-0.00250382
-0.0143549
-0.0257445
-0.0372541
-0.0481395
-0.0589502
-0.0689889
-0.0787564
-0.0876249
-0.0960305
-0.103436
-0.110198
-0.11589
-0.120775
-0.124555
-0.127389
-0.129119
-0.129795
-0.129404
-0.127886
-0.125376
-0.121704
-0.117147
-0.111435
-0.104975
-0.0974027
-0.0892463
-0.0800578
-0.0704647
-0.0599526
-0.049227
-0.0377211
-0.0261966
-0.0140507
-0.00207802
0.0103438
0.0224089
0.034745
0.046555
0.0584572
0.0696825
0.0808268
0.0911976
0.101412
0.110781
0.120526
0.130121
0.140274
0.150732
0.161443
0.172307
0.182921
0.193373
0.203024
0.212172
0.220097
0.227292
0.233014
0.237929
0.24114
0.243473
0.243833
0.243116
0.240326
0.236304
0.230627
0.22508
0.221614
0.200055
0.203294
0.209954
0.215377
0.220007
0.222927
0.22477
0.224872
0.223945
0.221421
0.217993
0.213104
0.207347
0.200354
0.192499
0.183825
0.174418
0.16472
0.154545
0.144553
0.134336
0.124589
0.114821
0.105181
0.0953178
0.0850808
0.0740768
0.0629327
0.0510451
0.0391961
0.0267526
0.0145331
0.00189085
-0.0103418
-0.0228076
-0.0346846
-0.046593
-0.0577463
-0.0687233
-0.0787981
-0.0884894
-0.0971569
-0.105241
-0.112211
-0.118411
-0.123443
-0.127541
-0.130454
-0.1323
-0.132984
-0.132501
-0.13092
-0.128111
-0.124306
-0.119255
-0.113345
-0.106213
-0.0983855
-0.0894035
-0.0799099
-0.0693657
-0.0585087
-0.046737
-0.0348569
-0.0222229
-0.00968409
0.00343079
0.016254
0.0294647
0.0422007
0.0551327
0.0674244
0.0797231
0.0912379
0.102579
0.113131
0.123262
0.133239
0.143369
0.153568
0.164287
0.174831
0.185553
0.195806
0.205709
0.214854
0.223086
0.230414
0.236393
0.241459
0.244946
0.247484
0.248305
0.248053
0.24595
0.242725
0.237702
0.231819
0.224607
0.221095
0.200748
0.204122
0.209161
0.215114
0.220027
0.223962
0.226445
0.227844
0.227714
0.226524
0.223888
0.220232
0.21524
0.209295
0.202179
0.194284
0.185514
0.176238
0.166475
0.156491
0.146379
0.13623
0.126138
0.115788
0.105387
0.0942851
0.0828351
0.0707492
0.05843
0.0455978
0.0327147
0.0194953
0.00641599
-0.00680721
-0.0196965
-0.0325275
-0.0448347
-0.0568777
-0.0682175
-0.0790905
-0.0890981
-0.0984464
-0.10679
-0.1143
-0.120696
-0.126107
-0.13033
-0.133448
-0.135343
-0.136048
-0.135537
-0.133792
-0.130879
-0.126731
-0.121503
-0.11508
-0.107703
-0.0992122
-0.089924
-0.0796389
-0.0687367
-0.0569848
-0.0448134
-0.0319622
-0.0188974
-0.0053387
0.00822682
0.0220918
0.035762
0.0495362
0.0629258
0.076228
0.0889726
0.101448
0.113251
0.124678
0.135374
0.146044
0.156487
0.167022
0.177573
0.187998
0.198222
0.207921
0.217097
0.225327
0.232734
0.238881
0.244019
0.247724
0.250353
0.251443
0.251423
0.249796
0.24704
0.242778
0.237485
0.231104
0.225684
0.222066
0.197666
0.201098
0.207979
0.214226
0.219899
0.224477
0.227991
0.2303
0.231307
0.231135
0.229631
0.226988
0.223026
0.218018
0.211737
0.204634
0.196412
0.187684
0.178122
0.168349
0.15808
0.147768
0.137285
0.126461
0.115457
0.103708
0.0914599
0.0786698
0.0654696
0.0519071
0.0381142
0.0241563
0.0101616
-0.00378942
-0.0175751
-0.0311042
-0.0442637
-0.0569563
-0.0690793
-0.0805349
-0.0912322
-0.101079
-0.109997
-0.117906
-0.124739
-0.130438
-0.134947
-0.138231
-0.140247
-0.140992
-0.140433
-0.138598
-0.13547
-0.131104
-0.125499
-0.118738
-0.110836
-0.101895
-0.0919511
-0.0811186
-0.0694516
-0.0570706
-0.0440497
-0.0305054
-0.0165319
-0.00223529
0.0122727
0.0269009
0.0415228
0.0560665
0.0703936
0.0844534
0.0981
0.111304
0.123917
0.13601
0.147305
0.158449
0.169249
0.179909
0.190555
0.200695
0.21063
0.219685
0.228211
0.235543
0.242006
0.247114
0.251109
0.253716
0.255109
0.255123
0.253885
0.251331
0.247514
0.242638
0.236622
0.230011
0.222689
0.219047
0.195181
0.198647
0.205063
0.211511
0.217716
0.222775
0.227312
0.230309
0.232632
0.233234
0.23314
0.231279
0.228706
0.224436
0.219444
0.212969
0.205807
0.197513
0.188601
0.178997
0.168824
0.158382
0.147366
0.136166
0.124242
0.11201
0.0987754
0.0854585
0.0712377
0.0571289
0.0422968
0.0277867
0.01276
-0.00173518
-0.0165197
-0.0305707
-0.0446704
-0.0578484
-0.0708287
-0.0827198
-0.0941688
-0.104388
-0.113932
-0.12214
-0.129457
-0.13537
-0.140205
-0.143614
-0.14579
-0.146564
-0.145993
-0.14409
-0.140776
-0.136247
-0.130287
-0.123272
-0.114853
-0.105577
-0.0949684
-0.0837267
-0.0712646
-0.0584133
-0.0444881
-0.0304258
-0.0154626
-0.00061446
0.0149428
0.0301416
0.0458453
0.0609645
0.0763793
0.0910056
0.10572
0.119469
0.133114
0.145705
0.157964
0.169483
0.180812
0.191572
0.202044
0.211956
0.221118
0.229663
0.23698
0.243605
0.24863
0.252924
0.255408
0.257171
0.257077
0.256276
0.253707
0.250454
0.245662
0.240324
0.233872
0.227097
0.220387
0.216736
0.191145
0.194609
0.200548
0.207256
0.213612
0.219458
0.224355
0.228565
0.231396
0.233435
0.233902
0.233546
0.231569
0.228762
0.224381
0.219195
0.212577
0.205217
0.196677
0.18747
0.177417
0.166732
0.155538
0.143557
0.131233
0.117941
0.104318
0.0898538
0.0752286
0.0599408
0.0447006
0.0290092
0.0135809
-0.00206803
-0.0172381
-0.0323865
-0.0468464
-0.0610386
-0.0743452
-0.0871426
-0.0988767
-0.109873
-0.119654
-0.12849
-0.135991
-0.142369
-0.147332
-0.151028
-0.153272
-0.154149
-0.153585
-0.151597
-0.148227
-0.143425
-0.137347
-0.129876
-0.121279
-0.111373
-0.100529
-0.0884976
-0.0757482
-0.061967
-0.0477088
-0.0325992
-0.0172651
-0.00127881
0.014678
0.0310769
0.047199
0.0635495
0.079391
0.0952493
0.110388
0.12534
0.139395
0.153098
0.165783
0.178108
0.189612
0.200578
0.210897
0.220311
0.229046
0.236515
0.243228
0.248416
0.252781
0.255494
0.257356
0.257546
0.25689
0.254649
0.251592
0.247186
0.242073
0.236058
0.229497
0.222594
0.216426
0.212846
0.184352
0.187737
0.194486
0.201158
0.207854
0.21396
0.219569
0.224328
0.228083
0.230874
0.232381
0.232889
0.231989
0.230088
0.226743
0.222421
0.216671
0.209999
0.201995
0.193147
0.18317
0.172409
0.160804
0.14836
0.135296
0.121347
0.106881
0.0917102
0.0762018
0.0601974
0.0440636
0.0276642
0.0113548
-0.00497597
-0.0209926
-0.0367809
-0.0520325
-0.0668089
-0.0808341
-0.0941486
-0.106512
-0.11795
-0.128258
-0.137452
-0.145367
-0.152016
-0.157269
-0.161146
-0.163551
-0.164514
-0.163977
-0.161979
-0.158499
-0.153589
-0.147265
-0.139587
-0.130613
-0.120401
-0.109054
-0.0966238
-0.0832558
-0.0689865
-0.0540081
-0.0383307
-0.0221923
-0.00557039
0.0112547
0.0283419
0.0453741
0.0624483
0.0792183
0.0958172
0.111879
0.127569
0.142511
0.156908
0.170379
0.183189
0.195113
0.206137
0.216331
0.22533
0.23344
0.240153
0.245895
0.25017
0.253417
0.255212
0.25596
0.255321
0.25364
0.250721
0.246802
0.241947
0.236222
0.230059
0.223279
0.216524
0.209611
0.206161
0.177106
0.1804
0.186827
0.193376
0.200107
0.206259
0.212296
0.217292
0.221788
0.224969
0.227417
0.228418
0.228585
0.227235
0.225006
0.221227
0.216491
0.210262
0.202956
0.194341
0.184552
0.173735
0.161703
0.148945
0.135045
0.120661
0.10531
0.0896753
0.0732632
0.0567928
0.0397616
0.0229061
0.00572876
-0.0110372
-0.0278716
-0.0440644
-0.0600663
-0.0752087
-0.0899034
-0.10354
-0.116483
-0.128194
-0.138984
-0.148402
-0.156699
-0.163519
-0.169052
-0.173046
-0.175627
-0.176654
-0.176186
-0.174197
-0.170677
-0.165719
-0.159243
-0.151459
-0.142218
-0.13184
-0.12011
-0.107454
-0.0935874
-0.0790346
-0.0634476
-0.0474323
-0.0305848
-0.0135768
0.00404342
0.0215566
0.039451
0.0569809
0.0746582
0.0917304
0.10872
0.124889
0.140755
0.155608
0.169968
0.183107
0.195474
0.206551
0.216515
0.225263
0.232606
0.23886
0.243539
0.247271
0.249408
0.250684
0.250437
0.249364
0.246867
0.243639
0.239138
0.234136
0.228145
0.222023
0.21536
0.208805
0.202351
0.199027
0.170004
0.173155
0.178531
0.184883
0.191315
0.197456
0.203359
0.20856
0.213162
0.216726
0.219483
0.221005
0.221627
0.220881
0.219188
0.216016
0.211815
0.206074
0.199182
0.190811
0.181185
0.17028
0.158093
0.144959
0.130684
0.115788
0.100014
0.0838378
0.0670056
0.049996
0.0325633
0.0151851
-0.00236511
-0.0196245
-0.0367957
-0.0534423
-0.0697405
-0.0852893
-0.100238
-0.114229
-0.127385
-0.139396
-0.150363
-0.160026
-0.168467
-0.175477
-0.181126
-0.185258
-0.187931
-0.189042
-0.188642
-0.186683
-0.183207
-0.178222
-0.171762
-0.163891
-0.154629
-0.144102
-0.13231
-0.119437
-0.10546
-0.0906231
-0.0748709
-0.0585057
-0.041436
-0.0240168
-0.00611821
0.0118594
0.0300841
0.0481207
0.0661725
0.0837807
0.10118
0.117899
0.134192
0.149578
0.164325
0.17786
0.190395
0.201566
0.211381
0.21988
0.226838
0.232608
0.236814
0.239976
0.241675
0.24242
0.241849
0.240363
0.237704
0.234218
0.229756
0.224675
0.218945
0.212944
0.206679
0.200415
0.195114
0.191979
0.16199
0.164886
0.170263
0.176197
0.182422
0.188341
0.194113
0.199313
0.203855
0.207629
0.210385
0.212299
0.212985
0.212772
0.211208
0.208631
0.204583
0.199371
0.192595
0.18453
0.174925
0.163996
0.151688
0.138235
0.123743
0.108406
0.0924512
0.0758267
0.0588165
0.0413773
0.0237752
0.00599723
-0.0117097
-0.0293305
-0.0466428
-0.0636074
-0.0800293
-0.0958513
-0.110906
-0.125127
-0.138373
-0.150577
-0.161618
-0.171442
-0.179945
-0.187092
-0.192794
-0.197042
-0.199759
-0.200971
-0.200607
-0.198733
-0.195284
-0.190365
-0.18392
-0.176089
-0.16683
-0.156307
-0.1445
-0.131587
-0.117575
-0.102644
-0.0868334
-0.0703138
-0.0531616
-0.0355248
-0.0175192
0.000738593
0.0190932
0.0374681
0.0556701
0.0736672
0.0912328
0.108382
0.124854
0.140684
0.155662
0.169538
0.182211
0.193438
0.203253
0.211493
0.21837
0.223694
0.227798
0.230487
0.232129
0.232503
0.23195
0.230254
0.227683
0.224171
0.21985
0.214937
0.209406
0.203767
0.197762
0.192033
0.18677
0.183945
0.153897
0.156658
0.162024
0.167651
0.173538
0.179148
0.184734
0.189664
0.194151
0.197726
0.200572
0.20236
0.203274
0.203003
0.201776
0.199201
0.195527
0.190354
0.183871
0.17585
0.166347
0.155432
0.142978
0.129513
0.114744
0.0993917
0.0831663
0.0665404
0.0492825
0.0318589
0.0140332
-0.00371371
-0.0216155
-0.0391923
-0.0566686
-0.0735799
-0.0901355
-0.1059
-0.121062
-0.135227
-0.148559
-0.160713
-0.171828
-0.181615
-0.190187
-0.197316
-0.203087
-0.207341
-0.210133
-0.211375
-0.211095
-0.209276
-0.205918
-0.201077
-0.194726
-0.186993
-0.177821
-0.167411
-0.155676
-0.142885
-0.12892
-0.114112
-0.0983149
-0.0819131
-0.0647333
-0.0472028
-0.0291244
-0.0109561
0.00751827
0.0258247
0.0441923
0.0621455
0.0799195
0.0970524
0.113778
0.129618
0.144882
0.15878
0.171631
0.182873
0.192639
0.20089
0.207557
0.212917
0.216766
0.219546
0.221001
0.221531
0.220921
0.219449
0.216959
0.213736
0.209623
0.205053
0.199835
0.194565
0.189001
0.183626
0.178455
0.175785
0.147546
0.150138
0.154199
0.1595
0.164903
0.170201
0.175264
0.17994
0.18402
0.187421
0.189991
0.191698
0.192446
0.19218
0.190864
0.188356
0.184657
0.179573
0.173137
0.165182
0.15579
0.144891
0.132637
0.119146
0.104602
0.0892166
0.0731868
0.0565454
0.0395077
0.0220902
0.00451614
-0.0132045
-0.0308333
-0.0483668
-0.0655602
-0.0824155
-0.0986909
-0.114393
-0.12929
-0.143392
-0.156489
-0.168589
-0.17951
-0.189258
-0.197689
-0.204801
-0.210494
-0.214758
-0.217539
-0.218823
-0.218603
-0.216855
-0.213628
-0.208888
-0.202732
-0.195124
-0.186206
-0.175938
-0.164505
-0.151863
-0.138235
-0.123577
-0.108139
-0.0918784
-0.0750638
-0.0576587
-0.0399376
-0.0218721
-0.00373365
0.0144979
0.0325637
0.050474
0.0679921
0.0851172
0.101625
0.11749
0.132515
0.146451
0.159119
0.170384
0.180108
0.188356
0.19508
0.20044
0.204439
0.207259
0.208934
0.209577
0.209256
0.207985
0.205883
0.202944
0.199334
0.195112
0.190491
0.185601
0.18057
0.175573
0.171741
0.169264
0.139589
0.141959
0.146696
0.151553
0.156745
0.161624
0.166539
0.17084
0.174757
0.177859
0.180275
0.181775
0.182413
0.182041
0.180686
0.178169
0.174491
0.169482
0.163073
0.155249
0.145846
0.135107
0.122746
0.109444
0.0947899
0.0796488
0.0635954
0.0472507
0.0302172
0.013137
-0.00442114
-0.0217764
-0.0393787
-0.0565326
-0.0736914
-0.0901685
-0.106404
-0.121745
-0.136603
-0.150377
-0.163438
-0.175259
-0.186152
-0.195684
-0.2041
-0.21107
-0.216764
-0.220968
-0.22377
-0.225078
-0.224898
-0.223263
-0.220093
-0.215549
-0.209467
-0.202132
-0.1933
-0.183371
-0.172032
-0.159784
-0.146253
-0.132029
-0.116686
-0.100883
-0.0841573
-0.0672172
-0.0495752
-0.0319655
-0.0138926
0.00390865
0.0219253
0.0394466
0.0569346
0.0737271
0.0902446
0.105849
0.120992
0.134753
0.147554
0.158706
0.168476
0.176678
0.183429
0.188828
0.192881
0.195841
0.197643
0.19853
0.198413
0.19748
0.195621
0.193096
0.189727
0.185974
0.18156
0.177161
0.17239
0.167891
0.163427
0.161195
0.133547
0.135824
0.139562
0.144203
0.148889
0.153499
0.15788
0.161903
0.165363
0.168207
0.17027
0.171549
0.171933
0.171381
0.16986
0.167203
0.163454
0.15835
0.151995
0.144131
0.134924
0.124207
0.11222
0.0990004
0.0848289
0.0697995
0.0542561
0.0380447
0.0215735
0.00464346
-0.0123092
-0.0295028
-0.0464781
-0.0634651
-0.079998
-0.0963093
-0.111944
-0.127127
-0.14143
-0.155061
-0.167636
-0.179335
-0.189829
-0.199266
-0.207386
-0.214293
-0.219805
-0.223981
-0.226724
-0.228042
-0.227929
-0.22634
-0.223363
-0.218901
-0.213131
-0.205911
-0.1975
-0.187716
-0.176893
-0.164814
-0.151879
-0.13784
-0.123152
-0.107546
-0.0915129
-0.0747734
-0.0578385
-0.0404265
-0.0230511
-0.00543753
0.0119155
0.0292657
0.0461474
0.0627919
0.0787703
0.0942566
0.108902
0.122585
0.135036
0.146193
0.155841
0.16413
0.170939
0.176493
0.180748
0.183917
0.18602
0.187155
0.187418
0.18677
0.185377
0.183166
0.180347
0.176916
0.173108
0.169009
0.164789
0.160524
0.157078
0.154947
0.126667
0.128739
0.132863
0.137093
0.141587
0.145793
0.149994
0.153631
0.156884
0.159393
0.161247
0.162262
0.162463
0.161734
0.160079
0.157347
0.153519
0.148453
0.142062
0.134358
0.125146
0.114716
0.102722
0.0899103
0.0757784
0.0612691
0.0458382
0.030222
0.0138905
-0.00239343
-0.0191944
-0.0357127
-0.0525298
-0.0688354
-0.0852092
-0.100857
-0.116338
-0.130898
-0.145059
-0.158131
-0.170582
-0.181805
-0.192199
-0.201261
-0.209308
-0.215954
-0.221425
-0.225464
-0.2282
-0.22951
-0.229424
-0.227958
-0.22504
-0.220828
-0.215149
-0.208297
-0.200006
-0.190698
-0.180019
-0.168509
-0.155737
-0.142344
-0.127832
-0.112927
-0.0970797
-0.0810742
-0.0643273
-0.0476586
-0.0304678
-0.0135826
0.00359551
0.0202569
0.0369795
0.0529981
0.0688519
0.083803
0.09841
0.111695
0.12417
0.135083
0.144766
0.152973
0.159864
0.165483
0.169874
0.173233
0.175534
0.17696
0.177471
0.17719
0.176065
0.174276
0.171714
0.168735
0.165145
0.161495
0.157493
0.153668
0.149865
0.147949
0.121612
0.123583
0.126542
0.130549
0.134604
0.13854
0.142231
0.145585
0.1484
0.150641
0.152144
0.152925
0.152851
0.15193
0.150056
0.147182
0.143218
0.138075
0.131702
0.124006
0.11503
0.10471
0.0932359
0.0806298
0.0671694
0.0529207
0.0381749
0.0228562
0.00725967
-0.00870163
-0.024727
-0.0409084
-0.0569351
-0.0729011
-0.0884961
-0.103813
-0.118552
-0.132803
-0.146284
-0.159078
-0.170932
-0.181919
-0.19182
-0.200695
-0.208369
-0.214885
-0.220114
-0.224084
-0.226717
-0.228023
-0.227977
-0.226571
-0.223837
-0.219748
-0.214389
-0.20772
-0.199878
-0.190807
-0.180693
-0.169466
-0.157357
-0.144284
-0.130515
-0.115958
-0.100907
-0.0852666
-0.069347
-0.053048
-0.0366877
-0.0201651
-0.00379402
0.0125239
0.0284897
0.0441957
0.0593504
0.0740333
0.0879586
0.101043
0.113015
0.123844
0.133349
0.141593
0.148548
0.154303
0.158921
0.162486
0.165089
0.166769
0.167625
0.167635
0.166917
0.165445
0.163364
0.160706
0.157654
0.154299
0.150745
0.147156
0.144494
0.142684
0.115136
0.117001
0.120551
0.124314
0.128156
0.131819
0.135344
0.138422
0.141039
0.143026
0.144333
0.144899
0.144668
0.143582
0.141631
0.138655
0.134704
0.129545
0.123257
0.115657
0.106822
0.0967252
0.0854124
0.0731485
0.059949
0.0461306
0.0317713
0.0169334
0.00177751
-0.0136706
-0.0292301
-0.0448821
-0.0604329
-0.0758699
-0.0909949
-0.1058
-0.120091
-0.133864
-0.146934
-0.159299
-0.170795
-0.181415
-0.191022
-0.199605
-0.207059
-0.213366
-0.218458
-0.22231
-0.224892
-0.226173
-0.226165
-0.22483
-0.22222
-0.218295
-0.213144
-0.206727
-0.19917
-0.190431
-0.18067
-0.169847
-0.15815
-0.14554
-0.132228
-0.118178
-0.103618
-0.0885147
-0.0731031
-0.0573546
-0.0415047
-0.0255287
-0.00965421
0.0061379
0.0216371
0.0368545
0.0516054
0.065856
0.0795187
0.0922695
0.104099
0.114731
0.124135
0.132325
0.139256
0.14508
0.14976
0.153482
0.156244
0.158139
0.159232
0.159497
0.159047
0.157858
0.156033
0.153671
0.150825
0.147751
0.144436
0.141091
0.137872
0.136167
0.110063
0.111745
0.115028
0.118448
0.122107
0.125431
0.128725
0.131478
0.133866
0.135572
0.136665
0.13702
0.136592
0.135383
0.133251
0.130262
0.126162
0.121122
0.114749
0.107429
0.0986001
0.0889657
0.0777631
0.0661318
0.0531056
0.0400535
0.025881
0.0119
-0.00305669
-0.0175896
-0.0329413
-0.0476487
-0.0629894
-0.0774826
-0.0924016
-0.106294
-0.12039
-0.133309
-0.146201
-0.1578
-0.169138
-0.179105
-0.188581
-0.196643
-0.203997
-0.209932
-0.214957
-0.218598
-0.221149
-0.222387
-0.222384
-0.221175
-0.218607
-0.214974
-0.2099
-0.203933
-0.196486
-0.188341
-0.178721
-0.168619
-0.157087
-0.145303
-0.132179
-0.119036
-0.104678
-0.0905341
-0.0753338
-0.0605679
-0.0449317
-0.029931
-0.0142662
0.000588352
0.0158881
0.0302349
0.0447997
0.0582807
0.0717695
0.0839029
0.0956286
0.10584
0.115252
0.123232
0.130267
0.136056
0.140905
0.144727
0.147688
0.149784
0.151087
0.151629
0.151401
0.150544
0.148952
0.146948
0.144335
0.141614
0.13848
0.135477
0.132517
0.130992
0.105272
0.106946
0.109731
0.113079
0.116363
0.119544
0.122462
0.125044
0.127109
0.128637
0.129488
0.129666
0.129091
0.127706
0.125532
0.122371
0.118361
0.113173
0.107069
0.0996457
0.0913118
0.0816312
0.0711815
0.059555
0.0474748
0.0344377
0.0213107
0.00734587
-0.00648284
-0.020999
-0.0351722
-0.0498626
-0.0640106
-0.078487
-0.092236
-0.106112
-0.119097
-0.132001
-0.143875
-0.155461
-0.165905
-0.17586
-0.184594
-0.192647
-0.199433
-0.205362
-0.21001
-0.213647
-0.216025
-0.217262
-0.217294
-0.216087
-0.213762
-0.210133
-0.205504
-0.199544
-0.19273
-0.184595
-0.175778
-0.165687
-0.155105
-0.143335
-0.131277
-0.11815
-0.104944
-0.0908161
-0.0768181
-0.0620692
-0.0476487
-0.0326654
-0.0181928
-0.0033554
0.0108114
0.0251416
0.0386634
0.0521288
0.0646823
0.076811
0.0878152
0.0980756
0.107053
0.115141
0.121985
0.127929
0.13277
0.13677
0.139844
0.142123
0.143625
0.144349
0.144399
0.143724
0.142477
0.140647
0.138415
0.135839
0.133068
0.130138
0.127648
0.12613
0.100305
0.101861
0.104855
0.107955
0.111101
0.114028
0.116805
0.119142
0.12105
0.122373
0.123073
0.123101
0.122399
0.120939
0.118677
0.115532
0.111486
0.10643
0.100349
0.0931985
0.0849543
0.0757027
0.0654007
0.0543481
0.0424864
0.0301374
0.0172839
0.00407531
-0.00945299
-0.0231703
-0.03703
-0.0509026
-0.0647334
-0.0783972
-0.091835
-0.104928
-0.117617
-0.129791
-0.141394
-0.152324
-0.162531
-0.171923
-0.180461
-0.188062
-0.194697
-0.200298
-0.204848
-0.208291
-0.210625
-0.211807
-0.211851
-0.21073
-0.208472
-0.205069
-0.20056
-0.194958
-0.188314
-0.180659
-0.172057
-0.162554
-0.152225
-0.141133
-0.129359
-0.116979
-0.10408
-0.0907468
-0.0770691
-0.0631382
-0.0490423
-0.0348759
-0.0207225
-0.00667753
0.00718486
0.0207695
0.0340161
0.0468077
0.0591433
0.0707181
0.0815841
0.0914459
0.100353
0.108208
0.115055
0.120908
0.125815
0.129833
0.133024
0.135403
0.137058
0.137943
0.138164
0.137697
0.136621
0.135028
0.132943
0.130606
0.127974
0.12527
0.122575
0.121165
0.0960422
0.097448
0.100346
0.103169
0.106194
0.108852
0.111472
0.11356
0.115305
0.116427
0.116968
0.11687
0.116017
0.114525
0.11212
0.109059
0.10489
0.100058
0.0938939
0.0871358
0.0788623
0.0701921
0.0599186
0.0496178
0.0378219
0.0263554
0.0135753
0.00133697
-0.0121136
-0.0248059
-0.0385851
-0.0514082
-0.0651582
-0.0777792
-0.0911381
-0.103226
-0.11584
-0.127077
-0.138611
-0.148699
-0.158846
-0.167516
-0.176003
-0.183024
-0.189621
-0.194801
-0.199325
-0.202518
-0.204838
-0.20595
-0.205994
-0.204984
-0.202741
-0.199627
-0.195146
-0.190003
-0.1834
-0.176361
-0.16781
-0.159062
-0.148794
-0.138572
-0.126867
-0.115447
-0.102623
-0.0903099
-0.0767111
-0.0638298
-0.0498142
-0.0366961
-0.0226222
-0.00959375
0.00419235
0.0168208
0.0299957
0.0419232
0.0541929
0.0650425
0.0758813
0.0852015
0.0941406
0.101654
0.108588
0.114271
0.119302
0.123284
0.126618
0.129061
0.130866
0.131896
0.132274
0.132011
0.131095
0.129743
0.127813
0.125725
0.123209
0.120757
0.118155
0.116881
0.0925328
0.0939333
0.096033
0.0987969
0.101493
0.104033
0.106304
0.10825
0.109722
0.110697
0.111064
0.110821
0.109894
0.108258
0.105882
0.102683
0.0986747
0.0937252
0.0879102
0.0810719
0.0733836
0.0646782
0.0552518
0.0449543
0.0341638
0.0227079
0.0110007
-0.00122633
-0.0135356
-0.0262162
-0.0388125
-0.0516238
-0.0641837
-0.0767931
-0.0889893
-0.101066
-0.112579
-0.123805
-0.13433
-0.144408
-0.153667
-0.16233
-0.170075
-0.177089
-0.183112
-0.188287
-0.192421
-0.195611
-0.197738
-0.198849
-0.198902
-0.197893
-0.195861
-0.19275
-0.188678
-0.18354
-0.17753
-0.170497
-0.162707
-0.153967
-0.144605
-0.134393
-0.12371
-0.1123
-0.100584
-0.088282
-0.0758425
-0.062973
-0.0501339
-0.0370279
-0.0241135
-0.0110971
0.00157839
0.0141952
0.0263315
0.0382481
0.0495474
0.0603932
0.0704236
0.079778
0.0881746
0.0957669
0.102391
0.108189
0.113087
0.117205
0.120519
0.123104
0.124974
0.126147
0.126674
0.126557
0.125879
0.124669
0.123048
0.121077
0.118849
0.116455
0.114602
0.113333
0.0882018
0.0895741
0.092068
0.0947392
0.0972772
0.0996869
0.101839
0.103644
0.104998
0.105841
0.106122
0.105763
0.104812
0.103082
0.100771
0.097506
0.0936668
0.088692
0.0831514
0.0763428
0.0690362
0.0604205
0.0514716
0.0413176
0.0311288
0.0198486
0.00884708
-0.00318957
-0.0147392
-0.0272207
-0.0390312
-0.05164
-0.06341
-0.0758192
-0.0872437
-0.0991285
-0.10991
-0.120957
-0.130812
-0.14073
-0.1494
-0.157925
-0.165179
-0.172082
-0.177727
-0.18282
-0.1867
-0.18984
-0.191844
-0.192938
-0.193002
-0.192011
-0.190124
-0.187063
-0.183266
-0.178211
-0.172597
-0.165677
-0.158392
-0.149791
-0.141029
-0.130977
-0.12097
-0.109738
-0.0987547
-0.0866426
-0.0749708
-0.0622975
-0.050239
-0.03733
-0.0251873
-0.0123634
-0.000429766
0.0120038
0.0234541
0.035202
0.0459194
0.0566278
0.0662071
0.0754772
0.0835272
0.0910938
0.0974814
0.103306
0.10807
0.112252
0.115525
0.118199
0.120105
0.121385
0.122001
0.122005
0.121438
0.120357
0.118839
0.116988
0.114893
0.112582
0.110315
0.10907
0.0847201
0.0859739
0.0884453
0.0908933
0.0933513
0.0955482
0.0975885
0.099204
0.100437
0.101144
0.101305
0.100887
0.0998188
0.0981252
0.0957014
0.0925892
0.0886481
0.0839643
0.0783461
0.0719868
0.0646366
0.0566374
0.0476792
0.0382882
0.0281072
0.0177039
0.00671114
-0.00437495
-0.0159155
-0.0274019
-0.0392032
-0.0508002
-0.0625609
-0.07397
-0.0853855
-0.0963096
-0.107082
-0.117235
-0.127082
-0.136197
-0.14486
-0.152695
-0.159944
-0.166291
-0.171931
-0.176615
-0.180492
-0.183383
-0.185385
-0.186397
-0.186461
-0.185557
-0.183672
-0.180866
-0.177072
-0.172431
-0.166822
-0.160463
-0.153185
-0.145276
-0.13652
-0.127271
-0.117272
-0.106928
-0.0959529
-0.0847876
-0.073125
-0.06143
-0.0493811
-0.0374542
-0.0253211
-0.0134565
-0.00153223
0.00998969
0.0214309
0.0323404
0.0430494
0.0530315
0.0626188
0.0713073
0.0793982
0.0865451
0.0930065
0.0985594
0.103421
0.107453
0.110836
0.113461
0.11548
0.116793
0.117525
0.11763
0.11718
0.116246
0.114837
0.113154
0.111137
0.109006
0.106762
0.105615
0.081498
0.0826419
0.0850873
0.0873323
0.0897128
0.0917156
0.0936503
0.0950924
0.0962126
0.0967944
0.0968432
0.0963713
0.0951935
0.0935353
0.0910058
0.0880358
0.0840003
0.0795861
0.0738961
0.067953
0.0605623
0.053134
0.0441671
0.0354827
0.0253091
0.0157179
0.00473313
-0.00547267
-0.0170047
-0.0275698
-0.0393624
-0.0500226
-0.0617746
-0.0722575
-0.0836646
-0.0936991
-0.104464
-0.113789
-0.123629
-0.132
-0.140656
-0.147853
-0.155097
-0.160927
-0.166563
-0.170869
-0.174742
-0.177403
-0.179403
-0.18034
-0.180404
-0.179581
-0.177697
-0.175127
-0.171336
-0.167078
-0.161473
-0.155635
-0.148362
-0.141094
-0.132346
-0.123838
-0.113848
-0.104325
-0.0933583
-0.0830698
-0.0714158
-0.0606267
-0.0485866
-0.0375692
-0.025445
-0.0144687
-0.00255318
0.00812446
0.0195573
0.0296903
0.0403916
0.049701
0.0592958
0.0674457
0.0755746
0.0823327
0.0888624
0.0941633
0.0991149
0.10301
0.106493
0.109072
0.111196
0.11254
0.113379
0.113576
0.113236
0.112438
0.111131
0.109601
0.10766
0.105692
0.103473
0.102417
0.0789694
0.0801096
0.0818833
0.0840845
0.0862239
0.0881391
0.0898226
0.0911608
0.0920948
0.0925705
0.0925154
0.0919398
0.0907463
0.0889873
0.0865367
0.0834726
0.0796349
0.0751432
0.0698069
0.0638141
0.0569576
0.0495123
0.0412626
0.0325864
0.023241
0.0136584
0.00355888
-0.00663775
-0.0172354
-0.027791
-0.038622
-0.0492726
-0.0600627
-0.0705361
-0.0810075
-0.0910329
-0.100913
-0.11023
-0.119261
-0.127625
-0.13557
-0.14276
-0.149409
-0.155234
-0.160407
-0.164709
-0.168264
-0.170923
-0.172758
-0.173694
-0.173752
-0.17293
-0.171199
-0.168632
-0.165149
-0.160896
-0.155745
-0.149912
-0.143226
-0.135965
-0.127918
-0.119419
-0.110224
-0.10071
-0.0906082
-0.080329
-0.0695841
-0.0588047
-0.0476915
-0.0366839
-0.025479
-0.0145124
-0.00348462
0.00718361
0.0177784
0.0279026
0.0378184
0.0471192
0.0560315
0.0641962
0.0718126
0.0786168
0.0847979
0.090172
0.0949125
0.0988962
0.10227
0.104945
0.10704
0.108483
0.109371
0.10967
0.109457
0.10876
0.107646
0.106202
0.10445
0.102526
0.100942
0.0998894
0.075986
0.077122
0.078961
0.0811222
0.0831034
0.0849402
0.0864848
0.0877312
0.0885547
0.0889371
0.0888258
0.0881593
0.0869827
0.0851354
0.0827905
0.079644
0.0760163
0.0714564
0.0664482
0.0604104
0.0540084
0.0465444
0.03887
0.0301961
0.0215318
0.0119552
0.00260805
-0.00758217
-0.0173831
-0.027932
-0.0379448
-0.0485886
-0.0585609
-0.0690278
-0.078704
-0.0887232
-0.0978529
-0.107163
-0.115509
-0.123867
-0.131209
-0.138394
-0.144539
-0.15036
-0.155142
-0.159441
-0.162729
-0.165385
-0.167085
-0.16802
-0.168076
-0.167254
-0.165656
-0.16309
-0.15987
-0.15562
-0.150856
-0.145027
-0.138838
-0.131582
-0.124129
-0.115635
-0.107113
-0.0976053
-0.0882355
-0.0779627
-0.0679873
-0.0572147
-0.046887
-0.0358863
-0.0254619
-0.0145022
-0.00423008
0.00643144
0.0163147
0.0264325
0.0357044
0.0450021
0.0533708
0.0615517
0.0687385
0.0755834
0.0814503
0.0868871
0.0914174
0.0954776
0.098731
0.101488
0.103538
0.105066
0.105973
0.106361
0.106216
0.105606
0.104588
0.103219
0.101582
0.0996967
0.098005
0.0969563
0.0731835
0.0742871
0.0762921
0.0783709
0.0802526
0.0819885
0.0834438
0.0845886
0.0853311
0.0856277
0.0854626
0.0847349
0.0835468
0.0816692
0.0793677
0.076229
0.0727091
0.0682048
0.0633754
0.05745
0.051301
0.0440075
0.0366539
0.0282
0.0199221
0.0105999
0.00168583
-0.00823162
-0.0175733
-0.0278389
-0.0373804
-0.047738
-0.0572396
-0.0674249
-0.0766435
-0.0863934
-0.095091
-0.104152
-0.112102
-0.120236
-0.127231
-0.134224
-0.140079
-0.145745
-0.150302
-0.154486
-0.157621
-0.160206
-0.161827
-0.162737
-0.162792
-0.161992
-0.16047
-0.157971
-0.154903
-0.150763
-0.146221
-0.140543
-0.134641
-0.127571
-0.12046
-0.112183
-0.104047
-0.0947809
-0.0858317
-0.0758175
-0.0662844
-0.0557804
-0.0459045
-0.0351753
-0.0252001
-0.0145077
-0.00467106
0.00573369
0.0152073
0.0250853
0.033991
0.0430797
0.0511459
0.059162
0.0661111
0.072843
0.0785404
0.0839143
0.0883382
0.0923774
0.0955799
0.0983495
0.100395
0.101964
0.102904
0.103355
0.103267
0.102737
0.101782
0.100494
0.098931
0.0971107
0.0952272
0.0942034
0.0708416
0.0718688
0.0738589
0.0757934
0.0776212
0.0792197
0.0806002
0.0816261
0.0822881
0.082508
0.0822636
0.0815194
0.0802543
0.0784348
0.0760596
0.0730677
0.0694826
0.065228
0.0603499
0.0547873
0.0486115
0.0417944
0.0344351
0.026553
0.0182795
0.00960153
0.000692285
-0.00853443
-0.0178711
-0.0274192
-0.0369556
-0.0465881
-0.0560845
-0.0655567
-0.0747704
-0.0838382
-0.0925311
-0.100959
-0.108905
-0.116472
-0.123463
-0.129969
-0.135821
-0.141093
-0.145648
-0.149542
-0.152674
-0.15508
-0.1567
-0.157545
-0.157601
-0.156853
-0.155332
-0.153001
-0.149935
-0.146073
-0.141534
-0.136237
-0.130338
-0.12374
-0.116633
-0.108906
-0.100775
-0.0921188
-0.0831744
-0.0738146
-0.0642867
-0.0544623
-0.0445917
-0.0345491
-0.0245793
-0.0145629
-0.0047316
0.00502392
0.0144924
0.023764
0.032665
0.0412123
0.0492823
0.0568427
0.0638145
0.0701912
0.0759316
0.0810488
0.0855314
0.0894022
0.092672
0.0953493
0.0974661
0.0990082
0.100022
0.100502
0.10049
0.10003
0.0991464
0.0979507
0.0964395
0.0947229
0.0928541
0.0918881
0.0686728
0.0696294
0.0716056
0.0734065
0.0751845
0.0766556
0.0779669
0.0788826
0.07947
0.079619
0.0793012
0.0785416
0.0772053
0.0754396
0.0729961
0.0701401
0.0664947
0.0624712
0.0575481
0.0523215
0.0461209
0.0397449
0.0323803
0.0250278
0.0167584
0.00867698
-0.000227797
-0.00881484
-0.0181468
-0.0270305
-0.0365621
-0.0455232
-0.0550149
-0.0638267
-0.0730358
-0.0814719
-0.0901605
-0.098002
-0.105944
-0.112986
-0.119973
-0.126029
-0.131878
-0.136785
-0.141338
-0.144962
-0.148093
-0.150333
-0.151952
-0.152738
-0.152793
-0.152094
-0.150574
-0.148399
-0.145334
-0.14173
-0.137193
-0.132249
-0.126353
-0.120193
-0.113089
-0.105871
-0.0977438
-0.0896536
-0.0807136
-0.0719597
-0.0624366
-0.0532416
-0.043376
-0.0339692
-0.0240044
-0.0146141
-0.00478767
0.00436664
0.0138304
0.0225404
0.031437
0.039483
0.0475565
0.0546949
0.0616878
0.0677355
0.0735157
0.0783952
0.0829322
0.086647
0.0899792
0.092571
0.0947536
0.096271
0.0973534
0.0978596
0.0979183
0.0975236
0.0967062
0.0955951
0.0941322
0.0925118
0.0906564
0.0897439
0.0666861
0.0675814
0.0695145
0.0712
0.0729229
0.0742817
0.0755216
0.0763398
0.0768539
0.0769391
0.0765528
0.0757774
0.0743791
0.0726571
0.0701597
0.0674182
0.0637318
0.0599055
0.0549614
0.0500239
0.043827
0.0378324
0.0304954
0.0236011
0.0153742
0.0078063
-0.00105142
-0.00908785
-0.0183704
-0.0266822
-0.0361632
-0.0445464
-0.0539878
-0.0622312
-0.0713916
-0.0792841
-0.0879268
-0.0952637
-0.103164
-0.109753
-0.116704
-0.122372
-0.12819
-0.132783
-0.137312
-0.140705
-0.14382
-0.145916
-0.147526
-0.148261
-0.148315
-0.147658
-0.146146
-0.144105
-0.141055
-0.137673
-0.133159
-0.128519
-0.122652
-0.116868
-0.1098
-0.10302
-0.0949328
-0.0873294
-0.0784334
-0.0702011
-0.0607244
-0.0520712
-0.0422533
-0.0333939
-0.0234768
-0.0146255
-0.00484571
0.00379103
0.0132103
0.0214369
0.0302924
0.0379046
0.0459499
0.0527238
0.0597094
0.0654749
0.0712698
0.0759472
0.0805172
0.0841009
0.0874782
0.0899995
0.0922353
0.0937341
0.0948769
0.0954083
0.0955331
0.0951966
0.0944446
0.0934087
0.0919962
0.0904588
0.0886453
0.0877791
0.0650852
0.0659783
0.0675421
0.0692008
0.0707867
0.0720916
0.073197
0.0739511
0.0743691
0.0743888
0.0739585
0.0731194
0.0717366
0.069953
0.0675381
0.0647395
0.0612168
0.0573436
0.0526606
0.0476923
0.0418616
0.0358541
0.0289821
0.0220888
0.0143888
0.00682417
-0.00146937
-0.00950235
-0.0181925
-0.0265007
-0.0353759
-0.0437555
-0.052594
-0.0608338
-0.0694103
-0.0772994
-0.0853927
-0.0927264
-0.100126
-0.106712
-0.113224
-0.118889
-0.12434
-0.128931
-0.133174
-0.136565
-0.139482
-0.141577
-0.143083
-0.143817
-0.143863
-0.143207
-0.141782
-0.139741
-0.136872
-0.133492
-0.129247
-0.124609
-0.119092
-0.113311
-0.106663
-0.0998852
-0.092277
-0.0846769
-0.076304
-0.0680752
-0.0591515
-0.050502
-0.0412518
-0.0323962
-0.023047
-0.0141995
-0.00497373
0.0036593
0.0125502
0.0207733
0.0291322
0.0367428
0.0443424
0.0511262
0.0577499
0.0635413
0.0690639
0.0737824
0.0781633
0.081798
0.0850557
0.0876329
0.0898077
0.0913654
0.0925021
0.0930951
0.0932653
0.0929901
0.0923253
0.0913416
0.0900256
0.0885148
0.0870537
0.0861898
0.0635804
0.0644714
0.06572
0.0673537
0.0688142
0.0700694
0.071052
0.0717469
0.0720771
0.0720364
0.0715664
0.0706685
0.0693007
0.0674605
0.0651223
0.062271
0.0588996
0.0549831
0.050541
0.0455443
0.0400511
0.0340317
0.0275884
0.0206959
0.0134825
0.00592091
-0.00185225
-0.00988203
-0.0180257
-0.0263306
-0.0346471
-0.0430234
-0.0513058
-0.0595424
-0.0675805
-0.0754665
-0.0830531
-0.090384
-0.0973216
-0.103906
-0.110012
-0.115675
-0.120786
-0.125376
-0.129355
-0.132745
-0.13548
-0.137574
-0.138984
-0.139718
-0.139756
-0.139099
-0.137755
-0.135715
-0.133013
-0.129635
-0.125638
-0.121001
-0.115807
-0.110028
-0.103768
-0.0969928
-0.0898256
-0.0822285
-0.0743378
-0.0661123
-0.0576983
-0.0490522
-0.0403255
-0.0314734
-0.0226477
-0.0138037
-0.00508876
0.00354084
0.0119446
0.0201645
0.028065
0.0356739
0.0428629
0.0496558
0.0559462
0.0617614
0.0670333
0.0717895
0.075996
0.0796777
0.0828246
0.0854534
0.0875713
0.0891833
0.0903135
0.0909634
0.0911748
0.0909562
0.0903708
0.0894354
0.0882079
0.0867216
0.0855582
0.0846964
0.0618161
0.0627047
0.0640894
0.0657008
0.0670798
0.0682913
0.0692043
0.0698484
0.0701264
0.0700344
0.0695455
0.068598
0.0672568
0.0653688
0.0631125
0.0602172
0.0569911
0.0530387
0.0488112
0.0437912
0.0385832
0.0325544
0.0264598
0.0195685
0.0127596
0.00520082
-0.0021291
-0.0101559
-0.0178344
-0.0261362
-0.0339784
-0.0423515
-0.050163
-0.0583965
-0.0659792
-0.0738622
-0.0810208
-0.0883489
-0.0948968
-0.101478
-0.107243
-0.112904
-0.117731
-0.122319
-0.126077
-0.129466
-0.132048
-0.134142
-0.135472
-0.136206
-0.136239
-0.135583
-0.134308
-0.132269
-0.129709
-0.126331
-0.122544
-0.117909
-0.112986
-0.107209
-0.101274
-0.0945021
-0.0877053
-0.080111
-0.072625
-0.0644025
-0.0564166
-0.0477737
-0.0394871
-0.0306383
-0.0222537
-0.0134129
-0.00512968
0.00349672
0.0114885
0.0197053
0.0272271
0.0348343
0.0416926
0.0484924
0.0545061
0.0603404
0.0653947
0.0701816
0.0742284
0.0779486
0.0809894
0.0836607
0.0857203
0.0873774
0.0884905
0.0891876
0.0894139
0.0892429
0.0886913
0.0877973
0.086619
0.0851541
0.0838143
0.0829549
0.0601823
0.0610687
0.0625793
0.0641701
0.0654736
0.0666447
0.0674933
0.0680902
0.0683201
0.0681804
0.0676741
0.0666806
0.0653639
0.0634317
0.0612512
0.0583153
0.0552237
0.0512382
0.0472092
0.0421678
0.0372238
0.0311863
0.0254148
0.0185244
0.0120902
0.00453398
-0.00238548
-0.0104095
-0.0176572
-0.0259562
-0.0333591
-0.0417294
-0.0491046
-0.0573354
-0.0644962
-0.0723765
-0.0791387
-0.0864644
-0.0926514
-0.0992307
-0.104679
-0.110338
-0.114901
-0.119488
-0.123041
-0.126429
-0.128871
-0.130963
-0.13222
-0.132954
-0.132983
-0.132327
-0.131116
-0.129078
-0.126648
-0.123272
-0.119679
-0.115045
-0.110374
-0.104599
-0.0989656
-0.0921957
-0.0857417
-0.0781501
-0.0710388
-0.0628192
-0.0552296
-0.0465897
-0.0387107
-0.0298649
-0.0218889
-0.0130511
-0.00516759
0.00345587
0.0110661
0.0192801
0.0264511
0.0340567
0.0406088
0.047415
0.0531724
0.0590244
0.0638773
0.0686926
0.0725915
0.0763475
0.0792899
0.0820006
0.0840062
0.085705
0.0868022
0.0875432
0.0877832
0.0876563
0.087136
0.0862804
0.0851477
0.0837026
0.0821994
0.0813421
0.0592115
0.0600852
0.0616325
0.0632102
0.0644424
0.0656112
0.0663831
0.0669816
0.0671413
0.0670096
0.0664475
0.0654727
0.0641162
0.0622164
0.0600151
0.057126
0.0540395
0.050116
0.0461247
0.0411616
0.0362904
0.0303476
0.0246813
0.0179002
0.0115943
0.00416058
-0.0026209
-0.0105142
-0.0176171
-0.0257808
-0.0330361
-0.04127
-0.0484986
-0.0565956
-0.0636147
-0.0713674
-0.0779963
-0.0852037
-0.0912694
-0.0977429
-0.103085
-0.108653
-0.113128
-0.117641
-0.121125
-0.124459
-0.126853
-0.128912
-0.130145
-0.130866
-0.130893
-0.130246
-0.129057
-0.127049
-0.124664
-0.121339
-0.117811
-0.113247
-0.10866
-0.102971
-0.0974394
-0.0907703
-0.0844318
-0.0769525
-0.0699675
-0.0618686
-0.0544125
-0.0458984
-0.0381566
-0.0294384
-0.0215999
-0.0128884
-0.00513944
0.00336213
0.0108439
0.0189431
0.0259942
0.0334965
0.0399478
0.0466632
0.0523472
0.0581224
0.0629319
0.0676841
0.0715677
0.0752732
0.0782231
0.0808954
0.0829258
0.084598
0.0857351
0.0864595
0.0867538
0.0866167
0.0861584
0.0852969
0.0842231
0.0827834
0.0812311
0.0803827
0.0585884
0.0594421
0.0609852
0.0625244
0.0637418
0.0648738
0.0656258
0.0661932
0.0663317
0.0661814
0.0655982
0.064622
0.0632449
0.0613649
0.0591438
0.0562995
0.0531958
0.0493455
0.0453416
0.040482
0.0356044
0.0297945
0.0241275
0.0175036
0.0111996
0.00394162
-0.00283787
-0.0105436
-0.0176444
-0.0256138
-0.032867
-0.0409052
-0.0481317
-0.0560367
-0.0630537
-0.0706232
-0.0772502
-0.084288
-0.0903519
-0.0966736
-0.102014
-0.107452
-0.111925
-0.116333
-0.119816
-0.123072
-0.125466
-0.127477
-0.128709
-0.129412
-0.129439
-0.128805
-0.127617
-0.125652
-0.123268
-0.120015
-0.116488
-0.112024
-0.107439
-0.101874
-0.0963439
-0.0898195
-0.0834829
-0.0761648
-0.0691818
-0.0612561
-0.0538022
-0.0454686
-0.0377291
-0.0291939
-0.0213577
-0.0128272
-0.00508053
0.00324627
0.0107258
0.0186606
0.0257097
0.0330632
0.0395145
0.0461018
0.0517909
0.0574627
0.0622829
0.0669571
0.0708561
0.0745075
0.0774752
0.0801151
0.0821643
0.0838229
0.0849796
0.0857066
0.086021
0.0858992
0.0854601
0.0846211
0.0835616
0.0821481
0.0806
0.0797661
0.0580114
0.0588466
0.0603857
0.0618894
0.063093
0.0641909
0.0649245
0.0654632
0.0655819
0.0654145
0.0648117
0.0638343
0.0624381
0.0605763
0.058337
0.0555341
0.0524144
0.0486319
0.0446165
0.0398527
0.0349691
0.0292823
0.0236146
0.0171364
0.010834
0.00373885
-0.0030388
-0.0105708
-0.0176696
-0.0254592
-0.0327104
-0.0405674
-0.0477919
-0.0555192
-0.0625343
-0.0699341
-0.0765593
-0.08344
-0.0895022
-0.0956833
-0.101022
-0.10634
-0.110812
-0.115122
-0.118605
-0.121789
-0.124182
-0.126147
-0.127379
-0.128066
-0.128093
-0.127471
-0.126283
-0.124359
-0.121975
-0.11879
-0.115263
-0.110892
-0.106308
-0.100858
-0.0953294
-0.088939
-0.0826041
-0.0754354
-0.0684542
-0.060689
-0.0532371
-0.0450706
-0.0373332
-0.0289675
-0.0211334
-0.0127705
-0.00502597
0.00313898
0.0106165
0.018399
0.0254461
0.0326619
0.0391133
0.045582
0.0512757
0.0568518
0.0616819
0.0662839
0.070197
0.0737984
0.0767827
0.0793924
0.0814592
0.0831051
0.08428
0.0850094
0.0853424
0.0852348
0.0848133
0.0839951
0.082949
0.0815597
0.0800156
0.0791951
0.0574771
0.0582951
0.0598306
0.0613013
0.0624922
0.0635586
0.064275
0.0647871
0.0648876
0.0647042
0.0640834
0.0631047
0.0616909
0.059846
0.0575898
0.0548253
0.0516908
0.0479711
0.043945
0.0392699
0.0343808
0.028808
0.0231396
0.0167963
0.0104955
0.00355107
-0.00322487
-0.0105959
-0.017693
-0.025316
-0.0325654
-0.0402546
-0.0474773
-0.0550399
-0.0620532
-0.069296
-0.0759195
-0.0826546
-0.0887154
-0.0947663
-0.100104
-0.10531
-0.109781
-0.114001
-0.117482
-0.1206
-0.122992
-0.124916
-0.126148
-0.126819
-0.126846
-0.126236
-0.125048
-0.123161
-0.120778
-0.117655
-0.114129
-0.109844
-0.105261
-0.0999174
-0.0943899
-0.0881236
-0.0817903
-0.0747598
-0.0677805
-0.0601638
-0.0527137
-0.044702
-0.0369666
-0.0287579
-0.0209257
-0.012718
-0.00497545
0.00303962
0.0105152
0.0181567
0.0252021
0.0322904
0.0387417
0.0451006
0.0507986
0.056286
0.0611254
0.0656604
0.0695867
0.0731417
0.0761414
0.0787232
0.0808062
0.0824404
0.0836322
0.0843637
0.084714
0.0846195
0.0842144
0.0834155
0.0823816
0.0810149
0.0794744
0.0786663
0.0569822
0.0577844
0.0593165
0.0607567
0.0619359
0.062973
0.0636736
0.064161
0.0642446
0.0640465
0.0634089
0.0624291
0.0609989
0.0591698
0.0568978
0.0541689
0.0510207
0.0473591
0.0433231
0.0387301
0.033836
0.0283687
0.0226998
0.0164813
0.010182
0.00337717
-0.00339719
-0.0106192
-0.0177146
-0.0251834
-0.0324311
-0.0399649
-0.0471859
-0.0545961
-0.0616078
-0.068705
-0.075327
-0.0819274
-0.0879867
-0.0939171
-0.0992535
-0.104356
-0.108826
-0.112962
-0.116443
-0.119498
-0.12189
-0.123776
-0.125007
-0.125664
-0.125692
-0.125091
-0.123904
-0.122051
-0.119669
-0.116604
-0.113079
-0.108873
-0.104291
-0.0990461
-0.0935198
-0.0873685
-0.0810367
-0.0741342
-0.0671565
-0.0596774
-0.0522291
-0.0443607
-0.036627
-0.0285637
-0.0207334
-0.0126694
-0.00492866
0.00294761
0.0104215
0.0179324
0.0249761
0.0319462
0.0383976
0.0446547
0.0503567
0.0557621
0.06061
0.065083
0.0690215
0.0725336
0.0755475
0.0781035
0.0802015
0.0818249
0.0830322
0.0837658
0.0841321
0.0840497
0.0836597
0.0828787
0.0818563
0.0805104
0.0789732
0.0781766
0.056524
0.0573115
0.0588404
0.0602524
0.0614206
0.0624306
0.0631166
0.0635812
0.0636491
0.0634373
0.0627843
0.0618035
0.0603581
0.0585435
0.056257
0.0535611
0.0504002
0.0467924
0.0427472
0.0382303
0.0333315
0.0279619
0.0222924
0.0161896
0.00989164
0.00321613
-0.00355676
-0.0106408
-0.0177347
-0.0250606
-0.0323067
-0.0396966
-0.046916
-0.054185
-0.0611952
-0.0681578
-0.0747783
-0.0812539
-0.0873119
-0.0931306
-0.0984659
-0.103473
-0.107942
-0.112001
-0.115481
-0.118479
-0.12087
-0.12272
-0.123951
-0.124595
-0.124622
-0.124032
-0.122844
-0.121024
-0.118642
-0.11563
-0.112107
-0.107973
-0.103393
-0.0982392
-0.0927141
-0.0866693
-0.0803388
-0.0735549
-0.0665787
-0.0592269
-0.0517803
-0.0440446
-0.0363126
-0.0283839
-0.0205553
-0.0126244
-0.00488533
0.0028624
0.0103347
0.0177246
0.0247668
0.0316276
0.0380789
0.0442419
0.0499476
0.0552769
0.0601327
0.0645484
0.0684982
0.0719705
0.0749975
0.0775296
0.0796414
0.0812548
0.0824766
0.083212
0.0835931
0.083522
0.0831461
0.0823817
0.0813697
0.0800432
0.078509
0.0777231
0.0560996
0.0568735
0.0583995
0.0597853
0.0609434
0.0619284
0.0626008
0.0630443
0.0630977
0.0628733
0.0622059
0.0612241
0.0597647
0.0579636
0.0556636
0.0529982
0.0498255
0.0462676
0.0422138
0.0377675
0.0328643
0.0275852
0.0219152
0.0159195
0.00962278
0.003067
-0.00370454
-0.0106608
-0.0177533
-0.0249469
-0.0321915
-0.0394482
-0.0466662
-0.0538044
-0.0608132
-0.067651
-0.0742701
-0.0806302
-0.086687
-0.0924023
-0.0977365
-0.102655
-0.107123
-0.11111
-0.114589
-0.117534
-0.119926
-0.121743
-0.122973
-0.123605
-0.123632
-0.123051
-0.121863
-0.120073
-0.117691
-0.114729
-0.111206
-0.107141
-0.102561
-0.0974919
-0.091968
-0.0860217
-0.0796925
-0.0730184
-0.0660436
-0.0588098
-0.0513646
-0.0437519
-0.0360215
-0.0282173
-0.0203903
-0.0125828
-0.0048452
0.00278349
0.0102543
0.0175322
0.024573
0.0313324
0.0377838
0.0438595
0.0495687
0.0548276
0.0596907
0.0640532
0.0680135
0.0714489
0.0744881
0.0769981
0.0791228
0.0807269
0.0819621
0.0826992
0.0830941
0.0830334
0.0826704
0.0819213
0.0809192
0.0796105
0.0780792
0.0773031
0.0561348
0.0569055
0.0583511
0.0597162
0.0608936
0.0618418
0.0625419
0.0629447
0.0630291
0.0627653
0.0621299
0.0611112
0.0596836
0.0578485
0.0555783
0.0528839
0.0497372
0.0461586
0.0421257
0.0376698
0.0327819
0.0275048
0.0218461
0.0158611
0.00957223
0.0030294
-0.00373548
-0.0106779
-0.0177631
-0.0249425
-0.0321794
-0.0394216
-0.0466317
-0.0537558
-0.0607568
-0.0675811
-0.0741928
-0.0805403
-0.0865902
-0.0922943
-0.0976222
-0.102531
-0.106994
-0.110973
-0.114448
-0.117387
-0.119775
-0.121589
-0.122818
-0.123448
-0.123475
-0.122894
-0.121707
-0.11992
-0.117541
-0.114584
-0.111064
-0.107007
-0.102432
-0.097372
-0.0918541
-0.0859186
-0.0795962
-0.0729342
-0.0659669
-0.058746
-0.0513088
-0.0437096
-0.0359872
-0.0281968
-0.0203777
-0.0125837
-0.00485366
0.00276197
0.0102257
0.0174914
0.0245242
0.0312732
0.0377135
0.0437859
0.0494807
0.0547461
0.0595903
0.0639692
0.067906
0.0713656
0.0743778
0.0769167
0.0790125
0.0806486
0.0818543
0.0826264
0.0829924
0.0829686
0.0825796
0.0818644
0.080844
0.0795545
0.0781123
0.077339
0.0562129
0.0569836
0.0583337
0.0596986
0.0608703
0.0618182
0.0625113
0.0629134
0.0629928
0.062728
0.0620895
0.0610695
0.0596402
0.0578035
0.0555327
0.0528366
0.0496905
0.0461105
0.0420802
0.0376237
0.0327409
0.0274641
0.0218131
0.0158291
0.00954744
0.00300574
-0.00375236
-0.0106936
-0.0177715
-0.0249496
-0.0321787
-0.0394197
-0.0466217
-0.0537446
-0.0607376
-0.0675607
-0.0741648
-0.0805112
-0.086554
-0.0922571
-0.0975787
-0.102486
-0.106944
-0.110923
-0.114393
-0.117332
-0.119716
-0.12153
-0.122757
-0.123387
-0.123413
-0.122832
-0.121646
-0.11986
-0.117482
-0.114526
-0.11101
-0.106954
-0.102383
-0.0973246
-0.0918127
-0.0858782
-0.0795629
-0.072902
-0.0659424
-0.0587228
-0.0512937
-0.0436957
-0.0359817
-0.0281925
-0.0203816
-0.0125889
-0.00486655
0.00274777
0.0102044
0.0174688
0.0244942
0.031242
0.037674
0.0437459
0.0494344
0.0547005
0.0595405
0.063921
0.0678555
0.0713171
0.0743284
0.0768691
0.078965
0.0806029
0.0818102
0.0825838
0.0829535
0.0829307
0.0825479
0.0818332
0.0808181
0.079529
0.0781907
0.0774174
0.0562853
0.057056
0.0583177
0.0596823
0.0608487
0.0617963
0.0624829
0.0628844
0.0629592
0.0626934
0.0620521
0.0610308
0.0596
0.0577618
0.0554904
0.0527927
0.0496473
0.046066
0.0420382
0.0375811
0.032703
0.0274265
0.0217826
0.0157994
0.00952449
0.00298382
-0.00376801
-0.0107082
-0.0177792
-0.0249562
-0.032178
-0.0394178
-0.0466124
-0.0537342
-0.0607198
-0.0675418
-0.0741388
-0.0804843
-0.0865204
-0.0922227
-0.0975383
-0.102445
-0.106897
-0.110876
-0.114342
-0.11728
-0.119662
-0.121475
-0.1227
-0.12333
-0.123356
-0.122775
-0.12159
-0.119804
-0.117429
-0.114473
-0.11096
-0.106904
-0.102339
-0.0972806
-0.0917743
-0.0858408
-0.079532
-0.0728721
-0.0659197
-0.0587012
-0.0512797
-0.0436829
-0.0359765
-0.0281886
-0.0203852
-0.0125937
-0.00487849
0.00273462
0.0101847
0.0174479
0.0244663
0.0312131
0.0376374
0.0437089
0.0493916
0.0546583
0.0594944
0.0638764
0.0678088
0.0712721
0.0742826
0.0768251
0.0789211
0.0805606
0.0817694
0.0825443
0.0829175
0.0828957
0.0825185
0.0818044
0.0807942
0.0795054
0.0782632
0.07749
0.0563523
0.057123
0.0583029
0.0596673
0.0608287
0.0617761
0.0624567
0.0628576
0.0629281
0.0626613
0.0620174
0.060995
0.0595627
0.0577233
0.0554513
0.0527521
0.0496072
0.0460247
0.0419992
0.0375416
0.0326678
0.0273917
0.0217543
0.015772
0.00950323
0.00296353
-0.00378249
-0.0107216
-0.0177864
-0.0249623
-0.0321774
-0.0394161
-0.0466039
-0.0537246
-0.0607034
-0.0675244
-0.0741148
-0.0804593
-0.0864894
-0.0921908
-0.097501
-0.102407
-0.106855
-0.110832
-0.114295
-0.117233
-0.119612
-0.121424
-0.122648
-0.123277
-0.123303
-0.122722
-0.121538
-0.119752
-0.117379
-0.114423
-0.110914
-0.106858
-0.102297
-0.0972398
-0.0917388
-0.0858062
-0.0795034
-0.0728445
-0.0658987
-0.0586813
-0.0512667
-0.0436711
-0.0359717
-0.028185
-0.0203885
-0.0125982
-0.00488955
0.00272245
0.0101664
0.0174285
0.0244406
0.0311864
0.0376036
0.0436746
0.0493519
0.0546191
0.0594517
0.063835
0.0677655
0.0712305
0.0742402
0.0767843
0.0788805
0.0805214
0.0817316
0.0825077
0.0828842
0.0828632
0.0824913
0.0817777
0.080772
0.0794835
0.0783305
0.0775573
0.0564144
0.0571851
0.0582891
0.0596533
0.0608103
0.0617574
0.0624324
0.0628328
0.0628992
0.0626317
0.0619853
0.0609618
0.0595282
0.0576875
0.055415
0.0527145
0.0495702
0.0459865
0.0419631
0.037505
0.0326353
0.0273594
0.0217281
0.0157466
0.00948355
0.00294474
-0.0037959
-0.0107341
-0.017793
-0.0249679
-0.0321768
-0.0394146
-0.0465959
-0.0537156
-0.0606881
-0.0675082
-0.0740926
-0.0804362
-0.0864607
-0.0921613
-0.0974664
-0.102372
-0.106815
-0.110792
-0.114251
-0.117189
-0.119565
-0.121377
-0.122599
-0.123229
-0.123254
-0.122673
-0.12149
-0.119704
-0.117332
-0.114377
-0.110871
-0.106816
-0.102259
-0.0972021
-0.091706
-0.0857741
-0.0794769
-0.0728189
-0.0658793
-0.0586628
-0.0512547
-0.0436601
-0.0359673
-0.0281816
-0.0203916
-0.0126023
-0.00489978
0.00271117
0.0101495
0.0174106
0.0244167
0.0311616
0.0375722
0.0436429
0.0493152
0.0545829
0.0594122
0.0637968
0.0677254
0.071192
0.0742009
0.0767465
0.0788428
0.080485
0.0816966
0.0824739
0.0828533
0.0828332
0.0824661
0.0817529
0.0807514
0.0794633
0.0783927
0.0776195
)
;

boundaryField
{
    inlet
    {
        type            cyclic;
    }
    outlet
    {
        type            cyclic;
    }
    top
    {
        type            zeroGradient;
    }
    hills
    {
        type            zeroGradient;
    }
    front
    {
        type            empty;
    }
    back
    {
        type            empty;
    }
}


// ************************************************************************* //
