/*--------------------------------*- C++ -*----------------------------------*\
| =========                 |                                                 |
| \\      /  F ield         | OpenFOAM: The Open Source CFD Toolbox           |
|  \\    /   O peration     | Version:  v2106                                 |
|   \\  /    A nd           | Website:  www.openfoam.com                      |
|    \\/     M anipulation  |                                                 |
\*---------------------------------------------------------------------------*/
FoamFile
{
    version     2.0;
    format      ascii;
    arch        "LSB;label=32;scalar=64";
    class       volScalarField;
    location    "0";
    object      expGpCoeffs13;
}
// * * * * * * * * * * * * * * * * * * * * * * * * * * * * * * * * * * * * * //

dimensions      [0 0 0 0 0 0 0];

internalField   nonuniform List<scalar> 
8000
(
0.00177326
0.000417162
-0.00225665
-0.00631102
-0.0109486
-0.0156735
-0.0185832
-0.0196592
-0.0174574
-0.0120737
-0.00353681
0.00810108
0.0218795
0.0376759
0.0539266
0.0706017
0.0860012
0.100183
0.112247
0.122183
0.130146
0.136071
0.140596
0.143663
0.145846
0.147122
0.147735
0.147688
0.146992
0.145645
0.143631
0.14095
0.137607
0.133604
0.128968
0.123703
0.117854
0.111428
0.104486
0.0970338
0.0891449
0.0808279
0.0721625
0.0631579
0.0538984
0.0443941
0.0347316
0.0249209
0.0150502
0.00512952
-0.0047528
-0.014586
-0.0242818
-0.0338304
-0.0431444
-0.0522143
-0.0609561
-0.0693605
-0.0773491
-0.0849139
-0.0919857
-0.0985568
-0.10457
-0.11002
-0.114865
-0.1191
-0.1227
-0.125664
-0.127985
-0.129663
-0.130711
-0.13113
-0.130951
-0.130178
-0.128802
-0.126819
-0.123946
-0.120204
-0.115019
-0.10846
-0.100081
-0.0899512
-0.0782073
-0.0648658
-0.0509567
-0.0364399
-0.0228887
-0.010343
-9.1981e-05
0.00776989
0.0126067
0.0143966
0.0134599
0.0097095
0.00477534
-0.00127539
-0.00670518
-0.0110045
-0.0137183
-0.015011
0.00188246
0.000526654
-0.0021481
-0.00620091
-0.0109972
-0.0157249
-0.0188179
-0.0199023
-0.0177385
-0.0123614
-0.00376746
0.00786785
0.0217566
0.0375546
0.0539547
0.0706345
0.086152
0.100338
0.112424
0.122363
0.130286
0.136211
0.140686
0.143752
0.145901
0.147177
0.147786
0.147739
0.147046
0.145699
0.143685
0.141004
0.137659
0.133657
0.129017
0.123753
0.117898
0.111473
0.104524
0.0970726
0.0891758
0.0808599
0.072186
0.0631825
0.0539141
0.044411
0.0347394
0.0249299
0.0150501
0.00513061
-0.00476094
-0.0145929
-0.0242978
-0.0338452
-0.0431682
-0.0522369
-0.0609872
-0.0693904
-0.0773868
-0.0849506
-0.0920291
-0.0985993
-0.104618
-0.110067
-0.114916
-0.11915
-0.122753
-0.125716
-0.128037
-0.129715
-0.130761
-0.13118
-0.130997
-0.130225
-0.128853
-0.12687
-0.124037
-0.120294
-0.115155
-0.108595
-0.10023
-0.0900981
-0.0783101
-0.0649649
-0.0509364
-0.0364166
-0.0227342
-0.0101889
0.000147021
0.00800493
0.0128693
0.0146519
0.0136488
0.00989067
0.00476798
-0.0012842
-0.00684548
-0.0111428
-0.0138227
-0.0151151
0.00200038
0.000644887
-0.00203088
-0.006082
-0.0110497
-0.0157804
-0.0190714
-0.0201648
-0.018042
-0.0126721
-0.00401653
0.007616
0.021624
0.0374235
0.0539849
0.0706698
0.0863149
0.100506
0.112616
0.122557
0.130438
0.136364
0.140782
0.143848
0.145961
0.147237
0.147841
0.147794
0.147103
0.145757
0.143744
0.141063
0.137716
0.133714
0.12907
0.123806
0.117946
0.111522
0.104564
0.0971145
0.0892092
0.0808944
0.0722113
0.0632091
0.0539311
0.0444292
0.0347478
0.0249397
0.0150499
0.00513178
-0.00476974
-0.0146003
-0.0243152
-0.0338613
-0.0431938
-0.0522613
-0.0610207
-0.0694228
-0.0774275
-0.0849903
-0.0920759
-0.0986453
-0.10467
-0.110118
-0.114971
-0.119204
-0.122809
-0.125772
-0.128093
-0.12977
-0.130814
-0.131233
-0.131047
-0.130275
-0.128909
-0.126926
-0.124134
-0.120392
-0.115301
-0.108741
-0.10039
-0.0902567
-0.0784212
-0.065072
-0.0509144
-0.0363914
-0.0225674
-0.0100224
0.000405106
0.00825873
0.0131528
0.0149276
0.0138528
0.0100863
0.00476002
-0.00129371
-0.00699699
-0.0112922
-0.0139354
-0.0152275
0.00212771
0.000772561
-0.0019043
-0.00595361
-0.0111064
-0.0158403
-0.019345
-0.0204482
-0.0183697
-0.0130076
-0.00428548
0.00734404
0.0214807
0.037282
0.0540176
0.070708
0.0864908
0.100688
0.112823
0.122767
0.130601
0.136528
0.140886
0.143951
0.146026
0.147301
0.147901
0.147854
0.147166
0.14582
0.143806
0.141126
0.137777
0.133776
0.129127
0.123864
0.117997
0.111574
0.104609
0.0971598
0.0892453
0.0809317
0.0722386
0.0632377
0.0539494
0.0444489
0.0347569
0.0249502
0.0150497
0.00513305
-0.00477923
-0.0146084
-0.0243339
-0.0338786
-0.0432215
-0.0522877
-0.0610569
-0.0694578
-0.0774714
-0.0850331
-0.0921265
-0.0986948
-0.104725
-0.110173
-0.11503
-0.119263
-0.12287
-0.125832
-0.128153
-0.129831
-0.130873
-0.131291
-0.131101
-0.130329
-0.128968
-0.126986
-0.12424
-0.120498
-0.115459
-0.108899
-0.100564
-0.090428
-0.0785411
-0.0651876
-0.0508907
-0.0363642
-0.0223873
-0.00984256
0.000683796
0.0085328
0.013459
0.0152253
0.0140731
0.0102976
0.00475143
-0.00130398
-0.0071606
-0.0114535
-0.0140571
-0.0153488
0.00226521
0.000910428
-0.00176762
-0.00579344
-0.0111677
-0.015905
-0.0196406
-0.0207543
-0.0187237
-0.0133698
-0.00457591
0.00705037
0.021326
0.0371291
0.0540529
0.0707493
0.0866807
0.100884
0.113046
0.122993
0.130778
0.136705
0.140998
0.144063
0.146096
0.147371
0.147966
0.147919
0.147233
0.145887
0.143874
0.141194
0.137843
0.133842
0.129189
0.123927
0.118053
0.11163
0.104656
0.0972087
0.0892842
0.080972
0.0722681
0.0632687
0.0539691
0.0444702
0.0347667
0.0249616
0.0150494
0.00513442
-0.00478948
-0.014617
-0.0243541
-0.0338972
-0.0432515
-0.0523161
-0.061096
-0.0694955
-0.0775189
-0.0850793
-0.0921811
-0.0987484
-0.104786
-0.110233
-0.115094
-0.119326
-0.122935
-0.125898
-0.128219
-0.129896
-0.130935
-0.131354
-0.13116
-0.130387
-0.129033
-0.127051
-0.124353
-0.120612
-0.11563
-0.109069
-0.100751
-0.0906129
-0.0786707
-0.0653124
-0.0508651
-0.0363349
-0.0221928
-0.00964841
0.000984738
0.00882875
0.0137896
0.0155468
0.0143109
0.0105257
0.00474216
-0.00131507
-0.00735647
-0.0116277
-0.0141885
-0.0154799
0.0024578
0.001112
-0.00149197
-0.00548772
-0.0110945
-0.0157846
-0.0198994
-0.0210105
-0.0191006
-0.0137631
-0.00489419
0.00669059
0.0211226
0.0368575
0.0540708
0.070765
0.0868858
0.101096
0.113287
0.123238
0.130969
0.136897
0.141119
0.144184
0.146077
0.147349
0.147938
0.147888
0.147206
0.145859
0.143846
0.141167
0.137813
0.133815
0.129157
0.123901
0.11802
0.111605
0.104623
0.0971852
0.0892513
0.0809506
0.0722366
0.0632506
0.0539404
0.044456
0.0347417
0.0249522
0.0150289
0.0051301
-0.00480486
-0.0146161
-0.0243642
-0.0338914
-0.0432563
-0.0523058
-0.0610958
-0.0694811
-0.0775136
-0.0850615
-0.0921712
-0.0987274
-0.104771
-0.110209
-0.115075
-0.1193
-0.122912
-0.125869
-0.128191
-0.129865
-0.130903
-0.131322
-0.131123
-0.130353
-0.129004
-0.127025
-0.124476
-0.120736
-0.115815
-0.109253
-0.100954
-0.0908126
-0.0788105
-0.0654472
-0.0508142
-0.0362879
-0.0219047
-0.00941705
0.00133233
0.00914527
0.0141395
0.015887
0.014475
0.010711
0.00454379
-0.00144676
-0.00768658
-0.0119079
-0.0143846
-0.0156647
0.00275978
0.00143618
-0.00116566
-0.0051576
-0.0107583
-0.0155721
-0.0196823
-0.0210816
-0.0191729
-0.0142228
-0.00536285
0.00584756
0.0202635
0.035742
0.0529344
0.069555
0.0857141
0.100102
0.112268
0.122474
0.130144
0.136225
0.14034
0.143407
0.145189
0.146423
0.147012
0.14693
0.146248
0.144886
0.142873
0.1402
0.136846
0.132875
0.128217
0.123009
0.117129
0.110784
0.103802
0.0964541
0.0885217
0.0803287
0.0716164
0.062754
0.0534455
0.0440976
0.034385
0.0247411
0.0148197
0.0050717
-0.00486139
-0.0145205
-0.0242667
-0.0336443
-0.0430075
-0.0519139
-0.0607023
-0.0689548
-0.0769859
-0.0844145
-0.0915229
-0.0979763
-0.104019
-0.109373
-0.114238
-0.1184
-0.122011
-0.124927
-0.127248
-0.128903
-0.12994
-0.130361
-0.130162
-0.129413
-0.128065
-0.126117
-0.123682
-0.119947
-0.115133
-0.10845
-0.100204
-0.0898711
-0.0778899
-0.0644279
-0.0497631
-0.035366
-0.0209997
-0.00878931
0.00194839
0.00940518
0.0143945
0.0158052
0.0143949
0.0104092
0.00424796
-0.00180974
-0.00804305
-0.0122312
-0.0147058
-0.0159566
0.00308587
0.00178623
-0.000813299
-0.00480111
-0.0103952
-0.0153425
-0.0194479
-0.0211583
-0.0192508
-0.0147192
-0.00586891
0.00493722
0.0193357
0.0345374
0.0517072
0.0682484
0.0843839
0.0988739
0.11102
0.121403
0.129061
0.13526
0.139371
0.142449
0.14423
0.145423
0.146012
0.145896
0.145213
0.143835
0.141823
0.139155
0.135802
0.131859
0.127203
0.122045
0.116167
0.109896
0.102917
0.0956646
0.0877338
0.0796572
0.0709467
0.0622178
0.0529112
0.0437105
0.0339999
0.0245131
0.0145937
0.00500864
-0.00492244
-0.0144172
-0.0241614
-0.0333776
-0.0427388
-0.0514908
-0.0602774
-0.0683865
-0.0764159
-0.0837159
-0.0908228
-0.0971653
-0.103207
-0.10847
-0.113334
-0.117428
-0.121038
-0.123909
-0.12623
-0.127864
-0.128901
-0.129323
-0.129124
-0.128398
-0.12705
-0.125137
-0.122702
-0.118966
-0.114156
-0.107395
-0.0991607
-0.0887214
-0.076758
-0.0632726
-0.0486281
-0.0343706
-0.0200224
-0.00811144
0.00261364
0.00968583
0.0146698
0.0157169
0.0143085
0.0100833
0.00392852
-0.00220171
-0.00842798
-0.0125803
-0.0150526
-0.0162717
0.00343799
0.00216424
-0.000432803
-0.00441617
-0.0100032
-0.0150947
-0.0191948
-0.0212412
-0.019335
-0.0152553
-0.00641539
0.00395419
0.0183339
0.0332367
0.0503821
0.0668375
0.0829476
0.0975474
0.109673
0.120246
0.127891
0.134219
0.138324
0.141413
0.143195
0.144344
0.144933
0.144778
0.144096
0.142701
0.14069
0.138027
0.134675
0.130763
0.126107
0.121005
0.115128
0.108938
0.10196
0.0948121
0.0868831
0.0789321
0.0702235
0.0616387
0.0523342
0.0432925
0.033584
0.0242669
0.0143497
0.00494054
-0.00498835
-0.0143056
-0.0240477
-0.0330895
-0.0424487
-0.0510339
-0.0598186
-0.0677729
-0.0758005
-0.0829615
-0.0900668
-0.0962896
-0.10233
-0.107496
-0.112358
-0.116379
-0.119988
-0.122811
-0.12513
-0.126741
-0.127778
-0.128202
-0.128003
-0.127302
-0.125955
-0.124078
-0.121644
-0.117906
-0.113102
-0.106256
-0.0980344
-0.08748
-0.0755358
-0.0620251
-0.0474025
-0.0332957
-0.018967
-0.00737945
0.00333199
0.0099889
0.0149672
0.0156216
0.0142152
0.00973138
0.00358356
-0.00262498
-0.00884364
-0.0129572
-0.0154271
-0.0166121
0.00381823
0.00257242
-2.19277e-05
-0.00400049
-0.0095799
-0.014827
-0.0189215
-0.0213307
-0.0194259
-0.0158342
-0.00700549
0.00289268
0.0172521
0.0318321
0.0489512
0.065314
0.0813965
0.096115
0.108218
0.118996
0.126627
0.133094
0.137194
0.140296
0.142076
0.143178
0.143767
0.143572
0.142889
0.141477
0.139465
0.136809
0.133458
0.129578
0.124924
0.119882
0.114007
0.107903
0.100927
0.0938915
0.0859644
0.0781491
0.0694425
0.0610134
0.0517111
0.0428411
0.0331349
0.0240011
0.0140862
0.00486701
-0.00505954
-0.0141851
-0.023925
-0.0327784
-0.0421354
-0.0505406
-0.0593232
-0.0671102
-0.075136
-0.0821468
-0.0892504
-0.0953439
-0.101383
-0.106443
-0.111304
-0.115245
-0.118854
-0.121624
-0.123943
-0.125529
-0.126566
-0.126992
-0.126793
-0.126119
-0.124772
-0.122934
-0.120501
-0.116762
-0.111964
-0.105026
-0.0968181
-0.0861394
-0.074216
-0.060678
-0.046079
-0.0321349
-0.0178274
-0.00658902
0.00410771
0.0103162
0.0152883
0.0155186
0.0141145
0.00935135
0.00321107
-0.00308203
-0.00929248
-0.0133642
-0.0158315
-0.0169796
0.00422882
0.0030132
0.000421752
-0.00355162
-0.00912277
-0.014538
-0.0186264
-0.0214274
-0.0195241
-0.0164593
-0.00764271
0.00174642
0.0160839
0.0303153
0.047406
0.0636688
0.0797217
0.0945682
0.106646
0.117647
0.125263
0.13188
0.135974
0.139088
0.140869
0.141919
0.142508
0.142269
0.141587
0.140154
0.138143
0.135494
0.132144
0.1283
0.123646
0.11867
0.112795
0.106786
0.0998112
0.0928974
0.0849723
0.0773036
0.0685992
0.0603382
0.0510383
0.0423537
0.03265
0.023714
0.0138017
0.00478761
-0.0051364
-0.0140551
-0.0237924
-0.0324425
-0.0417971
-0.0500078
-0.0587882
-0.0663947
-0.0744184
-0.0812671
-0.0883689
-0.0943227
-0.10036
-0.105306
-0.110166
-0.114022
-0.117629
-0.120343
-0.122662
-0.124221
-0.125257
-0.125685
-0.125486
-0.124841
-0.123494
-0.121699
-0.119267
-0.115527
-0.110735
-0.103698
-0.0955047
-0.0846918
-0.0727908
-0.0592233
-0.0446499
-0.0308815
-0.0165968
-0.00573547
0.00494536
0.0106696
0.015635
0.0154074
0.0140057
0.00894098
0.00280884
-0.00357558
-0.00977716
-0.0138038
-0.0162681
-0.0173764
0.0046722
0.00348917
0.000900855
-0.00306691
-0.00862915
-0.0142258
-0.0183077
-0.0215317
-0.0196301
-0.0171343
-0.00833081
0.000508635
0.0148225
0.0286775
0.0457375
0.0618922
0.0779131
0.092898
0.10495
0.11619
0.123789
0.130569
0.134656
0.137785
0.139565
0.14056
0.141148
0.140862
0.14018
0.138726
0.136716
0.134074
0.130725
0.126919
0.122267
0.11736
0.111488
0.105579
0.0986065
0.0918239
0.083901
0.0763906
0.0676886
0.0596091
0.0503117
0.0418274
0.0321264
0.0234041
0.0134945
0.00470186
-0.00521941
-0.0139146
-0.0236493
-0.0320798
-0.0414318
-0.0494325
-0.0582104
-0.065622
-0.0736435
-0.0803171
-0.087417
-0.09322
-0.0992554
-0.104079
-0.108937
-0.1127
-0.116306
-0.118959
-0.121277
-0.122808
-0.123844
-0.124274
-0.124075
-0.123461
-0.122115
-0.120366
-0.117934
-0.114193
-0.109408
-0.102263
-0.0940865
-0.0831286
-0.0712518
-0.0576525
-0.0431067
-0.029528
-0.015268
-0.00481378
0.00584989
0.0110512
0.0160094
0.0152874
0.0138882
0.00849784
0.00237449
-0.00410854
-0.0103005
-0.0142784
-0.0167397
-0.017805
0.00527896
0.00411261
0.00166846
-0.00234099
-0.00778327
-0.0135608
-0.0177665
-0.0213152
-0.0197709
-0.0176971
-0.00935469
-0.000904926
0.0129161
0.0265339
0.04332
0.0593731
0.075462
0.0904413
0.102752
0.114063
0.121896
0.128747
0.13286
0.136004
0.137587
0.138543
0.139095
0.138776
0.138066
0.136597
0.134582
0.131946
0.128616
0.124837
0.120231
0.115373
0.109573
0.103736
0.0968598
0.0901689
0.0823658
0.0749661
0.066404
0.0584512
0.0493104
0.0409658
0.0314341
0.0228609
0.0131289
0.00449081
-0.00524899
-0.0137883
-0.0233424
-0.0316197
-0.0407967
-0.0486509
-0.0572637
-0.0645393
-0.07241
-0.0789614
-0.0859286
-0.0916265
-0.0975505
-0.102288
-0.107059
-0.110757
-0.114302
-0.116912
-0.119195
-0.120705
-0.121732
-0.122164
-0.121981
-0.121389
-0.120069
-0.118352
-0.116117
-0.112371
-0.10758
-0.100411
-0.0920539
-0.0810955
-0.0690433
-0.0555195
-0.0409861
-0.0275657
-0.0136085
-0.00342238
0.00678905
0.0116147
0.0161867
0.015096
0.0134265
0.00776932
0.00162245
-0.00499577
-0.0110121
-0.0150152
-0.0173563
-0.0183992
0.00607483
0.00490973
0.00251154
-0.00148632
-0.00673303
-0.0124843
-0.0169352
-0.02046
-0.0199792
-0.0179098
-0.0110156
-0.00260513
0.00985968
0.0234088
0.0392569
0.0552249
0.0710563
0.0859563
0.0986566
0.109913
0.118315
0.125138
0.129587
0.132726
0.134346
0.135302
0.135745
0.135426
0.13463
0.133162
0.13113
0.128494
0.125223
0.121445
0.116975
0.112119
0.106533
0.100697
0.0941098
0.087421
0.079975
0.0725777
0.064433
0.0564828
0.0478092
0.0394673
0.0304408
0.0218704
0.0126688
0.00403343
-0.00516461
-0.0137012
-0.0227159
-0.0309906
-0.0396445
-0.0474962
-0.0556159
-0.0628891
-0.0703092
-0.0768585
-0.0834292
-0.0891253
-0.0947168
-0.0994528
-0.103963
-0.10766
-0.111021
-0.11363
-0.115808
-0.117318
-0.118318
-0.118749
-0.118615
-0.118023
-0.116781
-0.115065
-0.112782
-0.109041
-0.10401
-0.0968686
-0.0881822
-0.0772749
-0.065124
-0.0516693
-0.037617
-0.0242654
-0.0113322
-0.00119586
0.00771835
0.0125227
0.0158382
0.014757
0.0122959
0.00666932
0.000501243
-0.00608998
-0.0118316
-0.0158236
-0.0181438
-0.0191855
0.00696632
0.00580253
0.00369161
-0.00029559
-0.00558992
-0.0113129
-0.0160375
-0.0195365
-0.0202041
-0.0181394
-0.0128092
-0.00444108
0.00655922
0.0200343
0.0348694
0.0507456
0.0662988
0.0811131
0.0942343
0.105432
0.114447
0.121241
0.126053
0.129187
0.130847
0.131803
0.132127
0.131808
0.13092
0.129452
0.127402
0.124767
0.121559
0.117782
0.113459
0.108605
0.103249
0.0974159
0.0911401
0.0844537
0.0773934
0.0699986
0.0623046
0.0543572
0.0461882
0.0378492
0.0293683
0.0208008
0.0121719
0.00353954
-0.0050735
-0.0136071
-0.0220394
-0.0303112
-0.0384003
-0.0462493
-0.0538364
-0.0611071
-0.0680406
-0.0745876
-0.0807302
-0.0864244
-0.0916568
-0.0963911
-0.10062
-0.104315
-0.107477
-0.110086
-0.112151
-0.11366
-0.114631
-0.115062
-0.11498
-0.114388
-0.11323
-0.111515
-0.109181
-0.105446
-0.100155
-0.0930433
-0.0840013
-0.0731493
-0.0608917
-0.0475117
-0.0339788
-0.0207017
-0.00887419
0.00120843
0.00872183
0.0135032
0.0154619
0.0143909
0.0110751
0.00548149
-0.000759093
-0.00732226
-0.013023
-0.0170051
-0.0190228
-0.0200633
0.008445
0.00728328
0.00545684
0.00149367
-0.0043038
-0.00999433
-0.0161151
-0.0196193
-0.0218495
-0.0198353
-0.0160973
-0.00781352
0.00204642
0.0154168
0.0299425
0.0457149
0.0616984
0.0764318
0.0903111
0.101458
0.11111
0.117879
0.122824
0.125953
0.127384
0.128339
0.128471
0.128153
0.127173
0.125705
0.123635
0.121001
0.11785
0.114075
0.109892
0.10504
0.099908
0.0940768
0.0881068
0.0814229
0.0747453
0.0673532
0.0601105
0.0521661
0.0445058
0.03617
0.028242
0.0196777
0.0116309
0.00300183
-0.00501564
-0.0135461
-0.0213854
-0.0296541
-0.0371686
-0.0450147
-0.0520603
-0.0593283
-0.0657671
-0.0723117
-0.0780184
-0.0837104
-0.088576
-0.0933086
-0.0972476
-0.100941
-0.103896
-0.106503
-0.108444
-0.109953
-0.110885
-0.111316
-0.111273
-0.110681
-0.109676
-0.107962
-0.105849
-0.102119
-0.0967592
-0.0896726
-0.0801685
-0.0693655
-0.0566122
-0.0433067
-0.0296289
-0.0164422
-0.00514078
0.0048565
0.0111555
0.0158746
0.0163196
0.01522
0.0105172
0.00493595
-0.00242146
-0.00894318
-0.0148858
-0.0188429
-0.020434
-0.0214726
0.0100356
0.00887725
0.00724898
0.00329402
-0.00290989
-0.00858951
-0.0162065
-0.0197185
-0.0237546
-0.0217969
-0.0197507
-0.0115598
-0.00288595
0.0103702
0.0246033
0.0402633
0.0568173
0.0714637
0.0862516
0.0973443
0.107702
0.114444
0.119449
0.122572
0.123662
0.124617
0.124537
0.124219
0.12314
0.121673
0.119581
0.116948
0.113859
0.110086
0.106053
0.101202
0.0963109
0.090482
0.0848407
0.0781595
0.0718932
0.0645042
0.0577468
0.0498056
0.0426928
0.0343604
0.0270275
0.0184667
0.0110466
0.00242096
-0.00495534
-0.0134823
-0.0206834
-0.0289487
-0.0358446
-0.0436875
-0.0501502
-0.0574152
-0.0633216
-0.0698635
-0.075101
-0.0807907
-0.0852613
-0.0899919
-0.0936186
-0.0973109
-0.100041
-0.102648
-0.104455
-0.105963
-0.106851
-0.107282
-0.107281
-0.10669
-0.105854
-0.10414
-0.102355
-0.0986309
-0.0932698
-0.0862104
-0.0761691
-0.065419
-0.0520371
-0.0388119
-0.02489
-0.0118013
-0.00104274
0.008861
0.0138849
0.018535
0.0173595
0.0162272
0.00992164
0.00435222
-0.0041725
-0.0106889
-0.0167369
-0.0206729
-0.0219522
-0.0229873
0.0113652
0.0103553
0.00873596
0.00496531
-0.00120367
-0.00717431
-0.014863
-0.0193215
-0.0236075
-0.0231246
-0.0212949
-0.0147558
-0.00627804
0.00557295
0.0196519
0.0345052
0.0510363
0.0655622
0.0804152
0.0917934
0.102213
0.109181
0.114108
0.117158
0.118045
0.118801
0.118705
0.118246
0.11716
0.115656
0.113563
0.111007
0.107923
0.104345
0.100326
0.0957913
0.0909205
0.0855253
0.0799117
0.0737745
0.0675429
0.0607968
0.0540799
0.0468659
0.0397986
0.0322596
0.024976
0.017255
0.00988657
0.00212557
-0.00519787
-0.0128577
-0.0200062
-0.0274241
-0.0342691
-0.0413058
-0.0477205
-0.0542407
-0.0601032
-0.0659799
-0.0711787
-0.076298
-0.0807362
-0.0850038
-0.0886046
-0.0919497
-0.0946611
-0.0970403
-0.0988369
-0.100237
-0.101122
-0.101561
-0.101563
-0.101087
-0.100264
-0.0987362
-0.0971226
-0.0935093
-0.0882232
-0.0810783
-0.0709988
-0.0601929
-0.0467815
-0.0339092
-0.0200437
-0.00790176
0.00269309
0.0111962
0.0160383
0.019184
0.0178197
0.0154621
0.00896199
0.00272832
-0.00582812
-0.0123906
-0.0184035
-0.0220413
-0.0233125
-0.0241765
0.012801
0.0119515
0.0103417
0.00677004
0.000638773
-0.00564612
-0.0132967
-0.0188899
-0.0231685
-0.0244764
-0.0226836
-0.0181321
-0.00973426
0.000440977
0.0144079
0.0283029
0.0447129
0.059085
0.0738351
0.085528
0.0958797
0.103096
0.107996
0.110959
0.111846
0.11237
0.112274
0.111651
0.110566
0.109019
0.106927
0.104459
0.101378
0.0980266
0.0940093
0.089842
0.0849735
0.0800826
0.0744718
0.0689673
0.0627386
0.0567406
0.0500269
0.0436588
0.0365948
0.0299789
0.0226987
0.0159547
0.00858968
0.00183441
-0.00548556
-0.0121367
-0.0192818
-0.0257139
-0.0325557
-0.0386544
-0.0450661
-0.0507198
-0.0565795
-0.0616822
-0.0668786
-0.0713345
-0.0757706
-0.0794995
-0.0830987
-0.0860397
-0.0887498
-0.0908645
-0.0926602
-0.0939356
-0.0948196
-0.0952679
-0.0952705
-0.0949287
-0.0941061
-0.0927942
-0.0911817
-0.0877035
-0.0824434
-0.0752244
-0.0652074
-0.0543651
-0.0410447
-0.0286072
-0.0148432
-0.00383093
0.00667658
0.0135059
0.0182937
0.0196266
0.0182482
0.0144004
0.00792384
0.000895205
-0.00761593
-0.0142281
-0.0202033
-0.023519
-0.0247813
-0.0254607
0.0143514
0.013675
0.0120756
0.00871886
0.00262832
-0.00399591
-0.0116053
-0.0184237
-0.0226944
-0.0259362
-0.0241831
-0.0217779
-0.0134664
-0.00510075
0.00874507
0.0216055
0.0378846
0.0520905
0.0667296
0.0787624
0.0890411
0.0965253
0.101396
0.104266
0.105152
0.105426
0.10533
0.104531
0.103446
0.101852
0.099761
0.0973894
0.0943093
0.0912035
0.0871882
0.0834178
0.0785518
0.0742055
0.0685975
0.0637763
0.0575508
0.0523605
0.0456502
0.0401956
0.0331352
0.0275161
0.0202396
0.0145505
0.00718926
0.00152
-0.00579622
-0.0113581
-0.0184996
-0.0238672
-0.0307054
-0.0357914
-0.0421998
-0.0469178
-0.0527745
-0.0570415
-0.0622352
-0.0659747
-0.0704085
-0.0735558
-0.0771531
-0.0796578
-0.0823666
-0.0841956
-0.0859904
-0.0871308
-0.0880143
-0.0884727
-0.0884753
-0.0882784
-0.0874561
-0.0863778
-0.0847664
-0.0814342
-0.0762021
-0.0689031
-0.0589535
-0.0480721
-0.0348499
-0.0228819
-0.00922748
0.000564922
0.0109781
0.0159999
0.0207291
0.0201045
0.0187109
0.0132539
0.0068028
-0.00108427
-0.00954649
-0.0162124
-0.0221467
-0.0251146
-0.0263675
-0.0268474
0.015805
0.0151861
0.0134661
0.0102134
0.00464236
-0.0020362
-0.009381
-0.0166625
-0.0215562
-0.0255903
-0.0251242
-0.0236238
-0.0169746
-0.00940241
0.00272341
0.0150764
0.0300581
0.0440868
0.0581292
0.070195
0.0803483
0.087874
0.0927641
0.0955879
0.0963711
0.0965476
0.096341
0.095473
0.09432
0.0927089
0.0906709
0.0883374
0.0854394
0.0824305
0.0787282
0.0751139
0.0706892
0.0665569
0.0615113
0.0569584
0.0514048
0.0465316
0.0405878
0.0354915
0.0292742
0.024046
0.0176687
0.0123932
0.00596534
0.000721837
-0.00564986
-0.0107848
-0.0169942
-0.0219445
-0.0278863
-0.0325753
-0.0381452
-0.0424964
-0.0475931
-0.0515323
-0.0560623
-0.059521
-0.0634019
-0.0663211
-0.0694872
-0.0718206
-0.0742258
-0.0759428
-0.0775631
-0.0786503
-0.0794853
-0.0799475
-0.0800202
-0.0798799
-0.0791725
-0.0781857
-0.0766803
-0.0734195
-0.0682638
-0.061
-0.0513609
-0.0405619
-0.0281106
-0.0164285
-0.0041265
0.00510144
0.0138922
0.01814
0.0214219
0.0199861
0.0175948
0.0114911
0.00472693
-0.00346866
-0.0114542
-0.0180673
-0.0234197
-0.0262527
-0.0276776
-0.0280916
0.0174254
0.0168087
0.0156685
0.0124396
0.0071835
0.000564673
-0.00694192
-0.0141568
-0.0203467
-0.0243523
-0.0262851
-0.0248154
-0.0210141
-0.0135351
-0.00404153
0.00816748
0.0212563
0.0351259
0.0482763
0.0602117
0.0701391
0.077589
0.0825272
0.0853365
0.0860671
0.0862435
0.0857923
0.0849248
0.0836553
0.0820451
0.0800935
0.0777614
0.0751646
0.0721574
0.0689754
0.0653633
0.0616743
0.0575446
0.0534386
0.0488885
0.0444599
0.0395895
0.034931
0.0298377
0.0250357
0.0198106
0.0149441
0.00967173
0.00481287
-0.000427502
-0.00521132
-0.0103432
-0.0149856
-0.0199329
-0.0243681
-0.0290543
-0.0332152
-0.0375638
-0.0413837
-0.0453206
-0.0487357
-0.0521924
-0.0551447
-0.0580622
-0.0605036
-0.0628356
-0.0647301
-0.0664461
-0.0677722
-0.0688587
-0.0696107
-0.0700726
-0.0702609
-0.0701207
-0.0696573
-0.0686711
-0.0672656
-0.0640185
-0.0589886
-0.0517935
-0.0426804
-0.0319951
-0.0207268
-0.00917614
0.00110773
0.0102261
0.0164809
0.0206695
0.0214053
0.0199671
0.0156316
0.00957469
0.00198738
-0.00613638
-0.0139415
-0.0204992
-0.0253592
-0.0281722
-0.0290101
-0.0294225
0.0194777
0.018881
0.0186166
0.015485
0.0105966
0.00403285
-0.00473
-0.011882
-0.0204815
-0.0244991
-0.0293922
-0.0280049
-0.027162
-0.0198172
-0.0124881
-0.000460014
0.0117886
0.025487
0.0387819
0.0505902
0.0608747
0.0682538
0.0727392
0.0755342
0.075333
0.0755084
0.0746147
0.0737473
0.0723501
0.070741
0.0688722
0.0665421
0.0642523
0.0612481
0.0586031
0.0549948
0.0520712
0.047946
0.0448234
0.0402787
0.0370335
0.032169
0.0288683
0.0237814
0.0204795
0.0152611
0.0119997
0.00673428
0.00354442
-0.00168898
-0.00478284
-0.00990778
-0.0128831
-0.0178237
-0.020657
-0.0253368
-0.0280009
-0.0323437
-0.0348081
-0.0387398
-0.0409719
-0.044424
-0.0463909
-0.0493047
-0.0509761
-0.0533054
-0.0546558
-0.0563697
-0.0573798
-0.0584653
-0.0591235
-0.0595852
-0.0598888
-0.0597491
-0.0597047
-0.0587199
-0.0582024
-0.054969
-0.0504519
-0.0433217
-0.0341019
-0.0235299
-0.0124672
-0.00106349
0.00807719
0.0170485
0.0210454
0.0251375
0.0230772
0.0215925
0.0146511
0.00861177
-0.000894491
-0.00894718
-0.0174531
-0.0239488
-0.0280797
-0.0307858
-0.0306549
-0.0310477
0.0210315
0.0207766
0.0205231
0.0181385
0.0133068
0.00718307
-0.00149738
-0.00924409
-0.0178299
-0.0236614
-0.0285891
-0.0299552
-0.0292049
-0.0249884
-0.0178421
-0.0085902
0.0034547
0.0152583
0.0284052
0.0392252
0.0494098
0.0562552
0.0606243
0.062922
0.0626175
0.0623625
0.0614694
0.0603732
0.0589769
0.0573826
0.0555151
0.0534611
0.0511728
0.048715
0.0460719
0.0432795
0.0403578
0.0373079
0.0341875
0.0309577
0.0277148
0.0243774
0.021079
0.0176962
0.0143966
0.0110185
0.00775939
0.00442508
0.00123744
-0.00202221
-0.00511392
-0.00827213
-0.0112454
-0.0142758
-0.017107
-0.0199808
-0.0226431
-0.0253282
-0.0277909
-0.0302525
-0.0324831
-0.0346854
-0.0366509
-0.0385598
-0.0402301
-0.0418151
-0.0431646
-0.0444014
-0.0454108
-0.0462829
-0.0469407
-0.0474405
-0.0477439
-0.0478736
-0.0478292
-0.0473106
-0.0468723
-0.0442124
-0.0397988
-0.0333801
-0.0242574
-0.0148979
-0.00397326
0.00540489
0.0143656
0.0206313
0.0244826
0.0257351
0.0236186
0.0198304
0.0128841
0.00554795
-0.00392004
-0.0120893
-0.020515
-0.0262637
-0.030346
-0.0322028
-0.0320639
-0.0321105
0.0227094
0.0228236
0.0225657
0.0210038
0.0162333
0.0105848
0.00199334
-0.00639551
-0.0149109
-0.02275
-0.0276613
-0.0320612
-0.0313648
-0.0305724
-0.0235511
-0.0173508
-0.00547859
0.00422216
0.0171938
0.0268799
0.0369328
0.0431422
0.0474547
0.0491918
0.0488869
0.048167
0.0472746
0.0459313
0.044536
0.0429576
0.0410915
0.0393357
0.0370492
0.0351812
0.0325402
0.0306288
0.0277093
0.0258204
0.0227023
0.0208926
0.0176521
0.0159637
0.0126678
0.0111252
0.00782802
0.00643716
0.0031805
0.00193151
-0.00125373
-0.00238204
-0.00547142
-0.00650589
-0.00947691
-0.0104445
-0.0132737
-0.0141972
-0.0168574
-0.0177525
-0.0202134
-0.0210876
-0.0233165
-0.0241692
-0.0261333
-0.026957
-0.0286261
-0.0294075
-0.030756
-0.0314776
-0.0324861
-0.0331279
-0.0337852
-0.0343262
-0.0346294
-0.03505
-0.0350055
-0.0349904
-0.034553
-0.0325413
-0.0281783
-0.0225921
-0.0135833
-0.00560258
0.00517693
0.0123096
0.0211365
0.0244273
0.0281942
0.0263387
0.0242032
0.0178763
0.010971
0.00219925
-0.00718717
-0.0154823
-0.0238214
-0.0287634
-0.0327933
-0.0337158
-0.0335853
-0.0332582
0.0241549
0.0243251
0.0238312
0.02237
0.0186613
0.0131884
0.00592447
-0.00250582
-0.0108855
-0.0190653
-0.0253369
-0.0303259
-0.0322434
-0.0321758
-0.0286668
-0.0231882
-0.0149929
-0.00588993
0.0041528
0.0134136
0.0216375
0.0275724
0.0312999
0.0328889
0.0325704
0.0317618
0.0306963
0.0293065
0.0278387
0.0262644
0.0245914
0.0228939
0.0210778
0.0193243
0.0174324
0.0156913
0.0137914
0.0121264
0.0102802
0.00874404
0.00700119
0.00563028
0.00402408
0.00283548
0.0013808
0.000372076
-0.000933412
-0.00178155
-0.00295397
-0.00367269
-0.0047367
-0.0053631
-0.00634617
-0.00691748
-0.00784505
-0.00839385
-0.00928562
-0.00983676
-0.0107047
-0.0112738
-0.0121219
-0.0127152
-0.0135397
-0.0141547
-0.0149453
-0.0155721
-0.0163138
-0.016936
-0.0176103
-0.0182073
-0.0187938
-0.0193423
-0.0198207
-0.0202968
-0.0205232
-0.0206046
-0.0203097
-0.0184657
-0.0148612
-0.00957672
-0.00253255
0.00500153
0.0128627
0.0194059
0.0248071
0.0274282
0.0281306
0.025644
0.021443
0.0146472
0.0069517
-0.00203666
-0.0108127
-0.0190508
-0.0258517
-0.0305722
-0.033535
-0.034356
-0.0344876
-0.0341045
0.0254896
0.0256612
0.0270084
0.0256131
0.0234916
0.0180843
0.0109603
0.00266939
-0.007162
-0.0152508
-0.0244982
-0.0294759
-0.0354887
-0.0355034
-0.0362768
-0.0309657
-0.0262216
-0.0173246
-0.00947054
-0.000391373
0.00660601
0.0124291
0.0149726
0.0165395
0.0150326
0.0142247
0.0125861
0.0111976
0.00960724
0.00803431
0.00658422
0.00488822
0.00365745
0.00190549
0.000966175
-0.000773401
-0.0013617
-0.00302523
-0.00322166
-0.00475646
-0.00454409
-0.0059138
-0.00530274
-0.00649028
-0.00551818
-0.00652601
-0.00525481
-0.0061022
-0.00461266
-0.00533075
-0.00371506
-0.00434091
-0.00269456
-0.00326536
-0.00168019
-0.0022285
-0.000786591
-0.00133725
-0.000106798
-0.000675415
0.000291821
-0.000300979
0.000369226
-0.000245285
0.000112166
-0.000514028
-0.000467286
-0.001089
-0.00133443
-0.001931
-0.00243576
-0.00298384
-0.00370366
-0.00417935
-0.00505296
-0.00513431
-0.00603611
-0.00421181
-0.00186477
0.00332341
0.0089438
0.0163265
0.0218412
0.0282216
0.0302117
0.0327141
0.0294575
0.0269331
0.0191995
0.0124483
0.00245533
-0.00642376
-0.0159794
-0.0240781
-0.0301436
-0.034817
-0.0358633
-0.0366254
-0.0349612
-0.0345779
0.0261036
0.0267683
0.0281165
0.0281058
0.0260817
0.0222762
0.0153308
0.00780642
-0.00199964
-0.0108257
-0.0201946
-0.0275363
-0.0337953
-0.0374705
-0.0386295
-0.0375515
-0.0332169
-0.0281997
-0.020665
-0.0144629
-0.00768662
-0.00365165
-0.00129936
-0.000757967
-0.00235143
-0.00373128
-0.005404
-0.00703735
-0.00863345
-0.0101317
-0.0115683
-0.01285
-0.014047
-0.0150368
-0.0159219
-0.0165554
-0.0170695
-0.0172994
-0.0174029
-0.0172041
-0.0168819
-0.0162559
-0.0155205
-0.0144967
-0.0133887
-0.0120228
-0.0106075
-0.0089772
-0.00733886
-0.00553714
-0.00377167
-0.00189879
-0.000105621
0.00173828
0.00346373
0.00518561
0.00675784
0.00827694
0.00962453
0.0108761
0.0119448
0.0128822
0.013636
0.014232
0.0146538
0.0149006
0.0149916
0.0148998
0.0146787
0.014276
0.0137762
0.0131043
0.0123714
0.0114829
0.0105708
0.00978367
0.00880833
0.00950009
0.0116689
0.0149776
0.0203826
0.0248886
0.0301033
0.0328043
0.0344281
0.0331339
0.0295548
0.0239813
0.0160648
0.00762754
-0.0024297
-0.0114186
-0.0208928
-0.0277599
-0.0336248
-0.0364531
-0.0374169
-0.0367648
-0.0351054
-0.0342567
0.0266323
0.0276491
0.02876
0.0296827
0.0282725
0.025708
0.0197717
0.0128988
0.00383435
-0.00554632
-0.0147938
-0.0239948
-0.0308433
-0.0374217
-0.0399167
-0.0422258
-0.0397538
-0.0378934
-0.032228
-0.0284442
-0.0230664
-0.0205885
-0.018795
-0.0191241
-0.0207097
-0.0225329
-0.0242661
-0.0260889
-0.0276985
-0.0291384
-0.0304773
-0.0314373
-0.0324218
-0.0328199
-0.0333781
-0.0331532
-0.0332304
-0.0323478
-0.031913
-0.0303692
-0.0294188
-0.0272446
-0.025806
-0.0230668
-0.0211968
-0.0179896
-0.0157721
-0.0122199
-0.00975848
-0.00600211
-0.00341255
0.000398542
0.0029963
0.00671326
0.00920393
0.0126868
0.0149659
0.0180905
0.0200695
0.0227329
0.0243428
0.0264673
0.0276605
0.0291956
0.0299474
0.0308714
0.0311794
0.0314988
0.0313819
0.0311297
0.0306261
0.0298584
0.0290216
0.027813
0.0267545
0.02542
0.0243609
0.0240923
0.0256544
0.02734
0.0314011
0.0335057
0.0370181
0.0367382
0.0367661
0.0324441
0.0278339
0.0198518
0.0116295
0.00187753
-0.00782776
-0.0168698
-0.0254611
-0.031312
-0.0361627
-0.0375821
-0.0379859
-0.0363901
-0.0349547
-0.033774
0.0261152
0.0271304
0.0298048
0.0307386
0.0317762
0.0292988
0.0257129
0.019006
0.0110064
0.00181098
-0.00838642
-0.017439
-0.0274139
-0.0339223
-0.041269
-0.0436146
-0.046693
-0.0449633
-0.044296
-0.0406738
-0.0389023
-0.0365411
-0.0367647
-0.0371162
-0.0396617
-0.0414829
-0.0436877
-0.0455085
-0.0472085
-0.0486469
-0.0496945
-0.0506534
-0.0509494
-0.0513471
-0.0508184
-0.0505938
-0.0491993
-0.0483176
-0.0460528
-0.0445107
-0.0414113
-0.0392395
-0.0353824
-0.0326462
-0.0281466
-0.024943
-0.0199494
-0.0164011
-0.0110867
-0.00733454
-0.00188719
0.00191967
0.0073075
0.0110203
0.0161623
0.0196413
0.0243661
0.0274872
0.031646
0.0343065
0.037779
0.0399011
0.0426002
0.0441336
0.046008
0.046931
0.0479664
0.0482854
0.0485035
0.0482516
0.0477072
0.0469404
0.0457168
0.0445096
0.0427354
0.0414024
0.0392037
0.0389166
0.0383652
0.039958
0.0404638
0.0424482
0.0412596
0.0408992
0.0359625
0.031649
0.0229893
0.0151069
0.0046398
-0.00495364
-0.0147926
-0.0236596
-0.0305665
-0.0362794
-0.038417
-0.0397832
-0.0376371
-0.0360482
-0.0332016
-0.032024
0.0244329
0.0259216
0.0287396
0.0313221
0.0328554
0.0328388
0.0297912
0.0254371
0.0176764
0.00967994
-0.000628394
-0.0102266
-0.0206526
-0.0295933
-0.0377147
-0.0440078
-0.0479856
-0.0507889
-0.0508931
-0.0512578
-0.0500327
-0.0503147
-0.0509277
-0.0525661
-0.0552652
-0.0576149
-0.0599164
-0.0619299
-0.0636462
-0.0650125
-0.0660198
-0.066627
-0.0668237
-0.066585
-0.0658978
-0.0647579
-0.0631472
-0.0610871
-0.0585524
-0.0555938
-0.0521765
-0.0483829
-0.0441672
-0.0396436
-0.0347534
-0.0296411
-0.0242347
-0.0187046
-0.0129657
-0.00720897
-0.00133634
0.00444634
0.0102492
0.0158579
0.021394
0.0266397
0.0317278
0.0364409
0.0409229
0.0449609
0.0487092
0.0519614
0.0548828
0.0572759
0.0593153
0.0608142
0.0619555
0.0625643
0.0628298
0.0625901
0.0620373
0.0610236
0.0597403
0.0580545
0.0561519
0.0540558
0.0516935
0.0499899
0.0490624
0.0480526
0.0480305
0.0463044
0.0443999
0.0400335
0.034302
0.0267497
0.0174545
0.00790096
-0.00287925
-0.0123305
-0.0221607
-0.0293125
-0.0358839
-0.0389609
-0.0405152
-0.0393524
-0.0367354
-0.0335626
-0.0305908
-0.0289925
0.022515
0.0242401
0.0266622
0.0299762
0.032348
0.0336648
0.0326635
0.0296713
0.0242792
0.0170408
0.0083645
-0.00144062
-0.0114569
-0.0216689
-0.0308969
-0.0393424
-0.0459491
-0.0512938
-0.0548313
-0.057507
-0.0593007
-0.061171
-0.0631644
-0.0655808
-0.06833
-0.0709688
-0.0733398
-0.0754579
-0.0771793
-0.0785052
-0.0793878
-0.0798013
-0.0797406
-0.0791523
-0.0780775
-0.0764351
-0.0743141
-0.0716075
-0.0684516
-0.0647162
-0.0605823
-0.0558998
-0.0508902
-0.0453869
-0.0396454
-0.0334872
-0.0271932
-0.0205772
-0.0139364
-0.00708138
-0.000314983
0.00655015
0.0132157
0.0198631
0.0262085
0.032422
0.0382444
0.0438297
0.0489513
0.0537438
0.0580204
0.061892
0.0652173
0.0680814
0.0703921
0.0722065
0.0734833
0.0742509
0.074518
0.074285
0.0736072
0.0724584
0.0709353
0.0689877
0.0667879
0.0642737
0.0616126
0.0590558
0.0566762
0.0541122
0.0513249
0.0474642
0.0426248
0.0360316
0.0282903
0.0189929
0.0091801
-0.00121789
-0.01112
-0.0204017
-0.0282985
-0.0344197
-0.0385407
-0.0401202
-0.0397722
-0.037268
-0.033944
-0.030088
-0.0274553
-0.0256481
0.0175245
0.0193885
0.023221
0.0272174
0.0322028
0.0348056
0.0367099
0.0353719
0.0321389
0.0264401
0.018707
0.00990228
-0.000781837
-0.0108265
-0.0224204
-0.0316309
-0.041697
-0.0485057
-0.0555396
-0.0598207
-0.0642921
-0.0673019
-0.0708367
-0.0737232
-0.0770706
-0.079837
-0.0824968
-0.0846505
-0.0864454
-0.0877663
-0.0885516
-0.0889178
-0.0885822
-0.0879049
-0.0863776
-0.0846066
-0.0818624
-0.0789917
-0.0750551
-0.0711252
-0.0660722
-0.061171
-0.0551273
-0.0493883
-0.0425251
-0.0361208
-0.0286478
-0.0217829
-0.0139376
-0.00683797
0.00112525
0.00822329
0.0160449
0.0229062
0.0303344
0.0367357
0.0435371
0.0492771
0.0552465
0.0601548
0.0651247
0.0690679
0.0729145
0.0758031
0.0784517
0.0802424
0.0816703
0.0823663
0.0826019
0.0822527
0.0813722
0.080068
0.0781893
0.0760539
0.0733279
0.0705547
0.0671513
0.0640642
0.0601428
0.0565125
0.0511963
0.0459509
0.0379716
0.0302384
0.0195865
0.0098747
-0.00166321
-0.0115927
-0.0215675
-0.0296444
-0.0361345
-0.0406293
-0.042287
-0.0422365
-0.0388311
-0.0351234
-0.0292478
-0.024788
-0.0209712
-0.0190544
0.0122031
0.0143371
0.0178947
0.0230539
0.0282426
0.033391
0.03625
0.0382216
0.0365617
0.0338688
0.0277512
0.0207847
0.0114078
0.0014747
-0.00941907
-0.0203845
-0.0306109
-0.0405229
-0.0484595
-0.0560946
-0.0616326
-0.0670585
-0.0711384
-0.0750867
-0.0783752
-0.0814101
-0.0840536
-0.0862841
-0.0880653
-0.0893777
-0.0901652
-0.090434
-0.0901192
-0.0892561
-0.0877702
-0.0857299
-0.0830496
-0.0798341
-0.0759853
-0.0716462
-0.0667049
-0.0613434
-0.0554346
-0.0491982
-0.0424908
-0.0355672
-0.0282679
-0.0208768
-0.0132191
-0.00560204
0.00216412
0.00975536
0.0173748
0.0246894
0.0319144
0.0387141
0.0453149
0.0513839
0.0571584
0.0623134
0.0670966
0.0711943
0.0748642
0.0778079
0.0802919
0.0820352
0.0833117
0.0838602
0.0839587
0.083368
0.0823658
0.080737
0.0787532
0.0762253
0.0733971
0.0700827
0.0666088
0.0623211
0.057845
0.0519252
0.0457169
0.0375456
0.0289493
0.0187576
0.00824037
-0.00251124
-0.013129
-0.0223123
-0.0308663
-0.0366518
-0.041522
-0.0427857
-0.0429751
-0.0396104
-0.0354319
-0.029311
-0.0233595
-0.0178724
-0.0142607
-0.0121284
0.00367075
0.00580452
0.00995282
0.0153692
0.0228713
0.0287922
0.0354357
0.0387292
0.0412443
0.0401897
0.0377525
0.0324064
0.0254056
0.016752
0.00628302
-0.00400814
-0.0158376
-0.0257511
-0.0365001
-0.0445616
-0.0527783
-0.0585976
-0.0639592
-0.0680055
-0.0713485
-0.0743303
-0.0769782
-0.0791694
-0.0809884
-0.082316
-0.0831662
-0.0835093
-0.0832847
-0.082558
-0.0811933
-0.0793528
-0.0768282
-0.0738754
-0.0702194
-0.0662033
-0.0614938
-0.0565106
-0.0508725
-0.0450627
-0.0386635
-0.0322056
-0.0252483
-0.0183514
-0.0110648
-0.00395889
0.00341261
0.0104879
0.0176948
0.0245006
0.0313004
0.0376097
0.043777
0.049384
0.0547202
0.0594506
0.0637935
0.0675105
0.070741
0.0733535
0.0754016
0.0768669
0.0777148
0.0780401
0.0777223
0.076964
0.075564
0.0738224
0.0714668
0.068879
0.0657283
0.0623755
0.0585782
0.0541519
0.0483678
0.0421199
0.0335492
0.0251191
0.014302
0.00431846
-0.00708446
-0.0169827
-0.026522
-0.0343254
-0.0400492
-0.0442082
-0.0451877
-0.0448934
-0.0409261
-0.0363762
-0.028585
-0.021824
-0.0137785
-0.00811223
-0.00411635
-0.00200408
-0.00536481
-0.00321895
0.000605837
0.00659505
0.0138491
0.0217631
0.0289636
0.0355983
0.0398447
0.0427498
0.0426668
0.0410643
0.0365928
0.0307131
0.0225691
0.0135254
0.00334379
-0.00689281
-0.0169378
-0.0262266
-0.0343832
-0.0412577
-0.0467196
-0.0510676
-0.054312
-0.057167
-0.0596826
-0.0617799
-0.0635326
-0.0649018
-0.0658279
-0.066359
-0.066362
-0.0659771
-0.0649962
-0.0636549
-0.06167
-0.0593723
-0.0564064
-0.0531948
-0.0493144
-0.0452729
-0.0405867
-0.0358381
-0.030492
-0.0251925
-0.019364
-0.0136965
-0.00758601
-0.00175152
0.00442657
0.0102183
0.0162448
0.0217845
0.0274465
0.0325347
0.0376338
0.0420901
0.046452
0.050123
0.0536055
0.0563722
0.0588718
0.060656
0.0621134
0.0628812
0.0632841
0.0630479
0.0624312
0.0612487
0.0596918
0.0576619
0.0552831
0.0525385
0.0494271
0.0459697
0.042179
0.0373377
0.03147
0.0243071
0.0159669
0.00671065
-0.00316365
-0.0129424
-0.0225116
-0.0306755
-0.0378235
-0.0425334
-0.0457838
-0.046096
-0.0448853
-0.0407335
-0.0352854
-0.0276388
-0.0195584
-0.0110682
-0.00341925
0.00266011
0.00643044
0.00851058
-0.0179445
-0.0160219
-0.0123455
-0.00653351
0.00188943
0.0104327
0.020255
0.028657
0.0363354
0.0420315
0.0457707
0.0475727
0.0467508
0.0443749
0.0390114
0.0329969
0.0242209
0.0160888
0.00621057
-0.00192277
-0.0104339
-0.0166808
-0.0220006
-0.0258293
-0.0284691
-0.0308799
-0.0330922
-0.0349412
-0.0366507
-0.0380143
-0.0391119
-0.0398996
-0.0403004
-0.0404461
-0.040095
-0.0395612
-0.0384363
-0.0372169
-0.0353318
-0.0334529
-0.0308572
-0.0283774
-0.0251549
-0.0221624
-0.0184278
-0.0150366
-0.0109302
-0.0072749
-0.00295595
0.000814981
0.00517568
0.00890653
0.0131341
0.0166693
0.0205933
0.0237844
0.027246
0.0299586
0.0328184
0.0349388
0.0370837
0.0385244
0.0398734
0.0405792
0.0410885
0.0410391
0.040705
0.0399167
0.0387765
0.0373023
0.0354314
0.0333569
0.0308644
0.0283025
0.0253237
0.0222379
0.0188768
0.0145254
0.00877342
0.00232069
-0.00617478
-0.0140976
-0.0234684
-0.0309677
-0.0387885
-0.0438475
-0.0479999
-0.0492712
-0.0488453
-0.0459489
-0.0410579
-0.0344022
-0.0257775
-0.0166762
-0.00626147
0.00261444
0.0111951
0.0169873
0.0204398
0.0222784
-0.030823
-0.0290676
-0.0263732
-0.0208003
-0.0129215
-0.00408327
0.00647905
0.0160818
0.0263921
0.0341091
0.0421269
0.0464661
0.0510314
0.0513251
0.0517638
0.0481225
0.044649
0.0382518
0.0323869
0.0253013
0.0193776
0.0137446
0.00992319
0.00652767
0.00486599
0.00279388
0.00127441
-0.000384934
-0.00178544
-0.00314395
-0.00439013
-0.00537219
-0.00640915
-0.00695772
-0.0077446
-0.0078245
-0.00833671
-0.00793688
-0.00816738
-0.00730194
-0.00726158
-0.00596943
-0.0056863
-0.00402939
-0.0035469
-0.00160712
-0.000981681
0.00114325
0.0018456
0.00404698
0.00475406
0.00691746
0.00755441
0.00956506
0.0100584
0.0118066
0.0120877
0.0134742
0.0134832
0.0144244
0.014114
0.014547
0.0138862
0.0137727
0.0127502
0.0120801
0.0107063
0.00949925
0.00780727
0.0061123
0.00415673
0.00204966
-9.61499e-05
-0.0025176
-0.0047935
-0.00759525
-0.00998395
-0.013927
-0.0181232
-0.0239151
-0.0296755
-0.0364413
-0.0416606
-0.0473228
-0.0498453
-0.0525036
-0.0510546
-0.0497333
-0.0442882
-0.0390269
-0.0303351
-0.0218948
-0.0111525
-0.00110028
0.00961519
0.0185926
0.0263923
0.0318598
0.0343497
0.0360077
-0.0440787
-0.0430065
-0.0405039
-0.0362485
-0.0292702
-0.0210915
-0.0110343
-0.000487266
0.010157
0.0207921
0.0299555
0.0389935
0.0454328
0.0517078
0.0545991
0.0574137
0.0565941
0.0561242
0.0526395
0.0501927
0.0460562
0.0435698
0.0408287
0.0394155
0.0382834
0.0374721
0.0363433
0.0354484
0.0342611
0.0331605
0.0319244
0.0306465
0.0294013
0.0279736
0.0267523
0.0252004
0.0240279
0.022375
0.021267
0.0195332
0.0184961
0.0166983
0.0157295
0.0138818
0.0129704
0.0110843
0.0102127
0.00829736
0.00744271
0.0055058
0.00464165
0.00268931
0.00178753
-0.000175251
-0.00114306
-0.00311223
-0.00417275
-0.00614464
-0.00732075
-0.00929117
-0.0105999
-0.0125628
-0.0140123
-0.0159581
-0.0175459
-0.0194595
-0.0211704
-0.0230302
-0.0248349
-0.0266118
-0.0284678
-0.0301262
-0.0319797
-0.0334788
-0.0352969
-0.0367199
-0.0385278
-0.0404011
-0.0434921
-0.0460589
-0.0500427
-0.0521368
-0.0550456
-0.0548777
-0.0548935
-0.0513749
-0.0476854
-0.0408233
-0.0337489
-0.0243271
-0.0147421
-0.00394562
0.00689019
0.017389
0.0274124
0.0354017
0.0422004
0.0462438
0.0485684
0.049545
-0.0564951
-0.0560476
-0.0550268
-0.0523662
-0.0469437
-0.0405807
-0.03132
-0.0220138
-0.0108464
-0.000244028
0.0109915
0.0214269
0.0314375
0.0405155
0.0481552
0.0548849
0.0592669
0.0631749
0.0644347
0.0659813
0.0654773
0.0659051
0.0655014
0.0658291
0.0660518
0.0663255
0.0661235
0.0659864
0.0653295
0.0646882
0.0635749
0.0624207
0.0608575
0.0591929
0.0571949
0.0550346
0.0526255
0.0499965
0.047209
0.0441509
0.041026
0.0375901
0.034177
0.030426
0.0267809
0.0227869
0.018972
0.0148149
0.0108966
0.00666086
0.00270781
-0.00152009
-0.00543939
-0.00957461
-0.0133948
-0.0173575
-0.0210182
-0.0247368
-0.0281846
-0.0315976
-0.0347875
-0.0378448
-0.0407396
-0.0434035
-0.0459734
-0.0482171
-0.050439
-0.0522456
-0.0541013
-0.0554629
-0.0569384
-0.0578545
-0.0589396
-0.0594167
-0.0601054
-0.0602144
-0.0605184
-0.0605037
-0.0611893
-0.0608314
-0.0612008
-0.0594498
-0.0577605
-0.0535082
-0.0486194
-0.041577
-0.0335562
-0.0243139
-0.0141379
-0.00372016
0.00747432
0.0178939
0.0288425
0.037847
0.0467677
0.0528092
0.0579087
0.060346
0.0612046
0.0615764
-0.0649551
-0.0649682
-0.0655433
-0.0641733
-0.061806
-0.0571944
-0.0511709
-0.0434622
-0.0344693
-0.0247806
-0.0140277
-0.00355971
0.00792556
0.0180712
0.0292078
0.0379509
0.0474393
0.0539541
0.0608831
0.0650505
0.0694768
0.0719458
0.0746515
0.0762412
0.0780323
0.0791056
0.080212
0.0806841
0.0810406
0.0808425
0.0803902
0.0794871
0.0781888
0.0765649
0.0744085
0.0720687
0.0690691
0.0660408
0.0622408
0.0585739
0.0540444
0.0498103
0.0446487
0.0399395
0.0342668
0.0291916
0.0231493
0.0178311
0.0115751
0.00614639
-0.000158884
-0.00556202
-0.0117502
-0.0169934
-0.022904
-0.0278608
-0.033346
-0.0379029
-0.0428337
-0.0468946
-0.051166
-0.0546551
-0.0581886
-0.0610524
-0.0637979
-0.0660048
-0.0679403
-0.0694795
-0.0706092
-0.0714894
-0.071841
-0.0720877
-0.0717098
-0.0713627
-0.070321
-0.0694393
-0.0677972
-0.0663942
-0.0638024
-0.0613998
-0.0569626
-0.0527215
-0.0457354
-0.0391086
-0.0296441
-0.020869
-0.00991698
0.000116596
0.01126
0.0214718
0.031769
0.0410908
0.0495583
0.0568482
0.0623574
0.0666041
0.0686149
0.0697778
0.0691262
0.0690564
-0.0679575
-0.0685534
-0.069927
-0.0702163
-0.0702288
-0.0680933
-0.0653757
-0.0602214
-0.054541
-0.0467753
-0.038678
-0.0290907
-0.0192318
-0.00870643
0.0020907
0.012487
0.0230243
0.032138
0.0411783
0.0482204
0.0550203
0.0598656
0.064327
0.0674721
0.0702846
0.0723789
0.0744058
0.0757242
0.0769596
0.0774687
0.0778353
0.0774682
0.0769026
0.0756195
0.0740904
0.0718828
0.0693938
0.0662857
0.0628767
0.0589258
0.054673
0.0499695
0.0449832
0.0396473
0.0340687
0.0282467
0.0222428
0.0161018
0.00985833
0.00357926
-0.00270689
-0.00893686
-0.0150663
-0.0210623
-0.0268429
-0.0324308
-0.0376865
-0.0427108
-0.0472895
-0.05162
-0.0554001
-0.058937
-0.061832
-0.0645085
-0.0664691
-0.0682527
-0.0692666
-0.070158
-0.0702482
-0.0702784
-0.0694998
-0.068727
-0.0671615
-0.0656663
-0.0634043
-0.0612274
-0.0582852
-0.0551378
-0.0506585
-0.0458549
-0.0391361
-0.0321745
-0.0233252
-0.0143751
-0.00415928
0.00595285
0.0163104
0.0264367
0.0357808
0.04489
0.0524406
0.0596926
0.0648322
0.0694966
0.0717514
0.0735208
0.0732256
0.0727719
0.0713783
0.0707545
-0.0653449
-0.0665645
-0.068354
-0.0707124
-0.0720145
-0.0733778
-0.072359
-0.0714415
-0.0675465
-0.0639056
-0.057414
-0.0512517
-0.0426627
-0.0344371
-0.0244118
-0.0148954
-0.00452552
0.00511548
0.0145027
0.0229978
0.0303872
0.0368147
0.0417545
0.046103
0.0491935
0.052281
0.0547062
0.0570528
0.0587026
0.060301
0.0610895
0.0618444
0.0616978
0.061546
0.0604246
0.0593397
0.0572412
0.0552354
0.0521968
0.0493218
0.0454188
0.0417643
0.0371093
0.0328002
0.0275384
0.0227297
0.017034
0.0119045
0.00596787
0.000712137
-0.00526074
-0.0104412
-0.0162431
-0.0211497
-0.0265813
-0.0310285
-0.0359075
-0.0397316
-0.0439016
-0.0469688
-0.0503063
-0.0525186
-0.0549375
-0.0562359
-0.0576903
-0.0580561
-0.0585401
-0.0579937
-0.0575391
-0.0561367
-0.0548095
-0.0526384
-0.0505336
-0.0477068
-0.0449262
-0.0414706
-0.0381288
-0.0335711
-0.0285549
-0.0221284
-0.014839
-0.00655361
0.00257272
0.0118337
0.0217996
0.0308241
0.0403499
0.0480398
0.0560929
0.0617279
0.0676867
0.0708418
0.074237
0.0747504
0.0753656
0.0737482
0.0722269
0.0698031
0.0680248
0.0668191
-0.0577052
-0.0590562
-0.0618224
-0.0647566
-0.0684398
-0.0710008
-0.0735326
-0.0743624
-0.0744691
-0.0728927
-0.0703406
-0.0663439
-0.0612571
-0.0551158
-0.0477885
-0.0400794
-0.0312839
-0.0229812
-0.0140193
-0.00631214
0.00142477
0.00752859
0.0129776
0.0173006
0.0208763
0.024092
0.0271744
0.0297634
0.0322494
0.0342018
0.0359726
0.037191
0.0381574
0.0385756
0.0386838
0.0382708
0.0375058
0.0362681
0.0346549
0.0326368
0.03024
0.0275219
0.0244433
0.0211388
0.0175129
0.0137641
0.00975278
0.00572365
0.00150859
-0.00262221
-0.00684829
-0.0108964
-0.014939
-0.0187235
-0.0223967
-0.0257497
-0.028886
-0.031661
-0.0341193
-0.0361987
-0.0378721
-0.0391723
-0.0399918
-0.0404666
-0.0404038
-0.0400448
-0.0391115
-0.0379465
-0.0361921
-0.0342823
-0.0317895
-0.0292247
-0.0261041
-0.0229968
-0.0193804
-0.0157575
-0.0117566
-0.00718962
-0.0015611
0.00456371
0.0121858
0.0196952
0.0283124
0.036256
0.0445661
0.0518297
0.0586328
0.0643144
0.0689122
0.0724814
0.0746056
0.0758109
0.0753471
0.0742296
0.0714478
0.0687291
0.0649571
0.0620145
0.0593399
0.058019
-0.0475554
-0.049075
-0.051602
-0.0552577
-0.0596823
-0.0637955
-0.0679342
-0.0709824
-0.0735279
-0.0745176
-0.0748816
-0.0735407
-0.0716052
-0.0679816
-0.0638568
-0.0582838
-0.0524509
-0.0456927
-0.0390878
-0.0322705
-0.0260585
-0.020307
-0.0154172
-0.0111088
-0.00754059
-0.00415355
-0.000998429
0.00191132
0.00463243
0.00705167
0.00926988
0.0110985
0.0127288
0.0138963
0.0148848
0.0153546
0.0156812
0.015452
0.0151315
0.0142378
0.0133189
0.011829
0.0103918
0.00840469
0.00655632
0.00419712
0.0020672
-0.000519206
-0.00278559
-0.00544157
-0.00769125
-0.0102547
-0.0123346
-0.0146477
-0.0164135
-0.0183313
-0.0196556
-0.0210542
-0.0218332
-0.0226161
-0.0227752
-0.022878
-0.0223751
-0.0217681
-0.0205946
-0.0192828
-0.0174629
-0.0154842
-0.013072
-0.0104941
-0.00756982
-0.0044854
-0.00115032
0.00232821
0.00599477
0.00984025
0.0138077
0.0184067
0.023475
0.0292766
0.0354119
0.042044
0.0483748
0.0547919
0.0602487
0.0654215
0.0691632
0.0724077
0.0740149
0.0750391
0.0744195
0.0731881
0.0704617
0.067258
0.0630286
0.0588686
0.0544535
0.0508553
0.048419
0.0469496
-0.0340787
-0.0355601
-0.0384613
-0.0424445
-0.0476616
-0.0529402
-0.0584245
-0.0634623
-0.0675903
-0.0712184
-0.0733455
-0.0750987
-0.0750478
-0.0747858
-0.0725109
-0.070308
-0.0660562
-0.0623232
-0.0568672
-0.0523997
-0.0468866
-0.0426446
-0.0382076
-0.0346945
-0.0313526
-0.0283382
-0.0251669
-0.0223731
-0.019473
-0.0169278
-0.0144073
-0.0121963
-0.0101394
-0.0083245
-0.006786
-0.00540219
-0.00440549
-0.0034598
-0.00299621
-0.00246838
-0.00249841
-0.00234276
-0.00279868
-0.0029472
-0.00373691
-0.00410323
-0.00511522
-0.00559957
-0.00670901
-0.00720397
-0.00827961
-0.00867654
-0.0095883
-0.00978403
-0.0104108
-0.0103141
-0.010551
-0.0100883
-0.00985288
-0.00897262
-0.00820936
-0.00688455
-0.00556748
-0.00379648
-0.00192965
0.000264757
0.00264881
0.00522183
0.00806476
0.0109529
0.0141747
0.0172996
0.0208028
0.0240751
0.0277499
0.0311407
0.034892
0.0386436
0.0432788
0.0475646
0.0530156
0.0573433
0.0625541
0.0660413
0.0699708
0.0719115
0.0738868
0.0739365
0.0737659
0.0718769
0.0696112
0.0659228
0.061729
0.0566998
0.051225
0.0460218
0.0408925
0.0370304
0.0342733
0.0328585
-0.0201668
-0.0216229
-0.0240741
-0.0280684
-0.0334479
-0.0389887
-0.0453658
-0.0510019
-0.0569003
-0.0614253
-0.0660291
-0.0689195
-0.0719048
-0.0729462
-0.0741323
-0.0732878
-0.0726508
-0.0701804
-0.0680519
-0.0646017
-0.0616804
-0.058112
-0.0551903
-0.052021
-0.0494203
-0.0465566
-0.0439261
-0.0411809
-0.0385967
-0.036004
-0.0335297
-0.0311693
-0.0288678
-0.0267981
-0.0247122
-0.0229673
-0.0211181
-0.0197075
-0.0180949
-0.0170039
-0.015608
-0.0148001
-0.0135841
-0.0130036
-0.0119165
-0.0114924
-0.0104731
-0.0101235
-0.0091049
-0.00874258
-0.0076562
-0.00719377
-0.00597515
-0.00533121
-0.00392465
-0.00302935
-0.00139222
-0.000192025
0.00170184
0.00324065
0.00539927
0.00728885
0.0097018
0.0119326
0.0145724
0.0171146
0.0199391
0.0227453
0.0257008
0.0287092
0.0317336
0.0348717
0.0378976
0.041085
0.0440566
0.0472639
0.0501205
0.0535082
0.0565452
0.0601632
0.063042
0.066386
0.0683692
0.0706517
0.0711209
0.071779
0.070473
0.0693055
0.0662828
0.0633462
0.0587836
0.0542854
0.0484879
0.0429384
0.0367059
0.0312983
0.0260836
0.0222391
0.0199299
0.018547
-0.00515856
-0.00635464
-0.00873427
-0.0124196
-0.0178737
-0.0235908
-0.0303603
-0.0367614
-0.0432375
-0.0491353
-0.0545272
-0.0593523
-0.0633528
-0.0668196
-0.0691998
-0.0711228
-0.0717149
-0.0720712
-0.0710343
-0.0701021
-0.0680108
-0.0663366
-0.0639632
-0.0620427
-0.0597474
-0.0577565
-0.0553296
-0.0532492
-0.0507662
-0.0486358
-0.0461679
-0.0440393
-0.0416424
-0.0395536
-0.0372663
-0.0352404
-0.0330828
-0.0311287
-0.0291036
-0.0272167
-0.0253112
-0.0234762
-0.0216638
-0.0198567
-0.018101
-0.0162916
-0.0145487
-0.012704
-0.010927
-0.00901397
-0.00715637
-0.00514559
-0.00316579
-0.00103469
0.00110009
0.00336431
0.00567475
0.00807306
0.0105653
0.013086
0.0157509
0.0183702
0.021184
0.023868
0.0267941
0.0295013
0.0324938
0.0351785
0.0381846
0.0408
0.0437637
0.0462642
0.0491284
0.0514709
0.0541791
0.0563427
0.0588439
0.0608532
0.063319
0.0649863
0.0670395
0.0678873
0.0688128
0.0683504
0.067649
0.0656571
0.0632316
0.0597702
0.0558136
0.0510742
0.0458035
0.0400551
0.0337539
0.0275415
0.0209772
0.015461
0.010213
0.00670525
0.00449124
0.00337292
0.00886757
0.00780176
0.00590253
0.00245327
-0.00235777
-0.00797824
-0.0142718
-0.0208442
-0.02745
-0.0338252
-0.0399151
-0.0455202
-0.0507151
-0.0552331
-0.0592633
-0.062432
-0.0650487
-0.0667096
-0.0678476
-0.0681076
-0.0679958
-0.0672457
-0.0663116
-0.0650156
-0.0636663
-0.0620973
-0.0605029
-0.0587442
-0.0569705
-0.0550643
-0.0531493
-0.0511338
-0.0491084
-0.0470118
-0.0448977
-0.0427379
-0.0405473
-0.0383327
-0.0360704
-0.0338014
-0.0314659
-0.0291375
-0.0267234
-0.0243267
-0.0218269
-0.0193515
-0.0167591
-0.0141954
-0.0115056
-0.00884688
-0.00605961
-0.0033043
-0.000425692
0.00242037
0.00537612
0.00829823
0.0113079
0.0142817
0.0173129
0.0203049
0.0233176
0.0262868
0.0292356
0.032136
0.0349734
0.0377582
0.0404381
0.0430624
0.0455435
0.0479677
0.0502157
0.0524073
0.054396
0.0563299
0.0580417
0.059701
0.0610978
0.0624188
0.0633413
0.0640573
0.0641114
0.0637807
0.0625752
0.0608534
0.0582052
0.0550314
0.0510408
0.0465987
0.041526
0.0360758
0.0301762
0.024014
0.0176406
0.0113098
0.00525947
-0.000124541
-0.00471702
-0.00797395
-0.00973496
-0.0107208
0.0231736
0.0223374
0.0209876
0.0180424
0.013462
0.00833446
0.0018695
-0.00436302
-0.0113537
-0.0176438
-0.0244237
-0.0302323
-0.0364954
-0.0415123
-0.0469852
-0.0509298
-0.0552189
-0.0578563
-0.0606559
-0.0619477
-0.063257
-0.0634269
-0.0635186
-0.0629636
-0.0623514
-0.0614269
-0.0605054
-0.0593347
-0.0581314
-0.0567488
-0.0552784
-0.0537029
-0.0519762
-0.0502212
-0.0482456
-0.0463196
-0.0441004
-0.0420081
-0.0395507
-0.0372952
-0.0346068
-0.0321911
-0.0292829
-0.0267122
-0.0236005
-0.0208829
-0.0175904
-0.0147386
-0.0112948
-0.00832727
-0.00476923
-0.00171087
0.00191639
0.00503322
0.008677
0.0118123
0.0154131
0.0185199
0.022013
0.0250389
0.0283578
0.0312477
0.0343277
0.0370281
0.0398108
0.0422731
0.0447113
0.0468958
0.0489565
0.0508355
0.0525019
0.0540606
0.0553323
0.0565683
0.057459
0.0583689
0.0588921
0.0593858
0.059191
0.0589355
0.0575316
0.0561543
0.0532992
0.0506121
0.046339
0.042413
0.0370462
0.0321318
0.0260626
0.0204337
0.013913
0.00785585
0.00115851
-0.00482004
-0.0109951
-0.0158838
-0.0202201
-0.0229787
-0.0241719
-0.0249321
0.0359795
0.0355358
0.0342889
0.0320547
0.0279244
0.0233356
0.0174154
0.0113923
0.00488248
-0.00164051
-0.00803666
-0.0145691
-0.0205474
-0.0267895
-0.0320869
-0.0377007
-0.0419444
-0.0465318
-0.0494169
-0.0526848
-0.0541716
-0.0560763
-0.0563743
-0.0572099
-0.0567785
-0.0570252
-0.0563082
-0.0562058
-0.0551955
-0.0547639
-0.0534724
-0.0526956
-0.0511284
-0.049993
-0.0481538
-0.0466508
-0.0445428
-0.0426706
-0.0402984
-0.0380645
-0.0354368
-0.0328595
-0.0299899
-0.0270995
-0.0240085
-0.020847
-0.0175623
-0.0141831
-0.0107402
-0.00720741
-0.0036498
-3.64209e-05
0.00358438
0.00719757
0.0108226
0.0143496
0.0179138
0.0212661
0.0247002
0.0277912
0.0310251
0.0337746
0.0367418
0.0390814
0.0417233
0.0436017
0.0458725
0.0472595
0.0491292
0.0500185
0.0514749
0.051884
0.0529326
0.0529005
0.0535583
0.0531056
0.053419
0.0523616
0.0519392
0.0498479
0.0482555
0.0448662
0.0419217
0.0372977
0.0330685
0.0275129
0.0223191
0.0162268
0.010438
0.0041295
-0.00201327
-0.00826665
-0.01449
-0.0202342
-0.0258729
-0.0302143
-0.0341089
-0.0361631
-0.0372628
-0.0376372
0.0478813
0.0474519
0.0470424
0.0449809
0.0418319
0.0375966
0.0325777
0.026971
0.0210105
0.0149043
0.00860256
0.00246633
-0.00390623
-0.00977634
-0.0159669
-0.0212463
-0.0268461
-0.0311631
-0.0357288
-0.0388134
-0.0420667
-0.0438789
-0.0457945
-0.0466151
-0.0476206
-0.0478671
-0.0485094
-0.0484071
-0.0486983
-0.0482672
-0.0481794
-0.0474035
-0.0469065
-0.0457723
-0.0448432
-0.043342
-0.0419685
-0.0400985
-0.0382816
-0.0360502
-0.0338056
-0.0312314
-0.0285911
-0.025704
-0.0227158
-0.019558
-0.0162848
-0.0129095
-0.0094275
-0.00589875
-0.00229536
0.00131384
0.00494216
0.00855118
0.0121022
0.0156251
0.0189942
0.0223427
0.0254276
0.028515
0.0312209
0.0339671
0.0362123
0.0385492
0.0402715
0.0421477
0.0433094
0.0446948
0.0452859
0.0461742
0.0462137
0.0466223
0.0461565
0.0461245
0.0452151
0.044763
0.0434465
0.0424035
0.0402104
0.0382081
0.0347558
0.0315449
0.0268767
0.0225172
0.0169184
0.011691
0.005601
-0.000125638
-0.00631286
-0.0122314
-0.0182883
-0.0241312
-0.0298202
-0.035154
-0.0399141
-0.0439071
-0.0468487
-0.0487328
-0.0490243
-0.0493847
0.0585902
0.0584796
0.0585118
0.0571397
0.0544261
0.0509437
0.0463214
0.0414251
0.03582
0.0302561
0.0242008
0.0183733
0.0120944
0.00626402
-1.18952e-05
-0.00553778
-0.0113929
-0.0162267
-0.021169
-0.0249732
-0.0286565
-0.0312838
-0.0335882
-0.0352364
-0.0365975
-0.0376907
-0.0387278
-0.0394769
-0.0401547
-0.0405572
-0.0408272
-0.0408434
-0.0406645
-0.040262
-0.0396034
-0.0387603
-0.0376048
-0.0363125
-0.0346595
-0.0329249
-0.0307924
-0.0286395
-0.0260646
-0.0235343
-0.0205731
-0.0177226
-0.0144482
-0.0113496
-0.00785039
-0.0045881
-0.000964722
0.00236661
0.00600438
0.00930307
0.0128399
0.0160006
0.0193201
0.0222381
0.0252274
0.0278036
0.0303601
0.0325065
0.0345438
0.03619
0.0376441
0.0387427
0.0395777
0.0401084
0.0403203
0.0402925
0.0399095
0.0393619
0.0384428
0.0374397
0.0360685
0.0346551
0.0329162
0.0309431
0.0283074
0.0254088
0.0214915
0.0175019
0.0124377
0.00751789
0.00165487
-0.00385494
-0.0100343
-0.0157552
-0.0218518
-0.0274956
-0.0333092
-0.0386441
-0.0439814
-0.0486396
-0.0530085
-0.0562822
-0.0587964
-0.0600199
-0.0598719
-0.0599258
0.0682144
0.0685041
0.0685687
0.0680264
0.0656015
0.063001
0.0587552
0.0546515
0.0494378
0.0444375
0.0387586
0.033189
0.0272681
0.0213448
0.0154019
0.00941639
0.00384468
-0.00177973
-0.00651872
-0.0113454
-0.0149223
-0.0186652
-0.0209563
-0.0237026
-0.0250989
-0.0272845
-0.0283807
-0.0302283
-0.0309658
-0.0324436
-0.0327739
-0.0338117
-0.0336924
-0.0342334
-0.0336325
-0.0336379
-0.0325377
-0.03199
-0.0303895
-0.029295
-0.0272123
-0.025602
-0.0230745
-0.0210033
-0.0180876
-0.0156324
-0.0124024
-0.00965925
-0.00620427
-0.00328436
0.000294181
0.00326843
0.00685985
0.00975956
0.0132478
0.0159426
0.0192105
0.0215745
0.0245091
0.0264267
0.028925
0.0302986
0.0322743
0.0330305
0.0344202
0.0345162
0.0352848
0.0347133
0.0348574
0.033648
0.0331972
0.0314159
0.0304303
0.0281742
0.0267379
0.0240841
0.022303
0.0190982
0.0164674
0.012348
0.00852604
0.0034398
-0.00143467
-0.00719622
-0.012791
-0.0188
-0.0246621
-0.0305126
-0.0362666
-0.0416903
-0.0471416
-0.0519525
-0.056911
-0.0608169
-0.0648201
-0.0672515
-0.0694854
-0.0699135
-0.0697371
-0.0694062
0.0766935
0.0769928
0.077316
0.076892
0.0754634
0.0731146
0.0700398
0.0662472
0.0620478
0.057374
0.052469
0.047226
0.0418234
0.036225
0.0305341
0.0248619
0.0192333
0.0138839
0.00874567
0.00412343
-0.000164134
-0.0037936
-0.00707526
-0.00980052
-0.0122992
-0.0144828
-0.0166553
-0.0185012
-0.0203282
-0.0218047
-0.0232267
-0.0242636
-0.0252131
-0.0257536
-0.0261798
-0.0261852
-0.026058
-0.0255108
-0.0248235
-0.02373
-0.0225014
-0.0208925
-0.0191666
-0.0170972
-0.0149416
-0.0124887
-0.00999231
-0.00725164
-0.0045208
-0.00160358
0.00124204
0.00421355
0.00704542
0.00994245
0.0126283
0.0153207
0.0177301
0.0200918
0.0221024
0.0240183
0.0255222
0.0268945
0.0278059
0.0285614
0.0288229
0.0289189
0.0285068
0.0279358
0.0268637
0.0256555
0.0239744
0.0221947
0.0199904
0.0177365
0.0151046
0.0124533
0.00946262
0.00627787
0.0025554
-0.0014574
-0.00608364
-0.0109768
-0.0163341
-0.0218345
-0.0275643
-0.033274
-0.0389614
-0.0444999
-0.0498136
-0.0549222
-0.0596783
-0.0641726
-0.0681939
-0.0717968
-0.0747005
-0.0768857
-0.0781807
-0.0784928
-0.0781011
-0.0777608
0.084149
0.0845186
0.085942
0.0857422
0.085051
0.0830372
0.0806728
0.0772645
0.0737614
0.06947
0.0651423
0.0602557
0.0552344
0.0499571
0.0443934
0.0389938
0.0332169
0.0280666
0.0225327
0.0180111
0.0131433
0.00950651
0.00559683
0.00276644
-0.000427377
-0.00275719
-0.00574572
-0.00775
-0.0104349
-0.0120766
-0.0143541
-0.015559
-0.017341
-0.0180494
-0.0192693
-0.01944
-0.020057
-0.0196712
-0.0196738
-0.0187372
-0.0181447
-0.0166883
-0.0155501
-0.0136296
-0.0120229
-0.0097164
-0.00774245
-0.00514749
-0.00292719
-0.000156616
0.00217491
0.00499714
0.00729609
0.0100397
0.0121595
0.014693
0.0164911
0.0186877
0.0200319
0.0217761
0.0225526
0.0237469
0.0238678
0.0244399
0.0238502
0.0237589
0.0224425
0.0216825
0.0196656
0.0182693
0.0156205
0.0136568
0.0104836
0.00805363
0.00449524
0.00168096
-0.00211658
-0.0054234
-0.00987392
-0.0139146
-0.0192007
-0.0240166
-0.0298354
-0.035162
-0.0410968
-0.04656
-0.0521731
-0.0574162
-0.0624001
-0.0671764
-0.0714046
-0.0755388
-0.0789101
-0.0821488
-0.0843848
-0.0862516
-0.0868488
-0.0869485
-0.0854809
-0.0850744
0.0904471
0.091138
0.0925991
0.0930961
0.0925617
0.0913597
0.0892234
0.0866629
0.0834135
0.0798953
0.0758257
0.0715716
0.0668103
0.061981
0.0566765
0.0515027
0.0459685
0.0407924
0.0354593
0.0306557
0.0259233
0.0217779
0.0179234
0.0144326
0.0112419
0.00813954
0.00515338
0.00231373
-0.000369055
-0.00287986
-0.00515555
-0.00724321
-0.00902384
-0.0106121
-0.0118309
-0.0128664
-0.0134829
-0.0139392
-0.0139418
-0.0138216
-0.0132295
-0.0125646
-0.0114273
-0.0102776
-0.00867215
-0.00712277
-0.00515038
-0.00330731
-0.00108877
0.000925695
0.00325538
0.00530789
0.00760503
0.00955676
0.011675
0.0133875
0.0151841
0.016526
0.0178691
0.0187226
0.0194985
0.0197672
0.019888
0.0195039
0.0189146
0.0178443
0.016529
0.0147782
0.0127629
0.0103785
0.00773182
0.00480005
0.00162932
-0.0017293
-0.00528487
-0.00896121
-0.0127552
-0.01681
-0.021209
-0.0258417
-0.0310012
-0.0361797
-0.0418097
-0.0472407
-0.0529461
-0.0582622
-0.0636288
-0.0685032
-0.0732384
-0.0774611
-0.0814409
-0.0848779
-0.0880038
-0.090465
-0.092479
-0.0935951
-0.0940388
-0.0934899
-0.0919852
-0.0912779
0.0962778
0.0972657
0.0987355
0.0998899
0.0994971
0.0990669
0.0971309
0.0953664
0.0923458
0.0895497
0.0857134
0.0820509
0.0775249
0.0731159
0.0680488
0.0630867
0.0577773
0.0525773
0.0474302
0.0423653
0.0377584
0.0331419
0.0293385
0.0252362
0.0220484
0.0182306
0.0152466
0.0116334
0.00895254
0.00563686
0.00336283
0.000457707
-0.00132162
-0.00372461
-0.00494259
-0.00677891
-0.00739491
-0.00863109
-0.0086337
-0.00926939
-0.00867781
-0.00874579
-0.00760931
-0.00717349
-0.00556919
-0.00472091
-0.00274997
-0.00160319
0.000613723
0.00192798
0.00425596
0.00559567
0.00789112
0.00910955
0.0112262
0.0121785
0.0139738
0.0145241
0.0158662
0.0158949
0.0166702
0.0160817
0.0162024
0.0149328
0.014344
0.012367
0.0110527
0.00838441
0.00637062
0.00307122
0.000426454
-0.00340188
-0.00657029
-0.0107889
-0.0143419
-0.0188165
-0.0226072
-0.0273548
-0.0317059
-0.036887
-0.0419292
-0.0474434
-0.0528987
-0.0584264
-0.0639193
-0.069096
-0.0742375
-0.0787644
-0.0832754
-0.086979
-0.0907351
-0.0935199
-0.0964251
-0.0981549
-0.0999747
-0.100375
-0.100681
-0.0995194
-0.0980065
-0.0970211
0.101313
0.102306
0.103552
0.104771
0.105045
0.104766
0.103646
0.102078
0.0998354
0.0972492
0.0941094
0.0906596
0.0867402
0.0825461
0.0779861
0.0732354
0.0682896
0.063279
0.0582892
0.0533664
0.0486665
0.0441281
0.0399363
0.035845
0.0320938
0.0282768
0.0247034
0.0210906
0.0177779
0.0144624
0.0115137
0.0086085
0.00612323
0.00371978
0.00177376
-6.33669e-05
-0.00142275
-0.00266009
-0.003417
-0.00405419
-0.00422541
-0.00429523
-0.00392924
-0.00349554
-0.00266983
-0.00182392
-0.000640803
0.000503412
0.00192186
0.00323344
0.0047511
0.00608808
0.00756078
0.00877651
0.0100585
0.0110082
0.0119587
0.0125065
0.0129971
0.0130236
0.0129457
0.0123554
0.0116277
0.0103566
0.00893207
0.0069541
0.0048256
0.00215683
-0.000639804
-0.00393931
-0.00732539
-0.0111534
-0.0150111
-0.0192291
-0.0234214
-0.0278951
-0.0322932
-0.037031
-0.0418217
-0.0469313
-0.0521314
-0.0575138
-0.0628864
-0.0682368
-0.0734482
-0.0784259
-0.0831461
-0.0874695
-0.0914612
-0.0949621
-0.0981079
-0.100691
-0.1029
-0.10444
-0.105517
-0.10577
-0.105467
-0.104241
-0.102987
-0.101997
0.105422
0.106419
0.108438
0.109724
0.110578
0.110442
0.109979
0.108587
0.10702
0.104621
0.102108
0.0988484
0.0954641
0.0914645
0.087314
0.0827559
0.0780587
0.0732222
0.0682878
0.063499
0.0586454
0.0541844
0.0496574
0.0455818
0.0413564
0.0375418
0.0334026
0.0297921
0.0258583
0.0225449
0.0189402
0.0160368
0.0128734
0.0104714
0.00783493
0.00599895
0.00394389
0.00270733
0.00125397
0.000617169
-0.000249329
-0.000319102
-0.000647308
-0.000213883
-8.28546e-05
0.000762525
0.00124793
0.00239143
0.00310621
0.00441696
0.00522214
0.00655828
0.00730737
0.00852233
0.00906808
0.0100172
0.0102186
0.0107661
0.0104957
0.0105222
0.00967391
0.00908404
0.00758066
0.00631044
0.00411076
0.00213403
-0.000761731
-0.00342883
-0.00697587
-0.0102733
-0.0143824
-0.018208
-0.0227495
-0.0269648
-0.0317829
-0.0362538
-0.0411871
-0.04591
-0.0510995
-0.0561373
-0.0615576
-0.0668154
-0.0722024
-0.0773902
-0.0824257
-0.0872223
-0.0916076
-0.0957469
-0.0992782
-0.102597
-0.105189
-0.107593
-0.109193
-0.110564
-0.111043
-0.111157
-0.110324
-0.109034
-0.107046
-0.106051
0.108881
0.109948
0.112603
0.114063
0.115329
0.115426
0.115421
0.114298
0.113207
0.111082
0.109017
0.106019
0.103028
0.0992674
0.0954311
0.0910807
0.0865908
0.0819124
0.0770548
0.0723523
0.0674343
0.0629727
0.0582666
0.0541098
0.0496087
0.0456684
0.0411914
0.0374333
0.0331254
0.0296482
0.02565
0.0225695
0.0190006
0.0164108
0.0133631
0.0113304
0.00886279
0.00742205
0.0055575
0.00471021
0.00343496
0.00314915
0.00241442
0.00262684
0.0023524
0.0029723
0.00305151
0.00396552
0.00427132
0.00534914
0.00574056
0.00684101
0.00716984
0.00814724
0.00826503
0.00897584
0.00874097
0.00905081
0.00833607
0.00812716
0.00682752
0.00600633
0.00404663
0.00255121
-0.000106694
-0.00230034
-0.00565203
-0.00852552
-0.0125209
-0.0160119
-0.0205552
-0.0245593
-0.0295135
-0.0338897
-0.0390839
-0.0436934
-0.0489426
-0.0537615
-0.0591728
-0.0642309
-0.0697591
-0.0749556
-0.080311
-0.0853698
-0.0902442
-0.0948644
-0.0989822
-0.102914
-0.106099
-0.109188
-0.111376
-0.113535
-0.1147
-0.115828
-0.115885
-0.115789
-0.114574
-0.113126
-0.110527
-0.109469
0.111804
0.113044
0.115716
0.117558
0.118899
0.11946
0.119566
0.118953
0.117989
0.116368
0.114433
0.111899
0.109042
0.105682
0.101984
0.0979454
0.0935878
0.0891034
0.0843586
0.0797055
0.0748661
0.070298
0.0656254
0.0612361
0.0567377
0.0524709
0.0479963
0.0438555
0.03955
0.0356489
0.0316529
0.0281149
0.0245479
0.0214733
0.0184272
0.0158874
0.0134211
0.0114549
0.00959131
0.00820281
0.00692825
0.00608755
0.00535321
0.00499849
0.00472419
0.00476584
0.00484501
0.00517077
0.00547641
0.00595727
0.00634848
0.00684492
0.00717357
0.00754204
0.00765976
0.00775948
0.00752474
0.00722472
0.00651037
0.00569689
0.00439795
0.0029821
0.00102347
-0.00105154
-0.00370801
-0.00646065
-0.00981053
-0.0132166
-0.0172098
-0.0212011
-0.025742
-0.0302078
-0.0351593
-0.0399527
-0.0451441
-0.0501142
-0.0553602
-0.0604492
-0.0658294
-0.0710376
-0.0764935
-0.0816917
-0.0869434
-0.0918661
-0.0966181
-0.10099
-0.104979
-0.108577
-0.111635
-0.114328
-0.116392
-0.118112
-0.119156
-0.119833
-0.119783
-0.119274
-0.117985
-0.116197
-0.11358
-0.112368
0.114511
0.11591
0.118598
0.120794
0.122205
0.123195
0.123405
0.123264
0.122417
0.121262
0.119449
0.117344
0.114612
0.111623
0.108052
0.104302
0.100068
0.0957627
0.0911223
0.0865151
0.0817485
0.0770816
0.0724401
0.0678354
0.0633397
0.0587704
0.0542981
0.0498029
0.0454995
0.041206
0.0372119
0.0332503
0.0296851
0.0261614
0.0231169
0.0201074
0.0176424
0.0151895
0.0133269
0.0114372
0.0101633
0.00880869
0.00807472
0.00719479
0.00692063
0.00642678
0.0065059
0.00628691
0.0065924
0.00652044
0.00691145
0.00684853
0.00717702
0.00698159
0.00709925
0.00663305
0.00639843
0.00553365
0.00481966
0.0034463
0.00214801
0.000181486
-0.00177617
-0.00438791
-0.00704304
-0.0103134
-0.0136616
-0.0175609
-0.0215521
-0.0260066
-0.0305452
-0.0354387
-0.0403878
-0.0455675
-0.0507563
-0.0560602
-0.0613033
-0.0666424
-0.0719939
-0.077341
-0.08273
-0.0879298
-0.0930854
-0.0978822
-0.102521
-0.106662
-0.110533
-0.113822
-0.116763
-0.119088
-0.121037
-0.122351
-0.123283
-0.123542
-0.123392
-0.122502
-0.121145
-0.11904
-0.116408
-0.115053
0.117
0.118536
0.121193
0.123711
0.125189
0.126584
0.126882
0.127187
0.126437
0.125722
0.124006
0.122309
0.119677
0.117045
0.113578
0.110112
0.105979
0.101857
0.0973047
0.0927555
0.0880491
0.0833062
0.078683
0.0738941
0.0693848
0.0645555
0.0600718
0.0552719
0.0509543
0.0463232
0.042312
0.037986
0.0344008
0.030491
0.0274237
0.0240103
0.0215199
0.0186483
0.0167579
0.0144371
0.0131331
0.0113364
0.0105704
0.00923859
0.00893059
0.00797605
0.00801996
0.0073323
0.00760158
0.00705402
0.00740825
0.00686409
0.00715567
0.00647509
0.00655619
0.00560313
0.00533277
0.00398213
0.00323373
0.00137873
4.78346e-05
-0.0023924
-0.00438041
-0.00745384
-0.0101367
-0.0138523
-0.0172252
-0.0215487
-0.0255615
-0.0304144
-0.0349713
-0.0402325
-0.0451965
-0.0507085
-0.0559091
-0.0615
-0.0667569
-0.0723104
-0.0776467
-0.0831048
-0.0884408
-0.0936238
-0.0987014
-0.103362
-0.10791
-0.111819
-0.115598
-0.118583
-0.121435
-0.123406
-0.125267
-0.126194
-0.127038
-0.126898
-0.126667
-0.125412
-0.123993
-0.121599
-0.119
-0.117522
0.119107
0.120645
0.122992
0.125534
0.127295
0.128745
0.129391
0.129768
0.129376
0.128738
0.127371
0.125754
0.123452
0.120903
0.11774
0.114359
0.110484
0.106441
0.102071
0.0975855
0.0929581
0.0882538
0.0835811
0.0788009
0.0741502
0.0693229
0.0646655
0.0598676
0.0553407
0.0507115
0.046454
0.0421298
0.0382633
0.0343552
0.0309737
0.0275618
0.0247263
0.0218559
0.0195917
0.0172718
0.0155677
0.0137719
0.0125824
0.0112513
0.0105
0.0095459
0.0091306
0.00844324
0.00824159
0.00769426
0.00757051
0.00702659
0.00683818
0.00615789
0.00576229
0.00480964
0.00407145
0.00272139
0.00151973
-0.00033446
-0.00209835
-0.00453753
-0.00693282
-0.0100049
-0.0130644
-0.0167784
-0.0204931
-0.0248148
-0.0291314
-0.0339822
-0.0388026
-0.0440616
-0.0492478
-0.0547574
-0.0601421
-0.0657305
-0.0711385
-0.0766838
-0.0820862
-0.0875093
-0.0927947
-0.0979202
-0.102855
-0.107444
-0.111782
-0.115613
-0.119142
-0.12205
-0.124629
-0.126526
-0.128096
-0.128951
-0.12949
-0.129284
-0.128752
-0.127444
-0.125782
-0.123364
-0.121093
-0.119613
0.121019
0.122559
0.124674
0.127238
0.129258
0.13076
0.131727
0.132169
0.132109
0.131542
0.130497
0.128954
0.126957
0.124486
0.121602
0.118301
0.114662
0.110693
0.106489
0.102062
0.0975059
0.0928374
0.0881181
0.0833458
0.0785638
0.0737385
0.0689187
0.0641227
0.0594002
0.0547729
0.0502857
0.0459633
0.0418353
0.0379287
0.0342555
0.030845
0.0276896
0.0248203
0.0222099
0.019891
0.0178169
0.0160218
0.0144411
0.0131104
0.0119499
0.0109961
0.0101569
0.00946977
0.00883348
0.00828637
0.00772153
0.00717783
0.00654645
0.00586644
0.00503084
0.00407858
0.00290844
0.00155891
-6.14364e-05
-0.00191489
-0.00407904
-0.00651725
-0.00928939
-0.0123603
-0.0157687
-0.0194812
-0.0235131
-0.0278331
-0.0324321
-0.037281
-0.0423471
-0.047604
-0.052998
-0.0585054
-0.0640623
-0.0696486
-0.0751973
-0.0807349
-0.0861998
-0.0915905
-0.0968315
-0.101904
-0.106709
-0.111231
-0.115377
-0.119137
-0.122435
-0.125272
-0.127598
-0.129427
-0.130727
-0.131515
-0.131773
-0.131505
-0.130697
-0.12934
-0.127455
-0.125015
-0.122994
-0.121512
0.122154
0.123694
0.126436
0.129024
0.13129
0.132845
0.134093
0.134601
0.134839
0.134343
0.133588
0.132119
0.130388
0.127994
0.12534
0.122116
0.118655
0.114757
0.11066
0.106289
0.101754
0.0971194
0.0923391
0.0875743
0.0826631
0.0778396
0.0728417
0.0680475
0.063113
0.0584875
0.0537613
0.0494405
0.0450498
0.0411446
0.0371878
0.0337785
0.0303209
0.0274527
0.0245233
0.0222053
0.0197973
0.0180028
0.016075
0.0147449
0.0132258
0.0122724
0.0110651
0.0103783
0.0093669
0.00881999
0.00787541
0.00733191
0.00631901
0.00563924
0.00442335
0.00347143
0.00192542
0.000576386
-0.00141216
-0.00326493
-0.00578635
-0.00822367
-0.011339
-0.0144087
-0.0181431
-0.0218542
-0.026192
-0.0305104
-0.0353922
-0.0402393
-0.0455626
-0.0508176
-0.0564404
-0.0619458
-0.0676978
-0.073282
-0.0789797
-0.0845101
-0.0900607
-0.095421
-0.100671
-0.105692
-0.110426
-0.114884
-0.118893
-0.122582
-0.125694
-0.128461
-0.130567
-0.132326
-0.133382
-0.134102
-0.134105
-0.133773
-0.132723
-0.131314
-0.129215
-0.126752
-0.124141
-0.122659
0.123205
0.124746
0.128068
0.130678
0.133172
0.134776
0.136283
0.136853
0.137367
0.136937
0.136451
0.13505
0.133566
0.131243
0.128802
0.125648
0.122352
0.11852
0.114522
0.110204
0.105689
0.101085
0.096248
0.0914901
0.0864593
0.0816374
0.0764747
0.0716821
0.0665514
0.0619274
0.0569799
0.0526606
0.0480266
0.0441228
0.0399033
0.0364952
0.0327576
0.0298904
0.0266657
0.0243485
0.0216313
0.0198374
0.0175882
0.0162585
0.0144073
0.0134543
0.0119063
0.0112197
0.00986087
0.00931415
0.00801792
0.0074746
0.00610837
0.00542884
0.00386077
0.00290918
0.00101508
-0.000333491
-0.00266302
-0.00451516
-0.00736743
-0.00980391
-0.013237
-0.0163057
-0.0203419
-0.0240518
-0.0286728
-0.0329897
-0.0381335
-0.0429789
-0.0485404
-0.0537935
-0.0596283
-0.0651318
-0.0710646
-0.0766468
-0.0824824
-0.0880062
-0.0936362
-0.0989683
-0.104226
-0.109201
-0.113869
-0.118267
-0.122149
-0.125773
-0.128713
-0.131415
-0.133315
-0.135011
-0.13584
-0.136497
-0.136265
-0.135873
-0.134599
-0.133142
-0.130846
-0.128361
-0.125204
-0.123721
0.123957
0.125525
0.12904
0.131693
0.134317
0.135964
0.137629
0.138246
0.138926
0.138545
0.138223
0.136866
0.135543
0.133253
0.130966
0.127837
0.124675
0.120857
0.116959
0.112643
0.10818
0.103563
0.0987233
0.0939405
0.088863
0.0840022
0.0787857
0.0739438
0.0687488
0.064067
0.0590469
0.054662
0.049948
0.0459716
0.0416656
0.0381784
0.0343485
0.0313962
0.0280739
0.0256662
0.0228466
0.0209575
0.0186017
0.0171725
0.0152112
0.014155
0.012494
0.0117015
0.0102274
0.00957286
0.00815988
0.00750778
0.00602427
0.005236
0.00355106
0.00249184
0.000482303
-0.000971685
-0.00341419
-0.00536841
-0.0083302
-0.0108643
-0.0144024
-0.0175633
-0.0216991
-0.0254947
-0.030209
-0.0346044
-0.0398343
-0.0447502
-0.0503898
-0.0557049
-0.061609
-0.0671656
-0.0731572
-0.0787822
-0.0846695
-0.0902228
-0.0958646
-0.101215
-0.106434
-0.111413
-0.115999
-0.12039
-0.124158
-0.127766
-0.130573
-0.13325
-0.135009
-0.136673
-0.137355
-0.137976
-0.137593
-0.137165
-0.135747
-0.134257
-0.131842
-0.129321
-0.125983
-0.124477
0.124542
0.126147
0.129665
0.132405
0.135045
0.136795
0.138484
0.139218
0.139925
0.139662
0.139368
0.138124
0.136829
0.134643
0.132385
0.129344
0.12621
0.122457
0.118582
0.1143
0.109854
0.105235
0.100403
0.0955873
0.0905114
0.0855937
0.0803786
0.0754647
0.0702711
0.065505
0.0604864
0.0560061
0.0512935
0.0472115
0.0429068
0.0393047
0.0354758
0.0324002
0.0290788
0.02654
0.0237213
0.021694
0.019339
0.0177655
0.0158049
0.0145995
0.0129389
0.0119933
0.0105196
0.00970911
0.00829654
0.0074871
0.00600403
0.00505845
0.00337401
0.00215903
0.00015009
-0.00145651
-0.0038983
-0.00600038
-0.0089613
-0.011637
-0.015174
-0.0184686
-0.0226033
-0.0265234
-0.0312363
-0.0357458
-0.0409741
-0.0459928
-0.0516307
-0.0570363
-0.0629387
-0.0685728
-0.0745627
-0.0802502
-0.0861358
-0.0917293
-0.0973634
-0.102725
-0.107929
-0.112886
-0.117451
-0.121792
-0.125534
-0.129071
-0.131852
-0.134444
-0.136177
-0.137746
-0.138403
-0.138923
-0.138515
-0.137987
-0.136546
-0.134966
-0.132536
-0.129941
-0.1266
-0.125061
0.125082
0.126724
0.130245
0.133063
0.135719
0.137565
0.139277
0.140118
0.14085
0.140696
0.140428
0.139288
0.13802
0.13593
0.133699
0.130739
0.127631
0.123938
0.120086
0.115834
0.111405
0.106783
0.101959
0.0971124
0.092038
0.0870674
0.0818538
0.0768731
0.071681
0.0668368
0.0618195
0.0572508
0.0525395
0.0483597
0.0440561
0.0403476
0.0365198
0.0333299
0.0300095
0.0273491
0.0245312
0.0223761
0.0200217
0.0183148
0.0163547
0.0150111
0.013351
0.0122634
0.0107901
0.00983528
0.0084231
0.00746796
0.00598529
0.00489403
0.00321005
0.00185084
-0.000157561
-0.00190548
-0.00434661
-0.00658563
-0.00954574
-0.0123525
-0.0158886
-0.019307
-0.0234405
-0.027476
-0.0321876
-0.0368028
-0.0420297
-0.0471435
-0.0527799
-0.0582693
-0.0641701
-0.069876
-0.0758642
-0.0816097
-0.0874936
-0.0931245
-0.0987513
-0.104124
-0.109313
-0.114251
-0.118795
-0.12309
-0.126809
-0.130281
-0.133036
-0.13555
-0.137258
-0.13874
-0.139372
-0.1398
-0.139368
-0.138748
-0.137286
-0.135624
-0.133178
-0.130516
-0.127171
-0.125602
0.125583
0.127258
0.130781
0.133673
0.136343
0.138278
0.140011
0.140951
0.141707
0.141654
0.141409
0.140367
0.139123
0.137122
0.134915
0.132032
0.128947
0.12531
0.121478
0.117255
0.112841
0.108216
0.1034
0.0985247
0.0934517
0.0884322
0.0832199
0.0781773
0.0729865
0.06807
0.063054
0.0584034
0.0536933
0.049423
0.0451205
0.0413135
0.0374867
0.0341909
0.0308713
0.0280985
0.0252813
0.0230077
0.0206539
0.0188234
0.0168638
0.0153922
0.0137325
0.0125136
0.0110407
0.00995213
0.0085403
0.00745022
0.00596793
0.00474177
0.00305821
0.00156543
-0.000442464
-0.00232126
-0.00476177
-0.0071276
-0.010087
-0.0130151
-0.0165503
-0.0200834
-0.0242159
-0.0283582
-0.0330686
-0.0377817
-0.0430073
-0.0482091
-0.0538441
-0.0594111
-0.0653104
-0.0710828
-0.0770695
-0.0828687
-0.088751
-0.0944165
-0.100037
-0.10542
-0.110595
-0.115515
-0.12004
-0.124293
-0.12799
-0.1314
-0.134133
-0.136573
-0.13826
-0.13966
-0.14027
-0.140613
-0.140159
-0.139454
-0.137971
-0.136232
-0.133773
-0.131047
-0.127701
-0.126102
0.126047
0.127752
0.131278
0.134238
0.136921
0.138938
0.14069
0.141723
0.1425
0.14254
0.142318
0.141366
0.140145
0.138226
0.136042
0.133228
0.130166
0.12658
0.122768
0.118571
0.114171
0.109544
0.104734
0.0998326
0.0947608
0.0896961
0.084485
0.0793851
0.0741956
0.0692121
0.0641973
0.0594709
0.0547619
0.0504077
0.0461062
0.0422079
0.038382
0.0349882
0.0316694
0.0287925
0.0259759
0.0235927
0.0212394
0.0192944
0.0173352
0.0157452
0.0140859
0.0127453
0.0112728
0.0100603
0.00864884
0.0074338
0.00595185
0.00460076
0.00291759
0.00130112
-0.000706302
-0.0027063
-0.00514624
-0.0076295
-0.0105882
-0.0136287
-0.0171631
-0.0208024
-0.024934
-0.0291751
-0.0338844
-0.0386881
-0.0439125
-0.049196
-0.0548297
-0.0604684
-0.0663664
-0.0722004
-0.0781857
-0.0840346
-0.0899155
-0.095613
-0.101227
-0.10662
-0.111782
-0.116685
-0.121193
-0.125406
-0.129083
-0.132437
-0.135149
-0.137521
-0.139187
-0.140512
-0.141102
-0.141365
-0.140891
-0.140107
-0.138606
-0.136796
-0.134324
-0.13154
-0.128191
-0.126566
0.126477
0.12821
0.131738
0.134761
0.137456
0.13955
0.14132
0.142438
0.143234
0.143362
0.14316
0.142291
0.141091
0.139248
0.137086
0.134337
0.131295
0.127756
0.123962
0.119789
0.115402
0.110774
0.10597
0.101044
0.0959732
0.0908665
0.0856566
0.0805037
0.0753152
0.0702697
0.065256
0.0604594
0.0557514
0.0513195
0.047019
0.0430362
0.0392111
0.0357266
0.0324085
0.0294351
0.0266192
0.0241344
0.0217816
0.0197306
0.0177719
0.0160721
0.0144131
0.0129599
0.0114876
0.0101605
0.00874935
0.0074186
0.00593697
0.00447018
0.00278738
0.00105636
-0.000950632
-0.00306287
-0.00550228
-0.00809429
-0.0110523
-0.014197
-0.0177306
-0.0214683
-0.0255989
-0.0299316
-0.0346399
-0.0395276
-0.0447509
-0.0501099
-0.0557423
-0.0614476
-0.0673443
-0.0732353
-0.0792194
-0.0851143
-0.0909938
-0.096721
-0.102329
-0.107731
-0.112882
-0.117769
-0.122261
-0.126437
-0.130096
-0.133397
-0.13609
-0.138399
-0.140046
-0.141301
-0.141872
-0.142062
-0.141569
-0.140711
-0.139194
-0.137318
-0.134835
-0.131996
-0.128645
-0.126995
0.126875
0.128634
0.132164
0.135246
0.137952
0.140116
0.141902
0.1431
0.143915
0.144122
0.143939
0.143148
0.141967
0.140194
0.138052
0.135363
0.13234
0.128845
0.125068
0.120918
0.116543
0.111912
0.107114
0.102165
0.0970959
0.0919504
0.0867415
0.0815395
0.0763521
0.0712492
0.0662364
0.0613748
0.0566678
0.052164
0.0478643
0.0438033
0.039979
0.0364104
0.0330929
0.0300302
0.0272148
0.024636
0.0222837
0.0201345
0.0181762
0.0163748
0.0147162
0.0131586
0.0116866
0.0102533
0.00884243
0.00740451
0.00592318
0.00434926
0.00266679
0.000829691
-0.0011769
-0.00339307
-0.005832
-0.00852472
-0.0114822
-0.0147232
-0.0182561
-0.0220849
-0.0262147
-0.0306323
-0.0353396
-0.040305
-0.0455272
-0.0509562
-0.0565875
-0.0623544
-0.0682499
-0.0741937
-0.0801766
-0.0861141
-0.0919925
-0.097747
-0.10335
-0.10876
-0.1139
-0.118773
-0.12325
-0.127392
-0.131034
-0.134287
-0.136961
-0.139212
-0.140841
-0.142032
-0.142585
-0.142707
-0.142197
-0.141272
-0.139738
-0.137802
-0.135307
-0.132418
-0.129065
-0.127393
0.127086
0.128849
0.132153
0.13526
0.137932
0.140146
0.141885
0.143142
0.143903
0.144174
0.143936
0.143208
0.141972
0.140266
0.138071
0.135446
0.132377
0.12894
0.125127
0.12102
0.116625
0.112018
0.107214
0.102268
0.0972001
0.0920516
0.0868497
0.0816437
0.076463
0.0713552
0.0663482
0.061481
0.0567782
0.052268
0.0479711
0.043903
0.0400796
0.0365033
0.0331851
0.0301141
0.0272964
0.0247086
0.0223526
0.0201941
0.0182308
0.0164196
0.0147552
0.0131876
0.0117092
0.0102656
0.00884809
0.00739979
0.00591184
0.00432755
0.00263881
0.000791504
-0.00122068
-0.00344679
-0.0058903
-0.00859255
-0.0115532
-0.0148033
-0.0183378
-0.0221749
-0.0263044
-0.0307296
-0.0354346
-0.0404069
-0.0456247
-0.0510596
-0.0566847
-0.0624568
-0.0683444
-0.0742925
-0.080267
-0.0862077
-0.0920821
-0.0978346
-0.10344
-0.108829
-0.113985
-0.11882
-0.123327
-0.127418
-0.131101
-0.134296
-0.137019
-0.13921
-0.14089
-0.142021
-0.142627
-0.14269
-0.142231
-0.14125
-0.139763
-0.13778
-0.135319
-0.132405
-0.12927
-0.127596
0.127265
0.129027
0.132112
0.135219
0.137887
0.1401
0.141837
0.143093
0.143853
0.144123
0.143885
0.143156
0.141923
0.140215
0.138025
0.135399
0.132338
0.128899
0.125095
0.120988
0.116603
0.111996
0.1072
0.102255
0.0971927
0.0920451
0.0868503
0.0816452
0.0764714
0.0713645
0.0663633
0.0614969
0.0567985
0.0522891
0.0479949
0.0439274
0.040105
0.0365294
0.0332104
0.0301398
0.0273196
0.0247324
0.0223724
0.0202142
0.0182459
0.016435
0.0147646
0.0131972
0.0117122
0.0102689
0.00884439
0.00739634
0.00590149
0.00431748
0.0026222
0.000775206
-0.00124282
-0.00346855
-0.00591685
-0.00861864
-0.0115827
-0.0148322
-0.0183684
-0.0222049
-0.0263341
-0.0307586
-0.0354612
-0.0404326
-0.0456459
-0.0510799
-0.0566986
-0.0624697
-0.0683494
-0.0742965
-0.0802623
-0.0862021
-0.0920685
-0.0978201
-0.103416
-0.108805
-0.11395
-0.118784
-0.123282
-0.127374
-0.131049
-0.134245
-0.136963
-0.139156
-0.140834
-0.141966
-0.142572
-0.142636
-0.142179
-0.141199
-0.139715
-0.137732
-0.135275
-0.132362
-0.12944
-0.127765
0.12743
0.129193
0.132074
0.13518
0.137845
0.140057
0.141792
0.143047
0.143807
0.144075
0.143838
0.143108
0.141878
0.140168
0.137983
0.135355
0.132301
0.128861
0.125066
0.120959
0.116582
0.111976
0.107187
0.102242
0.0971859
0.0920391
0.0868509
0.0816466
0.0764792
0.0713732
0.0663773
0.0615117
0.0568173
0.0523086
0.0480169
0.0439501
0.0401286
0.0365535
0.0332337
0.0301637
0.0273412
0.0247543
0.0223908
0.0202329
0.0182598
0.0164492
0.0147732
0.0132061
0.011715
0.0102719
0.00884096
0.00739314
0.00589191
0.00430814
0.00260681
0.000760114
-0.00126333
-0.0034887
-0.00594145
-0.00864281
-0.01161
-0.014859
-0.0183968
-0.0222327
-0.0263616
-0.0307854
-0.0354858
-0.0404564
-0.0456656
-0.0510987
-0.0567115
-0.0624816
-0.068354
-0.0743001
-0.080258
-0.0861968
-0.092056
-0.0978066
-0.103394
-0.108782
-0.113917
-0.118752
-0.12324
-0.127334
-0.131001
-0.134199
-0.136912
-0.139106
-0.140781
-0.141916
-0.142521
-0.142587
-0.142131
-0.141152
-0.13967
-0.137688
-0.135235
-0.132323
-0.129597
-0.127923
0.127584
0.129346
0.132039
0.135144
0.137806
0.140018
0.141751
0.143006
0.143764
0.144031
0.143795
0.143063
0.141835
0.140124
0.137944
0.135315
0.132267
0.128826
0.125039
0.120931
0.116563
0.111957
0.107175
0.102231
0.0971796
0.0920336
0.0868515
0.081648
0.0764865
0.0713811
0.0663902
0.0615253
0.0568347
0.0523267
0.0480373
0.0439711
0.0401504
0.0365758
0.0332553
0.0301858
0.0273612
0.0247747
0.0224078
0.0202502
0.0182727
0.0164624
0.0147812
0.0132143
0.0117175
0.0102746
0.00883779
0.00739018
0.00588303
0.0042995
0.00259256
0.000746137
-0.00128231
-0.00350736
-0.00596422
-0.00866519
-0.0116353
-0.0148838
-0.0184231
-0.0222584
-0.0263871
-0.0308102
-0.0355085
-0.0404784
-0.0456838
-0.0511162
-0.0567234
-0.0624927
-0.0683582
-0.0743035
-0.080254
-0.0861919
-0.0920444
-0.0977941
-0.103373
-0.108761
-0.113886
-0.118722
-0.123201
-0.127296
-0.130956
-0.134156
-0.136864
-0.13906
-0.140733
-0.141869
-0.142474
-0.142541
-0.142087
-0.141108
-0.139629
-0.137647
-0.135198
-0.132286
-0.129743
-0.128068
0.127726
0.129488
0.132006
0.135111
0.137769
0.139981
0.141713
0.142967
0.143725
0.143991
0.143755
0.143022
0.141796
0.140084
0.137908
0.135277
0.132236
0.128794
0.125014
0.120906
0.116545
0.11194
0.107163
0.10222
0.0971737
0.0920284
0.086852
0.0816492
0.0764932
0.0713885
0.0664022
0.061538
0.0568508
0.0523434
0.0480562
0.0439906
0.0401706
0.0365965
0.0332754
0.0302062
0.0273797
0.0247936
0.0224235
0.0202663
0.0182847
0.0164746
0.0147886
0.013222
0.0117199
0.0102772
0.00883485
0.00738744
0.00587481
0.0042915
0.00257937
0.000733194
-0.0012999
-0.00352464
-0.00598532
-0.00868591
-0.0116588
-0.0149068
-0.0184474
-0.0222822
-0.0264107
-0.0308332
-0.0355296
-0.0404989
-0.0457007
-0.0511323
-0.0567344
-0.062503
-0.0683621
-0.0743066
-0.0802503
-0.0861874
-0.0920336
-0.0977826
-0.103354
-0.108741
-0.113858
-0.118694
-0.123165
-0.127261
-0.130915
-0.134116
-0.13682
-0.139017
-0.140688
-0.141825
-0.142431
-0.142499
-0.142046
-0.141068
-0.13959
-0.137609
-0.135163
-0.132252
-0.129877
-0.128203
)
;

boundaryField
{
    inlet
    {
        type            cyclic;
    }
    outlet
    {
        type            cyclic;
    }
    top
    {
        type            zeroGradient;
    }
    hills
    {
        type            zeroGradient;
    }
    front
    {
        type            empty;
    }
    back
    {
        type            empty;
    }
}


// ************************************************************************* //
