/*--------------------------------*- C++ -*----------------------------------*\
| =========                 |                                                 |
| \\      /  F ield         | OpenFOAM: The Open Source CFD Toolbox           |
|  \\    /   O peration     | Version:  v2106                                 |
|   \\  /    A nd           | Website:  www.openfoam.com                      |
|    \\/     M anipulation  |                                                 |
\*---------------------------------------------------------------------------*/
FoamFile
{
    version     2.0;
    format      ascii;
    arch        "LSB;label=32;scalar=64";
    class       volScalarField;
    location    "0";
    object      expGpCoeffs29;
}
// * * * * * * * * * * * * * * * * * * * * * * * * * * * * * * * * * * * * * //

dimensions      [0 0 0 0 0 0 0];

internalField   nonuniform List<scalar> 
8000
(
0.00676478
0.00684951
0.00681576
0.00654075
0.00576466
0.00455353
0.0032022
0.00180044
0.00103564
0.000918736
0.00176125
0.00356079
0.00601112
0.00906429
0.0120816
0.0150339
0.0173837
0.019138
0.020199
0.0205681
0.0204878
0.0199592
0.0192001
0.0182151
0.0170682
0.0157516
0.0143032
0.0127288
0.0111046
0.00943869
0.00781981
0.00625583
0.00482643
0.00353797
0.00244625
0.00155496
0.000885683
0.000438822
0.000198306
0.000161274
0.000278486
0.000544544
0.000888605
0.00130403
0.00171462
0.00211401
0.00243805
0.00268214
0.00280892
0.00281662
0.00270352
0.00247112
0.00215422
0.0017573
0.00134434
0.000921836
0.000568906
0.000292596
0.000169469
0.000205497
0.000457238
0.00092818
0.00164152
0.00259742
0.00377939
0.00518406
0.00675731
0.00849266
0.0103079
0.0121946
0.0140572
0.0158868
0.0175907
0.0191611
0.0205249
0.0216767
0.0225638
0.0231972
0.0234717
0.0233893
0.0227248
0.021484
0.0195317
0.0168714
0.0138086
0.0103443
0.00714941
0.00426048
0.00222257
0.00106654
0.000829675
0.00149131
0.00252786
0.00390729
0.00502211
0.00578736
0.00613246
0.00605244
0.00587289
0.00569433
0.00675795
0.00684267
0.00685136
0.00657683
0.00580476
0.00459446
0.00317987
0.00177675
0.000957784
0.000838398
0.00168563
0.00348365
0.00598313
0.00903648
0.0121131
0.0150668
0.0174446
0.0192004
0.0202477
0.0206174
0.020511
0.0199827
0.0192137
0.0182288
0.0170813
0.0157648
0.0143107
0.0127365
0.0111043
0.00943856
0.00781172
0.00624794
0.00481211
0.00352382
0.00242839
0.00153721
0.000867607
0.000420803
0.000183291
0.000146263
0.000269065
0.00053509
0.00088602
0.00130139
0.00171855
0.00211789
0.00244669
0.00269074
0.00281937
0.00282707
0.00271243
0.00248006
0.00215855
0.00176167
0.00134203
0.000919578
0.00055938
0.000283105
0.000153783
0.000189807
0.000437872
0.000908754
0.00162186
0.00257764
0.003763
0.00516749
0.00674722
0.00848235
0.010306
0.0121925
0.0140639
0.0158933
0.0176051
0.0191753
0.0205445
0.0216961
0.0225863
0.0232195
0.0235072
0.0234246
0.0227828
0.0215412
0.0195875
0.0169258
0.0138153
0.0103501
0.00709246
0.00420414
0.00213592
0.000981878
0.00076762
0.00143139
0.00253256
0.00391242
0.00506897
0.0058331
0.00615486
0.00607455
0.00585847
0.00567995
0.00675059
0.00683528
0.0068898
0.0066158
0.00584807
0.00463866
0.00315576
0.00175116
0.000873715
0.000751646
0.00160397
0.00340034
0.00595291
0.00900644
0.0121471
0.0151023
0.0175105
0.0192677
0.0203003
0.0206707
0.0205362
0.0200081
0.0192283
0.0182436
0.0170954
0.0157791
0.0143188
0.0127448
0.0111039
0.00943842
0.00780298
0.00623942
0.00479665
0.00350854
0.0024091
0.00151805
0.000848086
0.000401344
0.000167077
0.000130055
0.000258892
0.00052488
0.000883228
0.00129854
0.0017228
0.00212208
0.00245602
0.00270004
0.00283065
0.00283835
0.00272205
0.00248971
0.00216322
0.0017664
0.00133953
0.000917139
0.000549094
0.000272857
0.000136845
0.000172864
0.000416959
0.000887776
0.00160063
0.00255627
0.0037453
0.0051496
0.00673633
0.00847122
0.0103039
0.0121902
0.0140712
0.0159003
0.0176206
0.0191906
0.0205656
0.0217171
0.0226105
0.0232436
0.0235456
0.0234627
0.0228455
0.021603
0.0196477
0.0169845
0.0138226
0.0103563
0.00703096
0.0041433
0.00204235
0.000890457
0.00070061
0.0013667
0.00253764
0.00391797
0.00511956
0.00588249
0.00617906
0.00609843
0.0058429
0.00566442
0.00674263
0.00682731
0.00693131
0.00665788
0.00589483
0.00468638
0.00312973
0.00172354
0.000782935
0.000657967
0.00151579
0.00331039
0.00592027
0.00897401
0.0121837
0.0151407
0.0175815
0.0193405
0.0203571
0.0207283
0.0205633
0.0200355
0.0192441
0.0182595
0.0171107
0.0157946
0.0143276
0.0127538
0.0111035
0.00943827
0.00779355
0.00623021
0.00477996
0.00349203
0.00238827
0.00149736
0.000827008
0.000380332
0.000149569
0.000112552
0.000247907
0.000513855
0.000880214
0.00129547
0.00172738
0.0021266
0.00246609
0.00271007
0.00284283
0.00285053
0.00273244
0.00250013
0.00216826
0.0017715
0.00133684
0.000914505
0.000537986
0.00026179
0.000118554
0.000154568
0.000394377
0.000865124
0.0015777
0.0025332
0.0037262
0.00513028
0.00672456
0.0084592
0.0103017
0.0121877
0.0140791
0.0159079
0.0176374
0.0192072
0.0205884
0.0217397
0.0226366
0.0232696
0.0235871
0.0235038
0.0229131
0.0216698
0.0197128
0.0170479
0.0138305
0.010363
0.00696456
0.0040776
0.00194131
0.000791736
0.000628249
0.00129684
0.00254312
0.00392395
0.0051742
0.00593583
0.00620519
0.00612421
0.00582609
0.00564766
0.00673404
0.00681869
0.00697614
0.0067012
0.00594533
0.00473792
0.00310161
0.0016937
0.000684906
0.000556809
0.00142057
0.00321326
0.00588502
0.00893898
0.0122233
0.0151821
0.0176583
0.019419
0.0204184
0.0207904
0.0205926
0.020065
0.0192611
0.0182768
0.0171272
0.0158113
0.0143371
0.0127636
0.0111031
0.00943811
0.00778336
0.00622028
0.00476193
0.00347421
0.00236579
0.00147501
0.000804246
0.000357643
0.000130663
9.3652e-05
0.000236045
0.00050195
0.000876959
0.00129214
0.00173233
0.00213149
0.00247697
0.00272091
0.00285599
0.00286368
0.00274366
0.00251139
0.0021737
0.001777
0.00133393
0.000911662
0.000525992
0.00024984
9.88038e-05
0.000134811
0.000369991
0.000840663
0.00155294
0.00250829
0.00370556
0.00510942
0.00671186
0.00844622
0.0102993
0.012185
0.0140876
0.0159161
0.0176555
0.019225
0.020613
0.0217641
0.0226648
0.0232977
0.0236318
0.0235483
0.0229861
0.0217418
0.0197831
0.0171164
0.013839
0.0103703
0.00689285
0.00400666
0.0018322
0.000685134
0.000550112
0.0012214
0.00254905
0.00393042
0.0052332
0.00599342
0.00622934
0.00615206
0.00580794
0.00562955
0.0067246
0.00681266
0.0069845
0.00673496
0.00599241
0.00480666
0.00308353
0.00169044
0.000581987
0.000454171
0.00132182
0.00310902
0.00584343
0.00888502
0.0122621
0.0152214
0.0177412
0.0195038
0.0204846
0.0208575
0.0206242
0.020097
0.0192795
0.0182954
0.0171415
0.0158256
0.0143444
0.0127707
0.0111004
0.00943537
0.00777095
0.00620804
0.00474189
0.00345469
0.00234177
0.00145189
0.00078074
0.000335413
0.000112095
7.66502e-05
0.000225842
0.000493457
0.000876817
0.00129363
0.0017418
0.00214231
0.00249357
0.00273836
0.00287567
0.00288357
0.00276168
0.00252896
0.00218566
0.00178786
0.00133665
0.000912762
0.000518254
0.000240152
8.15812e-05
0.000115492
0.000346192
0.000814826
0.0015268
0.0024803
0.00368169
0.00508399
0.00669429
0.00842741
0.0102907
0.0121755
0.0140889
0.0159168
0.0176658
0.0192349
0.0206294
0.0217802
0.0226953
0.023328
0.0236801
0.0235963
0.023065
0.0218196
0.0198589
0.0171904
0.0138429
0.010375
0.00680505
0.00393075
0.00171935
0.000575743
0.000472617
0.0011425
0.00257401
0.00394235
0.00528628
0.006033
0.0062303
0.00613412
0.00578552
0.00560508
0.00671407
0.00681275
0.00698456
0.00677141
0.00602951
0.00488657
0.00316503
0.00176704
0.000660419
0.000456193
0.00132437
0.00300347
0.00573628
0.00870222
0.0120761
0.0150313
0.0175593
0.0193899
0.0203646
0.0208122
0.0205677
0.0200809
0.0192564
0.0182826
0.017125
0.0158063
0.0143254
0.012747
0.0110771
0.00940861
0.00774451
0.00618089
0.00471502
0.00343103
0.00231832
0.00143631
0.000765281
0.000332413
0.000109137
8.98062e-05
0.00023897
0.000524572
0.000907861
0.00134217
0.00179026
0.0022052
0.00255639
0.0028103
0.00294759
0.00295774
0.00283587
0.00259799
0.00225475
0.00184495
0.00139382
0.000952573
0.000558139
0.00025944
0.000100899
0.000113294
0.000343951
0.000792259
0.0015041
0.00244005
0.00364121
0.00502967
0.00663967
0.00836288
0.0102259
0.0121044
0.0140173
0.015842
0.0175907
0.0191588
0.0205531
0.021702
0.0226291
0.0232476
0.0236149
0.0234829
0.0229656
0.0216451
0.01969
0.0169772
0.0136209
0.0101983
0.00663123
0.00386082
0.00165027
0.000610776
0.000506585
0.00122257
0.0026524
0.00399598
0.00533898
0.00603402
0.00623134
0.006104
0.00575562
0.00556817
0.0067027
0.00681285
0.00698463
0.00681077
0.00606957
0.00497287
0.00325303
0.00184976
0.000745114
0.000458377
0.00132712
0.0028895
0.00562058
0.00850483
0.0118753
0.0148259
0.0173503
0.0192407
0.020213
0.0207351
0.0204897
0.0200499
0.0192254
0.0182646
0.0171071
0.0157855
0.0143049
0.0127215
0.0110519
0.00937972
0.00771596
0.00615157
0.00468599
0.00340548
0.002293
0.00141948
0.000748587
0.000329174
0.000105944
0.000104013
0.000253146
0.000558172
0.000941383
0.00139458
0.00184258
0.00227311
0.00262424
0.00288799
0.00302525
0.00303783
0.00291598
0.00267254
0.00232937
0.00190659
0.00145556
0.000995563
0.000601208
0.000280268
0.000121759
0.000110921
0.000341531
0.00076789
0.00147959
0.00239659
0.00359751
0.00497101
0.00658068
0.00829319
0.0101558
0.0120275
0.0139401
0.0157613
0.0175096
0.0190766
0.0204706
0.0216176
0.0225445
0.0231449
0.0235126
0.0233295
0.0228139
0.021427
0.0194753
0.0167333
0.0133812
0.0100074
0.00644353
0.00378532
0.00157569
0.000648606
0.000543266
0.00130903
0.00273705
0.0040539
0.0053959
0.00603513
0.00623246
0.00607148
0.00572333
0.00552831
0.00669042
0.00681295
0.00698471
0.00685328
0.00611283
0.00506605
0.00334806
0.00193909
0.000836571
0.000460735
0.00133009
0.00276642
0.00549565
0.00829168
0.0116584
0.0146042
0.0171245
0.0190796
0.0200492
0.0206517
0.0204055
0.0200164
0.0191919
0.018245
0.0170879
0.0157631
0.0142828
0.0126939
0.0110247
0.00934853
0.00768512
0.00611991
0.00465465
0.0033779
0.00226565
0.0014013
0.000730561
0.000325677
0.000102495
0.000119353
0.000268454
0.000594454
0.000977581
0.00145117
0.00189907
0.00234645
0.00269749
0.00297188
0.00310912
0.00312431
0.00300249
0.00275303
0.00240994
0.00197316
0.00152223
0.00104198
0.000647717
0.000302759
0.000144285
0.000108359
0.000338918
0.000741575
0.00145311
0.00234966
0.00355032
0.00490767
0.00651698
0.00821793
0.0100801
0.0119445
0.0138567
0.0156741
0.017422
0.0189879
0.0203815
0.0215265
0.0224531
0.023034
0.0234021
0.0231639
0.02265
0.0211915
0.0192434
0.01647
0.0131224
0.00980136
0.00624084
0.00370378
0.00149515
0.000689456
0.000582875
0.00140239
0.00282846
0.00411644
0.00545736
0.00603633
0.00623368
0.00603637
0.00568846
0.00548526
0.00667716
0.00681307
0.00698479
0.00689918
0.00615955
0.00516668
0.00345068
0.00203555
0.00093533
0.000463281
0.00133329
0.00263351
0.00536073
0.00806152
0.0114242
0.0143647
0.0168808
0.0189056
0.0198725
0.0205617
0.0203146
0.0199802
0.0191558
0.018224
0.0170671
0.0157389
0.0142589
0.0126641
0.0109953
0.00931484
0.00765183
0.00608572
0.00462081
0.00334811
0.00223613
0.00138168
0.000711095
0.0003219
9.8771e-05
0.000135918
0.000284984
0.000633633
0.00101667
0.00151229
0.00196008
0.00242564
0.0027766
0.00306247
0.00319967
0.0032177
0.00309591
0.00283996
0.00249694
0.00204504
0.00159422
0.00109211
0.000697938
0.000327046
0.000168609
0.000105591
0.000336096
0.00071316
0.00142453
0.00229898
0.00349936
0.00483926
0.0064482
0.00813667
0.00999842
0.0118549
0.0137667
0.0155799
0.0173274
0.018892
0.0202853
0.021428
0.0223545
0.0229142
0.0232827
0.022985
0.0224731
0.0209371
0.0189931
0.0161856
0.0128429
0.00957884
0.00602197
0.00361574
0.00140817
0.000733568
0.000625646
0.00150321
0.00292716
0.00418398
0.00552373
0.00603762
0.00623499
0.00599844
0.00565081
0.00543878
0.00666284
0.00681319
0.00698488
0.00694874
0.00620999
0.00527533
0.00356149
0.00213971
0.00104197
0.00046603
0.00133676
0.00249
0.00521505
0.00781298
0.0111713
0.0141062
0.0166175
0.0187178
0.0196816
0.0204645
0.0202164
0.0199412
0.0191168
0.0182012
0.0170446
0.0157127
0.0142331
0.0126319
0.0109635
0.00927847
0.00761588
0.0060488
0.00458427
0.00331594
0.00220424
0.00136049
0.000690075
0.000317821
9.47496e-05
0.000153806
0.000302834
0.000675941
0.00105888
0.00157828
0.00202596
0.00251115
0.00286203
0.00316029
0.00329746
0.00331855
0.00319679
0.00293382
0.00259089
0.00212266
0.00167195
0.00114624
0.00075217
0.000353272
0.000194875
0.000102603
0.000333049
0.000682476
0.00139366
0.00224426
0.00344433
0.0047654
0.00637392
0.00804892
0.00991019
0.0117582
0.0136694
0.0154782
0.0172253
0.0187885
0.0201815
0.0213217
0.022248
0.0227849
0.0231539
0.0227919
0.0222821
0.0206625
0.0187227
0.0158784
0.012541
0.00933856
0.00578563
0.00352067
0.00131426
0.000781202
0.000671832
0.00161208
0.00303375
0.0042569
0.0055954
0.00603901
0.0062364
0.0059575
0.00561015
0.00538859
0.00664738
0.00681332
0.00698497
0.00700226
0.00626446
0.00539267
0.00368115
0.00225219
0.00115713
0.000468999
0.0013405
0.00233502
0.00505773
0.00754459
0.0108982
0.013827
0.0163333
0.0185149
0.0194754
0.0203596
0.0201103
0.019899
0.0190746
0.0181766
0.0170204
0.0156844
0.0142053
0.0125972
0.0109293
0.00923919
0.00757706
0.00600894
0.00454481
0.0032812
0.00216981
0.00133761
0.000667377
0.000313417
9.04072e-05
0.000173123
0.000322109
0.000721626
0.00110446
0.00164954
0.0020971
0.00260349
0.00295427
0.00326593
0.00340306
0.00342744
0.00330572
0.00303518
0.00269235
0.00220648
0.0017559
0.0012047
0.000810731
0.000381592
0.000223239
9.93764e-05
0.000329758
0.000649341
0.00136033
0.00218517
0.0033849
0.00468564
0.00629372
0.00795416
0.00981492
0.0116537
0.0135644
0.0153684
0.017115
0.0186768
0.0200694
0.0212069
0.0221329
0.0226453
0.0230147
0.0225833
0.0220758
0.0203659
0.0184308
0.0155468
0.0122151
0.00907909
0.00553041
0.003418
0.00121284
0.00083264
0.000721706
0.00172964
0.00314884
0.00433565
0.00567279
0.00604052
0.00623793
0.00591328
0.00556624
0.00533439
0.00663864
0.00681307
0.0069615
0.00699747
0.00634669
0.00550302
0.00389
0.00244219
0.00134237
0.000569565
0.0013469
0.0022256
0.00480481
0.00721724
0.0104867
0.0134072
0.0159429
0.0181691
0.0192112
0.0201637
0.0199785
0.0198178
0.0190156
0.0181325
0.0169723
0.0156337
0.0141554
0.0125427
0.0108772
0.00918385
0.00752633
0.00595765
0.00450057
0.00324037
0.00213857
0.00131446
0.000656155
0.000314918
0.000105653
0.000204763
0.000368413
0.000786189
0.00118335
0.00174619
0.00220631
0.00272734
0.00308745
0.00340836
0.00355037
0.00357706
0.00345498
0.00317921
0.00283055
0.00233252
0.00187092
0.00130211
0.000892743
0.000442681
0.00026563
0.000119887
0.000329552
0.000628405
0.00131799
0.00212487
0.00330374
0.00459024
0.00617914
0.00782932
0.00967354
0.0115058
0.0134033
0.0152038
0.016941
0.0185016
0.0198879
0.0210235
0.0219623
0.0224537
0.0227994
0.0223178
0.0217414
0.0199801
0.0179783
0.0150866
0.0117681
0.00868499
0.00525969
0.00325332
0.00118562
0.000918281
0.00086093
0.00192067
0.00330156
0.00447252
0.00570416
0.0060263
0.00616431
0.00581905
0.00550662
0.00526905
0.00663797
0.00681234
0.00693481
0.00697042
0.00644572
0.00560432
0.00421529
0.00277676
0.00167298
0.000909672
0.0013585
0.00223826
0.0043794
0.00678267
0.00976729
0.0126727
0.0152267
0.0174399
0.0187298
0.0196758
0.0197485
0.0195861
0.0189038
0.0180208
0.0168779
0.0155397
0.0140632
0.012451
0.0107919
0.00909906
0.00745448
0.0058863
0.00444965
0.00318986
0.00211633
0.00129248
0.000669788
0.00032866
0.000160744
0.000259822
0.000467788
0.00088543
0.00132606
0.00188871
0.00238697
0.00290784
0.00329631
0.00361712
0.00377396
0.00380064
0.00367745
0.00340176
0.00303532
0.00253744
0.00204238
0.00147376
0.00101768
0.000567765
0.00033421
0.000188513
0.000335811
0.000634569
0.00125994
0.00206656
0.00318318
0.00446926
0.00600123
0.00765088
0.00944628
0.0112779
0.0131368
0.0149368
0.0166469
0.018207
0.019575
0.0207102
0.0216096
0.0221013
0.0223042
0.0218262
0.0210065
0.019255
0.0171043
0.0142281
0.0110594
0.00799065
0.00497785
0.00297711
0.00134206
0.00107026
0.00121425
0.00226437
0.00352014
0.00468528
0.00568102
0.00600403
0.0060585
0.00571467
0.0054284
0.00519099
0.00663244
0.00680676
0.00695657
0.00699144
0.00659134
0.00575156
0.00456655
0.00313805
0.00202998
0.00127693
0.00137103
0.00225192
0.00392003
0.00631339
0.00899043
0.0118797
0.0144534
0.0166526
0.0182099
0.019149
0.0195001
0.019336
0.018783
0.0179001
0.0167759
0.0154383
0.0139636
0.012352
0.0106997
0.00900751
0.00737689
0.00580926
0.00439467
0.00313532
0.00209232
0.00126875
0.000684509
0.0003435
0.000220233
0.000319276
0.000575098
0.000992594
0.00148015
0.00204261
0.00258206
0.00310275
0.00352185
0.00384255
0.00401541
0.00404208
0.00391768
0.00364209
0.00325644
0.00275873
0.00222753
0.00165911
0.0011526
0.000702836
0.000408265
0.000262619
0.000342571
0.000641224
0.00119726
0.0020036
0.00305299
0.00433862
0.00580912
0.00745819
0.00920087
0.0110319
0.0128491
0.0146484
0.0163293
0.0178889
0.019237
0.0203719
0.0212287
0.0217207
0.0217694
0.0212954
0.020213
0.018472
0.0161606
0.0133011
0.0102942
0.00724087
0.0046735
0.00267884
0.00151098
0.00123437
0.00159577
0.00263551
0.00375618
0.00491502
0.00569184
0.00601659
0.00596527
0.00562312
0.00533741
0.00510017
0.00654932
0.00672347
0.00707214
0.00710856
0.00697033
0.0061408
0.00496519
0.00354812
0.00211606
0.00136439
0.000977242
0.00184774
0.00315975
0.00553556
0.00818069
0.0110531
0.0138588
0.016048
0.0179057
0.0188413
0.0194047
0.0192402
0.0187625
0.01788
0.0167477
0.0154105
0.0138973
0.0122864
0.010595
0.00890343
0.007242
0.00567496
0.0042474
0.00298852
0.0019579
0.00113464
0.000591519
0.000250638
0.000195221
0.000294227
0.000636963
0.0010543
0.00163555
0.0021978
0.00282293
0.00334342
0.00382575
0.00414632
0.00434873
0.00437539
0.00424116
0.00396568
0.00353168
0.00303417
0.00242329
0.00185507
0.00124936
0.000799766
0.0004004
0.000254808
0.000237659
0.0005362
0.00101304
0.00181908
0.00281284
0.00409799
0.00553717
0.00718562
0.00891794
0.0107482
0.01257
0.0143686
0.0160621
0.017621
0.018987
0.0201214
0.0209732
0.0214654
0.0214175
0.0209458
0.0196282
0.0178943
0.0153139
0.0124688
0.00935561
0.00632169
0.0039668
0.00198827
0.00129136
0.0010207
0.00182543
0.00285967
0.00415925
0.00530677
0.00592111
0.00623968
0.00590412
0.0055628
0.00513393
0.004897
0.00645857
0.00663298
0.00714488
0.00719947
0.0073693
0.00653169
0.00539579
0.00399112
0.0021816
0.00143101
0.000521028
0.00137976
0.00232226
0.00467876
0.00730924
0.0101636
0.0132554
0.0154341
0.0176305
0.0185625
0.0193421
0.0191772
0.018761
0.0178788
0.0167216
0.015385
0.013828
0.0122177
0.0104817
0.00879077
0.00709359
0.00552718
0.00408365
0.00282528
0.00180692
0.000983996
0.000485253
0.00014451
0.000163415
0.00026238
0.000700865
0.00111804
0.00180277
0.00236478
0.00308465
0.00360492
0.00415714
0.00447759
0.00471257
0.00473922
0.00459392
0.00431854
0.00383087
0.00333355
0.00263445
0.00206646
0.00135121
0.000901805
0.000387186
0.000241654
0.000118342
0.000416761
0.000807847
0.00161356
0.00254816
0.00383279
0.00524005
0.00688784
0.00861146
0.010441
0.0122703
0.0140682
0.0157776
0.0173359
0.0187232
0.0198571
0.0207265
0.0212188
0.0210897
0.0206205
0.0190524
0.017326
0.0144269
0.0115973
0.00833096
0.0053181
0.00318037
0.00121973
0.00102395
0.000760252
0.00205701
0.00308556
0.00459586
0.00573084
0.00614515
0.00647129
0.00582461
0.00546808
0.0049146
0.00467767
0.00629806
0.00650775
0.00701879
0.00722402
0.00739462
0.00679643
0.00568097
0.0043734
0.00253931
0.00161375
0.000651836
0.00112122
0.00201903
0.00398632
0.0065924
0.00926255
0.0123772
0.0146238
0.0168635
0.0179883
0.018798
0.018789
0.018368
0.0175544
0.0163636
0.0150629
0.0135032
0.0119296
0.0101908
0.00854401
0.00684474
0.00532977
0.00388558
0.00268579
0.00166879
0.00091106
0.000415969
0.000145625
0.000170298
0.000342202
0.000787948
0.00127653
0.00196902
0.00259567
0.0033226
0.00389496
0.00445238
0.00480689
0.00504431
0.00508279
0.00493668
0.00464861
0.00415696
0.00362238
0.00291671
0.00228897
0.0015655
0.0010376
0.000514238
0.00027619
0.000144671
0.000341717
0.000725976
0.00142648
0.0023561
0.00353644
0.00494066
0.00648946
0.0082117
0.0099516
0.0117808
0.013502
0.0152119
0.0167097
0.0180981
0.019183
0.0200902
0.020513
0.0203877
0.0197849
0.0181825
0.0163421
0.0134053
0.0106493
0.00738209
0.00469329
0.00260243
0.0010786
0.000936131
0.000988816
0.0023316
0.00340633
0.00491826
0.0058737
0.00626136
0.00635538
0.00571086
0.00524942
0.00469734
0.00444507
0.00612474
0.00637251
0.00688263
0.00725052
0.00742197
0.00708231
0.00597452
0.00478565
0.00296205
0.00182255
0.000865489
0.000863799
0.00175583
0.00325581
0.00584656
0.00829678
0.011393
0.0137201
0.0159455
0.0173015
0.0181038
0.0182871
0.0178643
0.0171397
0.0159495
0.0146904
0.0131315
0.0116005
0.00986255
0.00826707
0.00656861
0.00511342
0.00366991
0.00253824
0.00152172
0.000839819
0.000344962
0.000156524
0.000181185
0.000437964
0.000883499
0.00145518
0.00214734
0.00284922
0.00357582
0.00420878
0.00476595
0.0051601
0.00539741
0.00544966
0.00530362
0.00500075
0.00450934
0.00393139
0.00322604
0.00252877
0.00180564
0.00118637
0.000663263
0.00031757
0.000186114
0.000265196
0.000649273
0.00122738
0.00215657
0.0032156
0.00461916
0.00605284
0.00777427
0.00940991
0.0112382
0.0128703
0.0145794
0.0160069
0.0173946
0.0184225
0.0193293
0.0196615
0.0195398
0.0187742
0.0171826
0.0152089
0.0122897
0.00962462
0.00637652
0.00407639
0.00199826
0.000999627
0.000859006
0.00129483
0.00263064
0.00376247
0.00526552
0.00600275
0.00638685
0.00623021
0.00558802
0.0050133
0.00446274
0.00419391
0.00593758
0.00622649
0.00673561
0.00727913
0.0074515
0.00739101
0.00629151
0.0052308
0.00341854
0.00204801
0.0010962
0.000585829
0.00147161
0.00246698
0.00504117
0.00725389
0.0103302
0.0127442
0.0149541
0.0165599
0.0173542
0.0177451
0.0173203
0.0166919
0.0155023
0.0142882
0.0127301
0.0112452
0.0095081
0.00796802
0.00627043
0.00487979
0.00343703
0.00237891
0.00136291
0.000762891
0.000268287
0.000168293
0.000192941
0.000541372
0.000986678
0.0016481
0.00233991
0.00312302
0.00384924
0.00454767
0.00510455
0.00554152
0.0057787
0.00584581
0.00569985
0.00538102
0.00488986
0.00426506
0.00356008
0.0027877
0.00206494
0.00134703
0.000824186
0.000362254
0.000230865
0.000182566
0.000566446
0.00101239
0.0019411
0.00286915
0.00427198
0.00558136
0.0073019
0.00882497
0.0106523
0.0121882
0.0138964
0.015248
0.016635
0.0176012
0.0185076
0.0187421
0.0186243
0.0176827
0.0161028
0.0139851
0.011085
0.00851807
0.00529068
0.00341024
0.00134584
0.000914345
0.000775723
0.00162527
0.00295356
0.00414705
0.0056405
0.00614209
0.00652236
0.00609504
0.00545538
0.00475833
0.0042094
0.00392268
0.00571057
0.0060124
0.0064491
0.00703303
0.00730087
0.00734939
0.00655472
0.00555331
0.00399992
0.00254201
0.00154442
0.000829564
0.00135326
0.00213908
0.00421816
0.00632207
0.00905974
0.0114923
0.0136567
0.0153523
0.0162762
0.0167508
0.0164574
0.0158737
0.0147649
0.0135689
0.0121117
0.0106454
0.00901734
0.00749942
0.00591583
0.00455088
0.00321744
0.00218839
0.00126908
0.000701224
0.000285608
0.000220159
0.000304458
0.000688526
0.00117571
0.00187191
0.00259166
0.0034062
0.00415121
0.00487493
0.00544569
0.00589921
0.00614785
0.00622073
0.00608364
0.0057587
0.00527091
0.00462805
0.00391569
0.00311429
0.00236693
0.00161078
0.0010399
0.000532788
0.000325604
0.000227608
0.000506924
0.000901136
0.00169962
0.00257624
0.00383054
0.00509094
0.00665544
0.00813403
0.00981057
0.0113083
0.0128837
0.0142052
0.0154787
0.0164205
0.0172444
0.017434
0.0172196
0.016212
0.0146158
0.0124568
0.00977664
0.00726827
0.00451698
0.00281756
0.00124179
0.00104234
0.00113052
0.00214412
0.00336915
0.00458149
0.00576903
0.0061711
0.00633092
0.0058047
0.00515502
0.00443567
0.00393965
0.00364766
0.00538201
0.00568331
0.00613856
0.00671819
0.00723476
0.00727982
0.006912
0.00591997
0.00467219
0.00323223
0.00203131
0.00132864
0.0011811
0.0019635
0.00327551
0.00535967
0.00761235
0.010019
0.0121374
0.0138131
0.0149549
0.0154201
0.0153667
0.014782
0.0138501
0.0126548
0.0113457
0.00988023
0.00841626
0.00689925
0.00548834
0.0041242
0.00295956
0.00193112
0.00116654
0.00059902
0.000317401
0.000251991
0.000446845
0.000830683
0.00140569
0.00210147
0.00288923
0.00370328
0.00450011
0.0052234
0.00583263
0.00628588
0.00656047
0.00663331
0.00650798
0.00618324
0.00568878
0.00504631
0.00430272
0.0035018
0.00269182
0.00193612
0.00126531
0.000758495
0.000410722
0.000312784
0.000411662
0.000805638
0.00138971
0.00226581
0.00328276
0.00454242
0.00586198
0.00733969
0.00878158
0.0102784
0.0116475
0.0129683
0.0140716
0.0150129
0.0156516
0.0158431
0.0154465
0.0144517
0.0128242
0.0106886
0.00833872
0.00585583
0.00382608
0.0021408
0.00136345
0.00116078
0.00173205
0.0027311
0.00390237
0.00510086
0.00586772
0.00626785
0.0060636
0.00554518
0.00474925
0.00403496
0.00357997
0.00328854
0.00486487
0.00516581
0.00578828
0.00638306
0.0073866
0.00744141
0.00760221
0.00661973
0.00535676
0.00393496
0.0021627
0.0014626
0.00049797
0.00126712
0.00195828
0.00401445
0.00613884
0.008519
0.0108692
0.0125279
0.0139461
0.0144037
0.0144594
0.0138739
0.012977
0.0117828
0.0105638
0.00909967
0.00775102
0.00623541
0.00494972
0.00358688
0.00255558
0.00152818
0.000904035
0.000337184
0.000201799
0.000136661
0.000480764
0.000864515
0.00158662
0.00228206
0.00320701
0.0040206
0.00493494
0.0056578
0.00635448
0.00680748
0.00713032
0.00720316
0.00708057
0.00675605
0.00621644
0.00557439
0.00473951
0.00393908
0.00299696
0.00224165
0.00140544
0.000898769
0.000360962
0.000262822
0.000155647
0.000548999
0.000919142
0.00179421
0.00259701
0.00385535
0.00496823
0.00644446
0.00769515
0.00919052
0.0103924
0.0117119
0.0126985
0.0136389
0.0142586
0.0144517
0.0139844
0.0130006
0.0111864
0.00907241
0.00670574
0.00425177
0.00264329
0.000982806
0.00100819
0.000811643
0.00213457
0.00312439
0.00461239
0.00579204
0.00631566
0.00671202
0.0059301
0.00540789
0.00427453
0.0035577
0.00303846
0.00274897
0.00436892
0.00467285
0.00529222
0.00600948
0.0070055
0.0074341
0.00759512
0.00707186
0.00582551
0.0045733
0.00280849
0.00180052
0.000833277
0.000931751
0.00159684
0.00296427
0.00505812
0.00703925
0.00937858
0.0109819
0.0124004
0.01298
0.0130287
0.0126023
0.0116912
0.0106881
0.00946995
0.00822553
0.00687781
0.00559479
0.00431001
0.00317266
0.00214208
0.00131606
0.000692356
0.000291256
0.000155965
0.000216194
0.000560057
0.00103075
0.00175236
0.00250353
0.00342783
0.00427604
0.00518974
0.00593622
0.00663243
0.00710558
0.0074282
0.00752072
0.00739822
0.00709041
0.00655118
0.00591523
0.00508093
0.00426456
0.00332309
0.00251701
0.00168138
0.00107778
0.000540353
0.000292154
0.000185053
0.000374829
0.000744713
0.00137008
0.00217233
0.00314982
0.00426193
0.00544708
0.0066969
0.00791509
0.00911615
0.0101963
0.0111822
0.011941
0.0125698
0.0126604
0.0122011
0.0112344
0.00942615
0.00758775
0.00524169
0.00339314
0.00182182
0.000906341
0.000953994
0.00128967
0.00261005
0.00367838
0.00515672
0.00601454
0.00652305
0.00648356
0.00570706
0.00494904
0.00382493
0.00309558
0.00257923
0.00231887
0.00383336
0.00414054
0.0047563
0.00560608
0.00659397
0.00742621
0.00758745
0.00756008
0.00632629
0.00526177
0.00351318
0.00216542
0.00120611
0.000569611
0.00122698
0.00183661
0.00390893
0.00544855
0.00776284
0.00930059
0.0107012
0.011416
0.0114582
0.0112132
0.0103028
0.00950598
0.00828875
0.00728159
0.00593489
0.00490303
0.00361922
0.00272536
0.00169556
0.00108702
0.000463776
0.00024166
0.000106471
0.000302077
0.000645681
0.00121026
0.00193132
0.00274268
0.00366628
0.00455187
0.00546489
0.00623688
0.00693256
0.00742749
0.00774986
0.00786364
0.00774123
0.00745148
0.00691265
0.00628327
0.0054496
0.00461602
0.00367526
0.00281435
0.00197935
0.00127109
0.000734066
0.000323826
0.000216807
0.000186753
0.000556358
0.000912099
0.00171374
0.00238797
0.00349924
0.00437008
0.00561896
0.00653783
0.00773799
0.00855965
0.00954486
0.0101076
0.010736
0.0107098
0.0102587
0.0093139
0.00752598
0.00599774
0.00367621
0.00249649
0.000941969
0.000846384
0.00089547
0.00181432
0.0031235
0.00427848
0.00574299
0.00624439
0.00674701
0.00623686
0.00546621
0.00445355
0.00333944
0.00259821
0.00208333
0.00185444
0.0033258
0.00363255
0.00416201
0.00501228
0.00593532
0.00682748
0.00728504
0.00735487
0.00675919
0.00574299
0.00444625
0.00304581
0.00198752
0.00121345
0.00118906
0.00164147
0.00279176
0.00422088
0.00586819
0.00736679
0.00855853
0.00928887
0.00948562
0.00928226
0.00865718
0.0079005
0.00698372
0.00602275
0.00499019
0.00400721
0.00303278
0.00218623
0.00142746
0.000861042
0.000444178
0.000256545
0.000248807
0.00047025
0.00086259
0.00144479
0.00215004
0.0029724
0.00384029
0.00473246
0.00557938
0.00635576
0.00700266
0.00750143
0.00781194
0.0079297
0.00783936
0.00755328
0.00708318
0.00645549
0.00570712
0.00487078
0.00400317
0.00313232
0.0023273
0.00159945
0.00102274
0.000581681
0.000349328
0.000277124
0.000434019
0.000737813
0.00125285
0.00186845
0.00264569
0.00345565
0.00435794
0.00521878
0.00609707
0.0068686
0.00757127
0.00809606
0.00847982
0.00842793
0.00796931
0.00704625
0.00572272
0.0042844
0.0028259
0.00179759
0.00112371
0.00119168
0.00165686
0.00268039
0.00380239
0.00496217
0.00586871
0.00629433
0.00630005
0.00570353
0.004871
0.00382836
0.00288818
0.00215603
0.00171106
0.00148763
0.00248763
0.0027932
0.00327723
0.00412137
0.00539478
0.00627174
0.00749415
0.00757057
0.00762258
0.00663015
0.00543623
0.00405977
0.0024107
0.00164578
0.000625977
0.00106586
0.00134426
0.00274691
0.00397466
0.0054481
0.00660706
0.00732302
0.0076273
0.00742177
0.00698881
0.00623279
0.00561372
0.00465359
0.00395965
0.00297753
0.00233488
0.00148907
0.00102616
0.000460235
0.000282147
9.46787e-05
0.00025839
0.000479638
0.000977502
0.0015592
0.00231558
0.00313721
0.00402014
0.00491152
0.00575785
0.00653355
0.00718224
0.00768057
0.00800683
0.00812448
0.0080664
0.00778058
0.00735219
0.00672505
0.00601237
0.00517677
0.00431795
0.00344787
0.00260267
0.00187545
0.00119096
0.000750288
0.000331671
0.000259531
0.000151683
0.00045521
0.000639141
0.0012542
0.00165733
0.00246659
0.00298344
0.00384353
0.00436061
0.00513146
0.00554904
0.00607336
0.00632218
0.00627305
0.00584283
0.00493548
0.00389047
0.00247632
0.00171402
0.000705892
0.00102185
0.00109249
0.0023847
0.00339223
0.00474844
0.00588548
0.00639096
0.00680203
0.00610992
0.00551805
0.0041413
0.00311185
0.0021162
0.00139315
0.00111653
0.000893943
0.00185051
0.00208857
0.00257166
0.00333595
0.00459644
0.00566709
0.00692309
0.00753709
0.00764903
0.00726121
0.00608388
0.00495992
0.0032873
0.00220655
0.00112172
0.000807142
0.00100934
0.00160661
0.00279035
0.00375392
0.00490195
0.00548471
0.00579149
0.00571649
0.00529969
0.00481655
0.00421387
0.0035811
0.00290615
0.00225935
0.00163524
0.00109256
0.000646148
0.000316985
0.000152199
0.000113099
0.000286362
0.000561697
0.00106546
0.00161804
0.00237732
0.0031121
0.00399593
0.00477707
0.00562345
0.00630135
0.0069502
0.00739296
0.00772009
0.00784168
0.00778538
0.00756409
0.00713798
0.00662082
0.00591003
0.00520138
0.00434299
0.00358112
0.00273364
0.00206054
0.00137005
0.000901726
0.000472781
0.000277185
0.000154667
0.000241575
0.000407124
0.000731529
0.00111385
0.00159056
0.00208591
0.00261108
0.00310793
0.00358155
0.00398353
0.00429546
0.00452287
0.00445091
0.0040261
0.00342068
0.00240611
0.00165441
0.000956337
0.000750587
0.00114707
0.00176494
0.00310585
0.00413653
0.00549581
0.00619501
0.00666969
0.00651555
0.00577108
0.0048605
0.00347191
0.00248574
0.00150525
0.000981486
0.000703792
0.000571901
0.00126044
0.00144935
0.00190803
0.00260832
0.00372385
0.00492603
0.00612428
0.0071632
0.00746247
0.00755949
0.00669088
0.00577308
0.00433523
0.00300879
0.00191612
0.00100388
0.00092923
0.000881023
0.00169633
0.00224113
0.00314372
0.00361323
0.00389123
0.00392552
0.0036107
0.00333942
0.00285065
0.00247207
0.00191708
0.00153064
0.00102025
0.000712923
0.000356746
0.000211381
9.98884e-05
0.00017592
0.000358629
0.00067585
0.0011465
0.00167633
0.00236942
0.00303661
0.00383709
0.00453246
0.00529747
0.00589932
0.0064872
0.00688669
0.00718702
0.00731159
0.00726882
0.00709772
0.00672284
0.00629116
0.00565847
0.0050485
0.00427835
0.00360067
0.00283268
0.00220176
0.00156491
0.00107527
0.000662308
0.000370976
0.000222476
0.000141302
0.000242667
0.000341455
0.000632114
0.000850674
0.00124209
0.00150724
0.00190451
0.00214735
0.00246445
0.0026115
0.00276628
0.00267624
0.00233163
0.00197875
0.00124557
0.00103353
0.00065642
0.00109117
0.00162977
0.0026793
0.003895
0.00493901
0.00602401
0.00637128
0.00660893
0.00600378
0.00520552
0.00404601
0.00280833
0.001866
0.0010437
0.000659916
0.0003956
0.000329277
0.000648634
0.000836658
0.00101145
0.00170035
0.00261249
0.0037865
0.005263
0.00627761
0.00739047
0.00748587
0.00752684
0.00662929
0.00561405
0.00431653
0.00286585
0.00197337
0.000944956
0.000896667
0.000706726
0.00123819
0.00154639
0.00200398
0.002202
0.00223411
0.0021511
0.00188012
0.00173053
0.00135237
0.00116904
0.000783028
0.000620951
0.000313965
0.000232489
8.72849e-05
0.000138992
0.000214939
0.000431427
0.000748296
0.00112926
0.0016585
0.00216745
0.00283389
0.00340226
0.00409686
0.00463643
0.00523761
0.00565843
0.00605748
0.00628724
0.00641166
0.00641156
0.00624064
0.00601372
0.00558251
0.00517225
0.00456296
0.00404264
0.00336571
0.00282149
0.00219127
0.00170322
0.00121412
0.000840445
0.000549437
0.000317055
0.000235971
0.000139684
0.000238362
0.000247502
0.000465819
0.000535916
0.000800772
0.000886529
0.0011291
0.00119289
0.00133977
0.0013732
0.00128504
0.00117779
0.000833492
0.00083188
0.000625475
0.00119279
0.00161834
0.00277868
0.00380464
0.00494172
0.00596253
0.00635695
0.00669625
0.00608724
0.00549523
0.00421527
0.00308277
0.00193834
0.00101703
0.000608317
0.00022976
0.000274151
0.000208033
0.000345245
0.00041198
0.000586468
0.00095316
0.00179601
0.0027306
0.004247
0.00542644
0.00667865
0.00737034
0.00753466
0.00732992
0.00635593
0.00543306
0.00391107
0.00285019
0.00166992
0.0010349
0.000706962
0.000612101
0.000849463
0.000958462
0.00114691
0.0011465
0.00110261
0.000974158
0.000870042
0.000693233
0.000561578
0.000384794
0.000270658
0.00014035
9.6413e-05
5.93406e-05
0.000133338
0.000224851
0.000446279
0.000679656
0.00104927
0.00140915
0.00189447
0.0023366
0.00287526
0.00333342
0.0038443
0.00424305
0.00464283
0.00491341
0.0051346
0.00522998
0.00523587
0.00514106
0.00493361
0.00466874
0.00428743
0.00390249
0.00341459
0.00297761
0.00246234
0.00204411
0.00157519
0.00123433
0.000865336
0.000637729
0.000393631
0.000288167
0.00016479
0.000165981
0.000136443
0.000212312
0.000237928
0.000350451
0.000392619
0.000507585
0.00053739
0.000624233
0.000629176
0.000651862
0.000573043
0.000612331
0.000704634
0.00103089
0.00173635
0.00249413
0.00376328
0.00465571
0.00579862
0.00628013
0.00658803
0.00631061
0.00557704
0.00465637
0.00328741
0.00228274
0.00116311
0.000651365
0.000332833
0.000318081
0.000368609
0.000419536
0.000327145
0.000331944
0.000437183
0.000647398
0.00117194
0.00196119
0.00303149
0.00428722
0.00544216
0.00645499
0.00700204
0.00718111
0.0068454
0.00613837
0.00515131
0.0040079
0.00293494
0.00198045
0.00131656
0.000869158
0.00066307
0.00056944
0.000545549
0.000524858
0.000485204
0.000435178
0.000372824
0.000306811
0.000236596
0.00017494
0.000121278
8.81758e-05
7.91877e-05
0.000101581
0.000163981
0.000263993
0.000414972
0.000602305
0.000842655
0.0011092
0.00141988
0.00173843
0.0020819
0.0024098
0.00273647
0.00302368
0.00328187
0.00348165
0.00362888
0.00370822
0.00372075
0.00366785
0.0035459
0.00337263
0.00313989
0.00287851
0.00257616
0.00227136
0.00194829
0.00164684
0.0013488
0.00108964
0.000850309
0.0006577
0.000493691
0.000374894
0.000285746
0.000233345
0.00020571
0.000203229
0.000217521
0.000246234
0.000283468
0.000328206
0.000375629
0.000429417
0.00048612
0.000575622
0.000713385
0.00097417
0.00137509
0.00199815
0.00277727
0.00371183
0.00463488
0.00544489
0.00600484
0.00618423
0.00602211
0.00540786
0.0045721
0.00348048
0.00243293
0.00151069
0.000869276
0.000584544
0.000523704
0.00067516
0.000776074
0.000886256
0.000692569
0.000639437
0.000474503
0.000470884
0.000459034
0.000954366
0.00180153
0.00284735
0.00429562
0.00533179
0.00652325
0.00695084
0.00727109
0.00689969
0.00623455
0.00533481
0.00410935
0.00319921
0.00210639
0.00154762
0.000957367
0.00072989
0.000534566
0.000433972
0.000382802
0.000294083
0.000272385
0.000189572
0.000183056
0.000116265
0.00012202
8.59527e-05
0.000105911
0.000117228
0.000156781
0.000229092
0.000294089
0.000432639
0.000525779
0.000723492
0.000841391
0.00107774
0.00120981
0.00145321
0.00158291
0.00179649
0.00190474
0.00205397
0.0021237
0.00218413
0.00220462
0.00216744
0.00213701
0.00201079
0.00193708
0.00174557
0.00164318
0.00141946
0.00130606
0.00108497
0.000976985
0.000787957
0.000697428
0.000559585
0.000492934
0.000413537
0.000372568
0.000348708
0.000333024
0.000355573
0.00036526
0.000423385
0.000460754
0.000545486
0.000615091
0.000724372
0.000840951
0.0010053
0.00132194
0.00166391
0.00236773
0.00299814
0.00399093
0.00477452
0.00556696
0.00609822
0.00615569
0.00606986
0.00529251
0.00457241
0.003332
0.00235642
0.00132741
0.000681603
0.000489516
0.000487771
0.00100241
0.00133373
0.00167252
0.00182737
0.0015475
0.00138257
0.00119793
0.000824436
0.000661554
0.000580387
0.00110146
0.00174541
0.00287934
0.00399464
0.00508552
0.00604284
0.0065167
0.00683491
0.00649647
0.00607998
0.0051713
0.00432956
0.00337588
0.00256683
0.00193742
0.00141197
0.00111829
0.00083668
0.000708301
0.000539171
0.000452542
0.00033475
0.000279622
0.000202083
0.000172812
0.000130542
0.000125461
0.000113812
0.000133116
0.000148052
0.000192325
0.00022985
0.000297963
0.000353125
0.000440393
0.000506479
0.000603882
0.000672292
0.000767255
0.000828316
0.000906921
0.000951483
0.00100154
0.00102287
0.00103685
0.00103218
0.00100909
0.000980306
0.00092581
0.000879027
0.000803968
0.000748183
0.000665894
0.000611239
0.000534678
0.000490895
0.000430533
0.000406135
0.000369171
0.000371405
0.000362335
0.000397663
0.00041965
0.000494166
0.000550351
0.000669588
0.000763558
0.000931389
0.00106847
0.00129306
0.00148274
0.0018172
0.0021865
0.00271609
0.00336521
0.00402945
0.00480622
0.00529733
0.00579089
0.00575674
0.00560815
0.00496703
0.00419278
0.0032316
0.00220512
0.00144176
0.00074055
0.000645524
0.000698884
0.00125838
0.00184668
0.00248394
0.00283842
0.00307988
0.00310403
0.00291128
0.00250736
0.00199952
0.0011228
0.000792171
0.00045605
0.000793565
0.00142555
0.00231344
0.00350254
0.00441135
0.00550823
0.00596128
0.00645092
0.00626835
0.00597364
0.00533785
0.00455201
0.00383741
0.00304759
0.00251521
0.00198637
0.0016508
0.00131741
0.00108633
0.000829723
0.000661107
0.000474778
0.000362194
0.000239141
0.000178754
0.000107022
9.27519e-05
5.83759e-05
8.27196e-05
7.2282e-05
0.000126631
0.000129014
0.000203669
0.000210872
0.000295104
0.000302236
0.000384654
0.000389342
0.000458906
0.000460468
0.000507728
0.000506425
0.000525028
0.000521438
0.000509311
0.00050415
0.000463699
0.000457871
0.000395813
0.000390643
0.000316868
0.000314721
0.000240829
0.000245766
0.00018389
0.000202346
0.000164142
0.000205283
0.000201568
0.000276989
0.000317451
0.00043999
0.000532745
0.000714256
0.000864931
0.00111329
0.00132356
0.00163952
0.00191118
0.00229066
0.00265285
0.00315948
0.00365425
0.00425519
0.00479153
0.00518175
0.00548458
0.00530738
0.00512361
0.00433998
0.0036825
0.00264555
0.00182957
0.0010581
0.000551559
0.000531666
0.000698685
0.00155893
0.00229464
0.00344079
0.00416288
0.00466504
0.00492237
0.00508935
0.00482951
0.00438894
0.00359756
0.00268471
0.00173946
0.00112138
0.000714172
0.000845597
0.00121689
0.00195835
0.00280354
0.00369145
0.00452058
0.00510569
0.0055139
0.00554475
0.00540269
0.0049625
0.0044573
0.00385118
0.00327735
0.00274891
0.00226259
0.00185651
0.00146875
0.0011467
0.0008496
0.000615375
0.000414205
0.00026781
0.000161624
9.61743e-05
7.52668e-05
7.75532e-05
0.000125664
0.000178579
0.000275458
0.000360362
0.000484314
0.000583051
0.000713171
0.000809586
0.000927506
0.00100845
0.00109956
0.00115542
0.00120959
0.0012345
0.00124636
0.00123819
0.00120716
0.00116738
0.00109742
0.00103088
0.00093023
0.000845006
0.000725718
0.000632864
0.000510359
0.000423618
0.00031597
0.000251294
0.000178209
0.000152849
0.000134144
0.00016521
0.000218709
0.000321091
0.00046003
0.000643825
0.000874087
0.00114192
0.00145965
0.00180479
0.00219573
0.00260377
0.00304458
0.00349783
0.00392113
0.00432045
0.00455276
0.00467531
0.00451151
0.00418418
0.003603
0.00291449
0.00217071
0.0014569
0.000955771
0.000622064
0.000729345
0.00108465
0.00191284
0.00290184
0.00408697
0.00518692
0.00608461
0.00660954
0.00690621
0.0077484
0.00748447
0.00700593
0.00613197
0.00478121
0.00356541
0.00221957
0.00131349
0.000723401
0.000505707
0.00078161
0.00116185
0.00198392
0.00262199
0.00352244
0.00403555
0.00456081
0.00469931
0.00465803
0.00442129
0.0039813
0.00354676
0.00298842
0.0025267
0.00200629
0.00160196
0.00117049
0.000859359
0.00054553
0.000348792
0.00016743
9.413e-05
4.55772e-05
9.2148e-05
0.000163159
0.000314175
0.000480343
0.000710515
0.000939794
0.00121695
0.00147374
0.00176244
0.00201162
0.00227695
0.00248747
0.00269869
0.00284625
0.00297981
0.00304861
0.00309031
0.00307385
0.00302001
0.0029211
0.0027786
0.00260876
0.0023942
0.00217256
0.00191055
0.00166252
0.00138329
0.00113867
0.000875296
0.000666062
0.000451252
0.000308665
0.000171517
0.000122803
8.55488e-05
0.000150323
0.000225415
0.000412316
0.000600331
0.000904528
0.00119322
0.00159548
0.00195771
0.00242239
0.00280231
0.00322102
0.00350507
0.0036933
0.00373208
0.00350738
0.00322061
0.00258951
0.00208872
0.00135334
0.000927676
0.000503141
0.000475889
0.000690101
0.00127287
0.00225941
0.00340887
0.00491887
0.00622619
0.00758306
0.00849729
0.00902869
0.00931999
0.0104803
0.010215
0.00978198
0.00888438
0.00753708
0.00615579
0.00449777
0.00323815
0.00190182
0.0012517
0.000580887
0.000611618
0.000610805
0.00109709
0.00154988
0.0021298
0.00267566
0.00301383
0.0033126
0.00327207
0.00320297
0.00287279
0.00253714
0.00209521
0.00168746
0.00127079
0.000929793
0.000608202
0.000381346
0.000188095
0.000106207
5.79293e-05
0.000136284
0.000234075
0.00047007
0.000699147
0.00107165
0.00140292
0.00187406
0.0022674
0.00278666
0.00319561
0.00370575
0.00408287
0.00452692
0.00482923
0.00515748
0.00535125
0.00552731
0.00559166
0.00559678
0.00552564
0.00536065
0.00516314
0.00484798
0.00454706
0.00411798
0.00374774
0.00325271
0.00285463
0.00234745
0.00196595
0.00149993
0.00117761
0.000799372
0.000572361
0.000316596
0.000210437
9.61186e-05
0.000122676
0.000151199
0.000307013
0.000462597
0.000729058
0.000980556
0.00132075
0.00162239
0.0019533
0.00216017
0.00233882
0.00229497
0.00219315
0.00188661
0.00151588
0.00113322
0.000700045
0.00055129
0.000367155
0.000705414
0.00102951
0.00195278
0.00288058
0.00429576
0.00566684
0.00723545
0.00860292
0.00984538
0.0107417
0.0112257
0.0115117
0.0128736
0.0126587
0.0122047
0.011435
0.0102401
0.00888756
0.0072875
0.00570131
0.0042376
0.00287485
0.00193644
0.00107803
0.000754755
0.000453289
0.000623802
0.000740525
0.00113034
0.00139674
0.00168372
0.00183845
0.00184568
0.00178122
0.00154136
0.00132724
0.00100456
0.000771182
0.000501365
0.000330578
0.000160905
9.33568e-05
5.74641e-05
0.000120534
0.000237678
0.000445364
0.000717636
0.00106675
0.00147718
0.00194571
0.00245894
0.00300716
0.00357287
0.00414737
0.00470607
0.00524619
0.00573672
0.00618261
0.00655009
0.00685104
0.00705415
0.00717574
0.00719218
0.00712117
0.00695037
0.00669641
0.00635934
0.00595326
0.00548925
0.0049784
0.00443969
0.00388101
0.00332568
0.00277778
0.00226241
0.00177774
0.0013504
0.000968901
0.000663682
0.000408527
0.000242161
0.00011823
8.91185e-05
8.42155e-05
0.00017402
0.000262431
0.000438879
0.00058241
0.000799402
0.000926974
0.0010634
0.00107747
0.00101376
0.000894001
0.000663547
0.000543254
0.000348383
0.000452997
0.000558316
0.00107272
0.00165134
0.00263047
0.00371192
0.0050547
0.00649613
0.0079442
0.009404
0.010618
0.0117077
0.0124607
0.0129588
0.0132058
0.0145278
0.0143594
0.0140325
0.0134557
0.0125216
0.0114739
0.0100157
0.00863581
0.00699101
0.0055754
0.00414003
0.0029685
0.00198446
0.00121471
0.000758912
0.000404146
0.000387111
0.000322327
0.00049608
0.000524931
0.000635578
0.000613021
0.000565395
0.00047372
0.000351396
0.000247955
0.000148207
7.72817e-05
3.59355e-05
2.56768e-05
7.5135e-05
0.000148932
0.000314842
0.000489335
0.000784708
0.00106514
0.00148572
0.0018625
0.00238455
0.00283207
0.00341344
0.00389177
0.00447629
0.00493588
0.00546092
0.00584953
0.00625514
0.00652605
0.00676431
0.00688398
0.00692662
0.00688032
0.0067232
0.00651766
0.00618125
0.00584323
0.00536914
0.00494079
0.0043848
0.0039166
0.00333977
0.00288218
0.0023417
0.00193777
0.00147895
0.00115861
0.000809642
0.000586947
0.000356887
0.000230436
0.000110533
6.64449e-05
3.43458e-05
5.10331e-05
7.6715e-05
0.000128539
0.000179916
0.000233278
0.000246264
0.000270178
0.000210278
0.000241917
0.000215702
0.000384635
0.000594749
0.00104781
0.00165238
0.00246053
0.0034825
0.00460195
0.00594063
0.00721922
0.00865601
0.00986861
0.0111084
0.0120559
0.012904
0.0135133
0.0139463
0.0141662
0.0147161
0.0145761
0.0143199
0.0138844
0.0134281
0.0126366
0.0117853
0.0106429
0.00940035
0.0080832
0.0066812
0.0054354
0.00413151
0.00315219
0.00213839
0.00151852
0.000895337
0.000603127
0.000333165
0.000237049
0.000170726
0.000131006
0.000126097
8.03531e-05
7.95354e-05
3.46747e-05
3.54183e-05
1.10955e-05
1.96543e-05
3.12797e-05
6.06578e-05
0.000124198
0.000190794
0.000320531
0.000439839
0.000643989
0.000825525
0.00110215
0.00134495
0.00167939
0.00196942
0.00233418
0.00264469
0.0030023
0.00329743
0.00360596
0.00384693
0.00406711
0.00421978
0.00432223
0.00436415
0.00433504
0.0042602
0.00410399
0.00392416
0.0036627
0.00340487
0.00307311
0.00277375
0.00241306
0.00211062
0.00176124
0.00148875
0.0011832
0.000962744
0.000721428
0.000561785
0.000391759
0.000289395
0.000186078
0.000129017
8.01829e-05
5.34305e-05
4.41612e-05
3.50472e-05
5.182e-05
5.49448e-05
8.67305e-05
0.00011602
0.000170952
0.000286941
0.000428083
0.000739464
0.00107786
0.00168199
0.00230739
0.00321439
0.00413204
0.00525617
0.00637517
0.00756174
0.0087172
0.00976553
0.0107707
0.0115265
0.0122757
0.0127781
0.0132895
0.013698
0.0139026
0.0134934
0.0133819
0.0131578
0.0128878
0.0126781
0.0122301
0.0118056
0.0110459
0.0102778
0.00922452
0.00819214
0.00701568
0.00589785
0.00479564
0.0037699
0.00289541
0.00209581
0.00151958
0.00100053
0.000691766
0.00041418
0.000276932
0.000151135
9.53265e-05
4.33495e-05
2.26199e-05
7.37362e-06
5.77622e-06
9.82078e-06
2.17589e-05
3.41809e-05
6.01e-05
7.71698e-05
0.00012253
0.000147002
0.000219436
0.000257675
0.000362953
0.000420843
0.000558937
0.000637974
0.000800554
0.000895474
0.00106581
0.00116463
0.00132017
0.00140664
0.0015237
0.00158158
0.00164084
0.00165844
0.00164973
0.00162336
0.00154828
0.00148339
0.00135496
0.00126456
0.00110391
0.00100477
0.000835991
0.000743868
0.000588342
0.000513908
0.000385982
0.000332706
0.00023784
0.000202723
0.000138565
0.00011539
7.53095e-05
5.93075e-05
3.70955e-05
2.93984e-05
2.35432e-05
3.38149e-05
5.00948e-05
9.68582e-05
0.000152472
0.00026819
0.000405225
0.000649893
0.000940168
0.00138029
0.00189375
0.00255768
0.00331309
0.00416416
0.00510608
0.00604842
0.00705776
0.0079539
0.00887672
0.00958595
0.0102971
0.010767
0.011271
0.0116135
0.0120177
0.0123884
0.0125798
0.0114839
0.0113831
0.0111543
0.0110179
0.0109017
0.0107973
0.0105315
0.01025
0.00965881
0.00908666
0.00820174
0.00739932
0.00637759
0.00548155
0.00448952
0.00364007
0.00281361
0.00212017
0.00153856
0.00105528
0.000713985
0.000430914
0.000262888
0.000133365
6.55465e-05
4.28365e-05
3.30338e-05
7.74789e-05
9.75394e-05
0.000171865
0.000198947
0.000272751
0.000292767
0.000346999
0.000355688
0.000383601
0.000384672
0.000389546
0.000390762
0.000381567
0.000390235
0.00037685
0.000396249
0.00038578
0.000413643
0.000408806
0.00043823
0.000437944
0.000460196
0.000461687
0.000469736
0.000470965
0.00046232
0.000463499
0.000441216
0.000444661
0.000416096
0.000424448
0.00039822
0.00041186
0.000394226
0.00040922
0.000401379
0.000409231
0.000406819
0.000396748
0.000392015
0.000355468
0.000341625
0.000277788
0.000254127
0.00017453
0.000150465
8.08015e-05
7.71413e-05
5.49114e-05
0.000101167
0.000167648
0.00030088
0.000495827
0.000769082
0.00112788
0.0015916
0.00212614
0.00278779
0.00346716
0.00427776
0.00502924
0.00589504
0.00661396
0.00740607
0.00798154
0.00857351
0.00895242
0.00932137
0.00959003
0.00987626
0.0101907
0.0105733
0.0107593
0.00910042
0.00899741
0.00874375
0.008611
0.0086269
0.0085531
0.00856626
0.00836391
0.00813912
0.00769229
0.00718557
0.00652905
0.00583039
0.00507245
0.00430154
0.00355972
0.00282429
0.00219601
0.0015889
0.00113477
0.000712403
0.000446531
0.000212979
0.000115026
4.80243e-05
8.18168e-05
0.000141874
0.000259547
0.000392883
0.000544847
0.000698825
0.000843378
0.000976693
0.00108615
0.00117397
0.00123659
0.00127123
0.00128919
0.00127691
0.00126166
0.00121718
0.00118378
0.00112445
0.00108682
0.00102805
0.000996172
0.000949037
0.000928392
0.000899435
0.000892189
0.000884509
0.000891251
0.000905805
0.000926592
0.000962619
0.000996802
0.00105102
0.00109573
0.00116079
0.00120901
0.00127234
0.00131196
0.00135625
0.00137107
0.00137734
0.00135093
0.00130407
0.00122554
0.00112111
0.000991529
0.000841755
0.000678984
0.000515622
0.00035545
0.000227864
0.000120553
8.69103e-05
8.69643e-05
0.000195423
0.000341247
0.000609187
0.000920057
0.00134875
0.00181987
0.0023793
0.00297382
0.00360824
0.00425951
0.00489291
0.00551035
0.00604278
0.0065336
0.00687991
0.00720574
0.00738622
0.0076312
0.00782276
0.00812743
0.00854081
0.00872436
0.00675992
0.00665513
0.00647216
0.00634957
0.00633666
0.00632132
0.0063258
0.00624725
0.00611436
0.0058438
0.0055139
0.00505313
0.00457236
0.00399453
0.00344358
0.00283793
0.00229471
0.00174569
0.00128476
0.000864968
0.000550364
0.000306711
0.000175198
0.000120233
0.000172976
0.000281042
0.000473881
0.000687877
0.000953259
0.00120737
0.00148078
0.00171843
0.00194981
0.00213193
0.0022916
0.00239987
0.00247924
0.00251441
0.00252232
0.00249909
0.00245549
0.00239575
0.00232489
0.00225155
0.00217638
0.00210894
0.00204774
0.00200032
0.00196556
0.00194684
0.00194549
0.00195947
0.00199371
0.00204028
0.0021075
0.00218211
0.00227419
0.00236672
0.00246887
0.00256259
0.00265311
0.00272511
0.00277716
0.00280116
0.00278738
0.00273947
0.00263905
0.00250527
0.00231202
0.00209595
0.00182499
0.00155279
0.00124346
0.000964218
0.000677524
0.000458325
0.000266682
0.000175967
0.000142775
0.000220042
0.000359392
0.000605135
0.000897704
0.00128465
0.00168976
0.00217128
0.00263753
0.00315296
0.00361934
0.00409491
0.00448833
0.00485369
0.00512129
0.00535837
0.00553147
0.00572987
0.0059227
0.00621142
0.00651172
0.00669125
0.00479504
0.00469685
0.00444387
0.00433205
0.00431763
0.00431246
0.00435137
0.00432162
0.0042423
0.00408784
0.003834
0.00354932
0.00316167
0.00279433
0.00234081
0.00195144
0.00149362
0.00114521
0.000750745
0.0005095
0.000252309
0.000174943
0.000111545
0.000220382
0.00036569
0.000626515
0.000922356
0.00126042
0.00162711
0.00196778
0.00233018
0.00261479
0.00291564
0.00310849
0.00331495
0.00340516
0.00350927
0.0035072
0.0035214
0.00345163
0.00340124
0.00329436
0.00320961
0.00309523
0.0030047
0.00290695
0.00283361
0.00276952
0.0027293
0.00270926
0.00271124
0.00274015
0.0027872
0.00286513
0.00295377
0.00307523
0.00319478
0.00334697
0.00347825
0.00363945
0.00375468
0.00389433
0.00395947
0.0040414
0.00402172
0.00401081
0.00387946
0.00375087
0.00349841
0.00324711
0.0028895
0.00253716
0.00211915
0.00171569
0.00130774
0.000927848
0.000615268
0.000347087
0.000215811
0.000117094
0.000178843
0.000251519
0.000472875
0.000682627
0.00101409
0.00131348
0.00170466
0.00204309
0.00244104
0.00276308
0.00310146
0.00335472
0.00358154
0.00375277
0.00389284
0.00405109
0.00423403
0.00448344
0.0048644
0.00502533
0.00315201
0.00305527
0.0028877
0.00276158
0.0027264
0.00269659
0.00270027
0.00266184
0.00261195
0.00247897
0.00233731
0.00210161
0.00189089
0.00159021
0.00135293
0.0010381
0.000817087
0.000543569
0.000391389
0.000222018
0.000199919
0.000192519
0.000345011
0.000521395
0.000837838
0.00115898
0.00156028
0.00194721
0.00235139
0.00272605
0.00306531
0.00336826
0.00359948
0.0037964
0.00390434
0.0039873
0.00398179
0.00396497
0.00387357
0.00378542
0.00364415
0.00351869
0.00336348
0.00323295
0.00309382
0.00298416
0.00288278
0.00281215
0.00276219
0.00274163
0.00275053
0.00278533
0.00285574
0.00294603
0.00307571
0.00321562
0.00339567
0.00357137
0.00378352
0.00397131
0.00418622
0.00435257
0.0045309
0.00463573
0.00473318
0.00473695
0.00471317
0.00458676
0.00441633
0.00415131
0.00383389
0.00345011
0.00301653
0.00256421
0.00207648
0.00163324
0.00117597
0.000834562
0.000510651
0.000336567
0.000187889
0.0001879
0.000196935
0.000336941
0.000461228
0.000694857
0.000890207
0.0011701
0.00139508
0.00167151
0.00188015
0.00210785
0.00226514
0.00243316
0.0025547
0.0027217
0.00287932
0.00313026
0.00338995
0.00354461
0.00197282
0.00189908
0.00170231
0.00160971
0.00155522
0.00153246
0.00152059
0.0014979
0.00144442
0.00137173
0.001249
0.00112626
0.000956577
0.000810508
0.000631501
0.000496216
0.000344784
0.000260676
0.000184531
0.000199636
0.000257923
0.00041191
0.000648976
0.000939294
0.00133362
0.0016981
0.00215299
0.00250858
0.00293895
0.00322101
0.00356026
0.00373016
0.00393954
0.00398658
0.00405764
0.00399603
0.00394628
0.00380721
0.00367134
0.00349285
0.00331228
0.00312998
0.00294382
0.00278481
0.00262409
0.00250506
0.00239097
0.00231999
0.0022651
0.00224543
0.00225634
0.00229
0.0023693
0.00245859
0.0026048
0.00275075
0.00295603
0.00315442
0.00340112
0.0036377
0.00389569
0.00414311
0.00437019
0.0045888
0.00473559
0.00487901
0.00489833
0.00492348
0.00478232
0.0046613
0.00435239
0.00408295
0.00363226
0.00324358
0.00271082
0.00226426
0.00173615
0.0013217
0.000916118
0.000617107
0.000390781
0.000237607
0.000174962
0.000150567
0.000210127
0.000279442
0.000418848
0.0005459
0.000727305
0.000876681
0.00105805
0.00119573
0.00134228
0.0014544
0.00157306
0.00169394
0.00185269
0.00204311
0.00233714
0.00245937
0.00110887
0.00104527
0.000955933
0.000866357
0.000818832
0.00078379
0.000760703
0.000732885
0.000698283
0.000645267
0.000586279
0.000510194
0.000441502
0.000364009
0.000310451
0.000259866
0.000250229
0.000260431
0.000329854
0.000439793
0.000621267
0.000858504
0.00115821
0.00150519
0.00187729
0.00226239
0.00261987
0.00296011
0.00323765
0.0034749
0.00363126
0.00373695
0.00376062
0.00373542
0.00364154
0.00351032
0.00333293
0.00313506
0.00291626
0.00269438
0.00247386
0.00226431
0.0020719
0.00189928
0.00175212
0.00162866
0.00153295
0.00146186
0.00141765
0.00139842
0.00140489
0.00143799
0.00149697
0.00158572
0.00170173
0.00185049
0.00202716
0.00223634
0.00247055
0.00273047
0.00300657
0.00329289
0.00357986
0.00385312
0.00410649
0.00431709
0.00448637
0.00458453
0.00462457
0.00457301
0.00445657
0.00424242
0.00397021
0.00361247
0.00321851
0.00277066
0.00231944
0.00186867
0.00145669
0.00109276
0.000788956
0.000555857
0.000378293
0.000270274
0.00020233
0.00019201
0.000205296
0.000261981
0.000328081
0.000421483
0.000511676
0.000613203
0.000704008
0.000800079
0.000893362
0.00100635
0.0011321
0.00130621
0.00146191
0.00156949
0.000586634
0.000542418
0.000454676
0.000398186
0.000365169
0.000348005
0.000332333
0.000320999
0.000305527
0.000281346
0.000268032
0.000237195
0.000240631
0.000220579
0.000258909
0.000270513
0.000365139
0.000434192
0.000612179
0.000766526
0.00104867
0.00130065
0.00167613
0.00199443
0.00238593
0.00269702
0.00300378
0.00323834
0.00340725
0.00352589
0.00353624
0.00352999
0.00339361
0.00328043
0.00303539
0.00285219
0.00255089
0.00234185
0.00203717
0.0018419
0.00157536
0.00142028
0.00121527
0.00111022
0.000971626
0.000912289
0.000831858
0.00080633
0.000771374
0.000768385
0.000770402
0.000786009
0.000826161
0.000866366
0.000955706
0.00103414
0.00118837
0.00131957
0.00155012
0.00174069
0.00204521
0.00228632
0.00264214
0.00290609
0.00326959
0.0035125
0.00382546
0.00399599
0.0041977
0.00424977
0.00429205
0.00419796
0.00405878
0.00381913
0.0035109
0.00315963
0.00273097
0.00233706
0.00188633
0.00153465
0.00115808
0.000901672
0.00063462
0.000481027
0.000318253
0.000251031
0.000171731
0.000168853
0.000152572
0.000191988
0.000217886
0.000276939
0.000323479
0.000387864
0.0004461
0.000528599
0.000617896
0.000751299
0.000917785
0.00100353
0.000249475
0.00023973
0.00017429
0.000168659
0.000141012
0.000154162
0.000143434
0.000165856
0.000158335
0.000192593
0.000192416
0.000246987
0.000267291
0.000351482
0.000407512
0.00053148
0.000642021
0.000817927
0.00100606
0.00124069
0.00152138
0.00179867
0.00215554
0.00242011
0.00277694
0.00295375
0.00321984
0.00326239
0.00339096
0.00329394
0.00327072
0.00306082
0.00290301
0.00262965
0.00237858
0.00210059
0.00180931
0.00157968
0.00129913
0.00115205
0.000919568
0.000863382
0.000696641
0.000714387
0.000612004
0.000669239
0.000617103
0.000674442
0.000655275
0.000681851
0.000684514
0.000668303
0.000693609
0.000645546
0.000706509
0.000657117
0.000773456
0.000762927
0.000951558
0.00101621
0.00128097
0.00144013
0.00176434
0.00201166
0.0023566
0.00265858
0.00296902
0.00327145
0.00348726
0.00372792
0.00379888
0.00392312
0.00382275
0.00379764
0.00353226
0.00335627
0.00296872
0.00268078
0.00225713
0.00193132
0.00156432
0.00126845
0.000997244
0.000763164
0.00058792
0.000419462
0.00032388
0.000213856
0.000180607
0.000119513
0.000130977
0.000107021
0.000143968
0.0001457
0.000198353
0.000225277
0.000308923
0.000376422
0.000516244
0.000563068
0.000134512
0.000124646
0.000145891
0.000139883
0.000174328
0.000188381
0.000229489
0.000254457
0.000310072
0.000348539
0.000428647
0.000489218
0.00059995
0.000692051
0.000836446
0.000969835
0.00115281
0.00133823
0.00156285
0.00180493
0.00205737
0.00233844
0.00257426
0.00283908
0.00298432
0.00316093
0.00316097
0.00320348
0.00305669
0.00295978
0.00269755
0.00248789
0.00216707
0.00189403
0.00158275
0.00130508
0.00106577
0.000836401
0.000710313
0.000563406
0.00056085
0.000504729
0.000603679
0.000621405
0.000774844
0.000832013
0.000981955
0.00103923
0.00113352
0.00116006
0.0011673
0.00115111
0.00106963
0.00102162
0.000879977
0.000830641
0.00067952
0.000669003
0.000566753
0.000631334
0.000627089
0.00078607
0.000905168
0.0011522
0.00138795
0.00168958
0.00200361
0.00230569
0.0026368
0.00287719
0.00315621
0.00328031
0.00344696
0.00342188
0.00343935
0.00326356
0.00312716
0.00283935
0.00258949
0.00226148
0.00197291
0.00167164
0.00140166
0.00116008
0.00093473
0.000758687
0.000582984
0.00046684
0.000339551
0.000274457
0.000192481
0.000166835
0.00012205
0.000124399
0.000107349
0.000136645
0.000146289
0.000215935
0.000259788
0.000306857
0.000124896
0.000140958
0.000183346
0.000227486
0.000278007
0.000334974
0.000391074
0.000457597
0.000533188
0.000615602
0.000722434
0.000827072
0.000968503
0.00109781
0.00127281
0.00142773
0.00163704
0.00181864
0.00205977
0.00226191
0.00251329
0.00270968
0.002919
0.00305685
0.00314548
0.00317185
0.00309593
0.00299539
0.00276581
0.00256127
0.00222376
0.00196567
0.00159008
0.00134361
0.00100775
0.000836546
0.000607342
0.000557045
0.000474125
0.000560181
0.000626254
0.000829394
0.00101017
0.00128095
0.00151467
0.00178606
0.00200015
0.00220477
0.00233529
0.00242281
0.00243147
0.0023817
0.00226605
0.00209391
0.00188794
0.00163954
0.00140453
0.00114495
0.000953155
0.000749324
0.000664617
0.000568065
0.000628839
0.000662489
0.000871224
0.00102401
0.00134615
0.00157645
0.00194874
0.0021955
0.00254135
0.00273985
0.00298756
0.0030854
0.00318462
0.0031542
0.00308731
0.00293558
0.00272819
0.00250233
0.00222929
0.00198724
0.0017121
0.00149089
0.00124651
0.00106083
0.000858111
0.000711591
0.000554235
0.000447182
0.000336804
0.000265807
0.000197771
0.000155671
0.000119794
0.000103555
9.48156e-05
0.000112845
0.000144378
0.000165214
0.000162857
0.000211498
0.0002606
0.000360934
0.000418738
0.000523086
0.000589306
0.000702917
0.000789831
0.000923485
0.00104225
0.001198
0.00135102
0.00152258
0.00170763
0.00188557
0.00210199
0.002275
0.00251859
0.00266589
0.00291402
0.00299759
0.00319797
0.00316924
0.0032458
0.00307838
0.00299332
0.00270822
0.00247367
0.00213023
0.00179336
0.00147271
0.00110416
0.000891863
0.000569354
0.000535393
0.000324946
0.000505596
0.000445217
0.00083178
0.000922067
0.00145966
0.00166397
0.00226125
0.00251551
0.00306332
0.00329297
0.00368771
0.00382729
0.00399352
0.00400389
0.00391075
0.00378927
0.00345695
0.00323813
0.0027329
0.00247923
0.00189829
0.00168377
0.00113369
0.00102433
0.000598139
0.000634673
0.000393108
0.000580253
0.000541131
0.000846249
0.000984055
0.00134522
0.00160031
0.00194148
0.00223601
0.0024852
0.00274162
0.00284734
0.00300439
0.00294813
0.00297476
0.00277706
0.00268635
0.00241927
0.00225627
0.00198247
0.00178986
0.00154267
0.00134731
0.00113894
0.000956718
0.000792059
0.000634451
0.000516273
0.000390108
0.000314891
0.00021972
0.000177842
0.000108949
9.58973e-05
5.50546e-05
7.91511e-05
6.69191e-05
0.000325002
0.000373788
0.000466223
0.000569331
0.000681714
0.000793083
0.000914265
0.00103742
0.0011757
0.00132002
0.00148073
0.0016476
0.00182543
0.00200823
0.00219208
0.0023806
0.00255832
0.00273978
0.0028939
0.00304624
0.00314643
0.00323169
0.00323591
0.00320727
0.00308008
0.00291281
0.00265877
0.00237393
0.0020402
0.00169707
0.00135901
0.00103865
0.000783339
0.000571242
0.000478034
0.000444104
0.000565123
0.000745607
0.001091
0.00147721
0.00200927
0.00254637
0.00318453
0.00378126
0.00441732
0.00496462
0.00548484
0.00587922
0.00618832
0.00635439
0.00639587
0.00630282
0.00607082
0.00573881
0.0052789
0.00477414
0.00417287
0.00359248
0.00295837
0.00240879
0.00184917
0.00142338
0.00102257
0.000781224
0.00058488
0.000545794
0.000554649
0.000692329
0.000866089
0.00112094
0.0013907
0.00168496
0.00197061
0.00222679
0.00245479
0.0026117
0.00273144
0.00275833
0.00275071
0.00266025
0.00255173
0.00238698
0.0022198
0.00202278
0.00183168
0.00163
0.0014373
0.00124804
0.00106903
0.000904451
0.00075116
0.000618568
0.000496851
0.000396404
0.000304404
0.000232183
0.000167515
0.000125714
8.89483e-05
7.67159e-05
0.000444059
0.000497231
0.000652973
0.000767297
0.00092171
0.00104606
0.00120506
0.00134171
0.00151839
0.00167507
0.00187111
0.00204757
0.0022501
0.00243814
0.00262756
0.00281543
0.00297177
0.00314513
0.00324367
0.0033797
0.00338468
0.00344691
0.00331736
0.00326339
0.0029798
0.00279132
0.00239247
0.0020971
0.00166133
0.00132259
0.000952127
0.000653721
0.000455207
0.000283231
0.000344527
0.000367241
0.000735506
0.000985369
0.00165194
0.00211474
0.00301111
0.00362541
0.00463218
0.00529975
0.00626709
0.0068724
0.00764798
0.00808222
0.00854064
0.00872479
0.00879196
0.00869363
0.00836097
0.00800089
0.00732623
0.00677323
0.00586845
0.00522408
0.00423243
0.00360887
0.00267708
0.00217382
0.00142497
0.00110926
0.000622286
0.000517916
0.000317243
0.000403453
0.000460461
0.000680585
0.00092526
0.00120237
0.00154178
0.0017971
0.00213611
0.00230528
0.00256487
0.00261173
0.00273703
0.00266846
0.00266307
0.00251676
0.00241706
0.00223225
0.0020747
0.00187863
0.00169103
0.00150154
0.00130622
0.00113681
0.000954066
0.000813618
0.000657138
0.000547358
0.000419238
0.000337338
0.000232512
0.000181026
0.00010131
8.48897e-05
0.000598544
0.000673027
0.000829681
0.00098422
0.00114334
0.00130423
0.00147074
0.0016398
0.00182515
0.00200583
0.00221068
0.00239643
0.00260754
0.00278334
0.0029807
0.00312851
0.00329122
0.00339172
0.00349419
0.00352344
0.00352991
0.00345926
0.00332984
0.00313818
0.00285481
0.00255474
0.00215621
0.0018047
0.00136928
0.00105224
0.000682073
0.000497299
0.000298942
0.000335997
0.000397245
0.000716042
0.00108402
0.00169735
0.00236339
0.00322813
0.0041238
0.00514371
0.00614969
0.0071899
0.00815647
0.00906714
0.00984212
0.0104862
0.0109443
0.0112236
0.0112907
0.0111644
0.010832
0.0103239
0.00964976
0.00884271
0.00793864
0.00695759
0.00596673
0.00495433
0.00402327
0.00311334
0.00236509
0.00165961
0.00117302
0.000727139
0.000526625
0.000344184
0.000401148
0.000440601
0.000685083
0.000873588
0.00121273
0.00146449
0.00180322
0.00203712
0.00229652
0.00245084
0.00257674
0.00262719
0.00262227
0.00258148
0.00248076
0.00237491
0.00221444
0.00206766
0.00187569
0.00170808
0.00150768
0.00133754
0.00114946
0.000991951
0.000830317
0.000693527
0.000561201
0.000446348
0.000339207
0.000249252
0.000169204
0.000132034
0.000741922
0.000835994
0.000994489
0.00118516
0.00134916
0.00154331
0.00171701
0.00191584
0.00210924
0.00231214
0.00252498
0.00271949
0.00293814
0.00310302
0.00330731
0.00341845
0.00358706
0.00362008
0.00372618
0.00365656
0.00366439
0.00347069
0.00334141
0.00302223
0.00273906
0.00233566
0.00193743
0.00153393
0.00109882
0.000801882
0.000431986
0.000352443
0.000154232
0.000384862
0.000446065
0.00103905
0.00140676
0.00235668
0.00302223
0.00425921
0.00515422
0.00654976
0.007555
0.0089403
0.00990616
0.0110996
0.011874
0.0127125
0.0131702
0.0135376
0.0136047
0.0134525
0.0131203
0.0124751
0.0118015
0.0107592
0.00985576
0.00856293
0.00757279
0.0062003
0.00526992
0.00398341
0.0032357
0.00216927
0.00168303
0.000920892
0.000720525
0.000289298
0.000346219
0.000218361
0.000462663
0.000569115
0.000908012
0.00115647
0.00149495
0.00178879
0.00204802
0.00230185
0.0024283
0.00258897
0.00258448
0.00264141
0.00253975
0.00250702
0.00234384
0.00224231
0.0020467
0.00189896
0.00169425
0.00152328
0.00133041
0.00115716
0.000990692
0.000829238
0.000692668
0.000548155
0.00043823
0.00031404
0.000232228
0.000175982
0.000938909
0.00103315
0.00118262
0.00137582
0.00156507
0.00176504
0.0019624
0.00216856
0.00237473
0.00258517
0.00279396
0.0029956
0.0031895
0.00336077
0.0035168
0.0036331
0.00372746
0.00376375
0.00377145
0.00370243
0.00359814
0.00340325
0.00317081
0.00285065
0.00250309
0.0020997
0.00169737
0.00129401
0.000927624
0.000630938
0.000407925
0.000328706
0.000351718
0.000582688
0.000927092
0.00152038
0.00221409
0.00316423
0.00417516
0.00541225
0.00664716
0.00804271
0.00935865
0.0107439
0.0119707
0.013164
0.0141332
0.0149716
0.0155464
0.0159137
0.0160135
0.0158614
0.0154756
0.0148305
0.0140198
0.0129775
0.0118611
0.0105684
0.00930198
0.0079295
0.00667709
0.00539048
0.00429672
0.00323009
0.00239827
0.00163584
0.0011154
0.000683823
0.000468921
0.000340722
0.000378942
0.000485112
0.000693489
0.000941766
0.00122577
0.00151957
0.00179227
0.00204706
0.00224004
0.0024028
0.00249064
0.00254891
0.00253912
0.00250583
0.00241903
0.00231535
0.00217461
0.00202349
0.00185167
0.00167652
0.00149598
0.00131812
0.00114679
0.000980841
0.000827784
0.000679773
0.000548615
0.000422963
0.000331961
0.000275636
0.00106854
0.00116287
0.00135343
0.00154892
0.00176238
0.00196768
0.00218584
0.00239865
0.00261894
0.0028362
0.00304677
0.00325485
0.00343297
0.00361002
0.00372871
0.00384961
0.00388274
0.00392187
0.00384514
0.00377711
0.00357209
0.0033771
0.00304341
0.00272328
0.00229788
0.00189474
0.00146093
0.00105782
0.000723617
0.000427118
0.000310626
0.000231457
0.000438444
0.000669268
0.00126949
0.0018624
0.00286954
0.00381908
0.00517949
0.0064158
0.00800965
0.00940433
0.01106
0.0124443
0.0139637
0.0151564
0.0163472
0.017185
0.0178926
0.0182597
0.018393
0.018241
0.0177874
0.0171428
0.0161692
0.0151276
0.013767
0.012475
0.010903
0.00953141
0.00793638
0.00665058
0.00520387
0.0041379
0.00296933
0.00220738
0.00139019
0.000958889
0.000505932
0.000377812
0.000248342
0.000354445
0.000469042
0.000717162
0.000976786
0.00127039
0.00157609
0.001831
0.0020949
0.00225867
0.00243145
0.00249051
0.00256075
0.00252705
0.00250439
0.00239883
0.00230206
0.00214791
0.00199975
0.00182083
0.00164619
0.00146417
0.00128541
0.00111539
0.000946575
0.000795404
0.000642881
0.000515976
0.000392721
0.000336359
0.00117813
0.00127524
0.00149961
0.0017009
0.00193078
0.00214155
0.00237483
0.00259139
0.00282381
0.00304112
0.00325704
0.00345986
0.00363326
0.00379894
0.00390018
0.00400375
0.00400468
0.00402155
0.00389765
0.00380491
0.00354126
0.00332364
0.00292819
0.00259341
0.00211761
0.00171315
0.00125511
0.000867792
0.000546218
0.000284258
0.000224726
0.000198515
0.000509972
0.000809815
0.00155988
0.00223377
0.00342843
0.00446554
0.00603846
0.00736299
0.00917788
0.0106555
0.0125224
0.0139791
0.0156818
0.0169318
0.018262
0.0191391
0.01993
0.0203162
0.0204699
0.0203158
0.0198186
0.0191509
0.0180738
0.0169896
0.0154752
0.0141232
0.0123606
0.010915
0.00910849
0.00773917
0.00607734
0.00492365
0.00355272
0.00270463
0.00171204
0.00120195
0.000611108
0.000416662
0.0001928
0.000248814
0.000313492
0.000529733
0.00078024
0.00106014
0.00138957
0.00164691
0.00195538
0.00213338
0.00235671
0.00243603
0.0025523
0.00253961
0.00255244
0.00246508
0.00239123
0.00225045
0.00211307
0.0019419
0.00176773
0.00158816
0.00140252
0.00123087
0.00105111
0.000895773
0.000729744
0.000597232
0.000450238
0.000390985
0.00128898
0.00139291
0.00161787
0.0018312
0.00206398
0.00228346
0.00252099
0.00274072
0.00297758
0.00318871
0.00340863
0.00359294
0.00376966
0.00390288
0.00400649
0.00406366
0.00406575
0.00402452
0.00390061
0.00374412
0.00347986
0.00320388
0.00280812
0.00243506
0.00195951
0.00155127
0.00109348
0.000746315
0.000424914
0.000251377
0.000191876
0.000301596
0.000612884
0.0010902
0.00183986
0.00272226
0.00391627
0.0051792
0.00675126
0.00830354
0.0101175
0.0118095
0.0136753
0.0153193
0.017021
0.0184196
0.0197491
0.0207278
0.0215182
0.0219537
0.0221074
0.0219478
0.0214508
0.0207235
0.019647
0.0184522
0.0169386
0.0154313
0.0136695
0.0120326
0.0102271
0.0086421
0.00698116
0.00560116
0.00423097
0.00316093
0.00216887
0.00145606
0.000865531
0.000500624
0.000276883
0.000204361
0.000269004
0.000403609
0.00065398
0.000898949
0.00122821
0.00149177
0.00180075
0.00201439
0.00223892
0.0023689
0.00248627
0.00252643
0.00253954
0.00249864
0.002424
0.00231865
0.00217956
0.00203101
0.00185443
0.00168518
0.00149668
0.00132529
0.00114275
0.000980636
0.000812761
0.000668348
0.000521006
0.000454596
0.00139163
0.00150188
0.00172739
0.00195186
0.00218732
0.00241488
0.00265635
0.002879
0.00311998
0.00332539
0.00354902
0.00371618
0.00389596
0.00399912
0.00410495
0.00411914
0.0041223
0.00402728
0.00390334
0.00368783
0.003423
0.00309297
0.00269693
0.00228842
0.0018131
0.00140137
0.000943805
0.00063382
0.00031258
0.000220926
0.000161455
0.000397055
0.000708188
0.00134985
0.00209914
0.00317463
0.00436805
0.00584008
0.00741136
0.00917454
0.0109876
0.0128781
0.014743
0.0165603
0.0182612
0.0197974
0.0211262
0.022199
0.0229891
0.0234701
0.0236237
0.0234591
0.0229624
0.0221798
0.0211039
0.0198067
0.0182938
0.0166426
0.0148817
0.0130676
0.011263
0.00947826
0.00781815
0.00622857
0.00485906
0.00358349
0.00259193
0.00169137
0.00110114
0.000578377
0.000354749
0.000163195
0.000227805
0.00028681
0.000537056
0.000749678
0.00107878
0.00134811
0.00165755
0.0019042
0.00212985
0.00230674
0.00242513
0.00251423
0.00252759
0.00252971
0.00245434
0.0023818
0.00224113
0.00211354
0.00193473
0.00177503
0.00158388
0.00141273
0.00122762
0.00105922
0.000889639
0.000734205
0.000586542
0.000513504
0.00148811
0.00160375
0.00182733
0.00206175
0.00229898
0.00253467
0.00277805
0.00300479
0.00324687
0.00344914
0.00367237
0.00382684
0.00400465
0.00408424
0.00418683
0.00416621
0.00416531
0.00402557
0.00389749
0.00363196
0.00336402
0.00298758
0.00259059
0.00215147
0.00167811
0.00126338
0.00081037
0.000532385
0.000217996
0.000196793
0.000145977
0.000489869
0.000810722
0.00159376
0.00235299
0.00359458
0.00479736
0.00644926
0.0080287
0.00997328
0.0117929
0.0138542
0.0157241
0.0176904
0.0193949
0.0210495
0.0223806
0.0235343
0.0243258
0.0248461
0.0250005
0.0248315
0.0243349
0.0235048
0.0224281
0.0210429
0.0195281
0.0177531
0.0159888
0.0140222
0.0122123
0.0102558
0.00858847
0.00681863
0.0054403
0.00398793
0.00298644
0.00192438
0.00132386
0.000665304
0.000431904
0.000137947
0.000194143
0.000188104
0.000431953
0.000616738
0.000941723
0.00121607
0.00152468
0.00179986
0.00202746
0.00224446
0.00236644
0.0024968
0.00251421
0.00255203
0.00248022
0.00243445
0.00229627
0.00218544
0.00200767
0.00185517
0.00166364
0.00149191
0.00130553
0.00113131
0.000960396
0.000795578
0.000648565
0.000569889
0.00159321
0.00170893
0.00190788
0.00214338
0.00238067
0.00261865
0.00285764
0.00308687
0.00331642
0.00352073
0.0037218
0.00387761
0.00402398
0.00410408
0.0041678
0.00414676
0.00410295
0.00396204
0.00379316
0.00352623
0.00322908
0.00285174
0.00244845
0.00200932
0.00156033
0.00114578
0.000749586
0.00047172
0.000244949
0.000223755
0.000285588
0.000629332
0.00107884
0.00186155
0.0027548
0.00399585
0.00532763
0.00697881
0.00867372
0.0106175
0.0125336
0.014594
0.0165395
0.018505
0.020265
0.0219189
0.0232882
0.0244414
0.0252567
0.0257767
0.0259423
0.0257734
0.0252755
0.0244458
0.0233531
0.0219685
0.0204197
0.0186454
0.0168253
0.0148597
0.01297
0.0110143
0.00924376
0.00747467
0.00597337
0.00452163
0.00338482
0.00232322
0.00158505
0.000926774
0.000564551
0.000270721
0.000217433
0.000211397
0.000373136
0.000557842
0.000832403
0.00110678
0.00139801
0.00167405
0.00191257
0.00213109
0.00228196
0.00241388
0.00246794
0.00250673
0.00247158
0.00242596
0.0023194
0.00220792
0.00205368
0.00189984
0.00172248
0.00154896
0.00136818
0.00119226
0.00102117
0.000855546
0.000721075
0.000642347
0.00168766
0.00180344
0.0019823
0.00221879
0.00245629
0.00269639
0.00293145
0.00316299
0.00338115
0.00358738
0.00376822
0.00392528
0.00404287
0.00412346
0.0041514
0.00413001
0.00404654
0.00390456
0.00369781
0.0034296
0.00310504
0.00272687
0.00231707
0.00187795
0.0014504
0.00103602
0.00069109
0.000413335
0.000266369
0.000245183
0.000410258
0.000753865
0.00132195
0.00210434
0.00312186
0.00436242
0.00581459
0.00746512
0.00926866
0.0112116
0.0132194
0.015279
0.017297
0.0192617
0.0210755
0.0227288
0.0241353
0.025288
0.0261264
0.0266462
0.0268224
0.0266535
0.0261536
0.0253242
0.0242152
0.0228311
0.0212486
0.0194751
0.0176011
0.0156362
0.0136706
0.0117156
0.00984765
0.00807927
0.00646292
0.00501176
0.00374916
0.00268799
0.00182251
0.0011645
0.000683666
0.000389953
0.000236293
0.000230259
0.000317105
0.000501738
0.000730762
0.00100516
0.00128105
0.00155788
0.00180699
0.00202691
0.00220475
0.00233808
0.00242611
0.00246579
0.00246444
0.00241894
0.00234142
0.00222933
0.00209659
0.0019415
0.00177703
0.00160185
0.00142609
0.00124859
0.00107715
0.000910788
0.000786257
0.000707484
0.00172724
0.00184302
0.00204887
0.00228625
0.00252581
0.00276785
0.00300179
0.00323552
0.00344756
0.00365573
0.00382348
0.00398201
0.00407868
0.00416014
0.00415976
0.00413852
0.00402115
0.00387865
0.00363602
0.00336698
0.00301039
0.00263161
0.002201
0.00176188
0.00133254
0.000918305
0.000595821
0.000318169
0.000220238
0.00019906
0.000439645
0.000783125
0.00145047
0.00223257
0.00336787
0.00460797
0.00618928
0.00783919
0.00977494
0.0117172
0.0138518
0.0159106
0.0180422
0.0200062
0.0219139
0.0235665
0.0250424
0.0261947
0.0270749
0.0275945
0.0277833
0.0276145
0.0270981
0.026269
0.0251153
0.0237317
0.0220787
0.0203058
0.0183385
0.0163744
0.0142975
0.0123433
0.0103521
0.00858438
0.00683981
0.00538919
0.00400119
0.00294041
0.0019602
0.00130244
0.000724569
0.000430965
0.000203294
0.000197262
0.00023611
0.000420674
0.000628114
0.000902552
0.00118043
0.00145795
0.00172618
0.00194717
0.00215365
0.00228794
0.00240705
0.00244714
0.00247409
0.00242835
0.00237305
0.00226013
0.00214213
0.00198573
0.00182874
0.00165198
0.00147795
0.00129904
0.00112512
0.00095813
0.00081401
0.000735232
0.0017639
0.00187968
0.00211052
0.00234872
0.00259019
0.00283404
0.00306694
0.00330269
0.00350906
0.00371902
0.00387466
0.00403454
0.00411184
0.00419411
0.00416749
0.00414641
0.00399763
0.00385466
0.0035788
0.003309
0.00292273
0.00254339
0.0020935
0.00165439
0.00122338
0.000809295
0.000507596
0.000230039
0.000177517
0.000156346
0.000466859
0.000810222
0.00156948
0.00235132
0.00359569
0.00483536
0.00653626
0.00818561
0.0102438
0.0121854
0.0144374
0.0164955
0.0187323
0.0206956
0.0226903
0.0243423
0.0258825
0.0270343
0.0279532
0.0284727
0.0286732
0.0285045
0.0279727
0.0271439
0.0259489
0.0245658
0.0228473
0.021075
0.0190215
0.017058
0.0148782
0.0129246
0.0108193
0.00905215
0.00718883
0.00573871
0.00423458
0.00317416
0.00208772
0.00143017
0.000762448
0.000468944
0.000172735
0.000166705
0.000161102
0.000345604
0.000533055
0.000807527
0.00108725
0.0013654
0.00165135
0.00187332
0.00210633
0.0022415
0.0023894
0.00242988
0.00248303
0.00243706
0.00240235
0.00228865
0.0021843
0.00202669
0.00187663
0.00169841
0.00152598
0.00134576
0.00116955
0.00100197
0.00083971
0.000760929
0.00179389
0.00191015
0.00214927
0.00238748
0.00263152
0.00287413
0.00310904
0.00334229
0.00354893
0.00375466
0.00390798
0.00406164
0.00413374
0.00420793
0.00417323
0.0041428
0.00398349
0.00383088
0.00354328
0.00326499
0.00286802
0.00248325
0.0020266
0.00158703
0.00115578
0.000747875
0.000453153
0.000189025
0.000151623
0.000150817
0.000484534
0.000854128
0.00164382
0.00245605
0.00373645
0.00500859
0.00674893
0.00843064
0.0105291
0.012501
0.0147916
0.0168764
0.0191477
0.021133
0.0231562
0.024825
0.0263862
0.0275493
0.0284809
0.0290061
0.0292106
0.0290422
0.0285054
0.0276714
0.0264628
0.0250689
0.023329
0.0215401
0.0194583
0.0174728
0.0152592
0.0132787
0.0111358
0.00933811
0.00743567
0.00595291
0.00441045
0.00331745
0.00219587
0.00150807
0.000810586
0.000491283
0.000172329
0.00014662
0.000126229
0.000298152
0.000478687
0.000747831
0.00102849
0.00130742
0.00160021
0.00182741
0.00207028
0.00221311
0.00237121
0.00242006
0.00248191
0.00244369
0.00241523
0.00230777
0.00220688
0.00205361
0.00190435
0.00172866
0.00155507
0.00137588
0.00119753
0.00102953
0.000861254
0.000781808
0.00181965
0.00193662
0.00217584
0.00241489
0.0026596
0.00290179
0.00313763
0.00336858
0.0035761
0.0037769
0.00393087
0.00407656
0.00414905
0.00421236
0.00417775
0.00413421
0.00397468
0.00380808
0.00352009
0.00322915
0.00283186
0.00243881
0.0019821
0.00154169
0.00111056
0.000711532
0.000416896
0.000172135
0.000134743
0.000163371
0.00049699
0.000904559
0.00169402
0.00255031
0.00383034
0.0051496
0.00688943
0.00861818
0.0107161
0.012732
0.015022
0.0171456
0.0194163
0.0214336
0.0234562
0.0251494
0.0267102
0.0278898
0.0288211
0.0293548
0.0295592
0.0293912
0.0288546
0.0280129
0.0268047
0.0253948
0.0236555
0.0218424
0.0197612
0.0177436
0.0155306
0.013511
0.0113687
0.00952647
0.00762458
0.0060944
0.00455239
0.00341212
0.00229087
0.00155923
0.000861949
0.000505303
0.000186443
0.000132287
0.000111902
0.000265671
0.000446155
0.000707687
0.000988437
0.00126893
0.00156208
0.00179735
0.00204072
0.00219498
0.00235349
0.00241443
0.00247643
0.00244903
0.00242043
0.00232136
0.00222006
0.00207227
0.0019224
0.00174941
0.00157514
0.00139643
0.0012176
0.00104842
0.000880069
0.000799659
0.0018435
0.00196112
0.00220044
0.00244028
0.00268561
0.0029274
0.00316411
0.00339294
0.00360126
0.00379749
0.00395207
0.00409038
0.00416323
0.00421647
0.00418193
0.00412626
0.00396651
0.00378697
0.00349861
0.00319597
0.00279838
0.00239765
0.00194089
0.0014997
0.00106868
0.000677875
0.00038332
0.000156493
0.000119111
0.000174998
0.000508526
0.000951262
0.00174051
0.0026376
0.00391728
0.00528018
0.00701955
0.00879185
0.0108892
0.0129459
0.0152353
0.0173949
0.0196649
0.021712
0.023734
0.0254499
0.0270102
0.0282051
0.0291362
0.0296777
0.029882
0.0297145
0.029178
0.0283292
0.0271213
0.0256967
0.0239578
0.0221224
0.0200417
0.0179943
0.0157819
0.0137261
0.0115844
0.00970089
0.00779952
0.00622542
0.00468384
0.00349979
0.00237885
0.00160661
0.000909514
0.000518287
0.000199514
0.000119014
9.86344e-05
0.000235593
0.000416029
0.000670511
0.000951344
0.00123328
0.00152677
0.00176952
0.00201334
0.00217819
0.00233708
0.00240921
0.00247135
0.00245397
0.00242525
0.00233393
0.00223227
0.00208954
0.00193911
0.00176861
0.00159371
0.00141547
0.00123618
0.00106591
0.000897493
0.00081619
0.00186559
0.00198382
0.00222322
0.00246378
0.00270969
0.00295112
0.00318863
0.00341549
0.00362457
0.00381655
0.0039717
0.00410318
0.00417637
0.00422028
0.0041858
0.00411889
0.00395895
0.00376742
0.00347872
0.00316524
0.00276737
0.00235954
0.00190272
0.00146081
0.0010299
0.000646707
0.000352226
0.000142008
0.000104635
0.000185764
0.000519209
0.000994512
0.00178356
0.00271844
0.00399779
0.00540111
0.00714004
0.00895269
0.0110495
0.0131441
0.0154328
0.0176258
0.0198952
0.0219698
0.0239913
0.0257282
0.0272881
0.0284971
0.0294279
0.0299768
0.030181
0.0300138
0.0294775
0.0286221
0.0274145
0.0259763
0.0242378
0.0223816
0.0203015
0.0182265
0.0160147
0.0139252
0.0117841
0.00986242
0.00796153
0.00634676
0.00480557
0.00358098
0.00246032
0.00165048
0.000953562
0.000530311
0.000211618
0.000106722
8.63476e-05
0.000207738
0.00038813
0.000636083
0.000916994
0.00120027
0.00149406
0.00174375
0.00198799
0.00216265
0.00232188
0.00240438
0.00246665
0.00245855
0.0024297
0.00234558
0.00224358
0.00210554
0.00195458
0.0017864
0.00161092
0.0014331
0.00125339
0.00108211
0.000913628
0.000831499
0.00188605
0.00200483
0.00224432
0.00248555
0.00273199
0.00297309
0.00321133
0.00343637
0.00364615
0.00383421
0.00398989
0.00411503
0.00418853
0.0042238
0.00418939
0.00411207
0.00395195
0.00374931
0.00346031
0.00313678
0.00273866
0.00232425
0.00186738
0.0014248
0.000993985
0.000617844
0.000323431
0.000128593
9.123e-05
0.000195735
0.000529102
0.00103456
0.00182342
0.0027933
0.00407236
0.0055131
0.00725162
0.00910163
0.0111979
0.0133275
0.0156158
0.0178395
0.0201085
0.0222086
0.0242296
0.0259858
0.0275454
0.0287676
0.0296981
0.0302537
0.0304579
0.030291
0.0297548
0.0288934
0.0276861
0.0262352
0.0244971
0.0226217
0.020542
0.0184416
0.0162303
0.0141097
0.011969
0.010012
0.00811156
0.00645913
0.0049183
0.00365616
0.00253576
0.00169111
0.000994353
0.000541446
0.000222828
9.53385e-05
7.49692e-05
0.000181943
0.000362294
0.000604202
0.000885183
0.0011697
0.00146378
0.00171988
0.00196451
0.00214825
0.00230781
0.00239991
0.0024623
0.00246279
0.00243383
0.00235637
0.00225405
0.00212035
0.00196891
0.00180287
0.00162685
0.00144942
0.00126933
0.00109711
0.00092857
0.000845676
0.001905
0.0020243
0.00226386
0.00250572
0.00275264
0.00299343
0.00323236
0.00345572
0.00366613
0.00385056
0.00400672
0.00412601
0.00419979
0.00422707
0.00419271
0.00410576
0.00394546
0.00373254
0.00344325
0.00311042
0.00271207
0.00229156
0.00183466
0.00139145
0.000960727
0.000591114
0.000296765
0.000116171
7.88156e-05
0.000204968
0.000538263
0.00107165
0.00186034
0.00286262
0.00414141
0.00561681
0.00735495
0.00923956
0.0113354
0.0134974
0.0157852
0.0180375
0.020306
0.0224296
0.0244502
0.0262245
0.0277837
0.029018
0.0299484
0.0305101
0.0307143
0.0305478
0.0300117
0.0291446
0.0279375
0.0264749
0.0247372
0.0228441
0.0207648
0.0186407
0.0164299
0.0142805
0.0121403
0.0101505
0.0082505
0.00656319
0.00502269
0.00372579
0.00260563
0.00172873
0.00103213
0.000551758
0.000233208
8.47971e-05
6.44322e-05
0.000158055
0.000338368
0.000574677
0.000855724
0.0011414
0.00143573
0.00169778
0.00194277
0.00213492
0.00229477
0.00239576
0.00245827
0.00246671
0.00243766
0.00236635
0.00226375
0.00213407
0.00198219
0.00181813
0.0016416
0.00146454
0.00128409
0.001111
0.000942408
0.000858805
0.00192254
0.00204232
0.00228195
0.00252439
0.00277176
0.00301226
0.00325183
0.00347363
0.00368464
0.00386571
0.00402231
0.00413617
0.00421022
0.00423009
0.00419579
0.00409991
0.00393946
0.00371702
0.00342745
0.00308602
0.00268744
0.00226129
0.00180435
0.00136056
0.000929928
0.000566361
0.000272071
0.000104667
6.73192e-05
0.000213519
0.000546747
0.001106
0.00189454
0.00292682
0.00420535
0.00571285
0.00745065
0.00936729
0.0114627
0.0136548
0.015942
0.0182209
0.0204889
0.0226344
0.0246546
0.0264455
0.0280044
0.0292499
0.0301801
0.0307476
0.0309517
0.0307855
0.0302495
0.0293772
0.0281704
0.0266969
0.0249596
0.02305
0.0209711
0.0188251
0.0166147
0.0144387
0.0122989
0.0102788
0.00837916
0.00665956
0.00511937
0.00379027
0.00267033
0.00176358
0.00106711
0.000561307
0.000242821
7.5035e-05
5.46742e-05
0.000135933
0.000316211
0.000547336
0.000828443
0.00111518
0.00140976
0.00167731
0.00192264
0.00212257
0.0022827
0.00239193
0.00245454
0.00247035
0.0024412
0.0023756
0.00227273
0.00214677
0.00199448
0.00183225
0.00165527
0.00147854
0.00129776
0.00112387
0.000955222
0.000870963
0.00193599
0.00205582
0.00228369
0.00252691
0.00277253
0.0030145
0.00325158
0.00347486
0.00368309
0.00386528
0.00401918
0.00413365
0.00420545
0.00422533
0.00418961
0.00409308
0.00393245
0.00370879
0.00342059
0.00307774
0.00268218
0.002255
0.00180255
0.00135866
0.000933509
0.000570602
0.000282188
0.000116119
8.43335e-05
0.000232496
0.000569925
0.00113165
0.001922
0.00295709
0.0042343
0.00574473
0.0074778
0.0093973
0.0114849
0.0136796
0.0159568
0.0182379
0.020495
0.0226424
0.0246524
0.0264446
0.0279956
0.029242
0.0301676
0.0307356
0.030939
0.0307729
0.0302402
0.0293675
0.0281674
0.0266931
0.0249648
0.0230538
0.020985
0.0188371
0.0166363
0.014458
0.0123262
0.0103035
0.00840937
0.00668685
0.00514941
0.00381734
0.0026974
0.00178784
0.00108904
0.0005808
0.000258355
8.86761e-05
6.353e-05
0.00014355
0.000318841
0.000549514
0.00082599
0.00111335
0.00140421
0.00167306
0.00191597
0.00211731
0.00227646
0.00238672
0.00244968
0.00246596
0.00243821
0.0023725
0.00227168
0.0021451
0.00199509
0.00183187
0.00165698
0.00147921
0.00129992
0.00112543
0.000964735
0.000880406
0.00194814
0.00206796
0.00228414
0.00252736
0.00277226
0.00301429
0.0032503
0.00347364
0.0036805
0.0038627
0.00401514
0.00412955
0.00420005
0.00421981
0.00418325
0.00408655
0.00392585
0.00370203
0.00341493
0.003072
0.00267906
0.00225192
0.0018038
0.00135999
0.00094039
0.000577546
0.000295219
0.000129179
0.000103161
0.000251298
0.000593089
0.00115472
0.00194697
0.00298188
0.00425774
0.00576792
0.00749612
0.00941529
0.0114948
0.0136891
0.0159561
0.0182367
0.0204826
0.0226296
0.0246291
0.0264211
0.0279638
0.02921
0.0301307
0.0306987
0.0309015
0.0307353
0.0302061
0.0293335
0.0281403
0.0266663
0.0249473
0.0230366
0.0209781
0.0188306
0.0166397
0.0144618
0.0123382
0.0103158
0.00842747
0.00670525
0.00517064
0.0038388
0.00271883
0.00180941
0.00110819
0.000600035
0.000273477
0.000103827
7.37175e-05
0.000153723
0.000323953
0.00055458
0.000826594
0.00111391
0.00140155
0.00167044
0.00191147
0.00211292
0.00227138
0.00238178
0.00244498
0.00246137
0.00243451
0.00236887
0.0022693
0.00214272
0.00199401
0.00183074
0.00165693
0.0014791
0.00130058
0.00112609
0.000973282
0.000888958
0.0019594
0.00207921
0.00228456
0.00252778
0.002772
0.0030141
0.00324911
0.00347252
0.0036781
0.00386031
0.00401139
0.00412576
0.00419505
0.00421471
0.00417735
0.00408051
0.00391973
0.00369577
0.00340968
0.00306669
0.00267618
0.00224906
0.00180496
0.00136122
0.000946762
0.000583975
0.000307287
0.000141273
0.000120596
0.00026871
0.000614541
0.00117608
0.00197009
0.00300483
0.00427946
0.00578939
0.00751309
0.00943196
0.011504
0.013698
0.0159553
0.0182357
0.0204712
0.0226178
0.0246076
0.0263992
0.0279343
0.0291803
0.0300966
0.0306645
0.0308666
0.0307005
0.0301745
0.029302
0.0281153
0.0266415
0.0249311
0.0230207
0.0209717
0.0188246
0.0166429
0.0144653
0.0123494
0.0103273
0.00844424
0.00672229
0.00519029
0.00385866
0.00273867
0.0018294
0.00112592
0.000617847
0.00028748
0.000117858
8.31519e-05
0.000163145
0.000328688
0.000559271
0.000827154
0.00111444
0.00139909
0.00166801
0.0019073
0.00210885
0.00226668
0.0023772
0.00244063
0.00245712
0.00243109
0.0023655
0.00226709
0.00214052
0.00199301
0.0018297
0.00165688
0.001479
0.00130119
0.0011267
0.000981198
0.000896878
0.00196982
0.00208963
0.00228495
0.00252817
0.00277176
0.00301392
0.00324801
0.00347147
0.00367588
0.0038581
0.00400792
0.00412224
0.00419042
0.00420998
0.00417189
0.00407491
0.00391407
0.00368998
0.00340483
0.00306177
0.0026735
0.00224642
0.00180603
0.00136236
0.000952663
0.00058993
0.000318462
0.000152472
0.000136742
0.000284835
0.000634407
0.00119586
0.0019915
0.00302609
0.00429957
0.00580928
0.0075288
0.00944739
0.0115126
0.0137062
0.0159547
0.0182346
0.0204605
0.0226068
0.0245876
0.026379
0.027907
0.0291528
0.0300651
0.0306328
0.0308344
0.0306683
0.0301452
0.0292729
0.028092
0.0266185
0.024916
0.023006
0.0209659
0.0188191
0.0166458
0.0144685
0.0123597
0.0103379
0.00845976
0.00673807
0.00520849
0.00387706
0.00275704
0.0018479
0.00114234
0.000634342
0.000300449
0.000130851
9.18886e-05
0.00017187
0.000333072
0.000563615
0.000827673
0.00111492
0.00139682
0.00166576
0.00190344
0.00210509
0.00226233
0.00237297
0.0024366
0.00245318
0.00242792
0.00236239
0.00226504
0.00213849
0.00199208
0.00182874
0.00165683
0.00147891
0.00130176
0.00112726
0.000988529
0.000904212
0.00197947
0.00209928
0.00228531
0.00252853
0.00277154
0.00301375
0.003247
0.00347051
0.00367382
0.00385605
0.00400471
0.00411898
0.00418613
0.0042056
0.00416684
0.00406973
0.00390883
0.00368461
0.00340033
0.00305721
0.00267103
0.00224397
0.00180702
0.00136341
0.000958128
0.000595444
0.000328811
0.000162844
0.000151695
0.000299767
0.000652804
0.00121419
0.00201133
0.00304578
0.00431819
0.00582769
0.00754335
0.00946168
0.0115204
0.0137137
0.015954
0.0182337
0.0204507
0.0225967
0.0245692
0.0263603
0.0278818
0.0291274
0.0300358
0.0306035
0.0308045
0.0306385
0.0301181
0.0292459
0.0280706
0.0265972
0.0249021
0.0229924
0.0209604
0.0188139
0.0166485
0.0144715
0.0123692
0.0103477
0.00847414
0.00675268
0.00522535
0.0038941
0.00277405
0.00186504
0.00115755
0.000649617
0.000312458
0.000142883
9.99794e-05
0.00017995
0.000337132
0.000567638
0.000828153
0.00111537
0.00139471
0.00166368
0.00189987
0.00210161
0.0022583
0.00236904
0.00243287
0.00244954
0.00242498
0.0023595
0.00226315
0.0021366
0.00199122
0.00182784
0.00165679
0.00147883
0.00130228
0.00112778
0.000995318
0.000911004
)
;

boundaryField
{
    inlet
    {
        type            cyclic;
    }
    outlet
    {
        type            cyclic;
    }
    top
    {
        type            zeroGradient;
    }
    hills
    {
        type            zeroGradient;
    }
    front
    {
        type            empty;
    }
    back
    {
        type            empty;
    }
}


// ************************************************************************* //
