/*--------------------------------*- C++ -*----------------------------------*\
| =========                 |                                                 |
| \\      /  F ield         | OpenFOAM: The Open Source CFD Toolbox           |
|  \\    /   O peration     | Version:  v2106                                 |
|   \\  /    A nd           | Website:  www.openfoam.com                      |
|    \\/     M anipulation  |                                                 |
\*---------------------------------------------------------------------------*/
FoamFile
{
    version     2.0;
    format      ascii;
    arch        "LSB;label=32;scalar=64";
    class       volScalarField;
    location    "0";
    object      expGpCoeffs14;
}
// * * * * * * * * * * * * * * * * * * * * * * * * * * * * * * * * * * * * * //

dimensions      [0 0 0 0 0 0 0];

internalField   nonuniform List<scalar> 
8000
(
0.106883
0.105209
0.102173
0.0978657
0.0926286
0.0866467
0.0799802
0.0725697
0.0645601
0.0558847
0.0467903
0.0373108
0.027762
0.018187
0.00902297
0.000236804
-0.0077326
-0.0149386
-0.0212377
-0.026632
-0.0313191
-0.0352667
-0.0388037
-0.0418936
-0.0447863
-0.0474797
-0.0500582
-0.0525214
-0.0548621
-0.0570778
-0.0591508
-0.0610793
-0.0628545
-0.0644758
-0.0659451
-0.0672628
-0.0684421
-0.0694844
-0.0704134
-0.0712313
-0.0719697
-0.0726311
-0.0732507
-0.0738314
-0.0744069
-0.0749798
-0.0755772
-0.076201
-0.0768677
-0.0775782
-0.0783354
-0.0791389
-0.0799772
-0.0808485
-0.0817277
-0.0826121
-0.0834655
-0.0842843
-0.085025
-0.0856836
-0.0862137
-0.0866114
-0.0868318
-0.0868714
-0.0866912
-0.0862884
-0.0856333
-0.0847241
-0.0835433
-0.0820902
-0.0803608
-0.0783559
-0.0760859
-0.0735526
-0.0707467
-0.0676659
-0.0641385
-0.0601718
-0.0554017
-0.0498824
-0.043308
-0.0357282
-0.0271292
-0.0175156
-0.00727036
0.00366506
0.0146727
0.0257853
0.0364989
0.0467662
0.0562761
0.0649969
0.0727622
0.0796303
0.0856606
0.0909264
0.0955632
0.0994501
0.10225
0.103834
0.107018
0.105344
0.102251
0.0979449
0.0926912
0.0867094
0.0800445
0.0726329
0.0646129
0.0559356
0.0468185
0.0373366
0.0277577
0.0181798
0.00897877
0.000189432
-0.00780394
-0.0150123
-0.0213054
-0.0267006
-0.0313651
-0.0353127
-0.0388262
-0.0419158
-0.044796
-0.0474891
-0.0500673
-0.0525303
-0.0548732
-0.0570887
-0.0591631
-0.0610913
-0.0628672
-0.0644883
-0.0659572
-0.0672746
-0.0684524
-0.0694946
-0.0704213
-0.0712391
-0.0719745
-0.0726359
-0.0732525
-0.0738331
-0.0744059
-0.0749787
-0.0755742
-0.0761979
-0.0768638
-0.0775742
-0.0783319
-0.0791353
-0.0799753
-0.0808465
-0.0817286
-0.0826129
-0.08347
-0.0842887
-0.0850335
-0.085692
-0.0862263
-0.0866239
-0.0868482
-0.0868877
-0.0867106
-0.0863078
-0.0856547
-0.0847456
-0.0835656
-0.0821127
-0.0803828
-0.0783782
-0.0761062
-0.0735733
-0.0707702
-0.0676897
-0.0641861
-0.0602198
-0.0554782
-0.0499588
-0.0433947
-0.0358138
-0.0272009
-0.0175847
-0.00729654
0.00364209
0.0146961
0.0258112
0.0365566
0.0468256
0.0563563
0.0650781
0.0728439
0.0797122
0.0857182
0.0909838
0.0956228
0.0995088
0.102378
0.103962
0.107164
0.10549
0.102335
0.0980303
0.0927587
0.0867771
0.0801139
0.0727012
0.0646699
0.0559906
0.0468489
0.0373644
0.027753
0.018172
0.00893105
0.000138278
-0.00788099
-0.0150918
-0.0213784
-0.0267746
-0.0314149
-0.0353624
-0.0388506
-0.0419397
-0.0448065
-0.0474993
-0.0500772
-0.0525398
-0.0548852
-0.0571003
-0.0591764
-0.0611044
-0.0628809
-0.0645017
-0.0659701
-0.0672874
-0.0684636
-0.0695056
-0.0704297
-0.0712475
-0.0719797
-0.072641
-0.0732543
-0.0738349
-0.0744048
-0.0749775
-0.0755709
-0.0761945
-0.0768596
-0.0775699
-0.0783281
-0.0791314
-0.0799733
-0.0808444
-0.0817296
-0.0826138
-0.0834749
-0.0842934
-0.0850427
-0.0857011
-0.0862399
-0.0866375
-0.0868658
-0.0869054
-0.0867315
-0.0863287
-0.0856778
-0.0847689
-0.0835897
-0.082137
-0.0804065
-0.0784022
-0.0761282
-0.0735956
-0.0707955
-0.0677155
-0.0642374
-0.0602716
-0.0555607
-0.0500414
-0.0434884
-0.0359063
-0.0272784
-0.0176593
-0.00732481
0.00361728
0.0147213
0.0258392
0.0366189
0.0468898
0.0564428
0.0651657
0.0729321
0.0798007
0.0857804
0.0910458
0.0956872
0.0995722
0.102516
0.104099
0.107321
0.105648
0.102426
0.0981226
0.0928317
0.0868502
0.0801889
0.0727749
0.0647314
0.0560499
0.0468817
0.0373945
0.027748
0.0181635
0.00887951
8.30392e-05
-0.00796419
-0.0151778
-0.0214572
-0.0268545
-0.0314686
-0.0354161
-0.0388769
-0.0419656
-0.0448179
-0.0475102
-0.0500879
-0.0525501
-0.0548982
-0.057113
-0.0591908
-0.0611185
-0.0628957
-0.0645163
-0.0659841
-0.0673012
-0.0684757
-0.0695175
-0.0704389
-0.0712565
-0.0719854
-0.0726466
-0.0732564
-0.0738368
-0.0744036
-0.0749762
-0.0755674
-0.0761909
-0.0768551
-0.0775653
-0.078324
-0.0791272
-0.0799711
-0.0808421
-0.0817307
-0.0826147
-0.0834801
-0.0842985
-0.0850526
-0.085711
-0.0862546
-0.0866521
-0.0868848
-0.0869244
-0.0867541
-0.0863514
-0.0857028
-0.084794
-0.0836157
-0.0821632
-0.0804321
-0.0784281
-0.076152
-0.0736198
-0.0708229
-0.0677433
-0.0642928
-0.0603276
-0.0556499
-0.0501305
-0.0435896
-0.0360061
-0.027362
-0.0177399
-0.00735533
0.00359049
0.0147485
0.0258695
0.0366861
0.0469591
0.0565363
0.0652603
0.0730273
0.0798962
0.0858476
0.0911128
0.0957567
0.0996407
0.102665
0.104248
0.107491
0.105818
0.102524
0.0982241
0.0929105
0.0869292
0.0802699
0.0728546
0.0647978
0.056114
0.0469172
0.037427
0.0277426
0.0181544
0.00882386
2.33904e-05
-0.00805402
-0.0152706
-0.0215424
-0.0269408
-0.0315266
-0.035474
-0.0389053
-0.0419935
-0.0448301
-0.0475221
-0.0500995
-0.0525613
-0.0549121
-0.0571266
-0.0592063
-0.0611337
-0.0629116
-0.064532
-0.0659993
-0.0673161
-0.0684887
-0.0695304
-0.0704488
-0.0712663
-0.0719915
-0.0726526
-0.0732586
-0.0738389
-0.0744023
-0.0749748
-0.0755636
-0.076187
-0.0768502
-0.0775602
-0.0783196
-0.0791226
-0.0799688
-0.0808396
-0.0817318
-0.0826157
-0.0834858
-0.084304
-0.0850634
-0.0857216
-0.0862705
-0.0866679
-0.0869054
-0.0869449
-0.0867784
-0.0863758
-0.0857297
-0.0848211
-0.0836438
-0.0821915
-0.0804598
-0.0784561
-0.0761776
-0.0736458
-0.0708524
-0.0677733
-0.0643527
-0.060388
-0.0557461
-0.0502267
-0.0436988
-0.0361139
-0.0274523
-0.0178268
-0.00738829
0.00356156
0.0147779
0.0259022
0.0367587
0.0470339
0.0566372
0.0653624
0.0731302
0.0799994
0.0859201
0.0911851
0.0958311
0.0997147
0.102826
0.104409
0.107663
0.105984
0.102655
0.0983446
0.0930093
0.0870629
0.0803651
0.0729805
0.0648722
0.0561982
0.0469666
0.0374956
0.0277605
0.0182001
0.00877325
-2.86369e-05
-0.00815104
-0.0153708
-0.0216344
-0.027034
-0.0315892
-0.0355366
-0.038936
-0.0420237
-0.0448135
-0.0475037
-0.0500808
-0.0525398
-0.0548933
-0.0571041
-0.0591857
-0.0611086
-0.0628872
-0.0645026
-0.0659693
-0.0672809
-0.0684516
-0.0694879
-0.0704034
-0.0712156
-0.0719374
-0.0725933
-0.0731957
-0.0737718
-0.074332
-0.0749008
-0.0754873
-0.076108
-0.0767701
-0.0774786
-0.0782386
-0.0790406
-0.079889
-0.08076
-0.0816556
-0.0825407
-0.0834152
-0.0842352
-0.0849995
-0.0856603
-0.0862143
-0.0866144
-0.0868566
-0.0868994
-0.0867365
-0.0863375
-0.0856938
-0.0847887
-0.0836124
-0.0821636
-0.0804312
-0.0784308
-0.0761501
-0.0736213
-0.0708313
-0.0677546
-0.0644173
-0.0604533
-0.05585
-0.0503306
-0.0438168
-0.0362303
-0.0275498
-0.0179208
-0.00740919
0.0035409
0.0148714
0.0259617
0.0368708
0.0471244
0.0567591
0.0654743
0.0732672
0.0801108
0.0860215
0.0912627
0.0959069
0.0998088
0.102973
0.104563
0.107827
0.10613
0.102802
0.0984748
0.0931412
0.0872284
0.080532
0.0732272
0.0651218
0.0565438
0.0473176
0.0379268
0.0281989
0.0186782
0.00925949
0.000443331
-0.00769527
-0.0150067
-0.0212586
-0.0267646
-0.0312959
-0.035307
-0.0386688
-0.0417657
-0.0445194
-0.0471961
-0.0497727
-0.0522064
-0.0545595
-0.0567359
-0.0588171
-0.0606977
-0.0624759
-0.0640427
-0.0655091
-0.0667678
-0.0679384
-0.0689202
-0.0698356
-0.0705944
-0.0713161
-0.0719224
-0.0725247
-0.0730572
-0.0736172
-0.0741503
-0.0747367
-0.075331
-0.0759929
-0.0766849
-0.0774447
-0.0782402
-0.0790884
-0.0799626
-0.080858
-0.0817551
-0.0826294
-0.0834692
-0.0842333
-0.0849202
-0.085474
-0.0859049
-0.086147
-0.0862236
-0.0860607
-0.0856969
-0.0850534
-0.0841832
-0.0830071
-0.0815917
-0.0798596
-0.0778898
-0.0756095
-0.0731077
-0.0703182
-0.067261
-0.0639859
-0.0600203
-0.0554768
-0.0498873
-0.0434038
-0.035706
-0.0270387
-0.0173342
-0.00680304
0.00412172
0.0154425
0.0264492
0.0373503
0.0474818
0.0571111
0.0656963
0.0734869
0.0802308
0.0861411
0.0913455
0.0959888
0.0999137
0.103077
0.104689
0.108003
0.106287
0.10296
0.0986153
0.0932837
0.087407
0.0807123
0.0734935
0.0653914
0.056917
0.0476965
0.0383924
0.0286723
0.0191945
0.00978455
0.000952982
-0.00717699
-0.0145532
-0.0207982
-0.0263847
-0.0309116
-0.0349784
-0.0383382
-0.0414486
-0.0442017
-0.046864
-0.0494401
-0.0518463
-0.0541989
-0.0563383
-0.058419
-0.0602539
-0.0620318
-0.063546
-0.0650121
-0.0662138
-0.0673841
-0.0683072
-0.0692224
-0.0699237
-0.0706452
-0.071198
-0.0718001
-0.0722855
-0.0728455
-0.07334
-0.0739263
-0.0744919
-0.0751537
-0.0758277
-0.0765874
-0.0773758
-0.0782239
-0.0791014
-0.0799967
-0.0809068
-0.0817809
-0.0826421
-0.083406
-0.084121
-0.0846747
-0.0851388
-0.0853808
-0.0854939
-0.085331
-0.0850052
-0.0843618
-0.0835293
-0.0823535
-0.0809741
-0.0792424
-0.0773056
-0.0750258
-0.0725531
-0.0697642
-0.066728
-0.0634536
-0.0594823
-0.0549419
-0.0493046
-0.0428278
-0.0350652
-0.0264076
-0.0166686
-0.0061485
0.0047489
0.0160592
0.0269755
0.0378681
0.0478677
0.0574913
0.065936
0.0737242
0.0803604
0.0862701
0.0914349
0.0960773
0.100027
0.103189
0.104826
0.108194
0.106456
0.103131
0.0987671
0.0934376
0.0875999
0.080907
0.0737811
0.0656825
0.05732
0.0481058
0.0388952
0.0291835
0.019752
0.0103515
0.00150332
-0.00661734
-0.0140636
-0.020301
-0.0259745
-0.0304965
-0.0346236
-0.0379812
-0.0411062
-0.0438587
-0.0465054
-0.0490809
-0.0514575
-0.0538096
-0.0559089
-0.0579892
-0.0597747
-0.0615522
-0.0630096
-0.0644754
-0.0656155
-0.0667856
-0.0676452
-0.0685602
-0.0691994
-0.0699207
-0.0704157
-0.0710177
-0.0714522
-0.0720121
-0.0724649
-0.0730511
-0.0735858
-0.0742474
-0.0749021
-0.0756616
-0.0764424
-0.0772903
-0.0781716
-0.0790667
-0.0799908
-0.0808647
-0.0817489
-0.0825126
-0.083258
-0.0838116
-0.0843115
-0.0845535
-0.0847059
-0.0845431
-0.0842582
-0.083615
-0.0828233
-0.0816477
-0.0803072
-0.0785759
-0.0766748
-0.0743955
-0.0719542
-0.0691659
-0.0661525
-0.0628788
-0.0589014
-0.0543643
-0.0486753
-0.0422058
-0.0343733
-0.0257262
-0.0159499
-0.00544169
0.00542617
0.0167252
0.0275438
0.0384272
0.0482844
0.0579019
0.0661949
0.0739804
0.0805003
0.0864095
0.0915314
0.0961728
0.100149
0.10331
0.104973
0.1084
0.106639
0.103315
0.098931
0.0936038
0.0878082
0.0811172
0.0740917
0.0659968
0.0577552
0.0485477
0.0394382
0.0297354
0.020354
0.0109638
0.00209761
-0.00601301
-0.0135349
-0.0197642
-0.0255315
-0.0300483
-0.0342404
-0.0375957
-0.0407365
-0.0434883
-0.0461181
-0.048693
-0.0510377
-0.0533892
-0.0554453
-0.0575251
-0.0592573
-0.0610344
-0.0624305
-0.0638959
-0.0649695
-0.0661393
-0.0669304
-0.0678452
-0.0684172
-0.0691384
-0.0695709
-0.0701727
-0.0705524
-0.0711121
-0.07152
-0.072106
-0.0726073
-0.0732688
-0.0739026
-0.0746619
-0.0754345
-0.0762822
-0.0771674
-0.0780623
-0.0790016
-0.0798753
-0.0807843
-0.0815479
-0.082326
-0.0828795
-0.0834181
-0.08366
-0.083855
-0.0836922
-0.0834516
-0.0828085
-0.0820609
-0.0808856
-0.0795871
-0.0778562
-0.0759936
-0.0737148
-0.0713075
-0.0685199
-0.065531
-0.0622581
-0.0582741
-0.0537406
-0.0479958
-0.0415341
-0.0336261
-0.0249903
-0.0151738
-0.00467846
0.0061575
0.0174444
0.0281576
0.0390309
0.0487344
0.0583452
0.0664744
0.0742571
0.0806514
0.08656
0.0916357
0.0962759
0.100281
0.103441
0.105132
0.108622
0.106837
0.103515
0.099108
0.0937832
0.0880332
0.0813442
0.0744271
0.0663362
0.0582251
0.0490248
0.0400245
0.0303315
0.0210041
0.0116249
0.00273934
-0.00536042
-0.012964
-0.0191845
-0.0250531
-0.0295644
-0.0338267
-0.0371794
-0.0403372
-0.0430883
-0.0456999
-0.0482742
-0.0505843
-0.0529353
-0.0549446
-0.0570239
-0.0586985
-0.0604752
-0.0618051
-0.0632701
-0.0642719
-0.0654414
-0.0661586
-0.0670731
-0.0675726
-0.0682936
-0.0686587
-0.0692604
-0.0695808
-0.0701403
-0.0704997
-0.0710855
-0.0715508
-0.0722121
-0.0728233
-0.0735824
-0.0743462
-0.0751936
-0.0760832
-0.0769778
-0.0779335
-0.078807
-0.0797428
-0.0805062
-0.0813197
-0.081873
-0.0824534
-0.0826953
-0.0829361
-0.0827734
-0.0825806
-0.0819377
-0.0812376
-0.0800626
-0.0788095
-0.077079
-0.075258
-0.0729798
-0.0706092
-0.0678223
-0.0648599
-0.0615879
-0.0575967
-0.0530671
-0.047262
-0.0408088
-0.0328192
-0.0241956
-0.0143357
-0.00385428
0.00694723
0.0182209
0.0288203
0.0396829
0.0492204
0.0588239
0.0667763
0.0745558
0.0808146
0.0867226
0.0917482
0.0963873
0.100424
0.103582
0.105303
0.108862
0.10705
0.10373
0.0992991
0.093977
0.0882761
0.0815893
0.0747892
0.0667027
0.0587325
0.0495401
0.0406576
0.0309752
0.0217061
0.0123388
0.0034323
-0.00465573
-0.0123475
-0.0185585
-0.0245366
-0.0290418
-0.0333799
-0.0367299
-0.0399061
-0.0426564
-0.0452484
-0.0478219
-0.0500947
-0.0524451
-0.054404
-0.0564827
-0.0580952
-0.0598713
-0.0611297
-0.0625944
-0.0635186
-0.0646878
-0.0653251
-0.0662394
-0.0666606
-0.0673814
-0.0676736
-0.0682752
-0.0685316
-0.069091
-0.0693978
-0.0699836
-0.0704098
-0.071071
-0.0716578
-0.0724167
-0.0731709
-0.0740181
-0.0749123
-0.0758067
-0.07678
-0.0776533
-0.0786181
-0.0793813
-0.080233
-0.0807862
-0.0814117
-0.0816535
-0.0819439
-0.0817813
-0.0816401
-0.0809973
-0.0803486
-0.0791739
-0.0779698
-0.0762398
-0.0744637
-0.0721861
-0.0698552
-0.067069
-0.0641352
-0.0608641
-0.0568652
-0.0523398
-0.0464697
-0.0400255
-0.0319479
-0.0233375
-0.0134307
-0.00296431
0.00780001
0.0190595
0.0295359
0.0403868
0.0497451
0.0593408
0.0671023
0.0748784
0.0809908
0.0868981
0.0918698
0.0965076
0.100578
0.103735
0.105489
0.109079
0.107254
0.103983
0.099544
0.0942683
0.0885722
0.0819662
0.0752262
0.0672408
0.0593713
0.0503135
0.0415073
0.0319524
0.0227073
0.0133742
0.00446095
-0.00370246
-0.0114193
-0.0177509
-0.0237733
-0.0283753
-0.0327553
-0.0361248
-0.0393174
-0.0420082
-0.0445862
-0.0471374
-0.0493842
-0.0516983
-0.053622
-0.0556556
-0.0572248
-0.0589485
-0.0601573
-0.0615645
-0.0624348
-0.0635442
-0.0641261
-0.064981
-0.065348
-0.0660126
-0.0662545
-0.0668055
-0.0670175
-0.067534
-0.0678046
-0.0683564
-0.0687557
-0.069393
-0.0699626
-0.0707079
-0.0714555
-0.0722992
-0.0731965
-0.074097
-0.0750823
-0.0759704
-0.0769553
-0.0777409
-0.0786188
-0.0792006
-0.0798575
-0.0801326
-0.0804574
-0.0803314
-0.0802259
-0.0796214
-0.0790084
-0.077872
-0.0767019
-0.075009
-0.0732642
-0.0710213
-0.0687181
-0.0659565
-0.0630428
-0.0598762
-0.055869
-0.0513356
-0.0454469
-0.0388984
-0.0308145
-0.0220883
-0.0122024
-0.00168995
0.00903618
0.0202117
0.03062
0.041293
0.0505303
0.059955
0.0675782
0.0752295
0.0812551
0.0870876
0.092041
0.0966596
0.100735
0.103852
0.105623
0.109268
0.107444
0.104257
0.099822
0.0946188
0.0889288
0.0825139
0.0757849
0.0681269
0.0602771
0.0515779
0.0427995
0.0335252
0.0243137
0.0151161
0.00623807
-0.0019938
-0.00968054
-0.016259
-0.0222614
-0.0271361
-0.0315061
-0.0350444
-0.0382347
-0.0409558
-0.043533
-0.0460184
-0.0482645
-0.0504707
-0.0523938
-0.0542924
-0.0558611
-0.0574276
-0.0586359
-0.0598706
-0.0607407
-0.0616703
-0.062252
-0.0629285
-0.0632954
-0.0637912
-0.064033
-0.0644321
-0.064644
-0.0650316
-0.0653021
-0.0657522
-0.0661513
-0.0667169
-0.0672864
-0.0679909
-0.0687383
-0.0695717
-0.0704687
-0.0713881
-0.0723731
-0.0733063
-0.0742908
-0.0751444
-0.076022
-0.0766905
-0.0773472
-0.0777232
-0.0780479
-0.0780322
-0.0779267
-0.0774371
-0.0768243
-0.0758029
-0.0746332
-0.073051
-0.0713068
-0.0691671
-0.0668646
-0.0641756
-0.0612628
-0.05806
-0.0540564
-0.0493663
-0.0434933
-0.0367394
-0.0286841
-0.0198337
-0.00998688
0.000430849
0.011115
0.0219884
0.0323596
0.0426009
0.0518103
0.0607513
0.068358
0.0756139
0.0816335
0.0872922
0.0922432
0.0968314
0.100905
0.103926
0.105696
0.109523
0.107699
0.104681
0.10025
0.0950332
0.089349
0.0831054
0.0763881
0.0690838
0.0612551
0.0529432
0.0441949
0.0352235
0.0260484
0.0169971
0.00815709
-0.000148723
-0.00780295
-0.014648
-0.0206288
-0.025798
-0.0301571
-0.0338778
-0.0370654
-0.0398194
-0.0423957
-0.0448101
-0.0470553
-0.0491451
-0.0510675
-0.0528203
-0.0543884
-0.0557851
-0.0569931
-0.0580415
-0.0589112
-0.0596468
-0.0602282
-0.0607122
-0.0610789
-0.0613924
-0.0616341
-0.0618693
-0.0620811
-0.0623294
-0.0625998
-0.0629401
-0.0633391
-0.0638272
-0.0643965
-0.0650569
-0.0658041
-0.0666265
-0.0675232
-0.0684628
-0.0694475
-0.0704294
-0.0714136
-0.0723406
-0.0732179
-0.07398
-0.0746364
-0.0751213
-0.0754459
-0.0755494
-0.0754439
-0.0750785
-0.0744659
-0.0735686
-0.0723993
-0.0709368
-0.0691932
-0.0671649
-0.0648632
-0.0622525
-0.0593407
-0.0560988
-0.0520991
-0.0472399
-0.0413836
-0.0344081
-0.0263836
-0.0173992
-0.00759448
0.00272097
0.0133598
0.023907
0.0342381
0.0440133
0.0531925
0.0616113
0.0692
0.076029
0.082042
0.0875396
0.0924887
0.0971047
0.101176
0.104054
0.105823
0.110605
0.108783
0.105375
0.100953
0.0956865
0.0900165
0.0840335
0.0773382
0.0703841
0.062587
0.0546079
0.0458976
0.0371132
0.0279787
0.0188855
0.0100831
0.00153939
-0.00608629
-0.0132449
-0.0192078
-0.0246346
-0.0289845
-0.0327902
-0.0359753
-0.0386723
-0.0412476
-0.0435718
-0.0458162
-0.0477898
-0.0497115
-0.051311
-0.0528786
-0.0540901
-0.0552976
-0.0561363
-0.0570058
-0.0575173
-0.0580985
-0.0583553
-0.0587219
-0.0588169
-0.0590585
-0.0590951
-0.0593068
-0.0593861
-0.0596564
-0.059865
-0.0602638
-0.0606624
-0.0612314
-0.0618467
-0.0625935
-0.0634145
-0.0643109
-0.0652898
-0.0662741
-0.0673311
-0.068315
-0.0693466
-0.0702236
-0.0711128
-0.071769
-0.0723957
-0.0727202
-0.0729726
-0.0728671
-0.0726505
-0.0720381
-0.0712827
-0.0701138
-0.0687808
-0.0670379
-0.0651225
-0.0628217
-0.0603266
-0.0574159
-0.0542808
-0.0502848
-0.0453691
-0.0395273
-0.0323008
-0.0243031
-0.0150456
-0.00528069
0.00517498
0.0157653
0.0262042
0.0364863
0.0458975
0.0550341
0.0629516
0.0705081
0.0768464
0.082841
0.0879675
0.0929085
0.0975648
0.101629
0.104976
0.106744
0.111764
0.109939
0.106073
0.101592
0.0963841
0.0906979
0.0850379
0.0783668
0.0718126
0.0640499
0.05642
0.0477509
0.0391572
0.0300668
0.0209104
0.0121483
0.00331323
-0.00428178
-0.0117997
-0.0177432
-0.0234441
-0.0277841
-0.0316479
-0.0348303
-0.0374379
-0.0400122
-0.0422382
-0.0444817
-0.0463303
-0.0482513
-0.0496856
-0.0512526
-0.0522639
-0.0534709
-0.0540829
-0.054952
-0.0552208
-0.0558018
-0.0558123
-0.0561787
-0.0560366
-0.0562781
-0.056099
-0.0563107
-0.0562064
-0.0564767
-0.0565423
-0.0569409
-0.0572425
-0.0578113
-0.0583778
-0.0591244
-0.0599443
-0.0608403
-0.0618626
-0.0628465
-0.0639859
-0.0649693
-0.0661155
-0.0669921
-0.0680199
-0.0686758
-0.069457
-0.0697814
-0.0701957
-0.0700903
-0.070035
-0.0694228
-0.0688211
-0.0676527
-0.0664596
-0.0647174
-0.0629236
-0.0606237
-0.058255
-0.0553456
-0.0523736
-0.0483817
-0.0434476
-0.0376213
-0.0301091
-0.0221404
-0.0125479
-0.00282573
0.00782304
0.018361
0.0286987
0.0389277
0.0479591
0.0570493
0.0644359
0.0719571
0.0777324
0.0837065
0.0883978
0.0933555
0.0979642
0.102093
0.105959
0.10773
0.112409
0.110489
0.106628
0.102029
0.0968299
0.0912225
0.0856101
0.0791936
0.0727289
0.0653334
0.0577678
0.0494705
0.0409326
0.032117
0.0229995
0.0143366
0.00549818
-0.00218421
-0.00973186
-0.0158581
-0.0215872
-0.0260631
-0.0299109
-0.0331046
-0.0356556
-0.0381491
-0.0403665
-0.0424762
-0.0443145
-0.0460581
-0.0474791
-0.0488297
-0.0498251
-0.0507846
-0.0513787
-0.0519796
-0.0522294
-0.0525337
-0.0525251
-0.0526194
-0.052459
-0.0524458
-0.05225
-0.0522362
-0.0521178
-0.0522013
-0.0522558
-0.052514
-0.0528078
-0.053287
-0.0538495
-0.0545586
-0.0553781
-0.0562882
-0.0573134
-0.0583594
-0.0595047
-0.0605928
-0.0617473
-0.062764
-0.0638022
-0.0646251
-0.0654181
-0.0659275
-0.0663542
-0.0664427
-0.0664
-0.0659814
-0.0653919
-0.0644089
-0.0632271
-0.0616553
-0.0598717
-0.0577226
-0.0553647
-0.052574
-0.0496793
-0.0457242
-0.0408219
-0.0349186
-0.0273843
-0.0193288
-0.00972025
-5.75942e-05
0.0105695
0.0208271
0.0310967
0.0408657
0.049819
0.0583744
0.065678
0.0727136
0.0783828
0.0840488
0.0886927
0.0935885
0.0981939
0.10249
0.106352
0.108243
0.113106
0.111084
0.107227
0.102502
0.0973112
0.0917891
0.0861871
0.0800848
0.0736387
0.0666888
0.0591526
0.0513026
0.0428036
0.0343157
0.0252431
0.0166945
0.00790028
0.000109881
-0.00740195
-0.0137482
-0.0194541
-0.0240949
-0.027933
-0.0311437
-0.0336933
-0.0360929
-0.0383093
-0.0402634
-0.0421008
-0.0436382
-0.0450585
-0.0461576
-0.0471525
-0.047824
-0.0484179
-0.0487066
-0.0489564
-0.0489387
-0.04893
-0.0487078
-0.0485474
-0.0482379
-0.0480422
-0.047766
-0.0476477
-0.0475141
-0.0475686
-0.0476633
-0.047957
-0.0483317
-0.048894
-0.0495596
-0.0503788
-0.0513052
-0.0523299
-0.0534482
-0.054593
-0.0558028
-0.0569568
-0.0581365
-0.0591742
-0.0601916
-0.0609842
-0.061709
-0.0621355
-0.0624495
-0.0624068
-0.0622135
-0.0616243
-0.0608569
-0.0596757
-0.0583022
-0.0565195
-0.0545456
-0.0521889
-0.0495363
-0.0466431
-0.0427322
-0.0378443
-0.0318556
-0.0243545
-0.0162018
-0.0066414
0.00295012
0.0135217
0.0234477
0.0336645
0.042884
0.051795
0.0597065
0.0669818
0.0734278
0.0790832
0.084371
0.0890111
0.0938402
0.098442
0.102919
0.106777
0.108798
0.113858
0.111725
0.107874
0.103013
0.0978309
0.0924008
0.0868101
0.0810472
0.0746212
0.0681523
0.0606478
0.0532809
0.0448239
0.0366899
0.0276659
0.0192407
0.0104942
0.00258713
-0.00488602
-0.0114698
-0.0171508
-0.0219696
-0.0257971
-0.0290261
-0.0315743
-0.0338726
-0.0360878
-0.0378739
-0.0397104
-0.0410252
-0.0424447
-0.0432721
-0.0442665
-0.0446271
-0.0452206
-0.0451724
-0.045422
-0.0450566
-0.045048
-0.0444839
-0.0443236
-0.0436942
-0.0434986
-0.042939
-0.0428208
-0.0424527
-0.0425071
-0.0424254
-0.0427189
-0.0429808
-0.0435428
-0.0441615
-0.0449802
-0.0459244
-0.0469485
-0.0481449
-0.0492891
-0.0506305
-0.0517838
-0.0531396
-0.0541767
-0.0554041
-0.0561963
-0.0571537
-0.05758
-0.0581375
-0.0580948
-0.0581448
-0.0575558
-0.0570214
-0.0558407
-0.0546814
-0.0528995
-0.051115
-0.0487595
-0.0462561
-0.0433645
-0.0395014
-0.0346289
-0.0285482
-0.0210828
-0.0128251
-0.00331672
0.00619798
0.0167095
0.0262776
0.0364373
0.0450635
0.0539288
0.061145
0.0683898
0.0741989
0.0798396
0.084719
0.089355
0.094112
0.0987099
0.103382
0.107235
0.109397
0.114036
0.111872
0.108124
0.10329
0.098139
0.0927728
0.0872485
0.0816352
0.0754415
0.0691837
0.0620324
0.0548845
0.0468374
0.0388762
0.0302478
0.0219053
0.0134185
0.00549704
-0.00191676
-0.00857039
-0.0143067
-0.0191838
-0.0230734
-0.0263088
-0.0288289
-0.0310868
-0.0332011
-0.034921
-0.0365962
-0.0378236
-0.0390455
-0.0397666
-0.0405328
-0.040772
-0.0411156
-0.0409358
-0.040924
-0.0404231
-0.0401529
-0.0394556
-0.0390449
-0.0382909
-0.0378666
-0.0371967
-0.0368807
-0.0364213
-0.0363165
-0.036166
-0.0363443
-0.036562
-0.037056
-0.0376562
-0.0384555
-0.0394063
-0.0404586
-0.041685
-0.042902
-0.0442942
-0.04556
-0.0469838
-0.0481666
-0.0494756
-0.0504386
-0.0514864
-0.0521003
-0.0527526
-0.0529055
-0.0530504
-0.0526564
-0.0522129
-0.0512193
-0.0501439
-0.048535
-0.046825
-0.0445935
-0.0421492
-0.039309
-0.0354708
-0.0306026
-0.0245131
-0.0171365
-0.00887945
0.000377107
0.0098154
0.0198592
0.0292428
0.0388221
0.0471757
0.0554896
0.0624006
0.0692026
0.0747399
0.0801358
0.0848432
0.0894921
0.0942019
0.0988544
0.103519
0.107234
0.109436
0.114465
0.112302
0.108553
0.103724
0.098434
0.0930691
0.0876659
0.082055
0.0762585
0.0700146
0.0634796
0.0563609
0.0489878
0.0410708
0.0330272
0.0247398
0.0166117
0.00874587
0.00140084
-0.00520908
-0.0110396
-0.0158913
-0.0198969
-0.0231265
-0.0256417
-0.0278982
-0.0298306
-0.0315495
-0.0329556
-0.0341824
-0.0350698
-0.0357904
-0.0361669
-0.0364059
-0.0363189
-0.0361393
-0.0356744
-0.0351738
-0.0344481
-0.0337512
-0.0329029
-0.0321494
-0.0313251
-0.0306556
-0.029994
-0.0295349
-0.0291529
-0.0290024
-0.0289822
-0.0291997
-0.0295799
-0.0301798
-0.0309518
-0.031902
-0.0330115
-0.0342371
-0.0355896
-0.036981
-0.0384512
-0.0398742
-0.0413179
-0.0426261
-0.0438923
-0.0449395
-0.045883
-0.0465349
-0.0470279
-0.0471727
-0.0471145
-0.0466713
-0.0459958
-0.0449211
-0.0436024
-0.0418934
-0.039892
-0.0374491
-0.0346564
-0.0308264
-0.0259588
-0.0199048
-0.012675
-0.0044762
0.0044044
0.0137733
0.0231336
0.0324531
0.0411465
0.0494531
0.0568346
0.0637196
0.069724
0.0752552
0.0801953
0.0849101
0.0894907
0.0942059
0.0990831
0.103745
0.107537
0.109738
0.11606
0.113888
0.109203
0.104299
0.0987875
0.0934003
0.0882708
0.0826555
0.077433
0.0712127
0.0653509
0.0582717
0.0515517
0.0436843
0.0360785
0.0278517
0.0198041
0.0119938
0.0044742
-0.00209459
-0.00813137
-0.0129597
-0.0169013
-0.020125
-0.0223772
-0.024632
-0.026331
-0.0280484
-0.0291741
-0.0303994
-0.0309247
-0.0316441
-0.0315869
-0.0318248
-0.031249
-0.0310684
-0.0300807
-0.0295794
-0.0283217
-0.0276242
-0.0262609
-0.0255069
-0.0242098
-0.0235399
-0.0224709
-0.0220113
-0.0213061
-0.0211552
-0.0209095
-0.0211265
-0.0213867
-0.021986
-0.0227451
-0.0236947
-0.0248942
-0.0261193
-0.0276554
-0.0290464
-0.0307801
-0.0322028
-0.0339728
-0.0352809
-0.0369169
-0.0379642
-0.0393009
-0.0399532
-0.0408426
-0.0409881
-0.041311
-0.0408689
-0.0405437
-0.0394703
-0.0384591
-0.0367518
-0.0350639
-0.032623
-0.0302562
-0.0264343
-0.021772
-0.0157511
-0.00841891
-0.000276294
0.00860342
0.0178999
0.0269178
0.0361626
0.0441051
0.0523554
0.0587815
0.0656257
0.070703
0.0762157
0.0803999
0.0851287
0.0893895
0.0941356
0.0993619
0.104116
0.109007
0.11122
0.116786
0.11444
0.109761
0.10456
0.0990512
0.0935556
0.0884206
0.0829897
0.0777828
0.0720173
0.0661801
0.0597502
0.0530696
0.0459207
0.0383762
0.0307606
0.022775
0.0153323
0.00785342
0.00141129
-0.00460119
-0.0094012
-0.0133145
-0.0164638
-0.018693
-0.0207833
-0.0224812
-0.0239405
-0.0250655
-0.0259397
-0.0264646
-0.0267477
-0.0266905
-0.0264222
-0.0258468
-0.0251111
-0.0241241
-0.023044
-0.0217872
-0.0205148
-0.0191525
-0.0178553
-0.0165591
-0.0154037
-0.0143355
-0.0134708
-0.0127661
-0.0123083
-0.0120627
-0.0120836
-0.0123436
-0.0128636
-0.0136222
-0.0146095
-0.0158082
-0.0171819
-0.0187169
-0.0203556
-0.0220882
-0.0238414
-0.0256102
-0.0273113
-0.0289462
-0.0304264
-0.0317621
-0.0328637
-0.0337525
-0.034341
-0.0346637
-0.0346379
-0.0343128
-0.0336126
-0.0326021
-0.0312134
-0.0295266
-0.0273472
-0.0250075
-0.0213964
-0.0167779
-0.0109815
-0.0036923
0.00405183
0.0128685
0.0214704
0.0304039
0.0387002
0.0465681
0.0537991
0.0601835
0.0661565
0.071212
0.0761606
0.0803364
0.0849055
0.0891816
0.0941634
0.0993925
0.104578
0.109464
0.111906
0.117571
0.115037
0.110355
0.104843
0.099336
0.0937233
0.0885824
0.0833507
0.0781423
0.0728826
0.0670582
0.0613468
0.0546962
0.0483357
0.0408381
0.0338945
0.0259665
0.0189286
0.0115055
0.00520776
-0.000763379
-0.00552661
-0.0094213
-0.0124873
-0.0147147
-0.0166274
-0.0183239
-0.0195047
-0.0206288
-0.0211238
-0.0216483
-0.0214604
-0.0214032
-0.0205883
-0.0200133
-0.0186781
-0.0176919
-0.0159868
-0.0147309
-0.0128378
-0.0114765
-0.00959275
-0.00829755
-0.00661794
-0.00555051
-0.00424835
-0.00354418
-0.00275505
-0.00250967
-0.00231871
-0.00257846
-0.00301295
-0.00377096
-0.00479894
-0.00599672
-0.00753084
-0.00906473
-0.010971
-0.0127022
-0.0148124
-0.0165799
-0.0187054
-0.020339
-0.0222867
-0.0236214
-0.0252082
-0.0260963
-0.0271631
-0.0274856
-0.0279093
-0.0275845
-0.0272873
-0.0262775
-0.0252327
-0.0235473
-0.0216501
-0.0193124
-0.0159396
-0.0113466
-0.00581235
0.00142145
0.00871502
0.0174603
0.0252949
0.0341587
0.0414122
0.0492277
0.0553414
0.0616974
0.0667074
0.0717579
0.0760793
0.0802678
0.0846645
0.0889571
0.0941933
0.0994255
0.10507
0.109957
0.112646
0.117172
0.114616
0.110448
0.104947
0.0993861
0.0937684
0.0884426
0.0832448
0.0780865
0.0729232
0.0674754
0.0619158
0.0559128
0.0497336
0.0430861
0.0363152
0.0292605
0.0223537
0.0155852
0.00936749
0.003753
-0.000967454
-0.00481679
-0.00785694
-0.0101102
-0.0119875
-0.0135208
-0.0146472
-0.015478
-0.0159
-0.0160452
-0.015767
-0.0152561
-0.0143369
-0.0132515
-0.0118022
-0.0102712
-0.00844739
-0.00663743
-0.00462653
-0.00272779
-0.000732847
0.001058
0.00283704
0.00433558
0.00572077
0.00677214
0.00762429
0.00811801
0.0083495
0.00822937
0.00781157
0.00708011
0.00604501
0.00476219
0.00319833
0.00147509
-0.000481265
-0.00249337
-0.00467054
-0.00679298
-0.00899851
-0.0110401
-0.0130762
-0.0148486
-0.0165274
-0.0178597
-0.0190175
-0.0197683
-0.020278
-0.0203468
-0.0201271
-0.0194617
-0.0184836
-0.0170293
-0.0151875
-0.0128808
-0.00957256
-0.00520655
0.000219668
0.00674822
0.0138795
0.0215677
0.0291848
0.0367971
0.0437987
0.0504666
0.0563354
0.0618535
0.0666697
0.0712857
0.0754964
0.0797418
0.0841197
0.0888202
0.094094
0.0995377
0.105184
0.10951
0.11223
0.119046
0.116495
0.110991
0.105442
0.0992117
0.0935728
0.0881428
0.0829203
0.0780752
0.0728979
0.0680978
0.0625429
0.0574656
0.0513135
0.045676
0.0389538
0.032707
0.0258593
0.0195494
0.0133843
0.00796021
0.00327299
-0.00039687
-0.00342876
-0.00544088
-0.00731657
-0.00858131
-0.00970681
-0.0101629
-0.0105845
-0.0102162
-0.00993831
-0.00879052
-0.00787209
-0.00605197
-0.00460397
-0.00227455
-0.000452327
0.0021799
0.00418903
0.00689125
0.00888444
0.0114179
0.0131954
0.015337
0.0167209
0.0182832
0.0191346
0.0199827
0.0202139
0.0202763
0.0198589
0.0191331
0.0180989
0.0166501
0.0150876
0.0130413
0.0110867
0.00861777
0.00644251
0.00375976
0.00155618
-0.00111419
-0.00314848
-0.00558074
-0.00725805
-0.00924383
-0.0104007
-0.0117645
-0.0122737
-0.0128862
-0.0126667
-0.0124545
-0.0114773
-0.0104246
-0.00858444
-0.00672262
-0.00342511
0.000522989
0.00590489
0.0119583
0.0190212
0.0258848
0.0334282
0.0398179
0.0467623
0.052013
0.0578549
0.0621119
0.0669315
0.070689
0.074928
0.0788046
0.0832242
0.0881581
0.0934571
0.0998697
0.105573
0.111537
0.114252
0.119845
0.117061
0.111539
0.105503
0.0992638
0.0931923
0.0877388
0.0823091
0.0774676
0.0724192
0.0676422
0.0625803
0.0575583
0.0522194
0.0466777
0.0409304
0.0347849
0.0288236
0.0225865
0.0170293
0.011649
0.00726194
0.00362493
0.000707979
-0.00130176
-0.00305946
-0.00430741
-0.00518933
-0.005624
-0.00565224
-0.00525527
-0.00444438
-0.00326135
-0.00169152
0.000168968
0.00235599
0.0047291
0.00734002
0.0100171
0.0128225
0.0155685
0.0183221
0.0208961
0.0233571
0.0255338
0.0274878
0.029078
0.0303564
0.0312239
0.0317182
0.0317908
0.0314613
0.0307362
0.0296143
0.0281568
0.0263407
0.0242774
0.0219227
0.0194294
0.0167357
0.0140229
0.0112168
0.00851257
0.00583062
0.00336253
0.00103227
-0.000989256
-0.00276628
-0.00416389
-0.00522693
-0.00586981
-0.0061114
-0.005925
-0.00529907
-0.0042709
-0.00269479
-0.000845611
0.00213298
0.00602053
0.0108034
0.0167784
0.0228438
0.0295942
0.0358267
0.0420748
0.0476542
0.0527793
0.0575144
0.0617023
0.0658788
0.0696108
0.0737435
0.0776296
0.0824426
0.0874258
0.0934325
0.0998621
0.106281
0.112262
0.115292
0.119993
0.117049
0.111861
0.105546
0.0992515
0.0928772
0.087205
0.0816149
0.0765945
0.0716418
0.0668206
0.0621485
0.05724
0.0525502
0.0473021
0.0423333
0.036621
0.0313709
0.0255712
0.0205124
0.0154381
0.0113061
0.00774457
0.0049272
0.00285872
0.00119307
-2.59979e-05
-0.000718673
-0.00106036
-0.000783419
-0.000242134
0.000982047
0.00235505
0.00442984
0.00651682
0.00927662
0.0119009
0.015123
0.0180622
0.0214845
0.0244891
0.0278321
0.0306468
0.0336376
0.0360241
0.0384199
0.0401777
0.041787
0.042771
0.0434692
0.0436015
0.0433403
0.0426155
0.0414259
0.0399106
0.0378982
0.0357236
0.0330592
0.0304094
0.0273142
0.0244104
0.0211378
0.018221
0.0150373
0.0123492
0.0095129
0.00727777
0.00502006
0.00342811
0.00193565
0.0011284
0.000529067
0.000588843
0.000942054
0.00190166
0.00327241
0.00514955
0.00785587
0.0115742
0.0158457
0.0213495
0.0265923
0.0327248
0.0379025
0.0435646
0.0480551
0.052792
0.0566472
0.0606976
0.0643685
0.0681941
0.0722533
0.0764374
0.0815628
0.0869049
0.0934215
0.0999875
0.106834
0.112445
0.115693
0.121249
0.11831
0.112298
0.105989
0.0988702
0.0924709
0.0861543
0.0805102
0.0751294
0.0701159
0.0653553
0.0606303
0.0563004
0.0515754
0.0473896
0.0424127
0.037987
0.0327568
0.0280901
0.0230648
0.0187087
0.0146037
0.0112664
0.0084566
0.0063638
0.0047
0.0035846
0.0028927
0.00285915
0.00313578
0.00419105
0.00541387
0.00748664
0.00955912
0.012497
0.0152537
0.0188333
0.0220518
0.0259958
0.0294143
0.0334143
0.0367536
0.0404956
0.043483
0.0466743
0.0490674
0.0514612
0.0530688
0.0544847
0.0551822
0.05552
0.0552592
0.0545059
0.0533175
0.0515466
0.0495365
0.0469005
0.0442391
0.0409566
0.0378647
0.0342019
0.030933
0.0271832
0.024003
0.0204639
0.0176308
0.0145821
0.0123269
0.0100091
0.00851829
0.00711438
0.00651571
0.00613737
0.00649018
0.00717743
0.00854665
0.010237
0.0129339
0.0161114
0.0203469
0.0246843
0.0298832
0.0343712
0.039524
0.0434103
0.0479131
0.0512036
0.055107
0.0583686
0.0621111
0.0658857
0.0700258
0.0747982
0.0799924
0.0863569
0.0929019
0.100684
0.107521
0.114218
0.11746
0.12242
0.11926
0.112994
0.106089
0.0988805
0.0917787
0.0853278
0.0790023
0.0735261
0.0680446
0.0632441
0.0584147
0.0541298
0.0497564
0.0457147
0.0415027
0.0372659
0.0329748
0.028463
0.024218
0.019952
0.0162183
0.0129091
0.0100851
0.00795542
0.00619735
0.00509946
0.00447456
0.00448613
0.00503828
0.00617139
0.0078667
0.010047
0.0127628
0.0158325
0.0193642
0.0230928
0.0271692
0.0312705
0.035575
0.0397311
0.0439276
0.0478149
0.0515764
0.0548936
0.0579288
0.0604216
0.0624997
0.0639821
0.0649509
0.0653193
0.065116
0.0643562
0.0630122
0.061199
0.0588345
0.056124
0.0529376
0.049554
0.0458065
0.0420232
0.0380161
0.0341349
0.030188
0.0265153
0.0229417
0.019766
0.0168481
0.0144179
0.0123868
0.0108916
0.00990886
0.00946485
0.00961064
0.0102521
0.0115451
0.0132388
0.0157208
0.0188162
0.0223491
0.02653
0.0305375
0.0347927
0.0385969
0.0422172
0.0456347
0.0487232
0.052112
0.0553017
0.0591786
0.0629973
0.0678255
0.0727347
0.0789627
0.085537
0.0931498
0.101085
0.108787
0.11577
0.119321
0.1219
0.118636
0.113338
0.106217
0.0988933
0.091432
0.0844469
0.0777228
0.0715843
0.0658
0.0604821
0.0555523
0.0509894
0.0467738
0.0427746
0.0389523
0.0351292
0.0313307
0.027449
0.0236226
0.0198643
0.0163325
0.0131181
0.0102888
0.00796567
0.0061569
0.00496828
0.00438062
0.00443406
0.00513731
0.00644734
0.00840131
0.0108806
0.0139482
0.0174177
0.0213732
0.025574
0.0301195
0.0347328
0.0395216
0.0441944
0.0488597
0.0532334
0.057418
0.0611589
0.0645451
0.0673709
0.0697063
0.0714094
0.0725265
0.0729895
0.0728181
0.072022
0.0705932
0.0686171
0.0660593
0.063073
0.0596001
0.0558496
0.051744
0.0475313
0.0431211
0.0387815
0.0344157
0.0302911
0.0263126
0.0227262
0.0194459
0.0166778
0.014351
0.0126161
0.0114229
0.0108552
0.0108871
0.0115282
0.0127785
0.0145737
0.0169236
0.019724
0.0228559
0.0262235
0.029574
0.0329001
0.0359832
0.0389858
0.0418414
0.0448282
0.0479781
0.0515392
0.0555432
0.0601129
0.0653746
0.0712673
0.0780921
0.0854638
0.0936258
0.101781
0.109811
0.115747
0.119446
0.124607
0.12127
0.11446
0.107079
0.0988873
0.0910248
0.0831995
0.0759538
0.0690655
0.0627358
0.0568267
0.0514258
0.046629
0.0421128
0.0383767
0.0344857
0.0312829
0.027609
0.0243644
0.0207072
0.0173214
0.0138267
0.010522
0.00755053
0.00483736
0.00285077
0.00148712
0.000817592
0.000917039
0.00165844
0.00322734
0.00533313
0.00826653
0.0115855
0.0156721
0.0199575
0.0248942
0.029822
0.0352371
0.0404311
0.0459142
0.0509766
0.0561112
0.0606555
0.0650545
0.0687362
0.0720719
0.0746173
0.0766477
0.0778744
0.0784615
0.0782917
0.0774106
0.0758766
0.0736158
0.0708548
0.0674079
0.0636504
0.0593
0.0548514
0.0499465
0.0451623
0.0400916
0.0353513
0.0305131
0.0261903
0.0219627
0.0183967
0.0151088
0.0125795
0.0104855
0.00919126
0.00845175
0.0084948
0.00916451
0.0105144
0.0125367
0.0149322
0.0176084
0.0205674
0.0232823
0.0263081
0.0286799
0.0315112
0.0336038
0.0364738
0.0390156
0.0425063
0.0462822
0.0508885
0.0561991
0.0622015
0.0691393
0.0766963
0.0853125
0.0940472
0.103456
0.11186
0.11961
0.123414
0.124977
0.121504
0.115319
0.107558
0.0993636
0.0907732
0.0826318
0.0743922
0.0670004
0.0596271
0.0531775
0.0469089
0.0415918
0.0365734
0.0323989
0.0284594
0.0249992
0.021617
0.0183108
0.0149844
0.0115951
0.00813494
0.00475392
0.00146367
-0.00141691
-0.00377525
-0.00526364
-0.00610396
-0.00606262
-0.00524101
-0.00364453
-0.00122079
0.00181776
0.00566288
0.00991938
0.0148954
0.0200501
0.0257781
0.03144
0.0374819
0.0432197
0.0491136
0.0544903
0.0597871
0.0643962
0.0686963
0.0721932
0.0751778
0.0773079
0.0787634
0.0793806
0.0792141
0.0782912
0.0765364
0.0741653
0.0709785
0.0673616
0.0630081
0.0584422
0.0532752
0.0481272
0.0425604
0.0372401
0.0317159
0.0266435
0.0216
0.0171748
0.0130112
0.00958145
0.00662853
0.00446384
0.00295818
0.00222976
0.002296
0.00304125
0.00459948
0.00674165
0.00923779
0.0118991
0.0145236
0.0171251
0.0194837
0.0218308
0.0240927
0.0264334
0.0292184
0.0322786
0.0363305
0.040778
0.0465013
0.0525463
0.0599822
0.0676134
0.0765947
0.0856337
0.0954383
0.104864
0.113833
0.120892
0.124896
0.127564
0.124072
0.116995
0.109101
0.10013
0.0912503
0.0819916
0.0732802
0.0645304
0.0565517
0.0486718
0.0417352
0.035174
0.0295119
0.0245467
0.0200808
0.0163591
0.0126179
0.0093565
0.00579647
0.00237814
-0.00129776
-0.00519214
-0.00873351
-0.0124229
-0.015013
-0.0169906
-0.017964
-0.0180832
-0.0172837
-0.0155465
-0.0130403
-0.00958531
-0.00556633
-0.000661753
0.00456067
0.0105356
0.0165593
0.023143
0.0295037
0.0361884
0.0423968
0.0486686
0.0542496
0.0596304
0.0641605
0.0682448
0.0713861
0.0738733
0.075399
0.0761155
0.0759264
0.0748377
0.072969
0.0701809
0.0667975
0.0625466
0.0579293
0.0525641
0.0470877
0.0410409
0.0351446
0.0289008
0.0230554
0.0171131
0.0117846
0.00661928
0.00223334
-0.00173936
-0.00482952
-0.00728585
-0.00882681
-0.00955927
-0.0094163
-0.0083491
-0.00661403
-0.00382733
-0.00113912
0.00180348
0.00457229
0.00689948
0.00943096
0.0114542
0.014064
0.0165158
0.0198897
0.0237964
0.0286253
0.0345892
0.0411604
0.0490737
0.0573033
0.0668053
0.0764118
0.0870448
0.0972321
0.107756
0.116909
0.125069
0.129106
0.128022
0.124483
0.118355
0.110241
0.101376
0.0918671
0.0823324
0.0725448
0.0631806
0.0538231
0.0451448
0.0367286
0.0292369
0.0222054
0.0162227
0.0106818
0.00600648
0.00153963
-0.00245956
-0.00653633
-0.0104888
-0.0147225
-0.0189277
-0.0231448
-0.027029
-0.0302095
-0.0323911
-0.0337022
-0.0339461
-0.0332001
-0.0314668
-0.0287468
-0.0251876
-0.0207209
-0.0156224
-0.00976659
-0.00353104
0.00325195
0.0101364
0.0173154
0.0243126
0.0313285
0.0378964
0.0442065
0.0498404
0.0549607
0.0592325
0.0627761
0.0653674
0.0670736
0.0678002
0.067554
0.0663783
0.064218
0.0612512
0.057364
0.0528558
0.0475629
0.0418823
0.0356132
0.029219
0.0224788
0.0158857
0.00921668
0.00295469
-0.00310471
-0.0085297
-0.0134863
-0.017631
-0.0210744
-0.0235925
-0.0252261
-0.025894
-0.0255573
-0.0243427
-0.0221579
-0.0192363
-0.0160378
-0.012861
-0.00973461
-0.00692391
-0.00405328
-0.00126484
0.0020078
0.00555242
0.0101156
0.0152715
0.0217649
0.0289354
0.0374116
0.0463925
0.056469
0.06678
0.0778635
0.088819
0.0998829
0.110252
0.119728
0.126816
0.130932
0.131575
0.128078
0.121033
0.112895
0.103528
0.0937236
0.0833391
0.0728778
0.0623168
0.0519231
0.0417535
0.0320176
0.0229175
0.0144043
0.00694989
-6.71587e-05
-0.00589839
-0.0116686
-0.0165272
-0.0216571
-0.0263313
-0.0313963
-0.0364969
-0.0413669
-0.0461718
-0.0498199
-0.0525255
-0.0540836
-0.0545249
-0.0538074
-0.0520002
-0.0491063
-0.0452264
-0.0404114
-0.0347857
-0.0284452
-0.0215294
-0.0141713
-0.00651634
0.00127671
0.00906677
0.0166826
0.0239972
0.0308415
0.0371121
0.0426549
0.0473987
0.0512158
0.0540735
0.0558785
0.0566414
0.0563074
0.0549323
0.0525008
0.0491125
0.0447889
0.0396692
0.0338065
0.0273725
0.0204442
0.0132157
0.00577891
-0.00166043
-0.00900634
-0.0160541
-0.0227134
-0.0287935
-0.0342192
-0.038826
-0.0425612
-0.0452978
-0.0470103
-0.0476188
-0.0471254
-0.0455052
-0.0429232
-0.0391658
-0.0353686
-0.0313985
-0.0274722
-0.0240566
-0.0200961
-0.0164947
-0.0117657
-0.00697261
-0.000657397
0.0062266
0.0145596
0.0237198
0.0338884
0.0447907
0.0562174
0.0681238
0.0800746
0.0921852
0.10361
0.114636
0.124136
0.132299
0.136365
0.133472
0.130012
0.123553
0.115452
0.106122
0.0961404
0.0853164
0.074357
0.0627655
0.0515726
0.0398341
0.0290691
0.0179337
0.00824991
-0.00156915
-0.00977882
-0.018037
-0.0248951
-0.0319301
-0.0379696
-0.0443784
-0.0501664
-0.0564278
-0.0618304
-0.0673373
-0.0713384
-0.0744691
-0.0762137
-0.0767881
-0.0760928
-0.0741253
-0.0711012
-0.0668019
-0.0617253
-0.0554694
-0.0487646
-0.0410683
-0.0332781
-0.0247613
-0.0165067
-0.00784698
0.00021978
0.00833845
0.0155844
0.022525
0.0283854
0.0336066
0.0376291
0.0407273
0.0426062
0.0433464
0.042946
0.041279
0.038643
0.0347092
0.0300568
0.024174
0.0178823
0.0105224
0.00309772
-0.00515064
-0.0131118
-0.0215862
-0.0294417
-0.0374574
-0.0445682
-0.0514686
-0.0572472
-0.0624532
-0.0664078
-0.0694623
-0.0712337
-0.0718344
-0.0712223
-0.0692648
-0.0663828
-0.0619739
-0.0576865
-0.0525595
-0.0479278
-0.0426704
-0.0377611
-0.0317035
-0.0257593
-0.0180778
-0.0103534
-0.000530685
0.00924606
0.0210211
0.0324976
0.0454467
0.0579018
0.07112
0.0837019
0.096298
0.107927
0.118827
0.128271
0.135731
0.139753
0.135523
0.13225
0.126052
0.118262
0.109171
0.0992087
0.0883895
0.0768891
0.065012
0.0526222
0.0403294
0.0277374
0.0157877
0.00374323
-0.00713728
-0.0180344
-0.0274881
-0.0370354
-0.0452112
-0.0535975
-0.0609192
-0.0684452
-0.0752471
-0.0817139
-0.0873793
-0.0919017
-0.095121
-0.096999
-0.097545
-0.0966451
-0.0945397
-0.0910063
-0.0864748
-0.0806344
-0.0740728
-0.0664149
-0.0583639
-0.0495076
-0.0406145
-0.0312643
-0.0222356
-0.0131291
-0.00467715
0.00347076
0.0106827
0.0172344
0.0226426
0.0270869
0.0302712
0.0322629
0.0329786
0.0323646
0.030561
0.0273918
0.0232158
0.0177417
0.0115258
0.00417746
-0.00358488
-0.012229
-0.0209218
-0.030179
-0.0391089
-0.0482433
-0.0566927
-0.0649701
-0.0722505
-0.0789935
-0.0844965
-0.0891345
-0.092378
-0.0944889
-0.0951517
-0.0944927
-0.0924612
-0.0890879
-0.0845154
-0.0791199
-0.0734011
-0.0668719
-0.0605798
-0.0529948
-0.045601
-0.0364605
-0.0273362
-0.0163014
-0.00516669
0.00759918
0.0203927
0.0342164
0.0478482
0.0618205
0.0753554
0.0885526
0.101073
0.112566
0.123106
0.132078
0.139221
0.142988
0.138464
0.135387
0.129105
0.121746
0.112949
0.10337
0.092568
0.0811977
0.0688786
0.0562239
0.0429631
0.0296513
0.01621
0.00297948
-0.00983718
-0.0223143
-0.033943
-0.0452468
-0.0555265
-0.0655058
-0.0745353
-0.0831378
-0.0910233
-0.0979205
-0.10405
-0.108568
-0.111884
-0.113518
-0.113876
-0.112548
-0.110011
-0.105891
-0.10072
-0.0941709
-0.0868075
-0.0783618
-0.0694046
-0.0597293
-0.04989
-0.0397404
-0.0297929
-0.0199574
-0.0106809
-0.0019224
0.00595859
0.012961
0.0188306
0.0235333
0.026933
0.0289695
0.0296326
0.0288422
0.0267147
0.0231541
0.0183988
0.0123386
0.00532257
-0.00277357
-0.0115063
-0.0210163
-0.0307863
-0.0409755
-0.0510176
-0.0610943
-0.0706153
-0.0797882
-0.0880257
-0.0955626
-0.101841
-0.107122
-0.110901
-0.113464
-0.11438
-0.113953
-0.11184
-0.108416
-0.103336
-0.0973865
-0.0904501
-0.0826081
-0.0743458
-0.0648112
-0.05491
-0.0435861
-0.0317897
-0.0187607
-0.00519154
0.00908072
0.0237716
0.0384865
0.0533334
0.0675679
0.0815969
0.0945006
0.106875
0.117739
0.12777
0.136096
0.143257
0.146745
0.139792
0.136871
0.131144
0.124162
0.116182
0.107013
0.0969291
0.0858451
0.073863
0.0612589
0.0478246
0.0342696
0.0200614
0.00626276
-0.00795862
-0.0213036
-0.0348471
-0.0471859
-0.059508
-0.0704502
-0.0811103
-0.09033
-0.0988909
-0.105944
-0.111853
-0.116215
-0.119054
-0.120378
-0.120033
-0.118285
-0.114852
-0.110222
-0.104003
-0.096878
-0.0883696
-0.0793124
-0.0691721
-0.0588821
-0.0478847
-0.0371508
-0.0261343
-0.0157774
-0.0055814
0.00360563
0.0122023
0.019515
0.0258528
0.0307279
0.0343175
0.0363769
0.0369361
0.0360154
0.0334916
0.0296527
0.0242268
0.0177539
0.00982732
0.00120568
-0.00862948
-0.0187497
-0.0297549
-0.0406064
-0.0519499
-0.0627053
-0.0735243
-0.0833561
-0.092819
-0.10096
-0.108326
-0.114126
-0.118799
-0.121768
-0.123338
-0.123182
-0.121453
-0.11812
-0.113117
-0.106898
-0.0989996
-0.0903482
-0.0799882
-0.0692294
-0.0567128
-0.0440734
-0.0298048
-0.0156695
-0.000276547
0.0147109
0.0303757
0.0453639
0.0603533
0.0744462
0.0878767
0.100305
0.111538
0.121765
0.130553
0.138319
0.14469
0.147953
0.139243
0.136532
0.131633
0.125171
0.117901
0.109386
0.100146
0.0896439
0.078465
0.0662182
0.0534201
0.0399106
0.0260612
0.0119389
-0.00228333
-0.0163143
-0.0302058
-0.0434551
-0.0562898
-0.0680907
-0.0790996
-0.0887939
-0.0972112
-0.104222
-0.109543
-0.113503
-0.115624
-0.116379
-0.115247
-0.112817
-0.108555
-0.103158
-0.0960961
-0.0881509
-0.0788157
-0.0689206
-0.0579985
-0.0468916
-0.0351852
-0.0236936
-0.0120653
-0.00104652
0.00964305
0.0193639
0.0283202
0.0360118
0.0425645
0.0476442
0.0512986
0.0533772
0.0538515
0.0527625
0.0500092
0.0458221
0.0400324
0.0330479
0.0246376
0.0153653
0.00494465
-0.0059341
-0.0176054
-0.0292874
-0.0413547
-0.0529735
-0.0645496
-0.0752379
-0.0854667
-0.0944188
-0.102536
-0.109065
-0.114451
-0.118037
-0.12026
-0.120586
-0.119426
-0.11638
-0.1118
-0.10545
-0.0974576
-0.0880712
-0.0770548
-0.0651147
-0.0517932
-0.0379301
-0.023124
-0.00807422
0.00735413
0.022758
0.037934
0.0528156
0.0668892
0.0804194
0.0926584
0.104195
0.114168
0.123415
0.131147
0.138147
0.143428
0.146384
0.138134
0.135687
0.130795
0.125062
0.118204
0.110733
0.101946
0.092605
0.0818528
0.0706866
0.0582426
0.045612
0.0320259
0.0184923
0.00440989
-0.00936863
-0.0232549
-0.0365212
-0.0494284
-0.0612896
-0.0723324
-0.0818118
-0.0900718
-0.0964352
-0.101374
-0.104406
-0.106157
-0.105874
-0.104334
-0.100814
-0.0961215
-0.0896138
-0.0821132
-0.0730726
-0.0633043
-0.0523647
-0.0410307
-0.0289645
-0.0168821
-0.00454737
0.00740775
0.0191276
0.0300836
0.0403434
0.0494969
0.0575517
0.0642264
0.0694869
0.0731851
0.0752614
0.0757012
0.0744321
0.0715687
0.0670341
0.0610643
0.0535796
0.0449266
0.0350201
0.0243037
0.0126782
0.000669007
-0.0118484
-0.0242838
-0.0368016
-0.0487636
-0.0603885
-0.0710085
-0.0809089
-0.08941
-0.0968741
-0.102626
-0.10711
-0.109671
-0.110835
-0.109973
-0.107651
-0.10339
-0.09746
-0.0895365
-0.0800947
-0.0689385
-0.0566717
-0.0431889
-0.0291341
-0.0142953
0.000515907
0.015772
0.0304155
0.0452275
0.0588868
0.072451
0.0844249
0.0960426
0.105877
0.115192
0.122889
0.130033
0.135936
0.141144
0.143695
0.135972
0.133615
0.128891
0.123413
0.117333
0.110254
0.102506
0.0936703
0.0840202
0.0734284
0.0620445
0.0500171
0.037381
0.0244463
0.0111392
-0.00207635
-0.0154025
-0.0281643
-0.0406704
-0.0520807
-0.0627092
-0.0717611
-0.0793812
-0.0853162
-0.0894071
-0.0920029
-0.092831
-0.0921246
-0.0896397
-0.0857195
-0.0800781
-0.0732037
-0.0647773
-0.0554121
-0.0447676
-0.0335519
-0.0214164
-0.00912595
0.00366117
0.0161678
0.0287133
0.040555
0.0519747
0.0623109
0.0717942
0.0798861
0.0867548
0.0920199
0.0957783
0.0978332
0.0982049
0.0968937
0.0938421
0.0892482
0.0829795
0.07542
0.0663682
0.0563707
0.0451672
0.0334325
0.0208597
0.00821126
-0.00485173
-0.0175262
-0.0301672
-0.0419784
-0.0533154
-0.0634351
-0.0726778
-0.0803959
-0.0869003
-0.0916732
-0.0949838
-0.0964695
-0.096348
-0.0943755
-0.090798
-0.0852281
-0.0777738
-0.0687177
-0.0578129
-0.0460008
-0.0328315
-0.0193508
-0.00511636
0.00899226
0.0232772
0.0371241
0.0506545
0.0634755
0.0755459
0.0866975
0.096722
0.10582
0.113608
0.120727
0.126702
0.132211
0.13705
0.139458
0.131627
0.129386
0.125461
0.120318
0.114627
0.108081
0.100914
0.092748
0.0839024
0.0740501
0.0636292
0.0523661
0.040778
0.0285915
0.016375
0.00385513
-0.0083643
-0.0204989
-0.0319208
-0.0427538
-0.0523785
-0.0608638
-0.0676983
-0.0730607
-0.0765656
-0.0785903
-0.0788603
-0.0775959
-0.0746303
-0.0701806
-0.0641652
-0.0568032
-0.0481151
-0.0383157
-0.0275201
-0.0159323
-0.00374731
0.00884796
0.0215992
0.034342
0.046788
0.0587995
0.0700817
0.0805267
0.0898614
0.0980088
0.104743
0.110019
0.113679
0.115707
0.116032
0.114664
0.111624
0.106948
0.100748
0.0930841
0.0841488
0.0740236
0.0629675
0.0510796
0.0386625
0.0258315
0.0129064
1.54896e-05
-0.0125327
-0.0245987
-0.0359142
-0.0463303
-0.0556454
-0.0637036
-0.0703912
-0.0755476
-0.0791626
-0.0810722
-0.0813583
-0.0798427
-0.0767299
-0.0716395
-0.0649065
-0.0563574
-0.0464915
-0.0352545
-0.0233141
-0.0105398
0.00234048
0.0155858
0.028456
0.0413103
0.0534221
0.0651813
0.0759041
0.085996
0.0948647
0.102988
0.109936
0.116273
0.121686
0.126694
0.130568
0.132792
0.128231
0.126087
0.121677
0.116848
0.111464
0.105457
0.0987159
0.0912811
0.0828671
0.0738899
0.0639042
0.0536244
0.0424991
0.0313767
0.0196398
0.00822503
-0.00354905
-0.0145999
-0.0256482
-0.0354894
-0.0447988
-0.0524464
-0.058923
-0.0636125
-0.0667215
-0.0681978
-0.0681099
-0.0663917
-0.0630788
-0.0582713
-0.0519108
-0.0442948
-0.0352734
-0.0253255
-0.0142179
-0.00258161
0.00988509
0.0224416
0.0354368
0.0480725
0.0607195
0.0725793
0.0840164
0.094292
0.103735
0.111722
0.118519
0.123667
0.127347
0.1293
0.129605
0.128226
0.125131
0.120512
0.114225
0.106681
0.0976297
0.0876733
0.0764759
0.0647859
0.0522044
0.0395749
0.0264644
0.0137508
0.000998304
-0.0109427
-0.0224794
-0.0328493
-0.0424004
-0.0505128
-0.0574495
-0.0627765
-0.0666513
-0.0688571
-0.0694319
-0.0683521
-0.0655977
-0.0611308
-0.0547417
-0.0470648
-0.0375214
-0.0274155
-0.0159019
-0.0044591
0.00786482
0.0196668
0.0318934
0.043288
0.0547404
0.0651006
0.0751789
0.0839981
0.0922239
0.0992741
0.105588
0.111127
0.116075
0.120594
0.124912
0.126976
0.122925
0.120819
0.116975
0.112237
0.107175
0.101317
0.0950808
0.0878648
0.0801851
0.0714957
0.0624354
0.0525075
0.0424523
0.0317343
0.0211865
0.0102136
-0.000285119
-0.010878
-0.0206487
-0.030049
-0.0382213
-0.0454895
-0.051168
-0.0555706
-0.0582133
-0.0594708
-0.0590364
-0.05714
-0.053624
-0.0486792
-0.0422729
-0.0345635
-0.0256495
-0.0156524
-0.0047905
0.00685385
0.018962
0.031491
0.0440496
0.0566306
0.0688042
0.0805925
0.0915644
0.101763
0.110794
0.118709
0.125187
0.13028
0.133767
0.135689
0.135948
0.134567
0.131581
0.12699
0.120962
0.113472
0.104812
0.0949321
0.0842244
0.072624
0.0605913
0.0480538
0.0355048
0.0228737
0.0106467
-0.0012334
-0.012328
-0.0226695
-0.0319043
-0.0400303
-0.0468109
-0.0522004
-0.0561035
-0.0584246
-0.0592147
-0.0583087
-0.0559455
-0.0517463
-0.0461796
-0.038903
-0.030657
-0.0210589
-0.0111083
-0.000232718
0.010436
0.0216558
0.0322621
0.0430961
0.0530361
0.0628883
0.071626
0.0800176
0.0871644
0.093887
0.0994622
0.104783
0.109264
0.113651
0.117287
0.119292
0.118428
0.116369
0.112143
0.107583
0.102637
0.0971059
0.0910483
0.0843007
0.0768037
0.0687137
0.059857
0.0506472
0.0408448
0.0309529
0.0207114
0.0106477
0.000477579
-0.00918404
-0.0186466
-0.0271936
-0.0351074
-0.0417183
-0.0471823
-0.0511751
-0.0536506
-0.0546958
-0.0541304
-0.0521673
-0.0485474
-0.043673
-0.0371857
-0.0296813
-0.0207114
-0.0110417
-0.000149678
0.0110665
0.0231804
0.0352107
0.0477538
0.0598025
0.0719443
0.0832081
0.0941384
0.103862
0.112849
0.120379
0.126818
0.131649
0.135106
0.136914
0.13716
0.135825
0.132845
0.12846
0.122457
0.115322
0.106703
0.0973018
0.086648
0.0756158
0.0636438
0.0517224
0.0392333
0.0272208
0.0150455
0.00374021
-0.00731852
-0.0171723
-0.0263941
-0.0341573
-0.0409535
-0.0461345
-0.0500862
-0.0523721
-0.0532557
-0.0525124
-0.0503046
-0.0465393
-0.0412061
-0.0347072
-0.0267708
-0.0182506
-0.00869734
0.000936155
0.0111535
0.0211007
0.0312582
0.0408889
0.0504321
0.0592108
0.0676128
0.0751021
0.0819525
0.0879792
0.0932807
0.0981259
0.102434
0.106557
0.11056
0.11249
0.112344
0.110307
0.10685
0.102345
0.0974736
0.0920381
0.0861117
0.0795173
0.0723445
0.0644759
0.0561136
0.0471967
0.0380067
0.0284737
0.0189366
0.00928547
-9.36177e-05
-0.0093147
-0.0179492
-0.0260757
-0.0332591
-0.0395359
-0.044561
-0.0483459
-0.0507056
-0.0516478
-0.0511256
-0.0491318
-0.0457263
-0.0408891
-0.0347865
-0.0273861
-0.0189552
-0.00944995
0.000776814
0.0117789
0.0231402
0.0349218
0.0466721
0.0584561
0.0698173
0.0808207
0.0910365
0.100525
0.108914
0.116254
0.122255
0.126957
0.130172
0.131924
0.132141
0.130829
0.12804
0.123758
0.118155
0.111196
0.103161
0.0939967
0.0840715
0.0733207
0.0621738
0.0505576
0.0389355
0.0272293
0.0159048
0.00488432
-0.00539577
-0.0150078
-0.0235741
-0.0311572
-0.0374628
-0.0425398
-0.046196
-0.0484634
-0.0492589
-0.0485944
-0.0465019
-0.042957
-0.0381468
-0.0320444
-0.025028
-0.0170417
-0.00858356
0.000457033
0.00957831
0.0189398
0.0280875
0.0371848
0.045837
0.0541641
0.0618449
0.0689851
0.0753648
0.0811525
0.0862759
0.090981
0.0952098
0.0992564
0.102454
0.104351
0.108113
0.106086
0.101957
0.0974721
0.0927507
0.0873481
0.0816625
0.0751398
0.0681921
0.0604512
0.0523245
0.0435912
0.0346904
0.025392
0.0162132
0.00683967
-0.0021492
-0.0110718
-0.01935
-0.0272038
-0.0341207
-0.0402151
-0.0450955
-0.048828
-0.0511534
-0.0521612
-0.0516748
-0.0498448
-0.0465407
-0.0419598
-0.0360216
-0.0289629
-0.0207554
-0.0116637
-0.00171049
0.0088259
0.0198768
0.0311655
0.042586
0.0538785
0.0649112
0.0754545
0.0853651
0.0944549
0.102584
0.109613
0.115421
0.119921
0.123024
0.124699
0.124897
0.12364
0.120928
0.116831
0.111399
0.104743
0.0969623
0.0882024
0.0786
0.0683287
0.0575518
0.0464606
0.0352317
0.0240636
0.0131302
0.00262798
-0.00728839
-0.016433
-0.0246859
-0.0318795
-0.0379419
-0.0427286
-0.0462268
-0.0483176
-0.0490539
-0.0483392
-0.0463017
-0.0428611
-0.0382693
-0.0324474
-0.0258293
-0.018257
-0.0103441
-0.00176988
0.00673115
0.0156423
0.0241875
0.0328923
0.0410253
0.0490417
0.0562905
0.0632176
0.0692169
0.0748932
0.0796571
0.0843244
0.0883453
0.0923787
0.0962473
0.0981392
0.102907
0.100902
0.0969182
0.0925353
0.0877291
0.0825257
0.0767162
0.0704766
0.0634323
0.0560597
0.0478749
0.0395938
0.0306663
0.0218963
0.0127165
0.00392717
-0.00503332
-0.0133633
-0.0215856
-0.0289211
-0.0357772
-0.0415339
-0.0463828
-0.0500205
-0.0523653
-0.0534936
-0.0530658
-0.0515316
-0.0483284
-0.0442082
-0.0384102
-0.0319647
-0.0239312
-0.015581
-0.0058276
0.00387426
0.0147099
0.0251155
0.0363174
0.0467292
0.0575528
0.0672719
0.0769957
0.0853707
0.0933472
0.0998189
0.105518
0.109657
0.112703
0.114241
0.114437
0.113278
0.11062
0.106853
0.101527
0.0954154
0.087787
0.0797515
0.0703387
0.0609271
0.050365
0.0402157
0.0292136
0.0190111
0.00830288
-0.00126898
-0.0109752
-0.0192804
-0.0273502
-0.0338438
-0.0397602
-0.0440248
-0.0474212
-0.0491932
-0.0498768
-0.0490698
-0.0470248
-0.0437756
-0.0392413
-0.0339371
-0.0274194
-0.0206242
-0.0128115
-0.0051409
0.00329231
0.0112923
0.0198109
0.0276793
0.0358268
0.04313
0.0504425
0.0568083
0.0629301
0.0682086
0.0731398
0.0775627
0.0817092
0.0856383
0.0893642
0.0912401
0.09785
0.0958411
0.0920771
0.0876293
0.0829147
0.0775738
0.0719185
0.0655209
0.0587304
0.0512085
0.0433731
0.0349593
0.0264496
0.0175619
0.00884605
-4.29082e-05
-0.00851475
-0.0169175
-0.0246785
-0.0320556
-0.038576
-0.0443488
-0.0491054
-0.0527425
-0.0552725
-0.0563995
-0.0563707
-0.0548384
-0.0522423
-0.0481269
-0.0431312
-0.0366932
-0.0296305
-0.02129
-0.0126351
-0.00294443
0.0067182
0.0171118
0.0271282
0.037528
0.0472206
0.0569285
0.0656433
0.0740087
0.0811604
0.0876246
0.0927363
0.096871
0.0996061
0.101141
0.101326
0.100168
0.0978001
0.0940375
0.089289
0.0831847
0.0763868
0.0683605
0.0599816
0.0505809
0.0411944
0.0310567
0.0213016
0.0111109
0.00164771
-0.00791309
-0.0164476
-0.0247432
-0.0317796
-0.0382657
-0.0433409
-0.0476005
-0.0503876
-0.0521576
-0.0524874
-0.0516813
-0.0495547
-0.0463059
-0.0420443
-0.0367236
-0.0308029
-0.0239629
-0.0169274
-0.0091746
-0.00156154
0.00655516
0.0142997
0.0223104
0.0297799
0.0372476
0.0440221
0.0505755
0.0563407
0.0618198
0.0665776
0.0711773
0.0752581
0.0792727
0.0828126
0.084694
0.0936439
0.0916433
0.0875603
0.0831397
0.0784161
0.0731147
0.0674507
0.0611156
0.0542969
0.0468767
0.0390134
0.0307387
0.0222176
0.0134962
0.0047911
-0.00391877
-0.0123649
-0.0205977
-0.0283345
-0.0355875
-0.0421038
-0.0478473
-0.0526439
-0.0563855
-0.0590004
-0.0603737
-0.0604656
-0.0593157
-0.0568806
-0.0532773
-0.0484819
-0.0426711
-0.0358426
-0.0282206
-0.0198252
-0.0109124
-0.00152328
0.00807173
0.0178137
0.0274366
0.0368685
0.045865
0.0543474
0.0621085
0.0690702
0.0750741
0.0800501
0.083897
0.0865598
0.0879987
0.0881795
0.0871238
0.0848226
0.0813555
0.0767404
0.0711081
0.0645029
0.0570975
0.0489596
0.0402922
0.0311811
0.0218463
0.0123853
0.0030206
-0.00614629
-0.0149043
-0.0231566
-0.0307165
-0.0374996
-0.043355
-0.0482184
-0.0519823
-0.0546085
-0.0560375
-0.0562615
-0.0552803
-0.0531002
-0.0498515
-0.0456025
-0.0404522
-0.0346092
-0.0280618
-0.0211382
-0.0137324
-0.0062361
0.00153653
0.00918785
0.0168962
0.0243129
0.031546
0.0383079
0.0447118
0.0504899
0.0559042
0.0606754
0.0652636
0.0693766
0.0734035
0.0772858
0.0791805
0.0892622
0.0872753
0.083221
0.0788624
0.0740506
0.0688584
0.0630654
0.0568779
0.0499324
0.0427053
0.0347313
0.0266919
0.018075
0.00961804
0.000829228
-0.00760622
-0.0161198
-0.0240993
-0.0318814
-0.0389522
-0.0454929
-0.051189
-0.0559957
-0.0598739
-0.0624996
-0.0641912
-0.0643091
-0.0636522
-0.0612582
-0.058314
-0.0535734
-0.0485695
-0.0418072
-0.0351091
-0.0267883
-0.0188753
-0.00956534
-0.000996613
0.00866607
0.0172908
0.0266478
0.0347304
0.0431467
0.0501317
0.0570401
0.0624526
0.0673914
0.0708687
0.0735127
0.0748277
0.0750092
0.0740847
0.0718038
0.0687164
0.0641398
0.0591141
0.0525634
0.045956
0.0378852
0.0301602
0.0211249
0.0128219
0.00344067
-0.00486215
-0.0139499
-0.0216759
-0.0298541
-0.036468
-0.0431864
-0.0482307
-0.0530418
-0.0561679
-0.0587568
-0.0597467
-0.05995
-0.0587426
-0.0565567
-0.0533094
-0.0490569
-0.0441404
-0.0382792
-0.0321373
-0.0251705
-0.018254
-0.0106858
-0.00340972
0.00433717
0.0115952
0.0191263
0.0259901
0.032888
0.0390251
0.0449617
0.0502154
0.0551501
0.0596604
0.0638906
0.0679058
0.0717608
0.0736689
0.0844131
0.0824224
0.0790226
0.0746077
0.0698247
0.0645135
0.0587654
0.0524396
0.0456427
0.0382835
0.0305461
0.0223874
0.0140465
0.00548153
-0.00303291
-0.0115634
-0.019822
-0.0278759
-0.0354443
-0.042563
-0.0489862
-0.0547047
-0.0595458
-0.0634252
-0.0662952
-0.0679852
-0.0685735
-0.0679171
-0.0662083
-0.0632669
-0.0594044
-0.054405
-0.0486819
-0.04199
-0.0348237
-0.026918
-0.0188216
-0.0102608
-0.00180666
0.00681017
0.0150304
0.0231056
0.0305224
0.037501
0.0436059
0.0490135
0.0533932
0.0568673
0.059231
0.0605448
0.0607422
0.0598186
0.0578495
0.054765
0.0507781
0.045757
0.0400388
0.0334375
0.0263928
0.0186749
0.0107986
0.00250331
-0.00565328
-0.0139485
-0.0218159
-0.0295349
-0.036565
-0.0431728
-0.0488762
-0.0539159
-0.0578954
-0.0610186
-0.062995
-0.0639839
-0.0638192
-0.0626129
-0.0603191
-0.0570697
-0.0529561
-0.0480138
-0.0424696
-0.0362721
-0.0297228
-0.022719
-0.0155897
-0.00820061
-0.000875143
0.00651302
0.0136683
0.0206767
0.0272932
0.0335905
0.039393
0.0448139
0.0497705
0.0544249
0.0587021
0.0627861
0.0660169
0.06793
0.0814482
0.079459
0.0754545
0.0710118
0.0662936
0.060914
0.0552488
0.0488459
0.0420959
0.0346693
0.0269622
0.0187487
0.010437
0.00182512
-0.00666044
-0.0152331
-0.0234806
-0.0315712
-0.0391716
-0.046321
-0.0528392
-0.0585865
-0.0636159
-0.0675295
-0.070678
-0.0724296
-0.0733874
-0.0728249
-0.0715842
-0.0687675
-0.0654676
-0.0606198
-0.0555364
-0.0490168
-0.0425433
-0.0348227
-0.0274422
-0.0190697
-0.0113208
-0.00288554
0.0046763
0.0125868
0.0194275
0.0262677
0.0319112
0.037215
0.0412748
0.0446858
0.0468905
0.0481856
0.0483952
0.0474984
0.0457127
0.042699
0.0390568
0.0341463
0.0289147
0.0224571
0.0160135
0.00846397
0.00126965
-0.00684236
-0.0142737
-0.0223811
-0.0295189
-0.0370561
-0.04339
-0.0498317
-0.0549066
-0.0598042
-0.0632515
-0.0662631
-0.0678251
-0.0687371
-0.0682824
-0.0670352
-0.0645677
-0.0613074
-0.0571377
-0.0521906
-0.0467075
-0.0405012
-0.034085
-0.0270608
-0.0200991
-0.0126761
-0.0055105
0.00192532
0.00895751
0.0160313
0.0225665
0.0289514
0.0346978
0.040223
0.0451194
0.0498701
0.0541338
0.0582665
0.0621899
0.0641088
0.0779453
0.0759752
0.0719531
0.0675713
0.0627766
0.0574819
0.0517099
0.0454127
0.0385527
0.0312628
0.0234545
0.0154026
0.00699834
-0.00144414
-0.0100146
-0.0184316
-0.0267515
-0.034724
-0.0423777
-0.0494752
-0.0560246
-0.061818
-0.0668574
-0.0709498
-0.074096
-0.076176
-0.0771331
-0.0770587
-0.075819
-0.0736438
-0.0703465
-0.0662733
-0.0611939
-0.0555509
-0.0490825
-0.0423003
-0.0349257
-0.0275067
-0.0197639
-0.0122464
-0.00469053
0.00238867
0.00922392
0.0153668
0.0210058
0.0257867
0.0298434
0.032937
0.0351399
0.0363422
0.0365516
0.035792
0.0340077
0.0313531
0.0277138
0.023363
0.0181355
0.0124052
0.00596664
-0.000730619
-0.00791925
-0.0151032
-0.0225286
-0.0296847
-0.0368169
-0.0434316
-0.0497605
-0.0553576
-0.0604285
-0.0646014
-0.068046
-0.0704855
-0.0720462
-0.0725599
-0.0721055
-0.0706404
-0.0681747
-0.0648658
-0.0606841
-0.0558369
-0.0503174
-0.0443131
-0.0378346
-0.0310672
-0.02402
-0.0168666
-0.00959976
-0.00241316
0.00473047
0.0116021
0.0182593
0.0245074
0.0303861
0.0358413
0.0408659
0.045589
0.0499449
0.0540809
0.058026
0.0599589
0.0746976
0.0727461
0.0687068
0.0643827
0.0595174
0.0543035
0.0484312
0.0422333
0.035271
0.0281082
0.0202063
0.012304
0.00381484
-0.00447169
-0.0131198
-0.0213937
-0.0297806
-0.0376438
-0.0453467
-0.0523961
-0.0589744
-0.0648105
-0.0698591
-0.0741172
-0.0772613
-0.0796454
-0.0806017
-0.0809795
-0.0797407
-0.0781596
-0.0748647
-0.0715087
-0.066433
-0.0616018
-0.0551382
-0.0492251
-0.0418559
-0.0353198
-0.0275827
-0.0209151
-0.0133648
-0.00705543
-0.000225193
0.00527187
0.0109067
0.0152035
0.0192572
0.0220569
0.0242582
0.0253744
0.0255837
0.0249511
0.0231682
0.0208461
0.0172094
0.013377
0.00815336
0.00309648
-0.00333734
-0.00924538
-0.0164287
-0.0227532
-0.0301732
-0.0364482
-0.0435752
-0.0493357
-0.05566
-0.060475
-0.0655422
-0.069044
-0.0724861
-0.0743957
-0.0759553
-0.0761
-0.075646
-0.0739791
-0.071515
-0.068161
-0.0639683
-0.0592136
-0.0536604
-0.0478431
-0.0413069
-0.0347773
-0.0276511
-0.0207461
-0.0133867
-0.00642921
0.000815956
0.00750143
0.0142706
0.0203926
0.0263932
0.0317841
0.036927
0.0416258
0.0460658
0.0502063
0.0541676
0.0561127
0.0709186
0.0689639
0.0655873
0.0612214
0.0564023
0.0511029
0.045293
0.0389984
0.0321771
0.0249229
0.0172286
0.009244
0.000992297
-0.00736874
-0.0157853
-0.0241249
-0.0323062
-0.0402216
-0.0477631
-0.0548461
-0.0613381
-0.0671907
-0.0722512
-0.0765116
-0.0798104
-0.0821936
-0.0834925
-0.0838712
-0.0831482
-0.0815696
-0.0789447
-0.0755929
-0.0713143
-0.0664884
-0.0609112
-0.0550043
-0.048565
-0.0420356
-0.035221
-0.0285602
-0.021873
-0.0155699
-0.00949338
-0.00400171
0.00103301
0.00532559
0.00896809
0.0117652
0.0137684
0.0148836
0.015119
0.0144872
0.0129524
0.0106328
0.00745069
0.00362215
-0.000968491
-0.00602022
-0.0116809
-0.0175829
-0.0238991
-0.0302171
-0.0367268
-0.0429953
-0.049221
-0.0549755
-0.0604579
-0.0652676
-0.069597
-0.0730947
-0.0759393
-0.0778463
-0.0789745
-0.0791182
-0.0784163
-0.07675
-0.0742347
-0.0708786
-0.0667822
-0.062009
-0.0566445
-0.0507882
-0.0445001
-0.0379094
-0.0310519
-0.0240693
-0.0169777
-0.00993175
-0.00293293
0.00385021
0.0104304
0.0166604
0.0225651
0.0280693
0.0332167
0.0380144
0.0424742
0.0466623
0.0499555
0.0519042
0.0685141
0.0665578
0.0629728
0.0585718
0.0538152
0.0484428
0.0427087
0.0363305
0.0295948
0.0222606
0.0146675
0.00660959
-0.00153402
-0.00996298
-0.0182804
-0.0266813
-0.0347899
-0.042755
-0.050268
-0.0573846
-0.0639086
-0.0697778
-0.0749515
-0.0792128
-0.0827262
-0.0851079
-0.0867329
-0.0871113
-0.0868336
-0.085256
-0.0831854
-0.0798356
-0.0761997
-0.0713769
-0.0665027
-0.0605996
-0.0548899
-0.0483646
-0.0422687
-0.035612
-0.0295935
-0.0232944
-0.0177993
-0.0123111
-0.00773737
-0.0034475
-0.000118906
0.00267643
0.00453099
0.00564552
0.00590604
0.00527462
0.00393676
0.00161862
-0.00120691
-0.00503304
-0.00912869
-0.0141772
-0.0192337
-0.025132
-0.0307698
-0.0370838
-0.0428792
-0.0491437
-0.0546587
-0.0604096
-0.0652225
-0.0700292
-0.0737643
-0.0772598
-0.079613
-0.0815188
-0.0822783
-0.0824219
-0.0814834
-0.0798181
-0.0771887
-0.0738307
-0.0697287
-0.0649357
-0.0596471
-0.053751
-0.0475895
-0.0409399
-0.0342345
-0.027179
-0.0202414
-0.0131141
-0.00625048
0.000620727
0.00710108
0.0134268
0.0192733
0.0248769
0.0299943
0.0348785
0.0393307
0.0435605
0.0471475
0.0490983
0.0664056
0.0644578
0.0605802
0.0561859
0.0514568
0.0460755
0.040367
0.0339818
0.0272615
0.0199341
0.012356
0.00431954
-0.00380882
-0.0122079
-0.020516
-0.0288859
-0.0370001
-0.0449388
-0.0524802
-0.0595807
-0.0661609
-0.0720311
-0.0772962
-0.0815848
-0.0852299
-0.08768
-0.0894993
-0.0899917
-0.0899708
-0.0885508
-0.0867948
-0.0836406
-0.0803659
-0.0757675
-0.071286
-0.065625
-0.060321
-0.0540425
-0.0483449
-0.0419259
-0.0362773
-0.030193
-0.025019
-0.0197103
-0.0153907
-0.0112344
-0.00807837
-0.00536283
-0.00358939
-0.00249634
-0.00222086
-0.00281444
-0.00404234
-0.00626593
-0.00889316
-0.012574
-0.0163948
-0.0212564
-0.0259774
-0.0316583
-0.0369192
-0.0429983
-0.0483965
-0.0544221
-0.059541
-0.0650625
-0.0695012
-0.0741004
-0.0775014
-0.080822
-0.0828967
-0.0846683
-0.085216
-0.0852712
-0.0841914
-0.0824849
-0.0797831
-0.0764245
-0.0722958
-0.0675261
-0.0622469
-0.0563865
-0.050256
-0.0436462
-0.0369825
-0.0299642
-0.0230672
-0.0159691
-0.00913433
-0.00227658
0.00419329
0.0105269
0.0163796
0.0220096
0.0271352
0.032049
0.0365148
0.0407575
0.0447027
0.0466543
0.0641009
0.0621782
0.0582891
0.0539612
0.0491826
0.0438874
0.0381108
0.0318322
0.0250429
0.0178504
0.01021
0.00233137
-0.00585259
-0.0140853
-0.022443
-0.0306559
-0.0388108
-0.0466205
-0.0541904
-0.0612088
-0.0678047
-0.0736591
-0.0789284
-0.0832898
-0.086933
-0.0895609
-0.0913792
-0.0921646
-0.0921437
-0.0911271
-0.0893721
-0.0867166
-0.0834437
-0.0794171
-0.0749381
-0.0698932
-0.0645921
-0.0589411
-0.0532466
-0.0474316
-0.041786
-0.0362475
-0.0310763
-0.0262232
-0.021906
-0.0180885
-0.0149342
-0.0124209
-0.0106484
-0.00960948
-0.00933416
-0.00983117
-0.0110584
-0.0130414
-0.0156672
-0.0189788
-0.0227975
-0.0271836
-0.0319021
-0.0370303
-0.0422884
-0.04777
-0.0531653
-0.0585833
-0.0636995
-0.0686372
-0.0730735
-0.0771445
-0.0805437
-0.0834184
-0.085492
-0.0869206
-0.087468
-0.0872964
-0.0862172
-0.0844029
-0.0817025
-0.0783423
-0.0742077
-0.0695225
-0.0642236
-0.0585056
-0.0523405
-0.0459066
-0.0391944
-0.0323634
-0.025408
-0.0184885
-0.0115886
-0.0048829
0.00165922
0.00788062
0.0138125
0.0193724
0.0245756
0.0294471
0.0339691
0.0381908
0.0421491
0.0440985
0.0619666
0.0600672
0.0561673
0.0519009
0.0470765
0.0418611
0.0360214
0.0298415
0.0229884
0.0159208
0.00822275
0.000490204
-0.00774525
-0.0158239
-0.0242275
-0.032295
-0.0404877
-0.0481777
-0.0557742
-0.0627166
-0.069327
-0.0751667
-0.0804399
-0.0848687
-0.0885101
-0.0913027
-0.0931201
-0.0941768
-0.0941559
-0.0935129
-0.0917587
-0.0895653
-0.086294
-0.0827969
-0.0783201
-0.0738458
-0.0685474
-0.0634776
-0.0577859
-0.0525302
-0.0468875
-0.0418543
-0.0366857
-0.0322546
-0.0279395
-0.0244359
-0.0212832
-0.0189572
-0.0171856
-0.0161967
-0.0159215
-0.0163291
-0.0175557
-0.0193159
-0.0219404
-0.0249099
-0.0287267
-0.0326727
-0.0373888
-0.0420051
-0.0472605
-0.0521889
-0.0575815
-0.0624368
-0.0675504
-0.0719477
-0.0763818
-0.0799636
-0.0833611
-0.0858228
-0.0878954
-0.0890064
-0.0895535
-0.0891719
-0.0880933
-0.0861791
-0.08348
-0.0801184
-0.0759782
-0.0713712
-0.0660542
-0.060468
-0.0542708
-0.0479999
-0.0412428
-0.0345852
-0.0275757
-0.0208216
-0.0138614
-0.00729652
-0.000687481
0.00543
0.0114352
0.0169301
0.0222052
0.0270375
0.0316116
0.0358138
0.0397843
0.0417317
0.0599552
0.0580762
0.0542005
0.0499849
0.0451271
0.0399772
0.0340901
0.0279915
0.0210945
0.0141297
0.00639825
-0.00121485
-0.00947424
-0.0174285
-0.0258495
-0.033801
-0.042005
-0.0496007
-0.0572018
-0.0640856
-0.0706956
-0.076527
-0.0817964
-0.0862845
-0.0899231
-0.0928573
-0.0946853
-0.0959755
-0.0959744
-0.0956528
-0.0939266
-0.0921306
-0.0888941
-0.0858527
-0.0814156
-0.0774323
-0.0721762
-0.0676065
-0.0619573
-0.0571829
-0.0515801
-0.0469818
-0.0418482
-0.0377803
-0.0334931
-0.0302596
-0.027126
-0.0249612
-0.0231989
-0.0222531
-0.0219768
-0.0223074
-0.0235227
-0.0250912
-0.0276948
-0.0303699
-0.0341579
-0.0377249
-0.0424059
-0.0465817
-0.051798
-0.0562503
-0.0616021
-0.0659732
-0.071047
-0.074979
-0.0793764
-0.0825373
-0.0859034
-0.0880098
-0.090058
-0.0908957
-0.0914266
-0.0908643
-0.0897782
-0.0877782
-0.0850845
-0.0817206
-0.0775851
-0.0730415
-0.0677233
-0.0622437
-0.0560383
-0.0498982
-0.0431248
-0.0366053
-0.0295727
-0.0229499
-0.0159597
-0.00950608
-0.00285724
0.00317964
0.00923547
0.0146829
0.0200119
0.0248182
0.0294316
0.0336215
0.0375645
0.0395096
0.0577057
0.0558249
0.0523626
0.0481224
0.0433297
0.0381296
0.0323344
0.0261797
0.019425
0.0124087
0.00486324
-0.00279411
-0.0108425
-0.0188345
-0.0270396
-0.0350217
-0.0430212
-0.0506383
-0.0580628
-0.0649581
-0.0714416
-0.0772768
-0.0824903
-0.0869774
-0.0906554
-0.0935883
-0.0955664
-0.096856
-0.0971126
-0.0967911
-0.09542
-0.0936248
-0.0908238
-0.0877838
-0.0838395
-0.0798579
-0.0751241
-0.0705564
-0.0654284
-0.060656
-0.0555421
-0.0509459
-0.0462395
-0.0421733
-0.0382259
-0.0349937
-0.0320921
-0.0299283
-0.0282766
-0.0273313
-0.0270385
-0.027369
-0.0284427
-0.0300105
-0.0323572
-0.0350312
-0.0384635
-0.042029
-0.0462782
-0.0504522
-0.0551872
-0.0596376
-0.064488
-0.0688572
-0.0734393
-0.0773697
-0.0813134
-0.0844729
-0.0874487
-0.0895542
-0.0912957
-0.092133
-0.092455
-0.0918929
-0.0907038
-0.0887046
-0.0860151
-0.0826514
-0.0786083
-0.0740585
-0.0688926
-0.0633976
-0.0573827
-0.0512163
-0.0446495
-0.0380941
-0.0312686
-0.0246027
-0.0178057
-0.0113026
-0.00481414
0.00127935
0.00722478
0.012733
0.0180059
0.0228661
0.0274479
0.031664
0.0351701
0.0371173
0.0556694
0.0537869
0.0506766
0.0464137
0.0416789
0.0364326
0.0307207
0.0245144
0.0178887
0.010825
0.00344864
-0.00424953
-0.0121064
-0.0201332
-0.0281426
-0.0361531
-0.043967
-0.0516041
-0.0588685
-0.0657747
-0.072144
-0.0779828
-0.0831476
-0.0876338
-0.0913518
-0.0942835
-0.0964008
-0.0976899
-0.0981842
-0.0978629
-0.0968185
-0.095024
-0.0926234
-0.0895845
-0.0860929
-0.082113
-0.0778587
-0.0732928
-0.0686431
-0.0638727
-0.0592074
-0.054613
-0.0502985
-0.046234
-0.0425981
-0.0393672
-0.0366783
-0.0345153
-0.0329649
-0.03202
-0.0317119
-0.0320422
-0.0329858
-0.0345529
-0.0366637
-0.0393366
-0.0424424
-0.0460065
-0.0498593
-0.0540316
-0.0583249
-0.0627735
-0.0671636
-0.0715311
-0.0756617
-0.0795905
-0.0831177
-0.0862759
-0.088893
-0.0909977
-0.0924571
-0.0932941
-0.0934235
-0.0928617
-0.091577
-0.0895786
-0.0868899
-0.0835264
-0.0795662
-0.0750105
-0.0699833
-0.0644737
-0.0586325
-0.0524416
-0.0460632
-0.0394745
-0.0328376
-0.0261319
-0.0195106
-0.0129617
-0.00661922
-0.000473483
0.00537176
0.0109361
0.016158
0.021068
0.025622
0.0298624
0.0330015
0.0349504
0.0545616
0.0526785
0.0493231
0.0450421
0.0403706
0.0350872
0.0294471
0.0231991
0.0166539
0.00955118
0.00226889
-0.00546391
-0.0132167
-0.0212743
-0.0291792
-0.0372163
-0.0449377
-0.052595
-0.0597912
-0.0667097
-0.0730456
-0.0788896
-0.0840665
-0.0885522
-0.0923376
-0.0952683
-0.0975195
-0.0988081
-0.0995044
-0.0991832
-0.0984028
-0.096609
-0.094523
-0.0914852
-0.0883433
-0.0843648
-0.0804769
-0.0759127
-0.0716256
-0.0668569
-0.0625296
-0.0579369
-0.053916
-0.049853
-0.0464489
-0.0432193
-0.0406867
-0.0385245
-0.0370462
-0.0361016
-0.0357773
-0.0361075
-0.0369484
-0.038515
-0.0404437
-0.0431156
-0.0459715
-0.0495343
-0.0530849
-0.0572556
-0.0612126
-0.0656596
-0.069699
-0.0740648
-0.0778501
-0.0817775
-0.0849837
-0.0881407
-0.0904782
-0.092582
-0.0938165
-0.0946532
-0.0946223
-0.0940607
-0.0926849
-0.0906873
-0.0879735
-0.0846098
-0.0806778
-0.076115
-0.0711567
-0.0656317
-0.0598869
-0.0536716
-0.0474048
-0.0407847
-0.0342618
-0.0275199
-0.0210026
-0.0144134
-0.00815527
-0.00196463
0.00381864
0.00943048
0.0146057
0.0195577
0.0240781
0.0283389
0.0317994
0.0337491
0.0535357
0.0516521
0.0480697
0.043772
0.0391591
0.0338413
0.0282677
0.0219811
0.0155104
0.00837154
0.00117636
-0.00658852
-0.0142448
-0.022331
-0.0301392
-0.0382008
-0.0458367
-0.0535126
-0.0606455
-0.0675756
-0.0738805
-0.0797293
-0.0849174
-0.0894027
-0.0932506
-0.0961802
-0.0985554
-0.0998436
-0.100727
-0.100406
-0.09987
-0.0980768
-0.0962821
-0.0932454
-0.0904274
-0.0864502
-0.0829015
-0.0783389
-0.0743875
-0.0696205
-0.0656062
-0.0610151
-0.057266
-0.0532044
-0.0500151
-0.0467865
-0.0443988
-0.0422374
-0.0408257
-0.0398814
-0.0395421
-0.0398723
-0.0406181
-0.0421842
-0.0439442
-0.0466152
-0.0492397
-0.0528013
-0.056072
-0.0602413
-0.0638869
-0.0683323
-0.0720468
-0.0764112
-0.0798767
-0.0838027
-0.0867118
-0.0898677
-0.0919461
-0.0940492
-0.0950754
-0.0959118
-0.0957325
-0.0951711
-0.0937109
-0.0917139
-0.088977
-0.0856131
-0.0817072
-0.0771379
-0.0722435
-0.066704
-0.0610485
-0.0548107
-0.0486473
-0.041998
-0.0355807
-0.0288052
-0.0223843
-0.0157577
-0.00957775
-0.00334553
0.00238035
0.00803619
0.0131682
0.0181591
0.0226483
0.026928
0.0306863
0.0326365
0.0527785
0.0509013
0.047242
0.0429706
0.0383402
0.0330582
0.0274644
0.0212171
0.0147323
0.00763707
0.00043738
-0.00727929
-0.0149337
-0.0229697
-0.0307732
-0.0387871
-0.0464172
-0.0540523
-0.0611806
-0.0680808
-0.074385
-0.0802188
-0.0854132
-0.0899025
-0.0937684
-0.0967231
-0.0991391
-0.100474
-0.10142
-0.101167
-0.100713
-0.0990057
-0.0973083
-0.094372
-0.0916623
-0.0877943
-0.0843592
-0.0799082
-0.0760693
-0.07141
-0.0675007
-0.063007
-0.0593492
-0.055369
-0.0522517
-0.0490836
-0.0467446
-0.0446191
-0.0432299
-0.042295
-0.0419508
-0.0422634
-0.0429775
-0.0445005
-0.0462041
-0.0488093
-0.0513562
-0.0548334
-0.0580103
-0.0620819
-0.0656231
-0.0699633
-0.073569
-0.0778269
-0.0811853
-0.0850098
-0.0878194
-0.0908842
-0.092876
-0.0949033
-0.09586
-0.0966395
-0.0964108
-0.0958137
-0.0943257
-0.0923149
-0.089573
-0.0862154
-0.0823149
-0.0777698
-0.0728848
-0.067383
-0.0617371
-0.0555462
-0.0493892
-0.0427919
-0.0363764
-0.0296533
-0.023228
-0.0166498
-0.0104557
-0.00426543
0.00148736
0.00710707
0.012274
0.0172335
0.0217548
0.0260144
0.0298731
0.0318209
0.0521754
0.0503066
0.0466446
0.042395
0.0377507
0.0324987
0.0268854
0.0206765
0.0141719
0.00712477
-9.25397e-05
-0.00775355
-0.0154235
-0.0234002
-0.0312172
-0.0391735
-0.0468142
-0.0543994
-0.0615341
-0.0683982
-0.0747049
-0.0805217
-0.0857159
-0.090213
-0.0940778
-0.0970692
-0.0994845
-0.100888
-0.101833
-0.101679
-0.101225
-0.0996424
-0.0979454
-0.0951538
-0.0924449
-0.0887339
-0.0852998
-0.0810095
-0.0771718
-0.0726674
-0.0687593
-0.0644057
-0.060749
-0.0568857
-0.0537694
-0.0506881
-0.0483498
-0.0462758
-0.044887
-0.0439655
-0.0436214
-0.0439089
-0.0446227
-0.0460837
-0.0477868
-0.0502972
-0.0528434
-0.0561992
-0.0593752
-0.0633062
-0.0668463
-0.0710352
-0.0746398
-0.0787446
-0.082102
-0.0857803
-0.0885891
-0.0915228
-0.093514
-0.0954321
-0.0963885
-0.0970859
-0.0968573
-0.0962086
-0.094721
-0.0926897
-0.0899486
-0.0865983
-0.0826973
-0.0781822
-0.0732936
-0.0678376
-0.0621839
-0.0560489
-0.04988
-0.0433422
-0.0369117
-0.0302461
-0.0238037
-0.0172761
-0.0110627
-0.00491251
0.000861764
0.00645331
0.0116415
0.0165822
0.0211188
0.025368
0.0292297
0.0311749
0.0516168
0.0497559
0.0460914
0.041862
0.0372048
0.0319805
0.0263492
0.0201759
0.013653
0.00665035
-0.000583279
-0.00819275
-0.015877
-0.0237989
-0.0316284
-0.0395314
-0.0471817
-0.0547208
-0.0618614
-0.0686921
-0.0750011
-0.0808023
-0.0859963
-0.0905006
-0.0943643
-0.0973898
-0.0998044
-0.101271
-0.102216
-0.102153
-0.101699
-0.100232
-0.0985355
-0.0958778
-0.0931696
-0.0896041
-0.0861709
-0.0820294
-0.0781927
-0.0738319
-0.0699248
-0.065701
-0.0620453
-0.0582903
-0.0551748
-0.0521739
-0.0498362
-0.04781
-0.0464216
-0.0455126
-0.0451686
-0.0454326
-0.0461463
-0.0475499
-0.0492525
-0.0516752
-0.0542207
-0.057464
-0.0606392
-0.0644399
-0.0679791
-0.0720278
-0.0756315
-0.0795944
-0.0829509
-0.0864939
-0.0893019
-0.0921142
-0.0941048
-0.0959218
-0.0968779
-0.0974994
-0.0972708
-0.0965742
-0.0950871
-0.0930367
-0.0902964
-0.0869529
-0.0830515
-0.0785641
-0.0736721
-0.0682586
-0.0625978
-0.0565144
-0.0503344
-0.0438518
-0.0374073
-0.0307952
-0.0243368
-0.0178562
-0.0116249
-0.00551175
0.000282418
0.00584789
0.0110557
0.0159792
0.0205298
0.0247695
0.0286339
0.0305766
0.0510996
0.049246
0.045579
0.0413684
0.0366993
0.0315007
0.0258527
0.0197123
0.0131725
0.00621101
-0.00103773
-0.00859947
-0.016297
-0.0241681
-0.0320092
-0.0398628
-0.0475221
-0.0550184
-0.0621645
-0.0689642
-0.0752754
-0.0810621
-0.086256
-0.0907668
-0.0946296
-0.0976866
-0.100101
-0.101626
-0.102571
-0.102592
-0.102138
-0.100778
-0.0990819
-0.0965483
-0.0938408
-0.0904099
-0.0869776
-0.0829739
-0.0791382
-0.0749102
-0.0710041
-0.0669005
-0.0632457
-0.059591
-0.0564763
-0.0535499
-0.0512128
-0.0492308
-0.0478427
-0.0469452
-0.0466013
-0.0468437
-0.0475573
-0.0489076
-0.0506098
-0.0529513
-0.0554962
-0.0586353
-0.0618097
-0.0654898
-0.0690281
-0.0729471
-0.0765498
-0.0803815
-0.0837371
-0.0871547
-0.089962
-0.0926619
-0.094652
-0.0963753
-0.0973312
-0.0978822
-0.0976537
-0.0969128
-0.0954261
-0.0933581
-0.0906185
-0.0872813
-0.0833794
-0.0789177
-0.0740226
-0.0686485
-0.0629811
-0.0569455
-0.0507553
-0.0443238
-0.0378664
-0.0313036
-0.0248305
-0.0183933
-0.0121455
-0.00606668
-0.000254092
0.00528722
0.0105132
0.0154207
0.0199843
0.0242152
0.0280822
0.0300226
0.0506206
0.0487737
0.0451046
0.0409113
0.0362312
0.0310563
0.0253928
0.0192829
0.0127275
0.00580415
-0.00145859
-0.00897612
-0.016686
-0.02451
-0.0323618
-0.0401697
-0.0478374
-0.0552941
-0.0624453
-0.0692163
-0.0755295
-0.0813027
-0.0864964
-0.0910134
-0.0948753
-0.0979615
-0.100375
-0.101955
-0.102899
-0.102999
-0.102545
-0.101284
-0.0995879
-0.0971692
-0.0944623
-0.0911562
-0.0877247
-0.0838485
-0.0800137
-0.0759089
-0.0720037
-0.0680114
-0.0643574
-0.0607956
-0.0576816
-0.0548241
-0.0524875
-0.0505465
-0.0491588
-0.048272
-0.0479281
-0.0481505
-0.0488639
-0.050165
-0.0518668
-0.0541331
-0.0566773
-0.0597201
-0.0628937
-0.0664621
-0.0699996
-0.0737983
-0.0774003
-0.0811103
-0.0844652
-0.0877667
-0.0905733
-0.0931691
-0.0951587
-0.0967953
-0.0977509
-0.0982368
-0.0980083
-0.0972264
-0.09574
-0.0936558
-0.0909168
-0.0875854
-0.0836831
-0.0792452
-0.0743472
-0.0690095
-0.063336
-0.0573447
-0.051145
-0.0447608
-0.0382914
-0.0317744
-0.0252877
-0.0188908
-0.0126276
-0.00658059
-0.000750934
0.00476802
0.0100109
0.0149035
0.0194792
0.0237018
0.0275712
0.0295095
0.050177
0.0483364
0.0446652
0.040488
0.0357976
0.0306448
0.024967
0.0188853
0.0123154
0.00542737
-0.00184833
-0.00932492
-0.0170462
-0.0248267
-0.0326883
-0.040454
-0.0481293
-0.0555493
-0.0627052
-0.0694497
-0.0757647
-0.0815255
-0.0867191
-0.0912418
-0.0951028
-0.0982161
-0.100629
-0.102259
-0.103203
-0.103375
-0.102921
-0.101752
-0.100056
-0.0977442
-0.0950379
-0.0918473
-0.0884165
-0.0846585
-0.0808245
-0.0768336
-0.0729293
-0.0690401
-0.0653869
-0.0619111
-0.0587978
-0.0560041
-0.0536681
-0.051765
-0.0503775
-0.0495006
-0.0491568
-0.0493607
-0.0500739
-0.0513294
-0.0530308
-0.0552274
-0.0577711
-0.0607246
-0.0638975
-0.0673625
-0.0708992
-0.0745867
-0.0781878
-0.0817852
-0.0851394
-0.0883334
-0.0911394
-0.0936387
-0.0956279
-0.0971842
-0.0981396
-0.0985651
-0.0983367
-0.0975168
-0.0960307
-0.0939314
-0.091193
-0.087867
-0.0839644
-0.0795485
-0.0746479
-0.0693439
-0.0636647
-0.0577144
-0.051506
-0.0451655
-0.0386851
-0.0322104
-0.0257111
-0.0193514
-0.013074
-0.00705649
-0.00121104
0.0042872
0.00954564
0.0144245
0.0190114
0.0232265
0.0270981
0.0290344
0.0497663
0.0479314
0.0442584
0.040096
0.0353962
0.0302638
0.0245727
0.0185172
0.0119338
0.00507845
-0.00220925
-0.00964793
-0.0173798
-0.0251199
-0.0329907
-0.0407172
-0.0483996
-0.0557857
-0.0629459
-0.0696659
-0.0759826
-0.0817318
-0.0869253
-0.0914532
-0.0953135
-0.0984518
-0.100864
-0.102541
-0.103485
-0.103724
-0.10327
-0.102185
-0.10049
-0.0982766
-0.0955709
-0.0924873
-0.0890572
-0.0854086
-0.0815754
-0.0776901
-0.0737865
-0.0699927
-0.0663402
-0.0629441
-0.0598314
-0.0570969
-0.0547613
-0.0528933
-0.0515062
-0.0506384
-0.0502947
-0.0504814
-0.0511944
-0.0524077
-0.0541088
-0.0562409
-0.0587841
-0.0616548
-0.0648271
-0.0681964
-0.0717323
-0.0753167
-0.0789171
-0.0824103
-0.0857637
-0.0888582
-0.0916637
-0.0940737
-0.0960625
-0.0975443
-0.0984996
-0.0988692
-0.0986408
-0.0977857
-0.0963
-0.0941867
-0.0914488
-0.0881278
-0.0842248
-0.0798293
-0.0749263
-0.0696535
-0.063969
-0.0580567
-0.0518402
-0.0455403
-0.0390497
-0.0326142
-0.0261032
-0.019778
-0.0134874
-0.00749721
-0.00163713
0.00384193
0.00911482
0.013981
0.0185782
0.0227862
0.0266599
0.0285944
0.0495468
0.0477119
0.044177
0.0400014
0.0353211
0.0301634
0.024502
0.0184199
0.0118713
0.00499233
-0.00225866
-0.0097176
-0.0174128
-0.0251704
-0.0330061
-0.0407473
-0.0483975
-0.0557946
-0.0629271
-0.0696539
-0.0759492
-0.0817017
-0.0868813
-0.09141
-0.0952638
-0.0984041
-0.100816
-0.102497
-0.103444
-0.10369
-0.103244
-0.102168
-0.100484
-0.0982801
-0.095588
-0.0925155
-0.0891007
-0.0854635
-0.0816461
-0.0777718
-0.0738834
-0.0700997
-0.0664609
-0.0630732
-0.0599717
-0.0572435
-0.054916
-0.0530518
-0.0516691
-0.0508023
-0.0504592
-0.0506442
-0.051354
-0.0525629
-0.054257
-0.0563824
-0.0589155
-0.0617776
-0.0649374
-0.0682966
-0.0718184
-0.075392
-0.0789777
-0.0824598
-0.0857991
-0.0888832
-0.0916759
-0.0940766
-0.0960551
-0.0975293
-0.0984773
-0.0988413
-0.0986093
-0.0977509
-0.0962652
-0.094151
-0.0914183
-0.0880973
-0.0842064
-0.0798072
-0.0749239
-0.0696427
-0.0639848
-0.0580586
-0.051874
-0.0455554
-0.0391005
-0.0326428
-0.02617
-0.0198194
-0.013568
-0.00754866
-0.00172686
0.00378445
0.00902341
0.0139199
0.0184937
0.0227178
0.0264273
0.0283623
0.0493607
0.0475259
0.0441242
0.039948
0.035269
0.0301083
0.0244534
0.0183672
0.0118313
0.00494839
-0.00228583
-0.00974813
-0.0174246
-0.025185
-0.0330013
-0.0407446
-0.0483756
-0.0557735
-0.062888
-0.0696144
-0.0758945
-0.0816459
-0.0868145
-0.0913423
-0.0951907
-0.0983304
-0.100741
-0.102422
-0.103373
-0.103619
-0.103181
-0.102105
-0.100432
-0.098229
-0.095551
-0.092479
-0.0890799
-0.0854434
-0.0816422
-0.0777686
-0.0738959
-0.0701128
-0.066488
-0.0631009
-0.0600109
-0.0572832
-0.0549639
-0.0531001
-0.051722
-0.0508554
-0.0505129
-0.0506978
-0.0514042
-0.0526129
-0.0543
-0.056425
-0.0589477
-0.0618093
-0.0649561
-0.0683147
-0.071822
-0.0753949
-0.0789654
-0.082447
-0.0857715
-0.0888551
-0.0916346
-0.094035
-0.0960027
-0.0974767
-0.0984173
-0.0987812
-0.0985454
-0.0976872
-0.0962016
-0.0940876
-0.0913592
-0.0880388
-0.0841567
-0.0797584
-0.0748869
-0.0696061
-0.0639621
-0.0580354
-0.0518656
-0.0455455
-0.0391057
-0.0326458
-0.0261879
-0.0198346
-0.0135969
-0.00757435
-0.00176324
0.00375148
0.00898483
0.0138838
0.0184559
0.0226803
0.0262312
0.0281661
0.0491884
0.0473537
0.0440754
0.0398986
0.0352206
0.0300573
0.0244083
0.0183183
0.0117942
0.0049077
-0.002311
-0.0097764
-0.0174355
-0.0251986
-0.0329969
-0.040742
-0.0483552
-0.0557539
-0.0628519
-0.0695777
-0.0758439
-0.0815942
-0.0867526
-0.0912797
-0.0951229
-0.0982622
-0.100673
-0.102353
-0.103308
-0.103553
-0.103122
-0.102047
-0.100385
-0.0981816
-0.0955167
-0.0924452
-0.0890606
-0.0854247
-0.0816385
-0.0777656
-0.0739074
-0.0701249
-0.0665131
-0.0631266
-0.0600473
-0.0573199
-0.0550084
-0.0531448
-0.051771
-0.0509045
-0.0505626
-0.0507475
-0.0514508
-0.0526593
-0.0543397
-0.0564644
-0.0589775
-0.0618387
-0.0649735
-0.0683316
-0.0718253
-0.0753977
-0.0789541
-0.0824351
-0.085746
-0.0888291
-0.0915964
-0.0939964
-0.0959543
-0.097428
-0.0983617
-0.0987255
-0.0984862
-0.0976281
-0.0961426
-0.094029
-0.0913045
-0.0879847
-0.0841106
-0.0797132
-0.0748526
-0.0695723
-0.0639411
-0.0580139
-0.0518579
-0.0455364
-0.0391105
-0.0326486
-0.0262045
-0.0198488
-0.0136237
-0.00759815
-0.00179693
0.00372095
0.00894911
0.0138503
0.0184209
0.0226457
0.0260496
0.0279843
0.0490288
0.0471942
0.0440301
0.0398529
0.0351759
0.0300101
0.0243666
0.0182731
0.01176
0.00487001
-0.0023343
-0.00980258
-0.0174456
-0.0252111
-0.0329928
-0.0407397
-0.0483364
-0.0557358
-0.0628184
-0.0695438
-0.0757971
-0.0815464
-0.0866953
-0.0912216
-0.0950602
-0.098199
-0.100609
-0.102289
-0.103247
-0.103492
-0.103068
-0.101993
-0.10034
-0.0981378
-0.0954849
-0.0924139
-0.0890428
-0.0854074
-0.0816352
-0.0777628
-0.073918
-0.0701361
-0.0665364
-0.0631503
-0.0600809
-0.057354
-0.0550495
-0.0531863
-0.0518163
-0.05095
-0.0506086
-0.0507935
-0.0514939
-0.0527022
-0.0543766
-0.0565009
-0.0590051
-0.0618658
-0.0649896
-0.0683472
-0.0718284
-0.0754002
-0.0789436
-0.0824241
-0.0857223
-0.088805
-0.091561
-0.0939606
-0.0959094
-0.0973829
-0.0983101
-0.098674
-0.0984314
-0.0975734
-0.096088
-0.0939747
-0.0912538
-0.0879346
-0.0840679
-0.0796713
-0.0748208
-0.0695409
-0.0639217
-0.057994
-0.0518507
-0.0455279
-0.039115
-0.0326513
-0.0262199
-0.0198618
-0.0136485
-0.00762019
-0.00182813
0.00369268
0.00891603
0.0138193
0.0183885
0.0226136
0.0258814
0.0278161
0.048881
0.0470464
0.0439883
0.0398105
0.0351345
0.0299663
0.024328
0.0182312
0.0117282
0.00483511
-0.00235589
-0.00982683
-0.017455
-0.0252227
-0.032989
-0.0407375
-0.048319
-0.055719
-0.0627874
-0.0695124
-0.0757537
-0.0815021
-0.0866422
-0.0911679
-0.0950021
-0.0981405
-0.10055
-0.102229
-0.10319
-0.103436
-0.103018
-0.101943
-0.100299
-0.0980972
-0.0954555
-0.0923849
-0.0890263
-0.0853914
-0.0816321
-0.0777602
-0.0739279
-0.0701465
-0.0665579
-0.0631723
-0.060112
-0.0573855
-0.0550877
-0.0532246
-0.0518583
-0.0509921
-0.0506512
-0.0508361
-0.0515338
-0.052742
-0.0544107
-0.0565347
-0.0590307
-0.061891
-0.0650045
-0.0683616
-0.0718312
-0.0754026
-0.0789339
-0.0824139
-0.0857005
-0.0887827
-0.0915283
-0.0939275
-0.0958678
-0.0973411
-0.0982624
-0.0986262
-0.0983806
-0.0975228
-0.0960374
-0.0939244
-0.0912069
-0.0878881
-0.0840284
-0.0796325
-0.0747914
-0.0695119
-0.0639037
-0.0579756
-0.0518441
-0.0455201
-0.0391191
-0.0326537
-0.0262341
-0.019874
-0.0136714
-0.00764059
-0.00185703
0.0036665
0.00888539
0.0137906
0.0183585
0.0225839
0.0257256
0.0276602
)
;

boundaryField
{
    inlet
    {
        type            cyclic;
    }
    outlet
    {
        type            cyclic;
    }
    top
    {
        type            zeroGradient;
    }
    hills
    {
        type            zeroGradient;
    }
    front
    {
        type            empty;
    }
    back
    {
        type            empty;
    }
}


// ************************************************************************* //
