/*--------------------------------*- C++ -*----------------------------------*\
| =========                 |                                                 |
| \\      /  F ield         | OpenFOAM: The Open Source CFD Toolbox           |
|  \\    /   O peration     | Version:  v2106                                 |
|   \\  /    A nd           | Website:  www.openfoam.com                      |
|    \\/     M anipulation  |                                                 |
\*---------------------------------------------------------------------------*/
FoamFile
{
    version     2.0;
    format      ascii;
    arch        "LSB;label=32;scalar=64";
    class       volScalarField;
    location    "0";
    object      expGpCoeffs18;
}
// * * * * * * * * * * * * * * * * * * * * * * * * * * * * * * * * * * * * * //

dimensions      [0 0 0 0 0 0 0];

internalField   nonuniform List<scalar> 
8000
(
0.0457596
0.0452563
0.0435783
0.0402698
0.0349091
0.028011
0.0205076
0.0124995
0.00497279
-0.00215877
-0.0085798
-0.0142754
-0.0192621
-0.0235375
-0.0271741
-0.030214
-0.0328085
-0.0349936
-0.0370355
-0.0389445
-0.0410252
-0.0432714
-0.0458514
-0.0487483
-0.051891
-0.0552813
-0.0587967
-0.0624311
-0.0661463
-0.0699399
-0.0737956
-0.0777111
-0.0816698
-0.0856693
-0.0896925
-0.0937368
-0.0977843
-0.101832
-0.105862
-0.109869
-0.113835
-0.117755
-0.121608
-0.12539
-0.129079
-0.13267
-0.13614
-0.139486
-0.142683
-0.145728
-0.148596
-0.151284
-0.153768
-0.156044
-0.15809
-0.159901
-0.161457
-0.162753
-0.163771
-0.164508
-0.164948
-0.165089
-0.16492
-0.164439
-0.163642
-0.162529
-0.161103
-0.159365
-0.157325
-0.154986
-0.152367
-0.149472
-0.146326
-0.142935
-0.139439
-0.13586
-0.132833
-0.130386
-0.129314
-0.129608
-0.131281
-0.134298
-0.137968
-0.142264
-0.146367
-0.150268
-0.153367
-0.155644
-0.156883
-0.157079
-0.15622
-0.154312
-0.151399
-0.147383
-0.142503
-0.136554
-0.13003
-0.122969
-0.117234
-0.113583
0.0458002
0.0452969
0.0437632
0.0404573
0.0350177
0.0281209
0.0205021
0.0124904
0.00492478
-0.00221115
-0.00863342
-0.0143324
-0.0193127
-0.0235907
-0.027216
-0.0302577
-0.0328312
-0.035017
-0.0370329
-0.0389418
-0.0409997
-0.0432455
-0.0458242
-0.0487208
-0.0518787
-0.0552686
-0.0587897
-0.0624237
-0.0661408
-0.0699339
-0.0737917
-0.0777067
-0.0816675
-0.0856664
-0.0896917
-0.0937355
-0.0977852
-0.101833
-0.105864
-0.109872
-0.11384
-0.117759
-0.121615
-0.125397
-0.129088
-0.132679
-0.136152
-0.139497
-0.142697
-0.145741
-0.148612
-0.1513
-0.153786
-0.156062
-0.15811
-0.159921
-0.161478
-0.162775
-0.163795
-0.164532
-0.164973
-0.165114
-0.164945
-0.164464
-0.163668
-0.162555
-0.161128
-0.15939
-0.157348
-0.15501
-0.152388
-0.149493
-0.146345
-0.142954
-0.139435
-0.135857
-0.132745
-0.130298
-0.12918
-0.129475
-0.131195
-0.134213
-0.137953
-0.14225
-0.146418
-0.150318
-0.153451
-0.155727
-0.15697
-0.157163
-0.156304
-0.154393
-0.151483
-0.147463
-0.14257
-0.136617
-0.130047
-0.122986
-0.11694
-0.113289
0.0458439
0.0453408
0.043963
0.0406598
0.035135
0.0282395
0.0204963
0.0124805
0.00487294
-0.00226772
-0.00869131
-0.014394
-0.0193674
-0.0236481
-0.0272613
-0.0303048
-0.0328558
-0.0350424
-0.0370301
-0.038939
-0.0409722
-0.0432175
-0.0457949
-0.0486911
-0.0518654
-0.0552548
-0.0587823
-0.0624157
-0.066135
-0.0699276
-0.0737875
-0.077702
-0.0816649
-0.0856633
-0.0896909
-0.0937341
-0.0977863
-0.101833
-0.105867
-0.109874
-0.113845
-0.117764
-0.121622
-0.125403
-0.129097
-0.132688
-0.136164
-0.139509
-0.142711
-0.145755
-0.148629
-0.151316
-0.153805
-0.156081
-0.158131
-0.159942
-0.161502
-0.162798
-0.16382
-0.164557
-0.165
-0.16514
-0.164972
-0.164492
-0.163695
-0.162583
-0.161155
-0.159417
-0.157374
-0.155035
-0.152411
-0.149516
-0.146365
-0.142974
-0.139431
-0.135853
-0.13265
-0.130204
-0.129035
-0.129331
-0.131102
-0.134122
-0.137936
-0.142234
-0.146474
-0.150374
-0.153542
-0.155816
-0.157063
-0.157255
-0.156395
-0.15448
-0.151574
-0.147549
-0.142642
-0.136686
-0.130065
-0.123004
-0.116621
-0.112972
0.0458912
0.0453882
0.0441787
0.0408785
0.0352616
0.0283676
0.0204899
0.0124699
0.00481696
-0.00232881
-0.00875383
-0.0144605
-0.0194264
-0.0237101
-0.0273102
-0.0303557
-0.0328823
-0.0350697
-0.0370271
-0.0389359
-0.0409424
-0.0431873
-0.0457633
-0.0486589
-0.0518511
-0.05524
-0.0587742
-0.0624071
-0.0661286
-0.0699207
-0.0737829
-0.0776968
-0.0816622
-0.08566
-0.08969
-0.0937327
-0.0977874
-0.101834
-0.105871
-0.109877
-0.11385
-0.117769
-0.12163
-0.125411
-0.129108
-0.132698
-0.136177
-0.139522
-0.142727
-0.145771
-0.148647
-0.151334
-0.153826
-0.156101
-0.158154
-0.159965
-0.161527
-0.162824
-0.163847
-0.164584
-0.165028
-0.165169
-0.165002
-0.164522
-0.163725
-0.162612
-0.161184
-0.159446
-0.157401
-0.155063
-0.152436
-0.149542
-0.146386
-0.142996
-0.139427
-0.13585
-0.132547
-0.130101
-0.128879
-0.129176
-0.131002
-0.134023
-0.137919
-0.142218
-0.146534
-0.150433
-0.153641
-0.155913
-0.157165
-0.157353
-0.156493
-0.154574
-0.151673
-0.147642
-0.142719
-0.136759
-0.130085
-0.123024
-0.116278
-0.112629
0.0459422
0.0454394
0.0444116
0.0411436
0.0353984
0.0285059
0.020483
0.0124583
0.00475651
-0.00239477
-0.00882133
-0.0145323
-0.0194901
-0.023777
-0.027363
-0.0304107
-0.0329109
-0.0350993
-0.0370238
-0.0389326
-0.0409103
-0.0431547
-0.0457291
-0.0486243
-0.0518356
-0.0552239
-0.0587654
-0.0623977
-0.0661218
-0.0699132
-0.073778
-0.0776913
-0.0816592
-0.0856564
-0.0896891
-0.0937311
-0.0977886
-0.101834
-0.105874
-0.10988
-0.113856
-0.117774
-0.121639
-0.125419
-0.129119
-0.132709
-0.136191
-0.139535
-0.142744
-0.145787
-0.148667
-0.151353
-0.153848
-0.156123
-0.158179
-0.15999
-0.161555
-0.162851
-0.163877
-0.164614
-0.165059
-0.1652
-0.165034
-0.164554
-0.163757
-0.162645
-0.161215
-0.159477
-0.15743
-0.155093
-0.152463
-0.149569
-0.146409
-0.14302
-0.139423
-0.135846
-0.132436
-0.129991
-0.128711
-0.129009
-0.130894
-0.133916
-0.1379
-0.1422
-0.146598
-0.150497
-0.153747
-0.156017
-0.157274
-0.157459
-0.156598
-0.154676
-0.151779
-0.147743
-0.142803
-0.136839
-0.130102
-0.123045
-0.115906
-0.112258
0.0461225
0.0456301
0.044825
0.0416084
0.0356665
0.0288742
0.0205306
0.0125651
0.00469924
-0.00244167
-0.00887801
-0.0145799
-0.0195403
-0.023822
-0.0274161
-0.0304672
-0.0329418
-0.0351312
-0.0370202
-0.038929
-0.0408756
-0.0431195
-0.0456922
-0.0485868
-0.051841
-0.0552334
-0.0587819
-0.0624188
-0.0661451
-0.0699416
-0.0738088
-0.0777275
-0.0816979
-0.0857009
-0.0897362
-0.0937843
-0.0978444
-0.101896
-0.105939
-0.109951
-0.11393
-0.117855
-0.121722
-0.125509
-0.129212
-0.132808
-0.136293
-0.139642
-0.142855
-0.145902
-0.148785
-0.151476
-0.153974
-0.156253
-0.158312
-0.160126
-0.161693
-0.162992
-0.16402
-0.164758
-0.165206
-0.165348
-0.165183
-0.164703
-0.163906
-0.162793
-0.161363
-0.159625
-0.157575
-0.155236
-0.152603
-0.149707
-0.146544
-0.143152
-0.139527
-0.135947
-0.132316
-0.129872
-0.128529
-0.128828
-0.130777
-0.133801
-0.137879
-0.14218
-0.146683
-0.150576
-0.153915
-0.156147
-0.157418
-0.15758
-0.156721
-0.154786
-0.151901
-0.147844
-0.14286
-0.136888
-0.130089
-0.123024
-0.115635
-0.111984
0.046584
0.04611
0.0453075
0.0421102
0.036178
0.0293671
0.0210345
0.0130101
0.00515401
-0.00207598
-0.0085049
-0.0143125
-0.019268
-0.0236603
-0.0272518
-0.0304077
-0.0328855
-0.035162
-0.037048
-0.0390136
-0.0409598
-0.0432418
-0.0458318
-0.0487705
-0.0520516
-0.0554917
-0.0590396
-0.062729
-0.0664547
-0.0703092
-0.0741757
-0.0781574
-0.0821271
-0.0861972
-0.0902316
-0.0943498
-0.0984092
-0.102533
-0.106575
-0.110659
-0.114638
-0.118633
-0.1225
-0.126355
-0.130058
-0.133719
-0.137204
-0.140615
-0.143826
-0.14693
-0.149812
-0.152553
-0.15505
-0.157372
-0.159431
-0.16128
-0.162847
-0.164174
-0.165202
-0.165961
-0.166408
-0.166563
-0.166398
-0.165922
-0.165126
-0.164009
-0.162579
-0.160829
-0.158781
-0.156422
-0.15379
-0.150867
-0.147704
-0.144278
-0.140654
-0.137032
-0.133269
-0.130772
-0.129312
-0.129624
-0.131537
-0.134579
-0.138645
-0.142899
-0.147418
-0.151179
-0.154505
-0.156595
-0.157854
-0.157876
-0.157008
-0.154945
-0.152053
-0.147896
-0.142907
-0.136875
-0.130075
-0.122992
-0.115604
-0.111953
0.0470823
0.0466282
0.0458286
0.0426521
0.0367305
0.0298992
0.0215786
0.0134908
0.00564509
-0.00168109
-0.00810199
-0.0140238
-0.0189739
-0.0234856
-0.0270743
-0.0303434
-0.0328206
-0.0351949
-0.0370816
-0.0391262
-0.0410734
-0.0434175
-0.0460078
-0.0489986
-0.052279
-0.0557707
-0.0593178
-0.063064
-0.0667889
-0.0707062
-0.0745719
-0.0786217
-0.0825905
-0.086733
-0.0907667
-0.0949604
-0.099019
-0.10322
-0.107261
-0.111423
-0.115401
-0.119474
-0.12334
-0.12727
-0.130972
-0.134704
-0.138188
-0.141665
-0.144875
-0.148039
-0.150921
-0.153716
-0.156212
-0.158581
-0.160639
-0.162527
-0.164094
-0.165451
-0.166479
-0.16726
-0.167707
-0.167875
-0.16771
-0.167239
-0.166443
-0.165323
-0.163892
-0.16213
-0.160082
-0.157703
-0.155071
-0.152119
-0.148957
-0.145494
-0.141871
-0.138203
-0.134441
-0.131889
-0.130425
-0.130669
-0.132571
-0.135523
-0.139574
-0.143709
-0.148212
-0.15183
-0.155142
-0.157078
-0.158325
-0.158195
-0.157317
-0.155117
-0.152218
-0.147951
-0.142958
-0.136861
-0.13006
-0.122957
-0.115571
-0.11192
0.0476205
0.0471878
0.0463913
0.0432373
0.037327
0.0304739
0.0221662
0.0140097
0.00617538
-0.00125468
-0.00766692
-0.013712
-0.0186564
-0.023297
-0.0268827
-0.030274
-0.0327505
-0.0352304
-0.037118
-0.0392478
-0.0411961
-0.0436072
-0.0461977
-0.0492449
-0.0525245
-0.0560719
-0.0596182
-0.0634257
-0.0671498
-0.0711349
-0.0749997
-0.079123
-0.083091
-0.0873116
-0.0913444
-0.0956198
-0.0996775
-0.103962
-0.108003
-0.112249
-0.116226
-0.120381
-0.124247
-0.128257
-0.131958
-0.135767
-0.13925
-0.142798
-0.146008
-0.149237
-0.152118
-0.154971
-0.157467
-0.159886
-0.161943
-0.163873
-0.16544
-0.16683
-0.167858
-0.168662
-0.169109
-0.169292
-0.169126
-0.168661
-0.167865
-0.16674
-0.165311
-0.163535
-0.161487
-0.159086
-0.156455
-0.153472
-0.15031
-0.146807
-0.143184
-0.139468
-0.135707
-0.133095
-0.131626
-0.131797
-0.133687
-0.136542
-0.140577
-0.144584
-0.14907
-0.152534
-0.15583
-0.157599
-0.158834
-0.158539
-0.157651
-0.155302
-0.152395
-0.148011
-0.143013
-0.136846
-0.130043
-0.12292
-0.115535
-0.111885
0.0482016
0.047792
0.0469989
0.0438692
0.0379711
0.0310944
0.0228007
0.0145701
0.00674801
-0.000794215
-0.00719712
-0.0133753
-0.0183135
-0.0230934
-0.0266758
-0.030199
-0.0326748
-0.0352687
-0.0371572
-0.0393791
-0.0413286
-0.0438121
-0.0464029
-0.0495108
-0.0527897
-0.0563971
-0.0599426
-0.0638163
-0.0675395
-0.0715978
-0.0754617
-0.0796643
-0.0836314
-0.0879365
-0.0919683
-0.0963319
-0.100389
-0.104764
-0.108803
-0.11314
-0.117116
-0.121362
-0.125226
-0.129323
-0.133023
-0.136915
-0.140397
-0.144022
-0.147232
-0.150531
-0.153412
-0.156327
-0.158822
-0.161295
-0.163352
-0.165327
-0.166893
-0.168319
-0.169346
-0.170176
-0.170623
-0.170821
-0.170656
-0.170196
-0.1694
-0.168272
-0.166842
-0.165052
-0.163005
-0.160579
-0.157949
-0.154932
-0.151771
-0.148225
-0.144603
-0.140834
-0.137074
-0.134398
-0.132924
-0.133016
-0.134892
-0.137643
-0.141659
-0.145528
-0.149996
-0.153294
-0.156573
-0.158162
-0.159383
-0.158911
-0.158012
-0.155502
-0.152587
-0.148076
-0.143072
-0.13683
-0.130026
-0.122879
-0.115496
-0.111847
0.048829
0.0484445
0.0476551
0.0445516
0.0386667
0.0317645
0.0234858
0.0151753
0.00736637
-0.000296991
-0.0066898
-0.0130118
-0.0179432
-0.0228735
-0.0264524
-0.0301181
-0.0325931
-0.0353101
-0.0371995
-0.0395209
-0.0414717
-0.0440333
-0.0466244
-0.0497979
-0.053076
-0.0567483
-0.0602929
-0.0642381
-0.0679604
-0.0720977
-0.0759606
-0.0802489
-0.0842149
-0.0886112
-0.092642
-0.0971007
-0.101156
-0.105629
-0.109667
-0.114102
-0.118078
-0.12242
-0.126283
-0.130474
-0.134174
-0.138154
-0.141636
-0.145344
-0.148553
-0.151928
-0.154808
-0.157791
-0.160286
-0.162817
-0.164873
-0.166897
-0.168463
-0.169926
-0.170954
-0.171811
-0.172258
-0.172473
-0.172308
-0.171854
-0.171058
-0.169925
-0.168496
-0.16669
-0.164644
-0.162192
-0.159562
-0.156509
-0.153349
-0.149756
-0.146135
-0.142309
-0.13855
-0.135804
-0.134324
-0.134332
-0.136194
-0.138831
-0.142829
-0.146548
-0.150996
-0.154114
-0.157375
-0.158771
-0.159976
-0.159313
-0.158401
-0.155718
-0.152794
-0.148146
-0.143137
-0.136812
-0.130007
-0.122835
-0.115454
-0.111805
0.0495066
0.049149
0.0483636
0.0452884
0.0394179
0.0324881
0.0242256
0.0158288
0.00803409
0.000239932
-0.00614198
-0.0126192
-0.0175434
-0.022636
-0.0262111
-0.0300307
-0.0325048
-0.0353547
-0.0372452
-0.039674
-0.0416262
-0.0442722
-0.0468636
-0.050108
-0.0533852
-0.0571276
-0.0606712
-0.0646936
-0.0684148
-0.0726374
-0.0764993
-0.0808801
-0.0848451
-0.0893398
-0.0933695
-0.097931
-0.101986
-0.106564
-0.110601
-0.115142
-0.119116
-0.123563
-0.127425
-0.131717
-0.135416
-0.139493
-0.142973
-0.146772
-0.149979
-0.153437
-0.156316
-0.159371
-0.161866
-0.16446
-0.166516
-0.168592
-0.170157
-0.171663
-0.172689
-0.173577
-0.174024
-0.174257
-0.174092
-0.173645
-0.172849
-0.17171
-0.170282
-0.168459
-0.166413
-0.163933
-0.161304
-0.158211
-0.155052
-0.151409
-0.14779
-0.143902
-0.140144
-0.137323
-0.135837
-0.135753
-0.1376
-0.140114
-0.144091
-0.14765
-0.152075
-0.155
-0.158241
-0.159427
-0.160617
-0.159747
-0.158822
-0.155952
-0.153017
-0.148222
-0.143206
-0.136793
-0.129986
-0.122788
-0.115408
-0.111761
0.0505673
0.0502206
0.0494655
0.0463403
0.0405935
0.0335556
0.0253512
0.0168403
0.00898312
0.00108778
-0.00535978
-0.0119579
-0.0169754
-0.0221929
-0.0258915
-0.0298231
-0.0324088
-0.035362
-0.0373265
-0.0398535
-0.0418485
-0.0445783
-0.0472143
-0.0505164
-0.0538759
-0.0576665
-0.0612614
-0.0653369
-0.0691186
-0.0733999
-0.077328
-0.0817726
-0.0858088
-0.0903713
-0.0944762
-0.0991085
-0.103241
-0.107892
-0.112007
-0.116621
-0.120674
-0.125193
-0.129132
-0.133494
-0.137266
-0.141409
-0.144959
-0.148819
-0.15209
-0.155604
-0.158541
-0.161646
-0.164191
-0.166828
-0.168927
-0.171039
-0.172638
-0.174172
-0.175225
-0.176133
-0.176598
-0.176843
-0.176687
-0.176244
-0.175449
-0.174307
-0.172871
-0.171037
-0.168975
-0.166476
-0.163823
-0.160704
-0.157513
-0.153836
-0.150193
-0.146263
-0.142287
-0.139408
-0.137862
-0.137625
-0.13951
-0.141817
-0.145803
-0.149162
-0.153513
-0.156281
-0.159357
-0.160408
-0.161402
-0.160387
-0.1593
-0.156291
-0.153221
-0.148326
-0.143196
-0.136718
-0.129895
-0.122679
-0.115669
-0.112027
0.0520742
0.0517293
0.0506745
0.0475658
0.0420224
0.0350209
0.0269758
0.0185099
0.0104969
0.0026407
-0.00413817
-0.0107078
-0.0161122
-0.0213114
-0.0254072
-0.0293298
-0.0323026
-0.0352548
-0.0375647
-0.0400949
-0.0423703
-0.0451032
-0.0479227
-0.0512246
-0.0547096
-0.0584989
-0.062251
-0.0663252
-0.0702913
-0.0745712
-0.0787016
-0.0831447
-0.0873983
-0.0919594
-0.0962935
-0.100924
-0.105294
-0.109943
-0.114299
-0.118912
-0.123203
-0.127721
-0.131893
-0.136254
-0.14025
-0.144392
-0.148152
-0.152011
-0.155476
-0.158989
-0.162099
-0.165204
-0.1679
-0.170537
-0.172764
-0.174876
-0.176579
-0.178113
-0.179244
-0.180152
-0.180669
-0.180915
-0.180786
-0.180343
-0.179549
-0.178408
-0.176948
-0.175114
-0.173004
-0.170506
-0.167781
-0.164662
-0.161375
-0.157699
-0.153982
-0.150053
-0.146134
-0.143251
-0.141628
-0.141364
-0.142883
-0.145146
-0.148629
-0.151936
-0.15571
-0.158429
-0.160951
-0.161963
-0.162462
-0.161417
-0.159873
-0.156844
-0.153372
-0.148467
-0.143094
-0.136615
-0.129772
-0.122559
-0.116302
-0.11266
0.0537111
0.053368
0.0523695
0.0492759
0.0436697
0.0367052
0.0287302
0.0203128
0.0121316
0.00431762
-0.00281902
-0.00935779
-0.0151801
-0.0203594
-0.0248842
-0.0287972
-0.032188
-0.0351391
-0.0378219
-0.0403555
-0.0429337
-0.04567
-0.0486876
-0.0519893
-0.0556099
-0.0593979
-0.0633196
-0.0673923
-0.0715576
-0.0758361
-0.0801848
-0.0846264
-0.0891148
-0.0936743
-0.0982559
-0.102885
-0.10751
-0.112158
-0.116774
-0.121385
-0.125935
-0.13045
-0.134875
-0.139235
-0.143472
-0.147613
-0.1516
-0.155458
-0.159131
-0.162643
-0.165941
-0.169045
-0.171906
-0.174542
-0.176908
-0.179019
-0.180835
-0.182368
-0.183584
-0.184492
-0.185066
-0.185311
-0.185211
-0.184769
-0.183977
-0.182835
-0.18135
-0.179517
-0.177355
-0.174857
-0.172054
-0.168936
-0.165546
-0.161871
-0.158074
-0.154147
-0.150288
-0.147401
-0.145694
-0.145401
-0.146526
-0.148741
-0.151681
-0.154931
-0.158082
-0.160749
-0.162673
-0.163642
-0.163607
-0.16253
-0.160491
-0.15744
-0.153536
-0.14862
-0.143023
-0.136543
-0.129647
-0.122436
-0.116886
-0.113244
0.0556321
0.0552913
0.054909
0.0518497
0.0460458
0.0391442
0.0306548
0.0222908
0.0136734
0.00589779
-0.00167042
-0.00818379
-0.0144528
-0.019618
-0.0245604
-0.028469
-0.0322068
-0.0351598
-0.0381143
-0.0406518
-0.0434426
-0.0461817
-0.0493873
-0.0526887
-0.0565057
-0.0602923
-0.0644237
-0.0684949
-0.0728848
-0.0771616
-0.0817562
-0.0861961
-0.0909488
-0.0955066
-0.100367
-0.104994
-0.109908
-0.114554
-0.119463
-0.124072
-0.128915
-0.133429
-0.138141
-0.142498
-0.147012
-0.151151
-0.155398
-0.159254
-0.163168
-0.166678
-0.170193
-0.173296
-0.176348
-0.178983
-0.181512
-0.183622
-0.185571
-0.187103
-0.188421
-0.189328
-0.189971
-0.190216
-0.190152
-0.18971
-0.18892
-0.187779
-0.186262
-0.18443
-0.182204
-0.179707
-0.176807
-0.17369
-0.170171
-0.166498
-0.162493
-0.158568
-0.154361
-0.15147
-0.149479
-0.14916
-0.150085
-0.152254
-0.154945
-0.158135
-0.160942
-0.163545
-0.164994
-0.165906
-0.165291
-0.164168
-0.161564
-0.158477
-0.154119
-0.149179
-0.143186
-0.136696
-0.129525
-0.122315
-0.115903
-0.112264
0.057706
0.0573694
0.0575235
0.0544538
0.048605
0.0417195
0.0327332
0.024427
0.0153179
0.00758338
-0.000451108
-0.00693741
-0.0136849
-0.0188352
-0.0242351
-0.028139
-0.0322502
-0.0352052
-0.038433
-0.0409749
-0.043969
-0.046711
-0.0501193
-0.0534202
-0.0574689
-0.061254
-0.0656132
-0.0696828
-0.0743157
-0.0785908
-0.0834515
-0.0878896
-0.0929283
-0.0974842
-0.102646
-0.107272
-0.112498
-0.117142
-0.122368
-0.126976
-0.132135
-0.136647
-0.141669
-0.146025
-0.150837
-0.154974
-0.159503
-0.163357
-0.167531
-0.17104
-0.174791
-0.177892
-0.181151
-0.183785
-0.186491
-0.1886
-0.190693
-0.192224
-0.193652
-0.194559
-0.195276
-0.195522
-0.195496
-0.195054
-0.194266
-0.193126
-0.191575
-0.189744
-0.187447
-0.184952
-0.181946
-0.178831
-0.175172
-0.171501
-0.167266
-0.163341
-0.158682
-0.155787
-0.153425
-0.153078
-0.153852
-0.155971
-0.158464
-0.16159
-0.16406
-0.166594
-0.167529
-0.168378
-0.167144
-0.16597
-0.16276
-0.159633
-0.154752
-0.149785
-0.143336
-0.136852
-0.129369
-0.12216
-0.114859
-0.111218
0.0599167
0.0596779
0.0598449
0.0569031
0.051107
0.0441872
0.0352486
0.0267429
0.0176324
0.00957375
0.00153256
-0.00537079
-0.0121364
-0.0177524
-0.0231943
-0.0275602
-0.0317207
-0.0350844
-0.0383545
-0.0412223
-0.044254
-0.0472372
-0.0506788
-0.0541715
-0.0582327
-0.0622186
-0.0665938
-0.0708842
-0.0755341
-0.080054
-0.0849335
-0.0896378
-0.0946966
-0.099536
-0.104719
-0.109641
-0.114889
-0.119836
-0.125085
-0.129997
-0.135179
-0.139992
-0.145036
-0.149683
-0.154516
-0.158931
-0.16348
-0.167594
-0.171786
-0.175534
-0.179301
-0.182617
-0.185891
-0.188713
-0.191431
-0.1937
-0.195804
-0.197466
-0.198902
-0.199909
-0.200632
-0.200947
-0.200924
-0.200519
-0.199732
-0.198596
-0.197043
-0.195184
-0.192882
-0.190325
-0.187313
-0.184103
-0.180435
-0.176635
-0.172385
-0.168295
-0.163579
-0.160481
-0.158025
-0.157409
-0.158116
-0.159852
-0.162261
-0.164881
-0.167241
-0.169181
-0.169993
-0.170228
-0.168887
-0.167132
-0.163825
-0.160196
-0.155214
-0.14986
-0.143359
-0.136633
-0.129152
-0.12189
-0.114593
-0.110969
0.062304
0.0621708
0.0623516
0.0595479
0.0538087
0.0468521
0.0379864
0.0292438
0.0202002
0.0117407
0.00375206
-0.00365962
-0.0103874
-0.0165655
-0.0219837
-0.0269083
-0.0310576
-0.0349208
-0.0381889
-0.0414648
-0.0444982
-0.0477938
-0.051236
-0.054975
-0.0590343
-0.0632541
-0.0676272
-0.0721746
-0.0768223
-0.0816274
-0.0865046
-0.0915187
-0.0965751
-0.101745
-0.106925
-0.112192
-0.117437
-0.122737
-0.127984
-0.13325
-0.13843
-0.143593
-0.148634
-0.153621
-0.158451
-0.163189
-0.167736
-0.172152
-0.176343
-0.180368
-0.184133
-0.187699
-0.190971
-0.194013
-0.196729
-0.199185
-0.201288
-0.203103
-0.204537
-0.205662
-0.206385
-0.20678
-0.206757
-0.206395
-0.205608
-0.204478
-0.202925
-0.201033
-0.198732
-0.196103
-0.193092
-0.189772
-0.186106
-0.182158
-0.177909
-0.173628
-0.168914
-0.165555
-0.163081
-0.162109
-0.162767
-0.164019
-0.166361
-0.168365
-0.170653
-0.171887
-0.172635
-0.172138
-0.170746
-0.168297
-0.164953
-0.160717
-0.155711
-0.149895
-0.143384
-0.136397
-0.128918
-0.121598
-0.114306
-0.110699
0.0648819
0.0648626
0.0650585
0.0624038
0.0567261
0.0497297
0.0409429
0.0319444
0.0229731
0.0140806
0.00614878
-0.00181182
-0.00849881
-0.0152839
-0.0206764
-0.0262042
-0.0303416
-0.0347441
-0.0380101
-0.0417265
-0.044762
-0.0483947
-0.0518377
-0.0558426
-0.0598999
-0.0643722
-0.068743
-0.0735681
-0.0782134
-0.0833264
-0.0882011
-0.0935498
-0.0986037
-0.104129
-0.109308
-0.114946
-0.120189
-0.12587
-0.131114
-0.136763
-0.14194
-0.147481
-0.15252
-0.157873
-0.162701
-0.167788
-0.172332
-0.177075
-0.181263
-0.185588
-0.189351
-0.193186
-0.196457
-0.199735
-0.202451
-0.205108
-0.20721
-0.209189
-0.210623
-0.211874
-0.212596
-0.213078
-0.213056
-0.21274
-0.211954
-0.210829
-0.209277
-0.207348
-0.205049
-0.202343
-0.199333
-0.195894
-0.19223
-0.188122
-0.183875
-0.179386
-0.174675
-0.171035
-0.168539
-0.167185
-0.16779
-0.168518
-0.170789
-0.172127
-0.174338
-0.174808
-0.175487
-0.1742
-0.172753
-0.169555
-0.16617
-0.16128
-0.156247
-0.149933
-0.143411
-0.136143
-0.128665
-0.121284
-0.113996
-0.110408
0.0677245
0.0677435
0.0673382
0.0648034
0.0594942
0.0525855
0.0441343
0.0350934
0.0261002
0.0170762
0.00891187
0.000763861
-0.00626976
-0.0132745
-0.0190869
-0.0248453
-0.029433
-0.0340548
-0.0377364
-0.0416457
-0.0450108
-0.0488014
-0.052455
-0.0565819
-0.0607711
-0.0653404
-0.0698781
-0.0748097
-0.0796469
-0.0848782
-0.0899639
-0.0954413
-0.100722
-0.106385
-0.111803
-0.117584
-0.123074
-0.128902
-0.134396
-0.140193
-0.145618
-0.151305
-0.156586
-0.16208
-0.167141
-0.172363
-0.177127
-0.181996
-0.18639
-0.19083
-0.194781
-0.19872
-0.202159
-0.205529
-0.208392
-0.211128
-0.213356
-0.215399
-0.216938
-0.218238
-0.219042
-0.219557
-0.219593
-0.219295
-0.218543
-0.217421
-0.215878
-0.213936
-0.21162
-0.208884
-0.205831
-0.202347
-0.198611
-0.194442
-0.190143
-0.185575
-0.180922
-0.17715
-0.174523
-0.172954
-0.173105
-0.173546
-0.175192
-0.176195
-0.177706
-0.177817
-0.177853
-0.176208
-0.174239
-0.170708
-0.166888
-0.161711
-0.156321
-0.149796
-0.143083
-0.135707
-0.128253
-0.120858
-0.114454
-0.110877
0.0708161
0.0708384
0.0706888
0.0681915
0.0628971
0.0560714
0.0476641
0.0387214
0.0295158
0.0205801
0.0119186
0.0038411
-0.00385379
-0.0108064
-0.0173538
-0.0230788
-0.0284166
-0.0330223
-0.0373972
-0.0413021
-0.0452332
-0.0490237
-0.05306
-0.0571851
-0.0616348
-0.0662014
-0.07103
-0.0759587
-0.0811267
-0.0863549
-0.0918047
-0.0972789
-0.102952
-0.108612
-0.114443
-0.120221
-0.126138
-0.131962
-0.137888
-0.143682
-0.149537
-0.15522
-0.160922
-0.166413
-0.171878
-0.177096
-0.182242
-0.187108
-0.191857
-0.196295
-0.200572
-0.204508
-0.208241
-0.211608
-0.21473
-0.217463
-0.219912
-0.221954
-0.223675
-0.224974
-0.22592
-0.226435
-0.226572
-0.226274
-0.22558
-0.224458
-0.222928
-0.220988
-0.218639
-0.215905
-0.212771
-0.209289
-0.205426
-0.201259
-0.196821
-0.192256
-0.187564
-0.183786
-0.180881
-0.179268
-0.17866
-0.179028
-0.179693
-0.180612
-0.181065
-0.1811
-0.180132
-0.178428
-0.175555
-0.171983
-0.167386
-0.162184
-0.156205
-0.149672
-0.142619
-0.135248
-0.127683
-0.120296
-0.114448
-0.110873
0.0741483
0.0741852
0.0751622
0.0727021
0.0674564
0.0606975
0.0517086
0.0428753
0.0330456
0.0242006
0.0148864
0.00687761
-0.00157429
-0.00847587
-0.0158426
-0.0215395
-0.0276146
-0.0322082
-0.0371555
-0.0410572
-0.0454054
-0.0491952
-0.0535562
-0.0576793
-0.0624467
-0.0670108
-0.0721759
-0.0771021
-0.0826418
-0.0878674
-0.0937271
-0.0991985
-0.105314
-0.11097
-0.117268
-0.123043
-0.129444
-0.135265
-0.141681
-0.147472
-0.153816
-0.159496
-0.165675
-0.171163
-0.177088
-0.182303
-0.187885
-0.192749
-0.197904
-0.202339
-0.206988
-0.210923
-0.214992
-0.218357
-0.221775
-0.224508
-0.227212
-0.229253
-0.231184
-0.232483
-0.233593
-0.234108
-0.234359
-0.234062
-0.233431
-0.23231
-0.23079
-0.22885
-0.226455
-0.223723
-0.220487
-0.217007
-0.212984
-0.208819
-0.204081
-0.199518
-0.19418
-0.190396
-0.186877
-0.185222
-0.184212
-0.184507
-0.184633
-0.18546
-0.185162
-0.185103
-0.183176
-0.181398
-0.177503
-0.173872
-0.168353
-0.163112
-0.156378
-0.149834
-0.142194
-0.134821
-0.126952
-0.119576
-0.11255
-0.108979
0.0778046
0.0780321
0.0790302
0.0768823
0.0717271
0.0650951
0.056228
0.0472661
0.0375426
0.0283215
0.0190965
0.0104945
0.00211272
-0.00554837
-0.012878
-0.0194078
-0.0254777
-0.0308693
-0.0358242
-0.0403922
-0.0447551
-0.0490278
-0.0533949
-0.0578533
-0.0625992
-0.0674694
-0.0726309
-0.0778925
-0.0834284
-0.0890305
-0.0948862
-0.10077
-0.106881
-0.112981
-0.119274
-0.125514
-0.131909
-0.138208
-0.14462
-0.150893
-0.157232
-0.16339
-0.169565
-0.17552
-0.181441
-0.187106
-0.192684
-0.197974
-0.203126
-0.207961
-0.212607
-0.216912
-0.220977
-0.22468
-0.228096
-0.231129
-0.233831
-0.236134
-0.238064
-0.239584
-0.240694
-0.241386
-0.241637
-0.241471
-0.24084
-0.239801
-0.238282
-0.236372
-0.233978
-0.231222
-0.227988
-0.224427
-0.220407
-0.216106
-0.211371
-0.206598
-0.201265
-0.197135
-0.193556
-0.191333
-0.190239
-0.189712
-0.189733
-0.189543
-0.189129
-0.187977
-0.185953
-0.183124
-0.179165
-0.17462
-0.169054
-0.163083
-0.156316
-0.149257
-0.141619
-0.134002
-0.126145
-0.118778
-0.11176
-0.108249
0.0817528
0.0821862
0.0831893
0.0813963
0.0763388
0.0698439
0.0611082
0.0520074
0.0424123
0.032773
0.0236575
0.0144001
0.00610638
-0.00238714
-0.00965101
-0.0170984
-0.0231257
-0.0293998
-0.0343323
-0.0396441
-0.0439977
-0.0488182
-0.0531813
-0.0580216
-0.0627639
-0.0679647
-0.0731223
-0.078746
-0.0842777
-0.0902865
-0.0961377
-0.102468
-0.108574
-0.115151
-0.12144
-0.128181
-0.134572
-0.141386
-0.147794
-0.154587
-0.160921
-0.167595
-0.173766
-0.180225
-0.186141
-0.192292
-0.197866
-0.203617
-0.208765
-0.214032
-0.218675
-0.223379
-0.227441
-0.231507
-0.23492
-0.238279
-0.240978
-0.243565
-0.245494
-0.247253
-0.248361
-0.249246
-0.249496
-0.249472
-0.248841
-0.24789
-0.246372
-0.244494
-0.242102
-0.239319
-0.236088
-0.232441
-0.228423
-0.223974
-0.219243
-0.214242
-0.208913
-0.20439
-0.200783
-0.197911
-0.196751
-0.195296
-0.195227
-0.193912
-0.193407
-0.191053
-0.188952
-0.184973
-0.18096
-0.175408
-0.169809
-0.163031
-0.156249
-0.148633
-0.140999
-0.133117
-0.125274
-0.117915
-0.110907
-0.10746
0.0862671
0.0867339
0.0866489
0.0849629
0.0805702
0.0742461
0.0662722
0.0572675
0.0478531
0.03824
0.0288797
0.0195861
0.0107879
0.00220613
-0.00574702
-0.0133213
-0.0201707
-0.0265899
-0.0323544
-0.0378083
-0.0428507
-0.0477908
-0.0526091
-0.057537
-0.0625443
-0.067805
-0.0732279
-0.0789173
-0.0847452
-0.090828
-0.0970101
-0.103421
-0.109889
-0.116553
-0.123226
-0.130059
-0.136851
-0.143759
-0.150577
-0.157466
-0.164213
-0.170983
-0.177563
-0.184115
-0.190432
-0.196671
-0.202633
-0.208469
-0.213988
-0.219335
-0.224329
-0.229106
-0.233497
-0.23763
-0.241346
-0.244764
-0.24774
-0.250379
-0.252553
-0.254356
-0.255677
-0.256597
-0.257024
-0.257027
-0.256535
-0.255601
-0.25418
-0.252309
-0.249971
-0.247184
-0.24396
-0.240298
-0.236239
-0.231764
-0.227011
-0.22197
-0.21679
-0.212169
-0.208286
-0.205213
-0.203104
-0.201369
-0.200057
-0.198429
-0.196632
-0.193971
-0.190764
-0.18651
-0.181651
-0.17587
-0.16963
-0.162677
-0.155448
-0.147725
-0.139942
-0.132026
-0.124304
-0.116957
-0.111393
-0.107962
0.0907285
0.0911998
0.0931215
0.0914867
0.0871658
0.0809693
0.0725099
0.0636822
0.0538097
0.0443522
0.0343954
0.025232
0.0155859
0.00710878
-0.00190244
-0.00940071
-0.0173381
-0.0237098
-0.0304175
-0.0358458
-0.041601
-0.0465288
-0.0517826
-0.056705
-0.0620101
-0.0672661
-0.0730445
-0.0787289
-0.0849747
-0.091052
-0.0977033
-0.104109
-0.111089
-0.117748
-0.124969
-0.131796
-0.139161
-0.146064
-0.153469
-0.160351
-0.16769
-0.174453
-0.181618
-0.188165
-0.195054
-0.201288
-0.207802
-0.213633
-0.21968
-0.225022
-0.230515
-0.235288
-0.240146
-0.244275
-0.248422
-0.251837
-0.255203
-0.25784
-0.260361
-0.262163
-0.263782
-0.264702
-0.265374
-0.265377
-0.26507
-0.264137
-0.262839
-0.26097
-0.258687
-0.255903
-0.252662
-0.249004
-0.244855
-0.240384
-0.235403
-0.230366
-0.224652
-0.220025
-0.215453
-0.212331
-0.209409
-0.207591
-0.205211
-0.203485
-0.200429
-0.197678
-0.193127
-0.188807
-0.182678
-0.176856
-0.169572
-0.162602
-0.154609
-0.146891
-0.138564
-0.130674
-0.122699
-0.115376
-0.108781
-0.105356
0.0957634
0.0965296
0.0984878
0.0974056
0.0932322
0.08742
0.0791524
0.0704558
0.0607278
0.0511046
0.041261
0.031623
0.0220552
0.0128199
0.00383609
-0.00461943
-0.0125699
-0.019947
-0.0266834
-0.0329919
-0.0387798
-0.0443287
-0.0495929
-0.0548845
-0.0601667
-0.0657131
-0.0715063
-0.0775111
-0.0837751
-0.090224
-0.096896
-0.10372
-0.110723
-0.117839
-0.125085
-0.132401
-0.139793
-0.147208
-0.15464
-0.162049
-0.169415
-0.176711
-0.183904
-0.190984
-0.1979
-0.204661
-0.211201
-0.217547
-0.223619
-0.229461
-0.234978
-0.240232
-0.245112
-0.249699
-0.253866
-0.257712
-0.261097
-0.264132
-0.266671
-0.268834
-0.270468
-0.271706
-0.272392
-0.272666
-0.27237
-0.271655
-0.270365
-0.268657
-0.266378
-0.263692
-0.260453
-0.256828
-0.252678
-0.248173
-0.243182
-0.238014
-0.232294
-0.227308
-0.222645
-0.218782
-0.215734
-0.212796
-0.210256
-0.207193
-0.20396
-0.199855
-0.195144
-0.189622
-0.183376
-0.176592
-0.169224
-0.161556
-0.153505
-0.145358
-0.13702
-0.128975
-0.121026
-0.113816
-0.107211
-0.103898
0.101423
0.102399
0.103656
0.103014
0.0993188
0.0938987
0.0862119
0.0776844
0.0682817
0.0585765
0.0488553
0.0388847
0.0292987
0.0195014
0.0103782
0.00119346
-0.00701099
-0.015167
-0.0222167
-0.0292206
-0.0352865
-0.041342
-0.0467925
-0.052395
-0.0577654
-0.0635355
-0.0694141
-0.0756658
-0.0820198
-0.0887552
-0.095533
-0.102679
-0.109802
-0.117272
-0.12465
-0.132344
-0.139878
-0.147689
-0.155272
-0.163088
-0.170611
-0.17832
-0.185675
-0.193166
-0.200247
-0.207415
-0.214122
-0.220867
-0.227104
-0.233334
-0.239015
-0.244641
-0.249683
-0.254623
-0.258949
-0.263127
-0.266663
-0.270006
-0.272688
-0.27513
-0.276899
-0.278384
-0.279191
-0.279675
-0.279488
-0.278942
-0.277745
-0.276161
-0.273959
-0.27135
-0.268168
-0.26457
-0.260458
-0.255928
-0.250978
-0.24571
-0.240108
-0.234818
-0.23003
-0.225532
-0.22203
-0.218153
-0.215012
-0.210854
-0.20702
-0.201822
-0.196634
-0.190147
-0.18358
-0.176025
-0.168451
-0.160225
-0.152063
-0.143583
-0.135266
-0.12712
-0.119291
-0.112164
-0.10623
-0.103004
0.107153
0.108135
0.110872
0.110321
0.10707
0.101851
0.0944119
0.0861182
0.0768078
0.0673275
0.057377
0.0476103
0.0374068
0.0277894
0.0176835
0.00864725
-0.000757074
-0.00880431
-0.0170401
-0.0239752
-0.0309877
-0.037007
-0.0429952
-0.0485866
-0.0542134
-0.059977
-0.0661315
-0.0723763
-0.0790763
-0.0858042
-0.0929886
-0.100127
-0.107711
-0.115172
-0.123059
-0.130744
-0.138824
-0.146626
-0.154785
-0.162593
-0.170713
-0.178413
-0.186377
-0.19386
-0.201558
-0.208718
-0.216042
-0.222779
-0.229631
-0.235854
-0.24214
-0.24776
-0.253394
-0.258329
-0.263228
-0.267402
-0.271487
-0.274826
-0.278024
-0.280464
-0.282709
-0.284192
-0.285429
-0.285912
-0.286099
-0.285554
-0.284668
-0.283086
-0.281126
-0.27852
-0.275507
-0.271913
-0.267892
-0.263367
-0.258418
-0.253156
-0.247376
-0.242082
-0.236684
-0.232142
-0.227456
-0.223506
-0.218816
-0.214582
-0.209101
-0.203846
-0.197151
-0.190636
-0.182846
-0.17529
-0.166829
-0.158624
-0.149892
-0.14145
-0.132826
-0.124727
-0.116865
-0.109771
-0.103847
-0.100627
0.113339
0.114688
0.117701
0.117877
0.114972
0.110402
0.103212
0.0954103
0.0862876
0.0770157
0.0672122
0.0573183
0.0471921
0.0370961
0.0269738
0.0171571
0.0076665
-0.00131496
-0.0096548
-0.0174592
-0.0245609
-0.0311762
-0.0371788
-0.0430541
-0.0486433
-0.0545775
-0.0607636
-0.0672078
-0.0739552
-0.0809387
-0.0881795
-0.0956262
-0.103276
-0.111093
-0.119052
-0.127136
-0.135294
-0.143532
-0.151773
-0.160046
-0.168251
-0.176443
-0.184494
-0.192489
-0.200274
-0.207961
-0.215374
-0.22265
-0.22959
-0.236358
-0.242732
-0.2489
-0.25462
-0.260101
-0.265083
-0.269794
-0.27396
-0.277822
-0.281096
-0.284035
-0.286351
-0.288304
-0.289605
-0.29052
-0.290763
-0.290606
-0.289767
-0.288521
-0.286597
-0.28427
-0.281283
-0.277907
-0.2739
-0.26953
-0.264572
-0.259361
-0.253556
-0.248027
-0.242488
-0.237219
-0.23233
-0.227207
-0.22225
-0.216646
-0.210869
-0.204308
-0.197342
-0.189761
-0.181768
-0.173443
-0.164848
-0.156153
-0.147344
-0.13866
-0.130016
-0.121906
-0.114093
-0.107219
-0.101121
-0.0980583
0.120759
0.122295
0.123939
0.124548
0.122378
0.118316
0.112304
0.104911
0.0965461
0.0875213
0.0780917
0.0682512
0.0582393
0.0479927
0.0377778
0.0276296
0.0178204
0.00840328
-0.000421261
-0.0086528
-0.0162178
-0.0231413
-0.0295224
-0.0355608
-0.0413659
-0.0473902
-0.0536669
-0.0602168
-0.0670425
-0.0741621
-0.0815151
-0.0891266
-0.0969206
-0.104929
-0.113064
-0.121362
-0.129725
-0.138197
-0.14667
-0.155195
-0.163658
-0.172114
-0.180447
-0.188717
-0.196806
-0.204778
-0.212513
-0.220081
-0.22736
-0.234424
-0.241151
-0.247617
-0.253701
-0.259478
-0.26483
-0.269833
-0.274369
-0.278516
-0.282157
-0.285369
-0.288043
-0.290254
-0.291899
-0.293052
-0.293622
-0.293677
-0.293142
-0.292082
-0.290436
-0.288264
-0.285525
-0.28227
-0.278479
-0.274196
-0.269444
-0.264263
-0.258721
-0.25305
-0.247343
-0.241638
-0.235994
-0.230182
-0.22423
-0.21784
-0.211126
-0.203829
-0.19618
-0.18801
-0.179605
-0.170867
-0.162057
-0.153113
-0.144252
-0.135464
-0.126988
-0.11891
-0.111323
-0.104571
-0.0997611
-0.0967843
0.127137
0.128875
0.132984
0.134087
0.132602
0.12911
0.123288
0.116468
0.108375
0.0998164
0.0905812
0.0810569
0.0709617
0.0608577
0.0501856
0.0400017
0.029479
0.0198876
0.0103274
0.00187751
-0.00625037
-0.0133216
-0.019804
-0.0258779
-0.0315099
-0.0375261
-0.0438347
-0.0503911
-0.0573472
-0.0645008
-0.0720339
-0.079706
-0.0877272
-0.0958222
-0.104227
-0.112636
-0.121308
-0.129913
-0.138729
-0.14741
-0.156245
-0.164878
-0.17361
-0.182076
-0.190587
-0.198774
-0.206951
-0.21475
-0.22249
-0.2298
-0.237001
-0.243726
-0.250294
-0.256342
-0.262183
-0.267463
-0.272488
-0.276915
-0.281037
-0.284531
-0.28767
-0.290158
-0.292245
-0.293668
-0.294647
-0.294961
-0.294798
-0.293981
-0.292663
-0.290716
-0.288256
-0.285206
-0.281642
-0.277542
-0.272939
-0.267899
-0.262353
-0.256681
-0.25061
-0.24465
-0.238283
-0.232003
-0.225073
-0.21815
-0.210385
-0.202627
-0.194038
-0.185552
-0.176449
-0.16754
-0.158284
-0.149286
-0.14016
-0.131406
-0.122743
-0.114773
-0.107237
-0.100665
-0.095121
-0.092239
0.135199
0.137315
0.140401
0.142355
0.141513
0.139002
0.134089
0.128151
0.120782
0.112879
0.104177
0.0950097
0.0853237
0.0752309
0.0648697
0.054359
0.0440105
0.0338654
0.0243338
0.0153068
0.0071401
-0.00030941
-0.00689436
-0.0130756
-0.0187786
-0.0247864
-0.0310825
-0.0376618
-0.0445865
-0.0518205
-0.059342
-0.0671505
-0.0751797
-0.0834649
-0.0918972
-0.100548
-0.109267
-0.118162
-0.127047
-0.136062
-0.144986
-0.153997
-0.162838
-0.171722
-0.180362
-0.189004
-0.19733
-0.205619
-0.213524
-0.221355
-0.228739
-0.236012
-0.242775
-0.249391
-0.255441
-0.261304
-0.266547
-0.271564
-0.275911
-0.279994
-0.283364
-0.286431
-0.288751
-0.290736
-0.291948
-0.292799
-0.292866
-0.292553
-0.29146
-0.289979
-0.287736
-0.285108
-0.281752
-0.278026
-0.273619
-0.268864
-0.263534
-0.257855
-0.251781
-0.245307
-0.238677
-0.231454
-0.224161
-0.216154
-0.208081
-0.199361
-0.190604
-0.181422
-0.172281
-0.162958
-0.153748
-0.144559
-0.135549
-0.126779
-0.118336
-0.110513
-0.103213
-0.0969221
-0.0920427
-0.0893399
0.142349
0.144645
0.149876
0.152309
0.152489
0.150605
0.146596
0.141352
0.134879
0.127622
0.119659
0.111043
0.101778
0.0921164
0.0817539
0.0715312
0.0608126
0.0508134
0.04075
0.0317745
0.023171
0.01576
0.00917766
0.00306478
-0.00233776
-0.00825994
-0.014419
-0.0209288
-0.0278206
-0.0350094
-0.0425627
-0.0503502
-0.0584745
-0.0667624
-0.0753511
-0.084028
-0.0929629
-0.101908
-0.111065
-0.120153
-0.129405
-0.138511
-0.147733
-0.156736
-0.165808
-0.17459
-0.183396
-0.191847
-0.200278
-0.20829
-0.216242
-0.223714
-0.231082
-0.237914
-0.244599
-0.250693
-0.256595
-0.261855
-0.266876
-0.271213
-0.275262
-0.27859
-0.281586
-0.283836
-0.285712
-0.28683
-0.287539
-0.287492
-0.287011
-0.285792
-0.284125
-0.281752
-0.278931
-0.275452
-0.271535
-0.267002
-0.262075
-0.256512
-0.250343
-0.2438
-0.236489
-0.229059
-0.220801
-0.212569
-0.203548
-0.194678
-0.185215
-0.175992
-0.166456
-0.157182
-0.14782
-0.138742
-0.129714
-0.121096
-0.112692
-0.105046
-0.0979427
-0.0918484
-0.0868969
-0.084284
0.151339
0.154039
0.157758
0.16115
0.162144
0.161477
0.158704
0.154695
0.149298
0.143132
0.136034
0.128273
0.11975
0.110643
0.100949
0.0909565
0.0807766
0.0707436
0.061032
0.051917
0.0435254
0.0360688
0.0294646
0.0234859
0.018007
0.0122864
0.00622443
-0.000125743
-0.00688422
-0.0139762
-0.0214263
-0.029179
-0.0372307
-0.0455454
-0.0540928
-0.0628568
-0.0717827
-0.0808747
-0.0900553
-0.0993493
-0.108659
-0.118029
-0.127342
-0.136664
-0.14586
-0.155017
-0.16398
-0.172856
-0.181476
-0.189963
-0.198131
-0.206124
-0.213736
-0.221129
-0.228083
-0.234774
-0.240968
-0.246855
-0.25219
-0.257176
-0.26156
-0.265554
-0.268903
-0.271828
-0.274072
-0.275867
-0.276958
-0.277582
-0.277492
-0.276932
-0.275663
-0.27393
-0.271509
-0.268644
-0.265105
-0.261121
-0.25653
-0.251266
-0.245254
-0.238559
-0.231216
-0.223264
-0.214888
-0.206041
-0.196963
-0.187612
-0.178208
-0.168737
-0.159351
-0.15004
-0.140883
-0.131906
-0.123145
-0.114719
-0.106694
-0.0993292
-0.0925734
-0.0868341
-0.0826925
-0.080282
0.158185
0.161212
0.167542
0.171779
0.173804
0.174262
0.172446
0.169699
0.16538
0.160439
0.154401
0.147745
0.140089
0.131916
0.122755
0.113479
0.103503
0.093958
0.0842625
0.0754675
0.0670826
0.0598951
0.053653
0.0479718
0.0430517
0.0376314
0.0318682
0.0257742
0.0191891
0.0123006
0.00496481
-0.00263682
-0.0106322
-0.0188479
-0.0273958
-0.0361128
-0.045095
-0.0541916
-0.0634832
-0.072833
-0.0823069
-0.0917831
-0.101313
-0.110791
-0.120256
-0.129616
-0.138897
-0.148023
-0.157008
-0.16579
-0.17437
-0.1827
-0.190766
-0.198539
-0.205987
-0.213097
-0.219822
-0.226167
-0.232064
-0.237545
-0.242517
-0.247041
-0.250999
-0.254486
-0.257354
-0.259737
-0.261461
-0.262696
-0.26324
-0.263308
-0.262668
-0.261574
-0.25977
-0.257548
-0.254631
-0.251265
-0.247305
-0.242506
-0.23675
-0.230248
-0.222708
-0.214749
-0.20601
-0.197129
-0.187734
-0.178444
-0.16891
-0.159624
-0.150308
-0.141267
-0.132297
-0.12363
-0.11507
-0.106973
-0.0990926
-0.0920715
-0.0855559
-0.0801784
-0.0758467
-0.0736117
0.166351
0.169607
0.1762
0.181073
0.184492
0.18591
0.18594
0.184277
0.18185
0.177979
0.173706
0.168038
0.161972
0.154665
0.146883
0.138314
0.129447
0.120437
0.111567
0.103162
0.0954057
0.0885232
0.0827511
0.0773236
0.0728482
0.0676591
0.0623761
0.0564803
0.0503234
0.0435937
0.0366059
0.0291237
0.0213963
0.0132608
0.00490082
-0.00377506
-0.0126491
-0.0217436
-0.0310063
-0.0403927
-0.0499159
-0.059467
-0.069123
-0.0787136
-0.0883783
-0.0978873
-0.107441
-0.116752
-0.126079
-0.13508
-0.144069
-0.152651
-0.161195
-0.169252
-0.177244
-0.184668
-0.192004
-0.198693
-0.205269
-0.211122
-0.21684
-0.221764
-0.226534
-0.230444
-0.234188
-0.237017
-0.239674
-0.241373
-0.242903
-0.243448
-0.243835
-0.243226
-0.242481
-0.240749
-0.238894
-0.236
-0.233023
-0.228608
-0.22356
-0.217282
-0.210136
-0.202269
-0.193774
-0.184964
-0.175853
-0.166697
-0.157562
-0.148497
-0.139667
-0.130911
-0.122454
-0.114101
-0.106054
-0.0982798
-0.0909284
-0.0842342
-0.0782244
-0.0731323
-0.0695094
-0.0674059
0.173878
0.177634
0.183872
0.190054
0.194332
0.197606
0.198776
0.199276
0.198029
0.196362
0.193234
0.18967
0.184719
0.179326
0.172618
0.165692
0.15779
0.150105
0.142024
0.134664
0.127509
0.121497
0.116138
0.111515
0.107319
0.10285
0.0978242
0.0925506
0.0866305
0.0804253
0.0736389
0.0665841
0.0590226
0.0512181
0.0429886
0.034548
0.0257691
0.0168157
0.00761297
-0.00172516
-0.0112231
-0.0208164
-0.0304811
-0.0402019
-0.0499086
-0.0596331
-0.0692609
-0.0788703
-0.0883036
-0.0976843
-0.106812
-0.115855
-0.124569
-0.133168
-0.141363
-0.149415
-0.156988
-0.164392
-0.171241
-0.177899
-0.183928
-0.189748
-0.194868
-0.199766
-0.203898
-0.207804
-0.210885
-0.213744
-0.215731
-0.217508
-0.218382
-0.219065
-0.21883
-0.218433
-0.217094
-0.215539
-0.213114
-0.209897
-0.20533
-0.199936
-0.193209
-0.185976
-0.177883
-0.169637
-0.160948
-0.152404
-0.143715
-0.135328
-0.126949
-0.118892
-0.110877
-0.103199
-0.0955893
-0.0884611
-0.0815648
-0.0754967
-0.0699049
-0.0654228
-0.0620625
-0.0602615
0.178984
0.183047
0.191226
0.19831
0.203912
0.208589
0.211419
0.21367
0.214296
0.214514
0.21332
0.211668
0.208595
0.205077
0.200079
0.194916
0.188475
0.182346
0.175458
0.169377
0.163181
0.158156
0.153702
0.149831
0.146459
0.142613
0.138203
0.133473
0.128048
0.122318
0.115949
0.109301
0.102081
0.0946166
0.0866531
0.0784861
0.0698994
0.0611539
0.0520715
0.0428768
0.0334291
0.0239161
0.014234
0.00453165
-0.00525775
-0.0150242
-0.0247981
-0.0345092
-0.0441511
-0.0536934
-0.0630925
-0.0723581
-0.0814078
-0.090294
-0.0988921
-0.1073
-0.115347
-0.12318
-0.13058
-0.137747
-0.144407
-0.150819
-0.156651
-0.162228
-0.167156
-0.171826
-0.175784
-0.17949
-0.182428
-0.185128
-0.187016
-0.188689
-0.189521
-0.190165
-0.189957
-0.189475
-0.188254
-0.186078
-0.182551
-0.17812
-0.172176
-0.165842
-0.158447
-0.151072
-0.143085
-0.135397
-0.127451
-0.11989
-0.112267
-0.104984
-0.0976807
-0.0907226
-0.0837432
-0.0772873
-0.0709239
-0.065465
-0.0603878
-0.0564291
-0.0533325
-0.0517604
0.183251
0.187507
0.196331
0.20403
0.211145
0.216886
0.221858
0.225487
0.228549
0.230296
0.231639
0.231583
0.231081
0.229181
0.226724
0.22314
0.21908
0.214397
0.209586
0.204718
0.200207
0.196098
0.192895
0.189655
0.187213
0.183857
0.180284
0.175984
0.171304
0.165957
0.160241
0.153929
0.147272
0.140096
0.132607
0.124681
0.11648
0.10793
0.0991464
0.0901007
0.0808662
0.0714563
0.0619031
0.0522586
0.0425154
0.0327617
0.022952
0.0132084
0.00344859
-0.00617201
-0.015773
-0.0251645
-0.0345042
-0.0435663
-0.0525483
-0.0611855
-0.0697186
-0.0778392
-0.0858352
-0.0933513
-0.100726
-0.107554
-0.114227
-0.120287
-0.126185
-0.131407
-0.136462
-0.140787
-0.144943
-0.148323
-0.15154
-0.153947
-0.156199
-0.157621
-0.158904
-0.159233
-0.15955
-0.158209
-0.1562
-0.152641
-0.148134
-0.142678
-0.136639
-0.130129
-0.123424
-0.116571
-0.109826
-0.103052
-0.0965365
-0.0899855
-0.0836933
-0.0774143
-0.0713676
-0.0655415
-0.0600489
-0.0551473
-0.0508431
-0.0473156
-0.0448091
-0.0434118
0.186278
0.190743
0.19881
0.207197
0.215205
0.222176
0.22864
0.233891
0.238765
0.242342
0.245654
0.247537
0.24913
0.249224
0.248975
0.247362
0.245521
0.24267
0.239896
0.236598
0.233744
0.230847
0.228654
0.226281
0.224424
0.221731
0.218785
0.215069
0.210995
0.206172
0.201009
0.195163
0.189005
0.182236
0.175191
0.167615
0.159803
0.151544
0.143094
0.134281
0.125322
0.116087
0.10675
0.0972224
0.0876353
0.0779396
0.0682237
0.0584789
0.0487486
0.0390662
0.029428
0.0199116
0.0104646
0.00121075
-0.00795309
-0.0168538
-0.0256483
-0.0341099
-0.0424532
-0.0503936
-0.0582072
-0.0655476
-0.0727561
-0.0794217
-0.0859534
-0.0918742
-0.0976625
-0.102776
-0.107762
-0.112016
-0.116149
-0.119504
-0.12275
-0.125183
-0.127494
-0.128884
-0.130179
-0.129966
-0.129113
-0.126733
-0.123591
-0.119313
-0.114633
-0.109256
-0.103822
-0.0980298
-0.0924254
-0.0866282
-0.0811293
-0.0754747
-0.0701194
-0.0646669
-0.0595187
-0.0544536
-0.0498197
-0.0455895
-0.041964
-0.0389569
-0.0370431
-0.0358681
0.186023
0.190654
0.199086
0.20814
0.216644
0.224937
0.232153
0.239257
0.245062
0.250821
0.255177
0.25946
0.262196
0.264841
0.26581
0.266797
0.266166
0.265792
0.26411
0.262964
0.260983
0.259737
0.258176
0.256978
0.255514
0.253718
0.25111
0.248192
0.244415
0.24033
0.235441
0.230272
0.224364
0.218211
0.211392
0.204369
0.19676
0.188989
0.180716
0.172324
0.163516
0.154631
0.145418
0.136168
0.126675
0.11718
0.10753
0.0979056
0.0882097
0.0785651
0.0689289
0.0593637
0.0498846
0.0404909
0.0312588
0.022122
0.0132206
0.0044209
-0.0040703
-0.0124568
-0.0204619
-0.0283618
-0.0358073
-0.0431495
-0.0499648
-0.0566807
-0.0627989
-0.0688236
-0.0741835
-0.0794583
-0.0840074
-0.088482
-0.0921793
-0.0958159
-0.0986201
-0.101295
-0.103156
-0.104339
-0.104134
-0.103243
-0.100793
-0.0980407
-0.0941002
-0.0901983
-0.0855072
-0.0810907
-0.0761991
-0.0716642
-0.0668287
-0.0623322
-0.0575888
-0.053209
-0.0486253
-0.0445532
-0.0404292
-0.0370693
-0.0338864
-0.0315724
-0.0298028
-0.0289278
0.183521
0.188158
0.197501
0.206682
0.215939
0.224628
0.233114
0.24087
0.248297
0.254895
0.261117
0.266385
0.271182
0.27494
0.278108
0.280297
0.281874
0.282696
0.283046
0.282951
0.282639
0.282171
0.281803
0.28109
0.280441
0.279006
0.277097
0.274512
0.271377
0.267614
0.263325
0.258465
0.253115
0.247256
0.240953
0.234208
0.227067
0.219556
0.211702
0.203548
0.195108
0.186436
0.177534
0.168468
0.159226
0.149886
0.140421
0.13092
0.121343
0.111787
0.102199
0.0926875
0.0831832
0.0738063
0.064472
0.0553146
0.0462305
0.0373714
0.0286132
0.0201275
0.0117673
0.00372717
-0.00416445
-0.0116889
-0.0190432
-0.0259838
-0.0327336
-0.0390253
-0.0451064
-0.050689
-0.0560428
-0.0608638
-0.0654402
-0.0694579
-0.0732189
-0.0763131
-0.0792258
-0.0809023
-0.0818905
-0.0816383
-0.0804623
-0.0784569
-0.0758005
-0.0726808
-0.0692189
-0.0655636
-0.0618188
-0.0579961
-0.054221
-0.0503862
-0.0466247
-0.0428645
-0.0391902
-0.0356898
-0.032379
-0.029502
-0.0270025
-0.0250403
-0.0237031
-0.0229595
0.182275
0.186917
0.194462
0.203814
0.213231
0.222426
0.231436
0.239995
0.24824
0.255858
0.2631
0.269561
0.275571
0.28067
0.285254
0.288878
0.29201
0.29425
0.296121
0.297284
0.298245
0.298735
0.299113
0.299046
0.298778
0.297816
0.296352
0.294202
0.291537
0.288192
0.284368
0.279909
0.275016
0.269539
0.26368
0.257294
0.25058
0.243402
0.235951
0.228101
0.220033
0.211634
0.203069
0.194239
0.185295
0.17615
0.166939
0.157592
0.148221
0.138774
0.129343
0.119893
0.110496
0.101134
0.0918566
0.0826645
0.073587
0.0646427
0.0558406
0.0472175
0.0387625
0.0305315
0.0224936
0.0147235
0.00717072
-7.08507e-05
-0.00707203
-0.0137195
-0.0201051
-0.0260967
-0.0318075
-0.0370874
-0.0420715
-0.0465931
-0.0507783
-0.0544267
-0.0577011
-0.0600388
-0.061641
-0.0621941
-0.0619711
-0.0608653
-0.0592525
-0.057045
-0.0546007
-0.051817
-0.0489973
-0.0459854
-0.0430453
-0.0399646
-0.0369943
-0.0339404
-0.0310437
-0.0281941
-0.0256221
-0.0232999
-0.0213466
-0.0197871
-0.0188629
-0.0182833
0.176635
0.181185
0.190352
0.199669
0.20931
0.218795
0.228229
0.237393
0.246198
0.254676
0.262608
0.270149
0.27697
0.283353
0.288841
0.293907
0.297962
0.301682
0.304403
0.306905
0.308556
0.310066
0.310981
0.311599
0.31171
0.311279
0.310118
0.308481
0.306085
0.30326
0.299699
0.29576
0.291121
0.28616
0.280543
0.274663
0.268179
0.261488
0.254253
0.246865
0.238995
0.231025
0.222637
0.214198
0.205408
0.196611
0.187528
0.17848
0.169211
0.160014
0.150657
0.141406
0.132055
0.12284
0.113579
0.104484
0.0953923
0.0864948
0.0776486
0.0690223
0.0604922
0.0522075
0.0440629
0.0361879
0.0284962
0.0210975
0.0139252
0.00706698
0.000478438
-0.00577815
-0.0117224
-0.0173215
-0.0225676
-0.0274615
-0.0319651
-0.0360517
-0.0397736
-0.0426728
-0.0447828
-0.0460706
-0.0463397
-0.0461108
-0.0450405
-0.0437647
-0.0418902
-0.0400277
-0.0377869
-0.0356535
-0.0332766
-0.0310269
-0.0285797
-0.0263127
-0.0238826
-0.0217634
-0.0195837
-0.0178858
-0.016289
-0.0152078
-0.0144171
-0.0140336
0.173224
0.17773
0.185497
0.194771
0.204335
0.213886
0.223534
0.23289
0.242187
0.250967
0.259614
0.26756
0.275319
0.282206
0.288859
0.294506
0.299891
0.304217
0.308281
0.311338
0.31414
0.31608
0.317747
0.318652
0.319226
0.319006
0.318339
0.316907
0.31504
0.312423
0.309411
0.305682
0.301604
0.296852
0.2918
0.286126
0.2802
0.273709
0.267016
0.259819
0.252467
0.244675
0.236774
0.228498
0.220155
0.211504
0.202825
0.193905
0.184993
0.175903
0.166855
0.157692
0.148601
0.139454
0.130407
0.121359
0.112437
0.103566
0.0948454
0.0862261
0.0777781
0.0694802
0.0613741
0.0534652
0.0457675
0.0383136
0.0310884
0.0241533
0.0174624
0.0111068
0.00500814
-0.000712166
-0.00616689
-0.0112037
-0.0159556
-0.0202119
-0.0241843
-0.0273232
-0.02992
-0.0315706
-0.0326292
-0.0328579
-0.0327042
-0.0319257
-0.0309878
-0.0296189
-0.0282671
-0.0266015
-0.0250546
-0.023244
-0.0215929
-0.0197385
-0.0180819
-0.0163398
-0.0148775
-0.0134924
-0.0124478
-0.0115743
-0.0111596
-0.0108538
0.167067
0.171399
0.180128
0.189138
0.198693
0.208185
0.217934
0.227442
0.236913
0.246039
0.25494
0.263419
0.271522
0.279134
0.286219
0.292761
0.29863
0.303939
0.308477
0.312465
0.315666
0.318338
0.320287
0.321701
0.322453
0.322661
0.322176
0.32119
0.319505
0.31737
0.314545
0.311324
0.307436
0.30321
0.298349
0.293207
0.287471
0.28151
0.275001
0.268324
0.261148
0.253855
0.246119
0.238316
0.230125
0.221916
0.213373
0.204859
0.196068
0.187347
0.178404
0.169573
0.16057
0.151718
0.142743
0.133955
0.125089
0.116444
0.107764
0.0993356
0.090913
0.0827717
0.0746753
0.066887
0.0591825
0.0518107
0.0445617
0.0376669
0.0309344
0.0245739
0.0184151
0.0126414
0.00710787
0.00196647
-0.00289875
-0.00732609
-0.011485
-0.0149198
-0.0177767
-0.0198989
-0.021256
-0.0221135
-0.0223157
-0.0222478
-0.0216977
-0.0210589
-0.0201051
-0.019154
-0.0179956
-0.0168731
-0.0155865
-0.0143899
-0.0130646
-0.0119328
-0.0107547
-0.00988942
-0.00909002
-0.00861721
-0.00832062
-0.00818097
0.163752
0.167995
0.174642
0.183504
0.192729
0.202139
0.211648
0.221168
0.230572
0.239803
0.248786
0.257467
0.265802
0.273716
0.281192
0.288124
0.294526
0.300272
0.305414
0.309825
0.313591
0.316608
0.318977
0.320643
0.321694
0.322107
0.321955
0.321185
0.319879
0.317977
0.315571
0.312597
0.309159
0.305189
0.300799
0.295917
0.290663
0.284963
0.278938
0.272515
0.265816
0.25877
0.251496
0.243927
0.23618
0.228189
0.220069
0.211756
0.20336
0.194824
0.18625
0.177585
0.168926
0.160222
0.151565
0.142908
0.134335
0.125805
0.117394
0.109064
0.100886
0.0928256
0.0849483
0.0772236
0.0697106
0.0623834
0.0552949
0.0484243
0.0418175
0.035459
0.0293867
0.0235913
0.0181007
0.0129125
0.008061
0.00355436
-0.000575855
-0.00416203
-0.00718748
-0.00957802
-0.0113867
-0.0126127
-0.0134009
-0.013753
-0.0138302
-0.0136221
-0.0132715
-0.0127382
-0.0121455
-0.0114214
-0.010684
-0.00986483
-0.00907957
-0.0082937
-0.00761569
-0.00703802
-0.00660619
-0.00633286
-0.00623716
-0.00617664
0.1566
0.160707
0.168786
0.177367
0.186438
0.195598
0.205099
0.214427
0.223891
0.233001
0.242134
0.250773
0.259379
0.26734
0.275222
0.282295
0.289206
0.29517
0.300845
0.305504
0.309737
0.312972
0.315649
0.317487
0.318741
0.319328
0.319432
0.318869
0.317855
0.316193
0.314107
0.311403
0.308305
0.304627
0.300591
0.296018
0.291125
0.285742
0.280078
0.273976
0.267632
0.260905
0.253976
0.24672
0.239301
0.231615
0.223803
0.215785
0.207678
0.199424
0.191119
0.182723
0.174313
0.165865
0.157439
0.149025
0.140664
0.132363
0.124146
0.116032
0.10803
0.10017
0.0924489
0.0849072
0.0775288
0.0703652
0.0633869
0.0566578
0.0501338
0.0438919
0.0378722
0.0321656
0.0266948
0.0215653
0.0166809
0.012195
0.007929
0.00429249
0.00103606
-0.00151855
-0.00361182
-0.00510651
-0.0062556
-0.00693961
-0.00742809
-0.0075756
-0.00766399
-0.00748532
-0.00733493
-0.00695519
-0.00664224
-0.00615257
-0.00575918
-0.00527653
-0.00494171
-0.00461845
-0.00449218
-0.00441
-0.00454673
-0.00456219
0.151852
0.155726
0.163307
0.171487
0.18036
0.189214
0.198491
0.207624
0.216878
0.225915
0.234858
0.243563
0.252
0.260183
0.267928
0.275375
0.282189
0.28863
0.294253
0.29941
0.30363
0.307292
0.309983
0.31215
0.313427
0.314329
0.314486
0.314296
0.313346
0.312121
0.310112
0.307895
0.304886
0.301735
0.297795
0.293777
0.288987
0.284175
0.278618
0.273093
0.266859
0.260706
0.253887
0.247194
0.239885
0.232744
0.225042
0.217549
0.209549
0.201798
0.193598
0.185681
0.177372
0.16938
0.161052
0.15307
0.144804
0.13691
0.128784
0.121052
0.113136
0.10563
0.0979909
0.0907729
0.0834699
0.0765952
0.0696856
0.0632058
0.0567426
0.0507054
0.0447377
0.039186
0.0337576
0.0287288
0.0238786
0.0194248
0.0151951
0.0114698
0.00818936
0.00538494
0.00318659
0.00128995
-1.33106e-05
-0.00119242
-0.00185547
-0.00253848
-0.00279829
-0.00316159
-0.00317045
-0.00332406
-0.00316101
-0.00318727
-0.00293514
-0.00293325
-0.00272204
-0.0028093
-0.00277249
-0.00300237
-0.00315619
-0.00330516
0.147088
0.150952
0.157677
0.165779
0.174141
0.182851
0.191677
0.200643
0.209543
0.218409
0.227108
0.235642
0.243969
0.251984
0.259768
0.267054
0.274052
0.280352
0.286261
0.291311
0.295846
0.299446
0.302419
0.304573
0.306124
0.307025
0.307509
0.30732
0.306783
0.305559
0.304039
0.301825
0.299369
0.296222
0.292884
0.288871
0.284717
0.279911
0.275014
0.269495
0.263931
0.257784
0.251636
0.244951
0.238307
0.231175
0.224126
0.216642
0.20928
0.201538
0.193958
0.18605
0.178342
0.17036
0.162611
0.154638
0.146931
0.139046
0.131454
0.12373
0.116322
0.108825
0.101661
0.0944519
0.087589
0.0807223
0.0742111
0.0677388
0.0616263
0.055596
0.049925
0.0443797
0.0391883
0.0341653
0.0294898
0.0250412
0.0209176
0.017189
0.0138491
0.011005
0.00854069
0.00657327
0.00486567
0.00359787
0.00245805
0.00168334
0.000925009
0.000476476
-2.99093e-05
-0.00025994
-0.000589021
-0.000683112
-0.000907966
-0.000962707
-0.00118487
-0.00131149
-0.00161873
-0.00186397
-0.00225324
-0.00240309
0.141404
0.145074
0.152311
0.16001
0.168177
0.176485
0.185131
0.193711
0.202432
0.210949
0.21949
0.227729
0.235936
0.243728
0.251448
0.258598
0.265588
0.271841
0.277785
0.282857
0.287449
0.29111
0.294119
0.296357
0.297937
0.298975
0.299545
0.299557
0.299138
0.298175
0.296795
0.294895
0.292596
0.289807
0.286641
0.28302
0.279049
0.274661
0.269952
0.264869
0.259497
0.253798
0.247842
0.24161
0.235157
0.228479
0.221617
0.214584
0.207406
0.200109
0.192707
0.185237
0.177702
0.170147
0.162566
0.155008
0.147462
0.139979
0.132542
0.125203
0.117942
0.11081
0.103785
0.0969172
0.0901832
0.0836314
0.0772369
0.0710492
0.0650395
0.0592598
0.053676
0.0483439
0.0432223
0.0383719
0.0337432
0.0294186
0.0253074
0.0216254
0.0182407
0.0153371
0.0127776
0.0106488
0.00879925
0.00730208
0.00599085
0.00495199
0.00400899
0.00328389
0.00259232
0.00208429
0.00157673
0.0012111
0.000819635
0.000512116
0.000143382
-0.000199199
-0.000629283
-0.0010463
-0.00154813
-0.00177111
0.136894
0.140317
0.14738
0.154616
0.162638
0.170494
0.178958
0.187115
0.195643
0.203786
0.212132
0.220071
0.228082
0.23567
0.243199
0.250255
0.25707
0.263329
0.269131
0.27428
0.278777
0.282546
0.285514
0.287869
0.289439
0.290653
0.291233
0.291503
0.291099
0.290473
0.289114
0.287618
0.285345
0.283015
0.279879
0.276762
0.272824
0.268973
0.264301
0.259779
0.254445
0.249321
0.243406
0.237756
0.231344
0.225249
0.21843
0.211976
0.204841
0.198116
0.190757
0.183848
0.176356
0.169349
0.16181
0.154785
0.14728
0.140311
0.132913
0.126066
0.118844
0.112178
0.10519
0.0987595
0.092059
0.0859107
0.0795473
0.0737243
0.0677428
0.0622841
0.0567254
0.0516661
0.0465663
0.0419366
0.0373263
0.0331601
0.0290696
0.0254484
0.0220577
0.0190874
0.0164879
0.0141676
0.0122561
0.0104822
0.00909946
0.00773769
0.00672454
0.00565794
0.00490236
0.00404914
0.00348286
0.00277829
0.00233337
0.00170787
0.0012949
0.000678821
0.000217506
-0.000412246
-0.000912219
-0.00122773
0.133718
0.137134
0.142545
0.149714
0.157179
0.164907
0.172761
0.180761
0.18872
0.196697
0.204526
0.212293
0.219847
0.227259
0.234397
0.241276
0.247781
0.253877
0.259467
0.264486
0.268875
0.272567
0.275571
0.277911
0.279625
0.280837
0.2816
0.281869
0.281728
0.281102
0.280091
0.278595
0.276742
0.274414
0.27176
0.268645
0.265238
0.26139
0.257286
0.252768
0.248032
0.242913
0.237616
0.231971
0.22619
0.220101
0.21392
0.207472
0.200976
0.194257
0.187533
0.180631
0.173766
0.166766
0.15984
0.152822
0.145913
0.13895
0.132128
0.125287
0.118613
0.111954
0.105485
0.0990601
0.092844
0.0867014
0.0807832
0.0749656
0.0693857
0.0639321
0.0587271
0.0536725
0.0488743
0.0442488
0.0398882
0.0357258
0.0318377
0.0282162
0.0249115
0.0219219
0.0192494
0.0168927
0.0147971
0.0129764
0.011346
0.00993533
0.00865008
0.00753821
0.00650351
0.00561013
0.00476065
0.00402108
0.00329634
0.00264263
0.00197443
0.00134009
0.000681889
4.60264e-05
-0.000488766
-0.000804483
0.128132
0.131497
0.137809
0.144826
0.151912
0.159439
0.166942
0.17472
0.182308
0.190057
0.197524
0.205064
0.2123
0.219488
0.226385
0.233054
0.239409
0.245322
0.250841
0.255724
0.260096
0.263708
0.266675
0.268996
0.270699
0.271921
0.272795
0.273092
0.273145
0.272562
0.271804
0.270367
0.26882
0.266562
0.264257
0.261223
0.258199
0.254442
0.250749
0.246328
0.242022
0.237006
0.232152
0.226615
0.221286
0.215307
0.209582
0.203246
0.197207
0.190601
0.184332
0.177542
0.171125
0.164236
0.157752
0.150841
0.144364
0.137506
0.1311
0.12436
0.118086
0.111523
0.105432
0.0990983
0.0932363
0.087178
0.0815857
0.0758453
0.0705594
0.0651756
0.0602294
0.0552364
0.0506592
0.0460867
0.0419027
0.0377834
0.034011
0.030416
0.0271441
0.0241526
0.021438
0.0190525
0.0168474
0.0149796
0.0131923
0.0117258
0.0102544
0.00908461
0.00784957
0.00689881
0.00584625
0.00505166
0.00413066
0.00342757
0.00258
0.00190603
0.00108927
0.000424483
-0.000352356
-0.000678994
0.124202
0.127341
0.133624
0.140185
0.147177
0.154219
0.16159
0.168862
0.176303
0.183547
0.190862
0.197919
0.204997
0.211748
0.218483
0.224779
0.230976
0.236597
0.241979
0.246657
0.250931
0.254428
0.257354
0.259635
0.261336
0.262614
0.263488
0.263931
0.263983
0.263627
0.262869
0.261729
0.260183
0.258286
0.255982
0.253361
0.25034
0.247039
0.243349
0.23942
0.235117
0.23062
0.22577
0.220771
0.215447
0.210021
0.204301
0.198525
0.192491
0.186447
0.180183
0.173953
0.167542
0.161204
0.154725
0.148355
0.141882
0.135547
0.129147
0.122909
0.11664
0.110555
0.104469
0.0985841
0.0927267
0.0870863
0.0814983
0.0761411
0.0708593
0.0658205
0.0608781
0.0561891
0.0516155
0.047303
0.0431223
0.0392133
0.0354438
0.0319893
0.0287133
0.0257745
0.023044
0.0206243
0.018394
0.0164273
0.01461
0.0130037
0.0115024
0.0101696
0.00890751
0.00778157
0.00670518
0.00573204
0.00479074
0.00391659
0.00305408
0.00222977
0.00140555
0.000617219
-0.000160268
-0.00054197
0.120568
0.123496
0.129744
0.135889
0.142788
0.149385
0.156631
0.163437
0.170739
0.177518
0.184688
0.191303
0.198231
0.204581
0.211162
0.217116
0.223167
0.228517
0.233771
0.238261
0.242444
0.245835
0.248721
0.250966
0.252665
0.253996
0.254869
0.255447
0.255499
0.255352
0.254595
0.253731
0.252186
0.250621
0.248319
0.246081
0.243062
0.240183
0.236496
0.233022
0.228723
0.224706
0.21986
0.21536
0.21004
0.205126
0.199409
0.194153
0.188123
0.182601
0.176341
0.170629
0.164223
0.158397
0.151923
0.146052
0.139584
0.133733
0.127337
0.121565
0.115301
0.109658
0.103576
0.0981078
0.0922547
0.0870013
0.0814175
0.0764149
0.071137
0.0664176
0.0614789
0.0570713
0.052501
0.0484295
0.0442518
0.0405374
0.0367707
0.0334464
0.0301665
0.0272765
0.0245313
0.02208
0.0198262
0.017768
0.0159229
0.0141857
0.0126582
0.0111724
0.00988722
0.00859761
0.0075006
0.00636096
0.00540202
0.00436796
0.00349311
0.0025276
0.00169652
0.000793682
1.76963e-05
-0.000414738
0.118311
0.121235
0.126026
0.13212
0.138553
0.145048
0.151758
0.158438
0.165207
0.171852
0.178502
0.184977
0.1914
0.197606
0.2037
0.209508
0.215108
0.220323
0.2252
0.229581
0.233493
0.236818
0.239599
0.241831
0.243549
0.244879
0.245817
0.246394
0.246578
0.246432
0.245878
0.245015
0.243739
0.242176
0.2402
0.237964
0.235319
0.232444
0.229172
0.225702
0.221853
0.21784
0.213472
0.208977
0.204156
0.199246
0.194044
0.188792
0.183284
0.177767
0.172031
0.166324
0.160437
0.154616
0.148652
0.142786
0.136813
0.130968
0.125049
0.119281
0.113471
0.107833
0.102181
0.0967173
0.091266
0.0860171
0.0808054
0.0758071
0.0708697
0.0661543
0.0615222
0.0571183
0.0528183
0.0487501
0.0448053
0.0410939
0.0375259
0.0342034
0.031058
0.0281618
0.0254668
0.0230001
0.0207298
0.0186495
0.0167431
0.0149827
0.0133675
0.0118601
0.0104725
0.00916341
0.0079541
0.00679736
0.00572216
0.00467469
0.00369073
0.00271776
0.00179961
0.000895503
0.000204236
-0.000228127
0.114578
0.117496
0.122434
0.128479
0.134519
0.140917
0.147209
0.153773
0.160097
0.166617
0.172815
0.17916
0.185147
0.191217
0.196907
0.202578
0.207827
0.212913
0.217508
0.221785
0.225498
0.228761
0.231416
0.233636
0.235313
0.236642
0.237626
0.238203
0.238509
0.238362
0.237995
0.237132
0.236099
0.234538
0.232855
0.23062
0.228313
0.225439
0.222541
0.219073
0.215627
0.211616
0.207675
0.203183
0.198806
0.193899
0.189153
0.183905
0.17886
0.173346
0.168076
0.162373
0.156948
0.151131
0.145621
0.139759
0.13423
0.128388
0.122896
0.117133
0.111731
0.106097
0.100832
0.0953715
0.0902831
0.0850376
0.0801623
0.0751671
0.0705376
0.0658252
0.0614705
0.0570694
0.0530146
0.048949
0.0452149
0.0415058
0.0381077
0.0347865
0.0317529
0.0288529
0.0262065
0.0237301
0.0214553
0.0193609
0.0174111
0.0156351
0.0139507
0.0124285
0.0109551
0.00963276
0.00832745
0.00715927
0.0059847
0.00492829
0.00384975
0.00287167
0.00187011
0.000965146
0.00013407
-0.000297946
0.110984
0.113835
0.119148
0.125029
0.130818
0.137015
0.143039
0.149377
0.155408
0.161692
0.167589
0.173695
0.179385
0.185217
0.190635
0.196077
0.201089
0.205972
0.210377
0.214492
0.218071
0.22123
0.223792
0.225967
0.227601
0.228924
0.229932
0.23053
0.230907
0.230804
0.230546
0.229748
0.228858
0.22738
0.22587
0.223736
0.221627
0.218869
0.216189
0.212849
0.209639
0.205767
0.202075
0.197729
0.193612
0.188858
0.184379
0.179287
0.174513
0.169157
0.164159
0.158614
0.15346
0.147799
0.142556
0.136847
0.131578
0.125884
0.120643
0.115021
0.109861
0.104361
0.0993237
0.0939912
0.0891165
0.0839905
0.0793135
0.0744294
0.0699814
0.0653711
0.0611801
0.0568716
0.0529617
0.0489786
0.0453689
0.0417312
0.0384342
0.0351695
0.0321997
0.0293374
0.0267172
0.0242594
0.0219787
0.0198872
0.0179076
0.0161233
0.0143933
0.0128552
0.0113265
0.009983
0.00861706
0.00742471
0.00618814
0.00510752
0.00397043
0.00297079
0.00191768
0.000994164
3.88864e-05
-0.000401469
0.108246
0.110938
0.116231
0.121784
0.127508
0.13334
0.13927
0.145211
0.151136
0.157008
0.162793
0.168487
0.174061
0.179494
0.184791
0.189863
0.194756
0.199317
0.203617
0.207477
0.210981
0.213967
0.216496
0.218577
0.220209
0.221519
0.222527
0.223177
0.223554
0.223562
0.223304
0.222671
0.221782
0.220518
0.219009
0.217131
0.215023
0.212558
0.20988
0.206865
0.203657
0.200135
0.196446
0.192471
0.188356
0.183988
0.179511
0.174816
0.170045
0.16509
0.160094
0.15495
0.149799
0.144533
0.139293
0.133971
0.128704
0.123384
0.118147
0.112883
0.107725
0.102567
0.0975322
0.0925218
0.0876498
0.0828256
0.0781512
0.0735474
0.0691019
0.0647493
0.0605606
0.0564858
0.052578
0.048803
0.0451952
0.0417375
0.0384422
0.0353217
0.0323529
0.0295906
0.0269684
0.0245658
0.0222798
0.0202061
0.018219
0.0164241
0.0146859
0.013117
0.0115807
0.0101922
0.00881943
0.00757338
0.00633109
0.00519416
0.00405326
0.00300089
0.0019466
0.000976828
2.20542e-05
-0.000439583
0.105711
0.108255
0.113531
0.11878
0.124442
0.129936
0.13578
0.141352
0.147179
0.15267
0.158352
0.163664
0.16913
0.174195
0.179379
0.18411
0.188891
0.193154
0.197357
0.200981
0.204415
0.207241
0.209741
0.211733
0.213364
0.214661
0.215668
0.216368
0.216744
0.216856
0.216598
0.216118
0.215229
0.214163
0.212654
0.211014
0.208907
0.206714
0.204038
0.201323
0.198117
0.19492
0.191232
0.187601
0.183489
0.179479
0.175004
0.170676
0.165907
0.161324
0.15633
0.151557
0.146409
0.141509
0.136272
0.131307
0.126043
0.121069
0.115834
0.110903
0.105748
0.100905
0.0958732
0.0911612
0.0862916
0.0817469
0.0770748
0.0727307
0.0682874
0.0641734
0.0599868
0.0561284
0.0522226
0.0486404
0.0450344
0.0417433
0.0384497
0.0354627
0.0324947
0.029825
0.027201
0.0248495
0.0225587
0.0205013
0.0185073
0.0167026
0.0149569
0.0133594
0.0118161
0.0103859
0.00900684
0.00771105
0.00646347
0.0052744
0.00412996
0.00302876
0.00197338
0.000960773
6.46658e-06
-0.00047488
0.103414
0.105831
0.111022
0.116011
0.121594
0.126794
0.132535
0.137786
0.1435
0.148657
0.154221
0.1592
0.164544
0.169287
0.174345
0.178778
0.183436
0.187439
0.191534
0.194952
0.198308
0.200995
0.203459
0.205375
0.207
0.208287
0.209294
0.210035
0.210415
0.210615
0.210364
0.210017
0.209138
0.208243
0.206748
0.205313
0.203222
0.201263
0.198606
0.196151
0.192966
0.190049
0.186385
0.18305
0.178962
0.17526
0.170812
0.166799
0.162057
0.157793
0.152827
0.148373
0.143252
0.138667
0.133457
0.1288
0.123562
0.118886
0.113676
0.109031
0.103899
0.0993284
0.0943188
0.0898635
0.0850153
0.0807112
0.0760592
0.0719386
0.067514
0.0636055
0.0594363
0.0557642
0.0518743
0.048458
0.0448663
0.0417186
0.0384392
0.0355673
0.0326101
0.0300187
0.0274016
0.0250909
0.0228033
0.0207557
0.0187621
0.016944
0.0151972
0.0135704
0.012025
0.0105549
0.00917292
0.00783092
0.00657995
0.00534316
0.00419588
0.00305079
0.00199342
0.000943814
-2.06005e-06
-0.000500104
0.101856
0.104271
0.108638
0.113594
0.11888
0.124015
0.129414
0.134584
0.139945
0.145015
0.150224
0.155111
0.160102
0.164748
0.16946
0.173793
0.178125
0.182033
0.185844
0.189185
0.192324
0.194965
0.197311
0.199218
0.20081
0.202096
0.203106
0.203847
0.204275
0.204475
0.204318
0.20397
0.203229
0.202333
0.201014
0.199579
0.197698
0.195741
0.193324
0.190869
0.18795
0.185035
0.181658
0.178324
0.17454
0.17084
0.166707
0.162696
0.158277
0.154014
0.149373
0.144921
0.140121
0.135539
0.130644
0.125989
0.121057
0.116383
0.111467
0.106824
0.101972
0.0974037
0.09266
0.0882067
0.0836093
0.0793071
0.0748904
0.0707716
0.0665666
0.0626598
0.0586935
0.0550231
0.0513183
0.0479036
0.0444778
0.0413316
0.0381974
0.0353271
0.0324908
0.029901
0.0273726
0.0250623
0.0228317
0.0207827
0.0188195
0.016999
0.0152625
0.013633
0.012083
0.0106103
0.00921281
0.00786839
0.00659499
0.00535641
0.00418489
0.0030392
0.00196021
0.000911127
5.68879e-05
-0.000441015
0.100354
0.102765
0.106426
0.111351
0.116365
0.121439
0.126524
0.131619
0.136655
0.141643
0.146525
0.151326
0.155992
0.160547
0.16494
0.16918
0.173211
0.177031
0.18058
0.183851
0.186789
0.189387
0.191625
0.193523
0.195084
0.196369
0.197382
0.198122
0.198595
0.198794
0.198725
0.198377
0.197762
0.196867
0.195709
0.194275
0.192588
0.190631
0.188436
0.185983
0.18331
0.180395
0.177284
0.173952
0.170449
0.16675
0.162909
0.158899
0.154778
0.150517
0.146175
0.141725
0.137223
0.132643
0.128039
0.123386
0.118737
0.114065
0.10942
0.104779
0.100187
0.0956202
0.0911223
0.0866708
0.0823053
0.0780048
0.0738058
0.0696886
0.0656867
0.0617814
0.0580029
0.0543339
0.0508006
0.0473871
0.0441151
0.04097
0.0379706
0.0351018
0.0323774
0.0297893
0.0273429
0.025033
0.0228551
0.0208049
0.0188701
0.0170474
0.0153208
0.0136888
0.012135
0.0106598
0.00924821
0.00790157
0.00660753
0.00536732
0.00417329
0.00302707
0.00192765
0.000879077
9.90275e-05
-0.000398731
0.0979612
0.100369
0.104327
0.109224
0.114002
0.119018
0.123848
0.128873
0.13363
0.138543
0.143136
0.147858
0.152235
0.156708
0.160822
0.164979
0.168755
0.172496
0.175828
0.179036
0.181809
0.184369
0.186494
0.188385
0.18989
0.191175
0.192187
0.192927
0.193442
0.193642
0.193654
0.193306
0.192807
0.191913
0.190903
0.189469
0.187958
0.186002
0.184006
0.181554
0.1791
0.176187
0.173312
0.16998
0.166727
0.163029
0.159446
0.155438
0.15158
0.147321
0.143244
0.138796
0.134557
0.129978
0.125634
0.120982
0.116584
0.111914
0.107512
0.102872
0.0985117
0.0939468
0.0896689
0.0852189
0.0810613
0.0767624
0.0727589
0.0686432
0.064824
0.0609201
0.057311
0.0536434
0.0502655
0.0468534
0.0437218
0.0405779
0.0377014
0.034834
0.0322098
0.0296237
0.0272532
0.0249445
0.0228197
0.0207694
0.0188675
0.0170438
0.0153333
0.0136998
0.0121483
0.0106716
0.00925155
0.00790362
0.00659384
0.00535282
0.00413945
0.00299333
0.00187401
0.000826227
-6.83776e-05
-0.000565759
0.0957457
0.0981502
0.102384
0.107254
0.111814
0.116777
0.12137
0.12633
0.130829
0.135672
0.139997
0.144647
0.148755
0.153153
0.157009
0.161088
0.164628
0.168297
0.171428
0.174576
0.177197
0.179721
0.181743
0.183627
0.185081
0.186365
0.187376
0.188116
0.188671
0.188871
0.188958
0.18861
0.188219
0.187325
0.186452
0.185019
0.18367
0.181714
0.179903
0.177452
0.175202
0.172289
0.169633
0.166303
0.16328
0.159583
0.156239
0.152233
0.148619
0.144361
0.14053
0.136083
0.132088
0.127511
0.123406
0.118757
0.114591
0.109923
0.105745
0.101107
0.0969604
0.0923971
0.0883229
0.0838745
0.0799093
0.0756119
0.0717894
0.0676751
0.064025
0.0601225
0.0566703
0.0530039
0.04977
0.046359
0.0433576
0.0402148
0.0374522
0.0345861
0.0320546
0.0294703
0.0271701
0.0248625
0.0227869
0.0207366
0.0188651
0.0170405
0.0153448
0.0137101
0.0121606
0.0106826
0.00925463
0.00790551
0.00658117
0.00533939
0.00410812
0.00296208
0.00182434
0.000777283
-0.000223405
-0.000720438
0.094502
0.0968783
0.101196
0.106021
0.110447
0.115373
0.11981
0.124728
0.129061
0.133859
0.138015
0.142619
0.146556
0.150911
0.154594
0.158633
0.16201
0.165642
0.168633
0.171749
0.174267
0.176767
0.178735
0.1806
0.182045
0.183323
0.184333
0.185079
0.185648
0.185864
0.185977
0.185656
0.185301
0.184443
0.183616
0.182228
0.180933
0.17903
0.177281
0.174888
0.172706
0.169857
0.167274
0.164012
0.161067
0.157442
0.154178
0.150245
0.146713
0.14253
0.138781
0.134409
0.130496
0.125992
0.121968
0.11739
0.113303
0.108704
0.104601
0.10003
0.0959556
0.0914556
0.0874499
0.0830614
0.0791611
0.0749201
0.0711586
0.0670972
0.0635042
0.0596508
0.0562515
0.0526304
0.049445
0.0460751
0.0431176
0.0400114
0.0372867
0.0344512
0.0319523
0.0293915
0.0271167
0.0248256
0.0227674
0.0207276
0.0188664
0.0170472
0.0153559
0.0137226
0.012173
0.0106933
0.00926207
0.00790879
0.00657931
0.00533191
0.00409515
0.0029429
0.00180042
0.000747392
-0.000287613
-0.000787353
0.0937615
0.0960949
0.100407
0.105142
0.10955
0.114373
0.118785
0.123591
0.127896
0.132576
0.136703
0.141188
0.145094
0.149332
0.152983
0.156913
0.160257
0.163792
0.166755
0.169793
0.17229
0.174735
0.176694
0.178527
0.179971
0.18124
0.18225
0.183004
0.183573
0.183814
0.183926
0.183645
0.18329
0.182484
0.181658
0.180334
0.17904
0.177212
0.175463
0.173155
0.170973
0.168217
0.165634
0.162471
0.159526
0.156003
0.152741
0.148913
0.145382
0.141306
0.137559
0.133293
0.129382
0.124984
0.12096
0.116485
0.112399
0.1079
0.103799
0.0993223
0.0952493
0.09084
0.0868355
0.0825329
0.0786338
0.0744736
0.0707132
0.0667276
0.0631356
0.0593526
0.0559543
0.052398
0.0492136
0.0459025
0.0429459
0.0398919
0.0371681
0.0343771
0.0318792
0.0293533
0.027079
0.0248131
0.0227548
0.0207312
0.0188693
0.0170588
0.0153664
0.0137358
0.0121851
0.0107035
0.00927111
0.00791271
0.00658211
0.00532781
0.00409031
0.00293058
0.00178808
0.000727552
-0.000307087
-0.000810474
0.0930758
0.0953695
0.0996762
0.104327
0.108719
0.113447
0.117836
0.122537
0.126817
0.131388
0.135488
0.139863
0.14374
0.147871
0.151491
0.155319
0.158633
0.162079
0.165015
0.16798
0.170459
0.172853
0.174804
0.176606
0.178051
0.17931
0.18032
0.181083
0.181651
0.181915
0.182027
0.181782
0.181427
0.180671
0.179844
0.17858
0.177287
0.175528
0.17378
0.17155
0.169369
0.166698
0.164116
0.161043
0.158099
0.154672
0.15141
0.14768
0.14415
0.140173
0.136427
0.13226
0.12835
0.124049
0.120027
0.115647
0.111563
0.107155
0.103055
0.0986671
0.0945952
0.09027
0.0862666
0.0820435
0.0781454
0.0740601
0.0703008
0.0663852
0.0627942
0.0590765
0.0556791
0.0521828
0.0489993
0.0457427
0.0427869
0.0397813
0.0370582
0.0343084
0.0318114
0.0293178
0.0270442
0.0248015
0.0227431
0.0207346
0.0188719
0.0170696
0.0153762
0.0137481
0.0121963
0.010713
0.00927947
0.00791633
0.00658471
0.00532401
0.00408583
0.00291917
0.00177666
0.000709179
-0.000325121
-0.000831885
0.0924407
0.0946977
0.0989994
0.103573
0.107949
0.112589
0.116957
0.121561
0.125818
0.130288
0.134362
0.138636
0.142486
0.146517
0.150109
0.153843
0.15713
0.160492
0.163404
0.166302
0.168763
0.17111
0.173054
0.174828
0.176272
0.177524
0.178533
0.179303
0.179872
0.180156
0.180268
0.180057
0.179702
0.178991
0.178165
0.176956
0.175663
0.173969
0.172221
0.170063
0.167883
0.165291
0.16271
0.159721
0.156777
0.153438
0.150177
0.146538
0.143009
0.139124
0.135378
0.131303
0.127394
0.123184
0.119163
0.114872
0.110788
0.106466
0.102367
0.0980604
0.0939895
0.0897421
0.0857397
0.0815902
0.0776932
0.0736772
0.0699188
0.0660682
0.0624781
0.0588208
0.0554243
0.0519836
0.0488008
0.0455947
0.0426396
0.0396789
0.0369565
0.0342448
0.0317487
0.029285
0.027012
0.0247908
0.0227323
0.0207377
0.0188744
0.0170796
0.0153852
0.0137595
0.0122067
0.0107217
0.00928722
0.00791969
0.00658711
0.00532049
0.00408168
0.00290861
0.00176608
0.000692164
-0.000341822
-0.000851712
0.0918526
0.0940755
0.0983726
0.102875
0.107236
0.111795
0.116143
0.120658
0.124893
0.129269
0.13332
0.1375
0.141325
0.145263
0.14883
0.152477
0.155738
0.159023
0.161912
0.164748
0.167193
0.169497
0.171433
0.173182
0.174625
0.175869
0.176879
0.177655
0.178224
0.178528
0.17864
0.17846
0.178105
0.177435
0.176609
0.175452
0.174159
0.172525
0.170778
0.168687
0.166507
0.163988
0.161407
0.158497
0.155554
0.152296
0.149036
0.14548
0.141952
0.138152
0.134407
0.130417
0.126509
0.122383
0.118363
0.114153
0.11007
0.105827
0.101729
0.0974985
0.0934286
0.0892532
0.0852517
0.0811705
0.0772743
0.0733226
0.0695651
0.0657747
0.0621854
0.058584
0.0551882
0.051799
0.048617
0.0454576
0.0425032
0.0395841
0.0368623
0.0341859
0.0316906
0.0292546
0.0269821
0.0247809
0.0227223
0.0207406
0.0188767
0.0170888
0.0153936
0.0137701
0.0122163
0.0107298
0.0092944
0.0079228
0.00658934
0.00531724
0.00407784
0.00289882
0.00175628
0.000676407
-0.000357288
-0.000870074
0.091308
0.0934994
0.0977922
0.102228
0.106576
0.111059
0.11539
0.119821
0.124036
0.128326
0.132355
0.136447
0.14025
0.144102
0.147645
0.151211
0.154449
0.157662
0.160531
0.163309
0.165739
0.168002
0.169932
0.171657
0.1731
0.174337
0.175346
0.176129
0.176697
0.17702
0.177131
0.17698
0.176625
0.175995
0.175169
0.17406
0.172767
0.171188
0.169441
0.167412
0.165233
0.162781
0.160201
0.157363
0.154421
0.151238
0.147979
0.144501
0.140973
0.137252
0.133508
0.129597
0.125689
0.121641
0.117622
0.113488
0.109406
0.105236
0.101139
0.0969782
0.0929092
0.0888005
0.0847999
0.0807818
0.0768865
0.0729943
0.0692375
0.0655028
0.0619143
0.0583647
0.0549697
0.0516281
0.0484468
0.0453307
0.0423769
0.0394962
0.036775
0.0341314
0.0316368
0.0292264
0.0269544
0.0247717
0.0227131
0.0207433
0.0188788
0.0170974
0.0154013
0.0137799
0.0122252
0.0107374
0.00930104
0.00792568
0.0065914
0.00531422
0.00407428
0.00288976
0.00174721
0.000661815
-0.00037161
-0.000887079
0.0908036
0.0929658
0.0972547
0.101629
0.105965
0.110378
0.114692
0.119046
0.123242
0.127452
0.131462
0.135473
0.139254
0.143027
0.146548
0.150039
0.153255
0.156402
0.159252
0.161976
0.164392
0.166618
0.168542
0.170245
0.171687
0.172918
0.173927
0.174716
0.175284
0.175623
0.175735
0.17561
0.175256
0.174661
0.173835
0.17277
0.171477
0.16995
0.168203
0.166232
0.164053
0.161664
0.159084
0.156313
0.153371
0.150259
0.147
0.143594
0.140067
0.136419
0.132676
0.128837
0.12493
0.120954
0.116935
0.112872
0.108791
0.104688
0.100592
0.0964963
0.0924281
0.0883812
0.0843814
0.0804219
0.0765273
0.0726902
0.0689342
0.065251
0.0616632
0.0581616
0.0547673
0.0514699
0.0482891
0.0452131
0.0422599
0.0394149
0.0366942
0.0340809
0.0315869
0.0292004
0.0269288
0.0247632
0.0227045
0.0207457
0.0188807
0.0171053
0.0154085
0.0137889
0.0122335
0.0107443
0.0093072
0.00792835
0.00659331
0.00531143
0.00407099
0.00288137
0.0017388
0.000648303
-0.000384874
-0.000902826
0.0909672
0.0931238
0.0972216
0.101567
0.105933
0.110294
0.114651
0.118944
0.12319
0.127334
0.131398
0.135341
0.13918
0.142883
0.146461
0.149881
0.153151
0.156233
0.159127
0.1618
0.164245
0.166441
0.168381
0.170076
0.171526
0.172756
0.173765
0.174554
0.175122
0.175462
0.175573
0.175452
0.175097
0.174506
0.17368
0.172619
0.171327
0.169805
0.168059
0.166094
0.163916
0.161534
0.158956
0.156191
0.153251
0.150146
0.146889
0.143491
0.139966
0.136326
0.132585
0.128754
0.124849
0.120881
0.116864
0.112808
0.108729
0.104634
0.100539
0.0964503
0.0923834
0.0883434
0.0843448
0.0803917
0.0764982
0.0726671
0.068912
0.0652346
0.0616475
0.0581512
0.0547574
0.0514649
0.0482844
0.0452128
0.0422595
0.0394185
0.036697
0.0340874
0.0315927
0.0292098
0.0269371
0.0247741
0.0227141
0.0207567
0.0188905
0.0171153
0.0154176
0.0137976
0.0122416
0.0107517
0.00931427
0.00793459
0.00659937
0.00531691
0.00407618
0.00288653
0.00174353
0.000653257
-0.000335557
-0.000853466
0.091186
0.0933424
0.0972265
0.101572
0.105935
0.110297
0.114648
0.118943
0.123183
0.127329
0.13139
0.135334
0.139169
0.142873
0.146447
0.149869
0.153134
0.156216
0.159105
0.161778
0.16422
0.166415
0.168356
0.170051
0.171504
0.172734
0.173743
0.174532
0.175099
0.175439
0.17555
0.175428
0.175073
0.174482
0.173656
0.172596
0.171304
0.169782
0.168037
0.166072
0.163896
0.161514
0.158937
0.156173
0.153235
0.15013
0.146875
0.143478
0.139955
0.136315
0.132576
0.128746
0.124843
0.120875
0.11686
0.112805
0.108727
0.104633
0.10054
0.0964521
0.0923866
0.0883472
0.0843498
0.0803973
0.0765049
0.0726745
0.0689203
0.0652435
0.0616571
0.0581613
0.0547679
0.051476
0.0482957
0.0452247
0.0422711
0.0394305
0.0367085
0.0340993
0.0316045
0.0292218
0.0269491
0.0247859
0.0227255
0.0207676
0.0189007
0.0171248
0.0154263
0.0138057
0.0122492
0.0107585
0.00932102
0.0079406
0.00660565
0.00532245
0.00408223
0.00289207
0.0017495
0.000659182
-0.000283059
-0.000800942
0.0913885
0.0935449
0.0972311
0.101576
0.105937
0.1103
0.114646
0.118942
0.123177
0.127325
0.131381
0.135327
0.139159
0.142864
0.146435
0.149857
0.153118
0.1562
0.159086
0.161758
0.164197
0.166391
0.168333
0.170027
0.171483
0.172713
0.173722
0.174511
0.175077
0.175417
0.175528
0.175406
0.175051
0.17446
0.173634
0.172574
0.171282
0.169761
0.168017
0.166052
0.163877
0.161495
0.15892
0.156156
0.15322
0.150116
0.146863
0.143466
0.139945
0.136305
0.132568
0.128739
0.124838
0.12087
0.116857
0.112802
0.108726
0.104633
0.100541
0.0964537
0.0923895
0.0883507
0.0843544
0.0804026
0.0765111
0.0726813
0.0689279
0.0652517
0.0616659
0.0581707
0.0547777
0.0514863
0.0483062
0.0452356
0.0422818
0.0394417
0.0367191
0.0341103
0.0316155
0.029233
0.0269602
0.0247968
0.022736
0.0207776
0.0189101
0.0171336
0.0154345
0.0138132
0.0122562
0.0107649
0.00932728
0.00794617
0.00661146
0.00532757
0.00408783
0.0028972
0.00175503
0.000664668
-0.000234443
-0.000752302
0.0915761
0.0937324
0.0972353
0.10158
0.105939
0.110303
0.114643
0.118941
0.123172
0.127321
0.131374
0.13532
0.13915
0.142855
0.146423
0.149846
0.153103
0.156186
0.159067
0.161739
0.164176
0.16637
0.168312
0.170006
0.171464
0.172694
0.173703
0.174492
0.175057
0.175398
0.175507
0.175386
0.17503
0.174439
0.173614
0.172553
0.171262
0.169741
0.167998
0.166033
0.163859
0.161478
0.158904
0.156141
0.153206
0.150102
0.146851
0.143454
0.139935
0.136296
0.132561
0.128732
0.124833
0.120866
0.116854
0.1128
0.108725
0.104632
0.100542
0.0964553
0.0923922
0.088354
0.0843587
0.0804075
0.0765168
0.0726876
0.0689349
0.0652593
0.061674
0.0581794
0.0547868
0.0514959
0.0483158
0.0452457
0.0422917
0.039452
0.036729
0.0341206
0.0316257
0.0292434
0.0269704
0.024807
0.0227457
0.0207869
0.0189188
0.0171418
0.015442
0.0138201
0.0122627
0.0107708
0.00933307
0.00795133
0.00661684
0.00533232
0.00409302
0.00290194
0.00176015
0.00066975
-0.000189421
-0.000707259
0.0917498
0.093906
0.0972392
0.101584
0.105941
0.110306
0.114641
0.11894
0.123167
0.127317
0.131367
0.135314
0.139142
0.142847
0.146413
0.149836
0.15309
0.156172
0.15905
0.161722
0.164156
0.166349
0.168292
0.169986
0.171447
0.172676
0.173685
0.174474
0.175039
0.175379
0.175489
0.175367
0.175011
0.17442
0.173595
0.172535
0.171244
0.169723
0.16798
0.166016
0.163843
0.161462
0.158889
0.156126
0.153193
0.15009
0.14684
0.143444
0.139926
0.136288
0.132554
0.128726
0.124828
0.120862
0.116851
0.112798
0.108724
0.104632
0.100543
0.0964567
0.0923946
0.088357
0.0843627
0.080412
0.0765222
0.0726935
0.0689415
0.0652663
0.0616816
0.0581874
0.0547952
0.0515047
0.0483248
0.0452551
0.0423009
0.0394616
0.0367381
0.03413
0.0316351
0.029253
0.0269799
0.0248164
0.0227548
0.0207956
0.0189269
0.0171493
0.015449
0.0138265
0.0122687
0.0107763
0.00933843
0.0079561
0.00662182
0.00533672
0.00409782
0.00290634
0.00176489
0.000674455
-0.000147729
-0.000665546
)
;

boundaryField
{
    inlet
    {
        type            cyclic;
    }
    outlet
    {
        type            cyclic;
    }
    top
    {
        type            zeroGradient;
    }
    hills
    {
        type            zeroGradient;
    }
    front
    {
        type            empty;
    }
    back
    {
        type            empty;
    }
}


// ************************************************************************* //
