/*--------------------------------*- C++ -*----------------------------------*\
| =========                 |                                                 |
| \\      /  F ield         | OpenFOAM: The Open Source CFD Toolbox           |
|  \\    /   O peration     | Version:  v2106                                 |
|   \\  /    A nd           | Website:  www.openfoam.com                      |
|    \\/     M anipulation  |                                                 |
\*---------------------------------------------------------------------------*/
FoamFile
{
    version     2.0;
    format      ascii;
    arch        "LSB;label=32;scalar=64";
    class       volScalarField;
    location    "0";
    object      expGpCoeffs10;
}
// * * * * * * * * * * * * * * * * * * * * * * * * * * * * * * * * * * * * * //

dimensions      [0 0 0 0 0 0 0];

internalField   nonuniform List<scalar> 
8000
(
0.123775
0.123562
0.123193
0.122691
0.122235
0.121881
0.121728
0.121738
0.121791
0.12187
0.121768
0.121471
0.120757
0.119612
0.117874
0.115536
0.112675
0.109285
0.105727
0.102009
0.0985141
0.0952713
0.0922799
0.0895687
0.0868284
0.0840395
0.0810346
0.0778134
0.0743998
0.0707995
0.0670726
0.0632253
0.0593188
0.0553594
0.0514051
0.0474617
0.0435803
0.0397656
0.0360577
0.0324601
0.0289985
0.0256752
0.0224992
0.0194711
0.0165821
0.0138316
0.0111938
0.00866643
0.00620923
0.00381885
0.00144455
-0.000917455
-0.00332251
-0.00577475
-0.00832739
-0.010984
-0.0137892
-0.0167453
-0.019882
-0.0232002
-0.0267102
-0.0304107
-0.03429
-0.0383451
-0.0425417
-0.0468751
-0.051291
-0.0557827
-0.0602803
-0.0647762
-0.0691903
-0.0735143
-0.0776652
-0.0816348
-0.0853724
-0.0888756
-0.0922809
-0.0956083
-0.0991649
-0.102919
-0.106923
-0.111146
-0.115271
-0.119289
-0.122859
-0.125991
-0.128557
-0.130564
-0.132068
-0.133074
-0.133677
-0.133883
-0.13383
-0.133518
-0.133181
-0.132852
-0.13264
-0.132553
-0.132522
-0.132525
0.123793
0.12358
0.1232
0.122697
0.122218
0.121863
0.121717
0.121726
0.121797
0.121876
0.121793
0.121496
0.120802
0.119657
0.117927
0.11559
0.112709
0.109319
0.105722
0.102004
0.0984825
0.0952398
0.0922691
0.0895582
0.0868452
0.0840567
0.0810523
0.0778315
0.0744123
0.0708125
0.0670796
0.0632328
0.0593204
0.0553614
0.0514017
0.0474589
0.0435728
0.0397586
0.0360472
0.0324501
0.0289864
0.0256636
0.0224871
0.0194593
0.0165715
0.0138213
0.0111861
0.00865905
0.00620557
0.00381549
0.00144562
-0.000916087
-0.0033166
-0.00576854
-0.00831713
-0.0109734
-0.0137757
-0.0167314
-0.0198667
-0.0231845
-0.026695
-0.0303951
-0.034277
-0.0383316
-0.0425328
-0.0468656
-0.0512877
-0.0557789
-0.0602839
-0.0647791
-0.0692012
-0.0735247
-0.0776834
-0.0816525
-0.0853923
-0.088895
-0.0922757
-0.0956027
-0.0991368
-0.10289
-0.106915
-0.111138
-0.115298
-0.119317
-0.122908
-0.126039
-0.128603
-0.130609
-0.132105
-0.133111
-0.133706
-0.133911
-0.133843
-0.133531
-0.133169
-0.13284
-0.132633
-0.132545
-0.132522
-0.132525
0.123811
0.123598
0.123206
0.122704
0.122199
0.121843
0.121705
0.121714
0.121803
0.121882
0.121819
0.121523
0.120849
0.119705
0.117985
0.115649
0.112746
0.109356
0.105716
0.101999
0.0984484
0.0952057
0.0922574
0.0895468
0.0868634
0.0840753
0.0810714
0.0778511
0.0744258
0.0708264
0.0670871
0.0632409
0.0593221
0.0553637
0.0513981
0.0474558
0.0435647
0.0397511
0.0360359
0.0324393
0.0289734
0.025651
0.022474
0.0194466
0.01656
0.0138102
0.0111778
0.00865108
0.00620162
0.00381187
0.00144677
-0.000914609
-0.00331023
-0.00576182
-0.00830606
-0.010962
-0.013761
-0.0167164
-0.0198502
-0.0231675
-0.0266787
-0.0303783
-0.034263
-0.038317
-0.0425231
-0.0468554
-0.0512842
-0.0557747
-0.0602877
-0.0647823
-0.0692129
-0.0735359
-0.0777031
-0.0816716
-0.0854137
-0.088916
-0.0922701
-0.0955966
-0.0991064
-0.10286
-0.106907
-0.11113
-0.115328
-0.119346
-0.12296
-0.126091
-0.128653
-0.130659
-0.132145
-0.13315
-0.133737
-0.133942
-0.133857
-0.133545
-0.133155
-0.132827
-0.132624
-0.132537
-0.132523
-0.132526
0.123831
0.123618
0.123214
0.122711
0.122178
0.121822
0.121692
0.121701
0.121809
0.121889
0.121848
0.121553
0.120901
0.119758
0.118047
0.115712
0.112786
0.109396
0.105711
0.101993
0.0984116
0.095169
0.0922447
0.0895346
0.086883
0.0840953
0.081092
0.0778722
0.0744403
0.0708415
0.0670953
0.0632496
0.0593239
0.0553661
0.0513941
0.0474524
0.0435559
0.0397429
0.0360236
0.0324276
0.0289593
0.0256374
0.0224598
0.0194329
0.0165476
0.0137983
0.0111688
0.00864247
0.00619735
0.00380796
0.00144801
-0.000913014
-0.00330334
-0.00575457
-0.0082941
-0.0109496
-0.0137452
-0.0167001
-0.0198324
-0.0231492
-0.0266611
-0.0303601
-0.0342479
-0.0383013
-0.0425127
-0.0468443
-0.0512803
-0.0557702
-0.0602918
-0.0647858
-0.0692256
-0.0735479
-0.0777244
-0.0816923
-0.0854369
-0.0889386
-0.0922641
-0.0955901
-0.0990736
-0.102827
-0.106899
-0.111122
-0.115359
-0.119378
-0.123016
-0.126146
-0.128707
-0.130712
-0.132189
-0.133193
-0.133771
-0.133974
-0.133873
-0.133559
-0.133141
-0.132813
-0.132615
-0.132528
-0.132523
-0.132526
0.123853
0.12364
0.123222
0.122701
0.122156
0.121799
0.121678
0.121686
0.121816
0.121896
0.121879
0.121584
0.120956
0.119814
0.118114
0.11578
0.112829
0.10944
0.105705
0.101987
0.0983718
0.0951293
0.0922311
0.0895213
0.0869041
0.0841169
0.0811142
0.0778949
0.074456
0.0708578
0.0671041
0.063259
0.0593259
0.0553687
0.0513899
0.0474488
0.0435465
0.039734
0.0360104
0.032415
0.0289441
0.0256227
0.0224445
0.0194181
0.0165342
0.0137853
0.0111591
0.00863318
0.00619275
0.00380373
0.00144936
-0.000911291
-0.00329591
-0.00574674
-0.00828118
-0.0109363
-0.0137282
-0.0166826
-0.0198132
-0.0231295
-0.026642
-0.0303404
-0.0342315
-0.0382843
-0.0425015
-0.0468323
-0.0512762
-0.0557654
-0.0602962
-0.0647895
-0.0692394
-0.0735609
-0.0777473
-0.0817146
-0.0854619
-0.0889631
-0.0922575
-0.095583
-0.0990381
-0.102791
-0.106889
-0.111112
-0.115394
-0.119413
-0.123076
-0.126207
-0.128765
-0.130769
-0.132235
-0.133238
-0.133807
-0.13401
-0.13389
-0.133575
-0.133126
-0.132798
-0.132582
-0.132519
-0.132523
-0.132526
0.123834
0.123617
0.123133
0.122581
0.122096
0.121695
0.121648
0.121631
0.121821
0.121893
0.121904
0.121601
0.121004
0.119856
0.118183
0.115851
0.112875
0.109486
0.105698
0.10198
0.0983289
0.0950865
0.0922163
0.089507
0.0869339
0.0841383
0.0811363
0.0779087
0.074463
0.0708574
0.0670965
0.0632452
0.0593051
0.0553433
0.0513579
0.0474143
0.0435064
0.0396935
0.0359657
0.0323719
0.0288986
0.0255809
0.0224022
0.0193813
0.0164988
0.0137569
0.0111339
0.00861602
0.00618015
0.00379976
0.0014508
-0.00090121
-0.00328027
-0.00572299
-0.00825246
-0.0109005
-0.0136887
-0.0166375
-0.0197663
-0.0230788
-0.0265919
-0.0302883
-0.0341825
-0.0382354
-0.0424581
-0.0467912
-0.0512425
-0.0557358
-0.0602755
-0.0647747
-0.0692342
-0.0735631
-0.077759
-0.0817346
-0.0854845
-0.0889943
-0.0922505
-0.0955754
-0.0989998
-0.102753
-0.106879
-0.111102
-0.115431
-0.11945
-0.123141
-0.126269
-0.128811
-0.13082
-0.132269
-0.133279
-0.133834
-0.134044
-0.133851
-0.133569
-0.132989
-0.132719
-0.1324
-0.132373
-0.132463
-0.13247
0.123726
0.123501
0.123016
0.122451
0.121963
0.121547
0.121496
0.12146
0.121645
0.12171
0.121715
0.121436
0.120834
0.119751
0.118075
0.115841
0.112866
0.109571
0.105779
0.102105
0.0984545
0.0952011
0.0923528
0.0895899
0.0870292
0.0841438
0.0811423
0.0778238
0.0743787
0.0706904
0.0669302
0.0630092
0.0590698
0.0550551
0.0510704
0.0470938
0.0431866
0.0393625
0.0356354
0.0320529
0.0285803
0.0252954
0.0221173
0.0191486
0.0162667
0.0135928
0.0109702
0.00853157
0.00609617
0.00380085
0.00145234
-0.000814402
-0.00319301
-0.00555592
-0.00808491
-0.0106638
-0.0134515
-0.0163463
-0.0194746
-0.0227517
-0.0262642
-0.0299463
-0.0338398
-0.0379004
-0.0421223
-0.046485
-0.0509355
-0.0554788
-0.0600177
-0.0645848
-0.0690435
-0.0734549
-0.0776501
-0.0817187
-0.0854678
-0.0890722
-0.0923186
-0.0957044
-0.0991079
-0.102881
-0.107005
-0.111198
-0.11553
-0.119468
-0.123159
-0.126193
-0.128738
-0.130673
-0.132127
-0.133092
-0.133652
-0.13384
-0.133653
-0.133363
-0.132789
-0.132519
-0.132204
-0.132184
-0.132275
-0.13229
0.123609
0.123375
0.122889
0.12231
0.121819
0.121388
0.121331
0.121275
0.121454
0.121511
0.121511
0.121257
0.12065
0.119638
0.117958
0.11583
0.112854
0.109667
0.105876
0.10227
0.0986223
0.0953685
0.0925214
0.0896924
0.0871322
0.0841496
0.0811488
0.0777321
0.0742877
0.0705101
0.0667507
0.0627543
0.0588157
0.0547439
0.05076
0.0467476
0.0428413
0.0390051
0.0352788
0.0317085
0.0282365
0.0249872
0.0218097
0.0188974
0.016016
0.0134155
0.0107935
0.00844039
0.00600548
0.00380203
0.001454
-0.000720663
-0.00309879
-0.0053755
-0.00790398
-0.0104082
-0.0131954
-0.0160319
-0.0191595
-0.0223986
-0.0259103
-0.029577
-0.0334697
-0.0375387
-0.0417597
-0.0461544
-0.0506039
-0.0552013
-0.0597393
-0.0643798
-0.0688376
-0.0733381
-0.0775324
-0.0817015
-0.0854498
-0.0891564
-0.0924021
-0.095863
-0.0992652
-0.103052
-0.107173
-0.111314
-0.115644
-0.119488
-0.123179
-0.126111
-0.12866
-0.130514
-0.131973
-0.132889
-0.133456
-0.133619
-0.133439
-0.13314
-0.132573
-0.132302
-0.131992
-0.13198
-0.132073
-0.132095
0.123482
0.123239
0.122753
0.122158
0.121664
0.121216
0.121154
0.121076
0.121248
0.121297
0.12129
0.121064
0.120452
0.119515
0.117832
0.115818
0.112841
0.109771
0.105981
0.102449
0.0988036
0.0955493
0.0927036
0.089803
0.0872435
0.0841559
0.0811558
0.077633
0.0741894
0.0703155
0.0665569
0.0624791
0.0585413
0.0544077
0.0504247
0.0463739
0.0424684
0.0386192
0.0348937
0.0313365
0.0278653
0.0246543
0.0214775
0.0186261
0.0157453
0.0132241
0.0106027
0.00834193
0.00590755
0.00380331
0.00145579
-0.000619439
-0.00299705
-0.00518068
-0.0077086
-0.0101322
-0.0129188
-0.0156924
-0.0188193
-0.0220172
-0.0255282
-0.0291782
-0.03307
-0.0371481
-0.0413681
-0.0457973
-0.0502459
-0.0549016
-0.0594386
-0.0641585
-0.0686152
-0.073212
-0.0774054
-0.0816829
-0.0854304
-0.0892473
-0.0924923
-0.0960343
-0.099435
-0.103237
-0.107355
-0.111439
-0.115768
-0.119508
-0.1232
-0.126023
-0.128575
-0.130343
-0.131807
-0.13267
-0.133244
-0.133381
-0.133209
-0.1329
-0.13234
-0.132068
-0.131763
-0.131761
-0.131854
-0.131885
0.123345
0.123092
0.122605
0.121994
0.121496
0.12103
0.120962
0.120861
0.121026
0.121066
0.121052
0.120856
0.120237
0.119383
0.117696
0.115806
0.112827
0.109883
0.106095
0.102643
0.0989994
0.0957446
0.0929003
0.0899225
0.0873636
0.0841628
0.0811633
0.077526
0.0740832
0.0701052
0.0663475
0.0621819
0.058245
0.0540448
0.0500628
0.0459703
0.0420658
0.0382025
0.0344779
0.0309349
0.0274645
0.0242948
0.0211188
0.0183331
0.0154531
0.0130175
0.0103967
0.0082356
0.0058018
0.00380469
0.00145772
-0.000510134
-0.00288718
-0.0049703
-0.00749763
-0.00983421
-0.0126201
-0.0153257
-0.0184519
-0.0216054
-0.0251156
-0.0287475
-0.0326385
-0.0367263
-0.0409453
-0.0454118
-0.0498593
-0.0545781
-0.059114
-0.0639194
-0.0683751
-0.0730759
-0.0772682
-0.0816628
-0.0854094
-0.0893455
-0.0925897
-0.0962192
-0.0996184
-0.103436
-0.107552
-0.111574
-0.115901
-0.119531
-0.123224
-0.125928
-0.128483
-0.130159
-0.131628
-0.132434
-0.133015
-0.133124
-0.132959
-0.132641
-0.132089
-0.131816
-0.131516
-0.131523
-0.131618
-0.131658
0.123198
0.122934
0.122446
0.121817
0.121315
0.120829
0.120755
0.120628
0.120786
0.120817
0.120795
0.120631
0.120006
0.11924
0.117548
0.115792
0.112812
0.110004
0.106217
0.102852
0.0992108
0.0959554
0.0931127
0.0900516
0.0874932
0.0841701
0.0811715
0.0774105
0.0739686
0.0698782
0.0661215
0.0618609
0.0579251
0.0536529
0.0496719
0.0455345
0.041631
0.0377525
0.0340289
0.0305011
0.0270317
0.0239067
0.0207315
0.0180168
0.0151374
0.0127943
0.0101742
0.00812079
0.00568761
0.00380617
0.00145981
-0.000392102
-0.00276854
-0.00474313
-0.00726981
-0.00951239
-0.0122976
-0.0149298
-0.0180552
-0.0211607
-0.02467
-0.0282825
-0.0321724
-0.0362708
-0.0404888
-0.0449955
-0.0494419
-0.0542286
-0.0587634
-0.0636613
-0.0681158
-0.0729288
-0.0771201
-0.0816411
-0.0853868
-0.0894515
-0.0926948
-0.0964189
-0.0998164
-0.103651
-0.107765
-0.111719
-0.116045
-0.119555
-0.123249
-0.125825
-0.128384
-0.129959
-0.131435
-0.132179
-0.132767
-0.132846
-0.13269
-0.132361
-0.131817
-0.131543
-0.131249
-0.131267
-0.131363
-0.131412
0.123038
0.122762
0.122274
0.121626
0.12112
0.120613
0.120531
0.120377
0.120527
0.120547
0.120518
0.120388
0.119756
0.119086
0.11739
0.115777
0.112796
0.110135
0.10635
0.103077
0.099439
0.0961831
0.093342
0.0901909
0.0876333
0.0841781
0.0811803
0.0772858
0.0738448
0.0696331
0.0658774
0.0615144
0.0575796
0.0532297
0.0492497
0.045064
0.0411615
0.0372666
0.033544
0.0300328
0.0265643
0.0234876
0.0203132
0.0176752
0.0147966
0.0125533
0.00993389
0.00799681
0.0055643
0.00380778
0.00146206
-0.000264647
-0.00264043
-0.00449782
-0.0070238
-0.00916487
-0.0119493
-0.0145023
-0.0176269
-0.0206805
-0.0241888
-0.0277803
-0.0316692
-0.0357789
-0.0399958
-0.0445459
-0.0489911
-0.0538513
-0.0583848
-0.0633825
-0.0678359
-0.07277
-0.0769602
-0.0816177
-0.0853623
-0.089566
-0.0928084
-0.0966345
-0.10003
-0.103883
-0.107994
-0.111877
-0.1162
-0.119581
-0.123275
-0.125713
-0.128276
-0.129744
-0.131226
-0.131903
-0.1325
-0.132546
-0.1324
-0.132059
-0.131523
-0.131248
-0.13096
-0.13099
-0.131088
-0.131148
0.122755
0.122474
0.12188
0.121266
0.120775
0.120291
0.120179
0.120024
0.120148
0.120161
0.120108
0.120007
0.119389
0.118793
0.117176
0.115668
0.112793
0.11025
0.10654
0.103359
0.0997409
0.0964967
0.0936301
0.0904038
0.0877732
0.0842268
0.0811265
0.0771399
0.0736059
0.0693104
0.065474
0.0610404
0.0570417
0.0526383
0.0486149
0.0443959
0.040473
0.0365672
0.0328482
0.0293489
0.0259078
0.0228649
0.0197397
0.0171551
0.0143443
0.0121705
0.00963289
0.00777664
0.00543465
0.00376492
0.0015126
-0.000127134
-0.00241262
-0.00418855
-0.00663296
-0.00870339
-0.0114199
-0.0139178
-0.0169922
-0.0200096
-0.0234886
-0.0270653
-0.0309475
-0.0350646
-0.0392981
-0.0438778
-0.0483622
-0.0532728
-0.0578662
-0.0629326
-0.0674638
-0.0724815
-0.0767638
-0.0815155
-0.085364
-0.0896635
-0.0929873
-0.0968984
-0.100328
-0.104186
-0.108288
-0.112096
-0.116359
-0.119633
-0.123232
-0.125569
-0.128046
-0.129431
-0.130874
-0.131498
-0.132086
-0.132105
-0.131951
-0.131577
-0.131058
-0.13073
-0.130434
-0.130416
-0.130651
-0.130714
0.122327
0.122046
0.121444
0.120823
0.120343
0.119847
0.119659
0.119488
0.119524
0.119518
0.119447
0.119327
0.118814
0.118203
0.116845
0.115329
0.112843
0.1103
0.106968
0.103792
0.100349
0.0971095
0.0940853
0.0908606
0.0879024
0.0843572
0.0809461
0.0769607
0.0731437
0.0688497
0.0647673
0.0603351
0.0561413
0.0517393
0.0475825
0.0433649
0.039378
0.0354734
0.0317633
0.0282651
0.0249047
0.0218628
0.0188844
0.0163006
0.0136926
0.0115195
0.00922733
0.00737168
0.00530145
0.00363226
0.00166033
2.11273e-05
-0.00199325
-0.00376861
-0.00596827
-0.00803803
-0.0105513
-0.0130484
-0.0159735
-0.0189899
-0.0223826
-0.0259581
-0.0298225
-0.0339384
-0.0382243
-0.0428025
-0.0474076
-0.0523166
-0.0570935
-0.0621582
-0.0669271
-0.0719431
-0.076506
-0.0812561
-0.0854203
-0.0897184
-0.093385
-0.0972942
-0.100921
-0.104774
-0.108762
-0.112563
-0.116505
-0.119778
-0.123012
-0.125355
-0.127549
-0.128947
-0.130207
-0.13085
-0.131339
-0.131381
-0.131212
-0.130862
-0.130392
-0.130083
-0.129789
-0.12978
-0.130021
-0.130085
0.121873
0.121591
0.120983
0.120356
0.119866
0.119356
0.119099
0.118908
0.118851
0.118824
0.118733
0.118594
0.118193
0.117566
0.116487
0.114962
0.112897
0.110354
0.107429
0.10426
0.101005
0.0977713
0.0945768
0.0913539
0.0880419
0.0844979
0.0807512
0.0767672
0.0726447
0.0683522
0.0640042
0.0595736
0.055169
0.0507685
0.0464677
0.0422515
0.0381955
0.0342923
0.0305918
0.0270948
0.0238215
0.0207806
0.0179607
0.0153778
0.012989
0.0108166
0.0087894
0.00693439
0.00515762
0.003489
0.00181986
0.000181226
-0.00154039
-0.00331514
-0.00525051
-0.00731955
-0.00961337
-0.0121095
-0.0148734
-0.0178888
-0.0211883
-0.0247626
-0.0286078
-0.0327222
-0.0370647
-0.0416414
-0.0463767
-0.0512841
-0.056259
-0.061322
-0.0663475
-0.0713617
-0.0762276
-0.080976
-0.085481
-0.0897777
-0.0938144
-0.0977217
-0.101562
-0.105408
-0.109273
-0.113068
-0.116662
-0.119934
-0.122775
-0.125125
-0.127012
-0.128425
-0.129486
-0.130149
-0.130533
-0.1306
-0.130415
-0.130089
-0.129662
-0.129373
-0.129073
-0.129073
-0.129342
-0.129407
0.121506
0.121224
0.120505
0.119872
0.119284
0.118756
0.118432
0.118219
0.118116
0.118066
0.118023
0.117864
0.117682
0.117041
0.116339
0.114809
0.113155
0.110616
0.107994
0.104832
0.101683
0.0984553
0.0951397
0.0919188
0.0883024
0.0847597
0.080629
0.0766465
0.0721558
0.0678648
0.0631911
0.0587621
0.0540927
0.0496939
0.0452049
0.0409903
0.0368341
0.0329324
0.0292258
0.0257301
0.0225449
0.0195052
0.0168618
0.0142798
0.0121439
0.00997239
0.00825747
0.00640316
0.00497674
0.00330876
0.00200419
0.000366172
-0.00100148
-0.00277556
-0.00439152
-0.00645978
-0.00849027
-0.0109855
-0.0135597
-0.0165739
-0.0197702
-0.0233431
-0.0271786
-0.0312915
-0.0357192
-0.0402942
-0.0452056
-0.0501111
-0.0553438
-0.0604049
-0.0657561
-0.0707685
-0.0760111
-0.0807578
-0.0856657
-0.0899607
-0.0943293
-0.0982346
-0.102232
-0.106073
-0.109879
-0.113665
-0.11701
-0.120275
-0.122751
-0.125103
-0.126629
-0.128053
-0.128859
-0.12954
-0.129784
-0.129873
-0.129613
-0.129313
-0.12881
-0.128545
-0.128261
-0.128272
-0.128637
-0.128703
0.121107
0.120823
0.119966
0.119306
0.118654
0.118099
0.117711
0.117473
0.117322
0.117247
0.117261
0.117081
0.11714
0.116485
0.116203
0.114669
0.113465
0.110931
0.108616
0.105463
0.102408
0.0991869
0.0957536
0.0925347
0.0885895
0.0850483
0.0805018
0.076521
0.0716305
0.0673413
0.0623136
0.0578865
0.052929
0.048532
0.0438381
0.0396252
0.0353594
0.0314593
0.0277452
0.024251
0.0211607
0.0181222
0.0156696
0.0130887
0.0112269
0.0090562
0.00767989
0.00582633
0.00478006
0.00311275
0.00220388
0.000566532
-0.000416852
-0.00219021
-0.00345944
-0.00552686
-0.00727157
-0.00976579
-0.0121344
-0.0151474
-0.018232
-0.0218035
-0.025629
-0.0297402
-0.0342613
-0.0388344
-0.0439379
-0.0488414
-0.0543547
-0.0594138
-0.0651194
-0.0701297
-0.075782
-0.0805267
-0.0858714
-0.0901647
-0.094895
-0.0987979
-0.102952
-0.106786
-0.110544
-0.114321
-0.117413
-0.120673
-0.122749
-0.125103
-0.126229
-0.127664
-0.128194
-0.128893
-0.128987
-0.1291
-0.128748
-0.128476
-0.127883
-0.127648
-0.127363
-0.127393
-0.127873
-0.127941
0.120456
0.120152
0.119291
0.118606
0.117938
0.117338
0.116926
0.116581
0.116406
0.116226
0.11622
0.116016
0.116076
0.115545
0.115304
0.114048
0.112907
0.110705
0.108434
0.105505
0.102457
0.0992141
0.0957284
0.0922227
0.0881564
0.0841846
0.0796076
0.0752085
0.070289
0.065637
0.0605838
0.0558704
0.0508927
0.0463038
0.0415958
0.0372984
0.0330258
0.0291556
0.0254425
0.0220933
0.0190117
0.0162273
0.0137906
0.0115604
0.00972056
0.00797842
0.00662899
0.00525868
0.00424235
0.00308653
0.00220881
0.00108315
0.000130009
-0.00115925
-0.00240101
-0.00403781
-0.00575959
-0.00789908
-0.0102507
-0.0130028
-0.0160775
-0.0194941
-0.0233174
-0.0273866
-0.0319131
-0.0365575
-0.0416738
-0.0467565
-0.0522894
-0.0576251
-0.0633559
-0.0687252
-0.074407
-0.0795741
-0.0849506
-0.0896892
-0.0945417
-0.0987582
-0.102971
-0.106867
-0.110626
-0.114225
-0.117282
-0.120238
-0.122256
-0.124323
-0.125406
-0.126658
-0.127181
-0.127805
-0.127909
-0.128015
-0.127669
-0.127417
-0.126846
-0.126612
-0.126349
-0.126394
-0.126878
-0.126965
0.119752
0.119426
0.118561
0.117851
0.117165
0.116516
0.116077
0.115616
0.11541
0.11511
0.115071
0.114847
0.114876
0.114506
0.114238
0.113321
0.112163
0.110352
0.108074
0.105394
0.102345
0.0990463
0.0955614
0.0916909
0.0876265
0.0831534
0.0785787
0.0736926
0.0687754
0.0637011
0.0586503
0.0536038
0.0486284
0.0438161
0.0391103
0.0347144
0.0304438
0.0266083
0.0228969
0.0197165
0.0166363
0.0141476
0.0117121
0.00988966
0.00805074
0.00680718
0.00545839
0.00465034
0.00363449
0.00307377
0.00219647
0.00166614
0.000713457
-1.25595e-05
-0.00125373
-0.00238951
-0.00411047
-0.00583728
-0.00818783
-0.0106364
-0.0137096
-0.0169463
-0.0207678
-0.0247882
-0.0293125
-0.03404
-0.0391539
-0.0444454
-0.0499756
-0.0556334
-0.0613615
-0.0671486
-0.0728277
-0.0784866
-0.0838605
-0.0891174
-0.0939676
-0.0985835
-0.102795
-0.1068
-0.110559
-0.113967
-0.117029
-0.119632
-0.121665
-0.123383
-0.124489
-0.125508
-0.126063
-0.126584
-0.126723
-0.126812
-0.126504
-0.126262
-0.125726
-0.125492
-0.125254
-0.125314
-0.125804
-0.125911
0.118992
0.118643
0.117774
0.117035
0.11633
0.115629
0.115161
0.114575
0.114335
0.113904
0.11383
0.113584
0.11358
0.113383
0.113088
0.112536
0.11136
0.109971
0.107685
0.105274
0.102224
0.0988651
0.0953811
0.0911166
0.0870543
0.08204
0.0774675
0.0720557
0.067141
0.0616107
0.0565625
0.0511562
0.0461833
0.0411297
0.0364264
0.031924
0.0276557
0.0238576
0.0201481
0.0171498
0.0140712
0.0119018
0.00946751
0.00808558
0.00624759
0.00554244
0.00419433
0.00399342
0.0029781
0.00305999
0.00218313
0.00229569
0.00134349
0.00122568
-1.48558e-05
-0.0006096
-0.00232968
-0.00361087
-0.00596022
-0.00808099
-0.0111526
-0.0141951
-0.0180146
-0.0219824
-0.0265044
-0.0313216
-0.0364328
-0.0419497
-0.0474771
-0.0534827
-0.0592079
-0.0654462
-0.0711223
-0.0773122
-0.0826834
-0.0885
-0.0933477
-0.098395
-0.102605
-0.106728
-0.110487
-0.113689
-0.116757
-0.118977
-0.121026
-0.122367
-0.123499
-0.124268
-0.124855
-0.125266
-0.125443
-0.125513
-0.125245
-0.125015
-0.124517
-0.124284
-0.124072
-0.124148
-0.124645
-0.124773
0.117954
0.117598
0.116765
0.116027
0.115366
0.114636
0.114093
0.113441
0.113055
0.112547
0.112304
0.112025
0.111895
0.111749
0.111454
0.111028
0.110022
0.108779
0.106731
0.104403
0.10145
0.0980369
0.0943517
0.089908
0.0854199
0.0801962
0.07525
0.0696349
0.0643913
0.0586849
0.0533825
0.0478377
0.0427014
0.0375554
0.0327912
0.0282489
0.0240288
0.0202467
0.0166958
0.0137697
0.010955
0.00891096
0.00683513
0.00562555
0.00422485
0.00373004
0.00287796
0.00291402
0.00243047
0.00276307
0.00242913
0.00279248
0.00236938
0.00248893
0.0017399
0.00135649
6.88587e-05
-0.00103801
-0.00303228
-0.00502435
-0.00783244
-0.010798
-0.0144552
-0.0184011
-0.0228668
-0.0277172
-0.0328781
-0.038481
-0.0441589
-0.050298
-0.0562653
-0.0626775
-0.0686741
-0.075069
-0.0808118
-0.0868448
-0.0921241
-0.0973677
-0.101806
-0.10601
-0.10971
-0.112856
-0.115707
-0.117798
-0.119651
-0.12086
-0.121914
-0.122601
-0.123205
-0.123596
-0.123837
-0.123928
-0.123748
-0.123545
-0.123147
-0.122935
-0.122725
-0.12281
-0.123255
-0.12339
0.116822
0.116465
0.11568
0.114927
0.114304
0.113543
0.112898
0.112205
0.111582
0.111028
0.110521
0.110192
0.109909
0.109711
0.109479
0.109006
0.108287
0.107011
0.10531
0.102963
0.100106
0.0966853
0.0926451
0.0882019
0.0830874
0.0778669
0.0722536
0.0666419
0.0608154
0.0551125
0.0493542
0.0438127
0.0383764
0.0332336
0.0283469
0.0238073
0.0196552
0.0158754
0.0125854
0.0096611
0.00729275
0.00524994
0.00378793
0.00257906
0.00193234
0.00143783
0.00144495
0.00148099
0.00192126
0.00225366
0.00286437
0.0032275
0.00372541
0.00384489
0.00395055
0.00356737
0.00302952
0.00192331
0.000541282
-0.0014496
-0.00380824
-0.00677206
-0.0101593
-0.0141028
-0.018486
-0.0233335
-0.0285981
-0.0341976
-0.0401555
-0.046291
-0.052697
-0.0591053
-0.0656748
-0.0720658
-0.0784769
-0.0845062
-0.0904311
-0.0956736
-0.100519
-0.10473
-0.108403
-0.111565
-0.11411
-0.116232
-0.11777
-0.119023
-0.119903
-0.120641
-0.121222
-0.121667
-0.121986
-0.122132
-0.122075
-0.121925
-0.12161
-0.121441
-0.121193
-0.121299
-0.121724
-0.12186
0.115771
0.115414
0.11448
0.113718
0.113134
0.112333
0.111593
0.110849
0.109937
0.109331
0.108526
0.108142
0.107764
0.107508
0.107524
0.107005
0.106753
0.105447
0.104139
0.101777
0.0990095
0.0955822
0.0911236
0.0866814
0.0807337
0.0755149
0.0690791
0.0634696
0.0569377
0.0512373
0.0449126
0.0393739
0.0335466
0.0284068
0.0233328
0.0187963
0.0146788
0.0109019
0.00787476
0.00495334
0.00306961
0.00102954
0.000254983
-0.000951265
-0.000738416
-0.0012305
-0.000232739
-0.000194395
0.00131884
0.00165345
0.00336586
0.00373119
0.00530427
0.005426
0.00652707
0.00614624
0.00647574
0.00537207
0.00468873
0.00270055
0.000841311
-0.00211951
-0.00522619
-0.00916656
-0.0134956
-0.0183399
-0.0237725
-0.0293687
-0.035702
-0.0418343
-0.048798
-0.0552032
-0.06248
-0.0688682
-0.0761172
-0.0821442
-0.0889329
-0.0941739
-0.0994851
-0.103701
-0.107346
-0.110523
-0.112731
-0.11488
-0.115968
-0.117263
-0.117836
-0.11863
-0.119167
-0.119668
-0.120098
-0.120301
-0.120338
-0.120251
-0.119888
-0.119765
-0.119459
-0.119574
-0.12013
-0.120268
0.114228
0.113898
0.112957
0.112289
0.111672
0.110915
0.110129
0.10922
0.108252
0.107304
0.106436
0.105675
0.105234
0.104735
0.104695
0.104163
0.103878
0.102721
0.101388
0.0991024
0.0963034
0.0926116
0.0880822
0.0829671
0.0769183
0.0708507
0.0644194
0.0580431
0.0515158
0.0452079
0.0388877
0.0329393
0.0271161
0.0217947
0.0167243
0.0122539
0.00813926
0.00468395
0.00165889
-0.000691189
-0.00257361
-0.00381096
-0.00458497
-0.00478777
-0.00457507
-0.00390416
-0.00290709
-0.00159565
-8.34726e-05
0.0015794
0.00329061
0.00498199
0.00655398
0.00794286
0.00904317
0.00981752
0.0101468
0.0100395
0.00935668
0.00816776
0.00630981
0.00392276
0.00081825
-0.00279113
-0.00711713
-0.011879
-0.0173078
-0.0230646
-0.0293935
-0.0359129
-0.0428718
-0.0498651
-0.0571368
-0.0642803
-0.0715242
-0.0784022
-0.0852891
-0.0912251
-0.0966083
-0.101127
-0.104806
-0.107932
-0.110167
-0.112141
-0.113259
-0.114469
-0.115094
-0.115969
-0.11657
-0.117268
-0.117765
-0.118168
-0.118269
-0.118284
-0.117981
-0.117821
-0.117558
-0.117598
-0.118164
-0.11828
0.112562
0.112261
0.111308
0.110745
0.110094
0.109385
0.108548
0.107461
0.106434
0.105113
0.10418
0.103012
0.1025
0.101741
0.101628
0.101082
0.100731
0.0997248
0.0983414
0.0961102
0.0932805
0.0892589
0.0847189
0.0788427
0.0727983
0.0658141
0.0593876
0.0521834
0.045661
0.0386972
0.0323817
0.025991
0.0201721
0.0146546
0.00958806
0.0051892
0.00107764
-0.00203048
-0.00505327
-0.00678637
-0.00866737
-0.00903791
-0.00981135
-0.00893058
-0.00871804
-0.00679128
-0.00579497
-0.00310878
-0.00159774
0.00149944
0.00320936
0.00633267
0.00790347
0.0106607
0.0117602
0.0137819
0.0141109
0.0150797
0.0143973
0.0140715
0.0122149
0.0104474
0.00734527
0.00409331
-0.000229431
-0.00490228
-0.010327
-0.0162571
-0.0225812
-0.0295188
-0.0364724
-0.0441008
-0.051367
-0.059326
-0.0665644
-0.0743614
-0.0812434
-0.0879656
-0.0933584
-0.0982504
-0.101959
-0.10506
-0.107343
-0.109139
-0.110321
-0.111435
-0.112133
-0.11309
-0.113766
-0.114672
-0.115244
-0.115863
-0.116036
-0.11616
-0.115922
-0.115722
-0.115505
-0.115463
-0.116042
-0.116134
0.110354
0.110056
0.109343
0.10877
0.108254
0.107516
0.106669
0.105501
0.104278
0.102825
0.101498
0.100187
0.0991655
0.098289
0.0976743
0.0970506
0.0963612
0.0953007
0.0937379
0.0914359
0.0883278
0.0841717
0.0791097
0.0730531
0.0663121
0.0591568
0.0520355
0.0446773
0.03757
0.030485
0.0237827
0.0173115
0.0113321
0.00578067
0.000798353
-0.00358385
-0.00735911
-0.0103985
-0.0128376
-0.0144512
-0.0155173
-0.0157213
-0.0154762
-0.0143882
-0.0129904
-0.010824
-0.00852
-0.00557191
-0.00268021
0.000690024
0.00380167
0.00719756
0.0101389
0.0131567
0.0155458
0.0178055
0.0192975
0.0204719
0.0207864
0.0206263
0.0195683
0.0179208
0.0153954
0.0122142
0.00823208
0.00357949
-0.0017451
-0.00770448
-0.0141636
-0.0211768
-0.028486
-0.0362311
-0.0440505
-0.0521607
-0.060069
-0.068037
-0.0756046
-0.0825127
-0.0884381
-0.0934735
-0.0974619
-0.100639
-0.103046
-0.104889
-0.106272
-0.107443
-0.108451
-0.109494
-0.110494
-0.111511
-0.11236
-0.113092
-0.113463
-0.113669
-0.113552
-0.113399
-0.113134
-0.113116
-0.113464
-0.113554
0.108194
0.107894
0.107176
0.106589
0.106456
0.105655
0.104856
0.103625
0.101961
0.100433
0.0983939
0.0969955
0.0952638
0.0942867
0.0932522
0.0925256
0.0917544
0.0906056
0.0890529
0.0866888
0.0833409
0.0791519
0.0732067
0.067148
0.0590616
0.0519126
0.0435952
0.0362435
0.028201
0.0211222
0.0137559
0.00729029
0.00096605
-0.00458049
-0.00955427
-0.0139326
-0.0173282
-0.020365
-0.0220535
-0.0236657
-0.0236296
-0.0238334
-0.0221708
-0.0210838
-0.0180062
-0.0158417
-0.0116618
-0.00871632
-0.0038287
-0.000461437
0.00468435
0.00807725
0.013008
0.0160232
0.0202767
0.0225344
0.025693
0.0268665
0.0285872
0.0284273
0.028466
0.02682
0.0250479
0.0218695
0.0182799
0.0136315
0.00833757
0.00238344
-0.00439184
-0.0113988
-0.0193415
-0.0270797
-0.0358075
-0.0439105
-0.052997
-0.060958
-0.0698682
-0.0767775
-0.0836083
-0.0886747
-0.0929302
-0.0961665
-0.0985462
-0.100475
-0.101837
-0.103109
-0.104345
-0.105491
-0.106968
-0.108081
-0.109437
-0.110257
-0.110946
-0.111231
-0.111032
-0.110954
-0.110356
-0.110355
-0.110719
-0.110812
0.105285
0.105102
0.104363
0.104115
0.103935
0.103441
0.10259
0.101313
0.0995559
0.0975901
0.0954195
0.0933003
0.0914287
0.0896461
0.0884821
0.087063
0.0861903
0.0845231
0.0828851
0.0800258
0.0765875
0.0716699
0.0655755
0.0584709
0.0502135
0.0419405
0.0335605
0.0252709
0.0171813
0.00943433
0.0020357
-0.00478208
-0.0111213
-0.0166707
-0.0216405
-0.0256539
-0.0290257
-0.0313282
-0.0329731
-0.0334971
-0.0333985
-0.0321923
-0.0304506
-0.0276787
-0.024508
-0.0204434
-0.0161601
-0.0111684
-0.00617099
-0.000686544
0.00457114
0.0100747
0.015115
0.0201581
0.0245145
0.0286461
0.0318971
0.0347265
0.0365258
0.0377505
0.0378515
0.0372772
0.0355492
0.033102
0.0295373
0.0252661
0.0199778
0.0140483
0.00725995
-5.9935e-05
-0.00803267
-0.0163931
-0.025166
-0.0341608
-0.0433083
-0.052355
-0.0614329
-0.0693643
-0.076345
-0.0821174
-0.0864646
-0.0901356
-0.0925988
-0.0949144
-0.0963694
-0.0981389
-0.0994939
-0.101234
-0.102846
-0.104515
-0.106001
-0.107189
-0.107978
-0.10834
-0.108212
-0.107911
-0.107373
-0.10709
-0.107476
-0.107464
0.101944
0.101845
0.101262
0.101218
0.10111
0.10082
0.0999988
0.0986765
0.0968646
0.0945278
0.0921522
0.0894379
0.0872094
0.0847654
0.0831232
0.0811165
0.0797456
0.0775967
0.0755291
0.0721777
0.068358
0.0627591
0.0563401
0.0483559
0.039801
0.0306584
0.0219977
0.0129827
0.0046734
-0.00358974
-0.0110973
-0.0181864
-0.0245137
-0.0300636
-0.0348954
-0.0386245
-0.0417321
-0.0434642
-0.0447242
-0.0444038
-0.0438099
-0.04151
-0.0391777
-0.0350992
-0.031261
-0.0257233
-0.0207172
-0.0141393
-0.00838686
-0.00126127
0.00475982
0.0118995
0.0176877
0.024303
0.0293694
0.0349537
0.0388561
0.0429695
0.0453428
0.0476413
0.0482235
0.048481
0.047129
0.0452499
0.0419476
0.0379705
0.0328266
0.0269179
0.0201557
0.0125952
0.00453409
-0.00430663
-0.0132743
-0.0229586
-0.0323612
-0.0422476
-0.0515992
-0.0603903
-0.0676705
-0.074104
-0.0787916
-0.082905
-0.0857308
-0.0884235
-0.0902916
-0.0924945
-0.0942513
-0.0964877
-0.0984134
-0.10055
-0.102247
-0.103754
-0.10465
-0.105089
-0.105011
-0.104575
-0.104017
-0.103577
-0.103816
-0.103731
0.0980427
0.0979393
0.0977063
0.0976147
0.0982596
0.097887
0.0974731
0.096064
0.0940391
0.0916095
0.0884542
0.0856318
0.0822288
0.0796534
0.0767279
0.0745704
0.0720412
0.069744
0.0666632
0.0631937
0.0583075
0.0526409
0.0448704
0.0368806
0.0268237
0.0176912
0.00773978
-0.00126522
-0.0105148
-0.0187687
-0.0268223
-0.0339036
-0.0403364
-0.0458801
-0.0503485
-0.0540735
-0.0563409
-0.058071
-0.058027
-0.0577069
-0.0553788
-0.0530815
-0.0486377
-0.0445638
-0.0383065
-0.032775
-0.0251242
-0.0185536
-0.0100225
-0.00290479
0.00593318
0.0130649
0.0216121
0.02822
0.0358952
0.0414733
0.0477494
0.0518583
0.0562967
0.0585927
0.0608707
0.0611279
0.0610578
0.0591808
0.056718
0.0527454
0.047988
0.0420859
0.0352642
0.0277121
0.0191693
0.0103384
0.000505819
-0.00916766
-0.0197831
-0.0296585
-0.0404424
-0.0492379
-0.0578064
-0.0643052
-0.0699642
-0.0741936
-0.07786
-0.0807019
-0.0834781
-0.085838
-0.0886077
-0.0909881
-0.0938766
-0.0961394
-0.0985239
-0.100145
-0.101298
-0.101843
-0.101482
-0.101144
-0.0999495
-0.0995629
-0.0994869
-0.0994061
0.0932529
0.0933642
0.0930961
0.0936471
0.0943374
0.0946345
0.0942387
0.0931355
0.0909853
0.0883193
0.0849169
0.0813252
0.0776122
0.073875
0.0706298
0.0671397
0.0643306
0.0607264
0.0574052
0.0527044
0.0475811
0.0406834
0.0325722
0.0233223
0.0129119
0.00263629
-0.00753174
-0.017403
-0.026802
-0.0355869
-0.0437308
-0.0509674
-0.0574237
-0.0627213
-0.0671414
-0.0702094
-0.0723548
-0.0730245
-0.0727866
-0.0710271
-0.068438
-0.0643625
-0.0595984
-0.0534617
-0.0468353
-0.0390214
-0.0309658
-0.0219663
-0.0130087
-0.00339344
0.00587748
0.0154965
0.0244677
0.0334755
0.041551
0.0493692
0.0560087
0.0621322
0.0668852
0.0709145
0.0734492
0.0751129
0.0752343
0.0744041
0.0720639
0.0687584
0.0640534
0.0584327
0.0515947
0.0439461
0.0353226
0.0260384
0.0160674
0.00561734
-0.00520311
-0.0161276
-0.0272528
-0.0372138
-0.0461142
-0.0537297
-0.0596155
-0.0649133
-0.0687997
-0.0727366
-0.0757603
-0.0792335
-0.0822894
-0.085665
-0.0888422
-0.0918058
-0.094433
-0.0963313
-0.0976254
-0.0979841
-0.0976395
-0.0967601
-0.0955562
-0.0946018
-0.0945498
-0.0942714
0.087702
0.0879191
0.0880571
0.0888376
0.0897524
0.0903377
0.0902386
0.0892506
0.0873541
0.0844975
0.0810129
0.076933
0.0726972
0.0682468
0.0640057
0.0596838
0.0555431
0.0510874
0.0463731
0.0408413
0.0344649
0.0267525
0.0178813
0.00787673
-0.00290236
-0.0137999
-0.0243754
-0.0347166
-0.0443927
-0.0534639
-0.0616525
-0.0689699
-0.0752279
-0.0803869
-0.0843643
-0.0870691
-0.0885351
-0.0886215
-0.0874836
-0.0849339
-0.0812484
-0.0761981
-0.0701718
-0.0629051
-0.0548858
-0.0458223
-0.0362819
-0.0259531
-0.015459
-0.00447691
0.00634205
0.0173223
0.0278134
0.0381348
0.047665
0.0567095
0.0647035
0.0719307
0.077906
0.0828855
0.0864823
0.0889182
0.0899176
0.0896633
0.087998
0.0850613
0.0808147
0.0753523
0.0687492
0.0610524
0.0524402
0.0429128
0.0327365
0.0218662
0.0107194
-0.000774898
-0.0121809
-0.0228396
-0.0323811
-0.0407417
-0.04772
-0.0537553
-0.0588531
-0.0635258
-0.0677218
-0.0719108
-0.0758696
-0.0798748
-0.0835658
-0.0869895
-0.0897742
-0.0918962
-0.0930723
-0.0933912
-0.0928855
-0.0917951
-0.090431
-0.0892877
-0.0888978
-0.088523
0.0808695
0.0812216
0.0816528
0.0828454
0.084855
0.0858813
0.0866182
0.0859451
0.084155
0.0813659
0.0773553
0.0730282
0.0677664
0.062752
0.0572212
0.0520937
0.0466484
0.0412859
0.0353537
0.0289585
0.0214147
0.0129834
0.00271447
-0.00782852
-0.020002
-0.0312971
-0.0428227
-0.0534179
-0.0636884
-0.0728657
-0.0813357
-0.0886009
-0.0947987
-0.0997431
-0.103304
-0.105633
-0.106325
-0.105883
-0.103628
-0.10041
-0.0952926
-0.0894516
-0.0817204
-0.073563
-0.0636179
-0.053588
-0.0419613
-0.030617
-0.0179423
-0.00592273
0.00710207
0.0191148
0.0317687
0.0430915
0.0546756
0.0646659
0.0745445
0.0826393
0.090277
0.096026
0.101019
0.104108
0.106204
0.106473
0.105581
0.103028
0.0992203
0.0939949
0.0874975
0.079889
0.0710623
0.061477
0.05079
0.0397233
0.0277222
0.0158953
0.00319365
-0.00793358
-0.0187749
-0.0277706
-0.0357936
-0.0425944
-0.0487435
-0.0542282
-0.0595404
-0.0644695
-0.069563
-0.0741137
-0.0787557
-0.0824582
-0.0857841
-0.0879078
-0.0890662
-0.0891536
-0.0879379
-0.0864762
-0.0841384
-0.0826229
-0.081912
-0.0814113
0.0729943
0.0736113
0.0742977
0.0761827
0.0782566
0.0802489
0.0811689
0.0812729
0.0797531
0.0772102
0.0733265
0.0685969
0.0631984
0.0571504
0.0511364
0.0444846
0.0382461
0.0311095
0.0242632
0.0160959
0.00775006
-0.00223926
-0.0128853
-0.0246383
-0.0368296
-0.0489654
-0.060542
-0.0716793
-0.0819442
-0.0913542
-0.0997215
-0.106889
-0.112889
-0.117395
-0.12067
-0.122224
-0.12255
-0.121011
-0.11832
-0.11371
-0.108099
-0.10061
-0.0923393
-0.0823221
-0.0718037
-0.0597547
-0.0475328
-0.0340654
-0.0207845
-0.00659538
0.00703684
0.0212088
0.0344619
0.0478785
0.0600451
0.072012
0.082448
0.0923545
0.100516
0.107869
0.113344
0.117794
0.120319
0.121676
0.121153
0.119393
0.115885
0.111144
0.104869
0.0974328
0.0887453
0.0790267
0.0683914
0.0569019
0.0449037
0.03237
0.0197118
0.00753099
-0.00360343
-0.0139691
-0.0226968
-0.0310552
-0.0380357
-0.0450866
-0.0511505
-0.057452
-0.0630365
-0.0685631
-0.0733896
-0.0775384
-0.0808124
-0.0828135
-0.0837856
-0.0832522
-0.0819185
-0.0796212
-0.0772477
-0.0751063
-0.0741895
-0.0734417
0.0632
0.0639394
0.065177
0.0674408
0.0710092
0.0734347
0.0758452
0.0763587
0.0757366
0.0734754
0.0697666
0.0650895
0.0590798
0.0527907
0.0454441
0.0382615
0.0302021
0.0223474
0.0135183
0.00462308
-0.00555777
-0.0160978
-0.0282394
-0.0402776
-0.0534778
-0.0657321
-0.0779287
-0.0890863
-0.09964
-0.108989
-0.117333
-0.12436
-0.130015
-0.134305
-0.136914
-0.138183
-0.137536
-0.135652
-0.131705
-0.126699
-0.119581
-0.111654
-0.101665
-0.09118
-0.0787788
-0.06624
-0.0520198
-0.03805
-0.0227058
-0.00800951
0.00770042
0.022377
0.0376733
0.0515855
0.065714
0.0781611
0.0904344
0.100799
0.110633
0.118417
0.125363
0.130207
0.133973
0.135681
0.136141
0.134679
0.131878
0.127376
0.121519
0.114257
0.105695
0.0960785
0.085282
0.0738212
0.0613505
0.0487541
0.0352466
0.0228419
0.0103993
-0.000447089
-0.0107889
-0.0198076
-0.0285476
-0.036272
-0.0439865
-0.0508119
-0.0576596
-0.0634588
-0.0689378
-0.0730935
-0.0763205
-0.0781113
-0.0783559
-0.0774792
-0.0748175
-0.0721357
-0.0683837
-0.0658924
-0.0644197
-0.0635568
0.052146
0.0531832
0.0547639
0.0578337
0.0614514
0.0651227
0.0678548
0.0696434
0.0696648
0.0683116
0.0651964
0.0608234
0.0551288
0.0484174
0.0409395
0.0326328
0.0239641
0.0145083
0.00479493
-0.00579544
-0.0167692
-0.028664
-0.0410287
-0.0538511
-0.0667793
-0.0793611
-0.0913326
-0.102568
-0.112867
-0.122085
-0.130128
-0.136818
-0.142141
-0.145898
-0.14816
-0.148716
-0.147722
-0.144964
-0.140683
-0.134667
-0.127236
-0.11819
-0.107915
-0.0962248
-0.083565
-0.0697623
-0.055307
-0.0400379
-0.0244749
-0.00846571
0.00745658
0.0234398
0.0389529
0.054147
0.0685077
0.0821942
0.0947238
0.106268
0.116388
0.125272
0.132537
0.138384
0.142496
0.145089
0.145916
0.145203
0.142777
0.138868
0.133381
0.126539
0.118324
0.108944
0.0984569
0.0870414
0.0748592
0.0620748
0.0489153
0.0358936
0.0233311
0.0113228
0.000288482
-0.0102372
-0.0198042
-0.0289938
-0.0373241
-0.0452254
-0.0522632
-0.0585305
-0.0637818
-0.0677519
-0.0704825
-0.0715198
-0.071208
-0.0692046
-0.0662756
-0.0624554
-0.0586726
-0.0554302
-0.0536913
-0.0525479
0.0381573
0.0394172
0.0414348
0.0452332
0.0503656
0.0550943
0.0595017
0.0625202
0.0638041
0.0636254
0.0612916
0.0578102
0.0523027
0.0460139
0.0380677
0.0296259
0.0199368
0.00988708
-0.00112341
-0.0124609
-0.0246469
-0.0370318
-0.0502167
-0.0630518
-0.0762794
-0.0885689
-0.10058
-0.111434
-0.121611
-0.130423
-0.138219
-0.144502
-0.149465
-0.152836
-0.154637
-0.154847
-0.153307
-0.150259
-0.145363
-0.139123
-0.131025
-0.121824
-0.110845
-0.0990667
-0.0856787
-0.0718443
-0.0566475
-0.0413878
-0.0250781
-0.00909956
0.00756864
0.0235225
0.0397764
0.0549651
0.0700573
0.0837833
0.0970307
0.108676
0.119494
0.128552
0.136486
0.142585
0.147327
0.150245
0.151649
0.151325
0.149409
0.145936
0.140875
0.134496
0.126609
0.117697
0.107425
0.0964572
0.0843375
0.0719175
0.058562
0.0456097
0.0323497
0.0199423
0.00783278
-0.00336891
-0.0141214
-0.0238866
-0.0331894
-0.0412706
-0.0488096
-0.054748
-0.0599111
-0.0631069
-0.0651879
-0.0651658
-0.0637236
-0.0605838
-0.0560904
-0.0512769
-0.0460599
-0.0421281
-0.0399188
-0.0385649
0.0224204
0.0238302
0.0264407
0.0305681
0.0369517
0.0423057
0.0484734
0.0523281
0.0557366
0.0563913
0.0561684
0.0533325
0.0495316
0.0435523
0.0365884
0.0280474
0.0185083
0.00802015
-0.00342064
-0.01531
-0.0279283
-0.0406689
-0.0535998
-0.0664377
-0.0787396
-0.0907996
-0.101844
-0.112401
-0.121672
-0.130171
-0.137173
-0.143144
-0.147473
-0.150549
-0.151917
-0.151865
-0.150122
-0.146856
-0.142002
-0.135596
-0.127783
-0.11847
-0.108002
-0.0961641
-0.0834808
-0.0696311
-0.0552859
-0.0400429
-0.0246748
-0.0087294
0.00697147
0.0228931
0.03822
0.0533952
0.0676645
0.0814119
0.0939963
0.105711
0.116072
0.125256
0.132967
0.139253
0.144023
0.147186
0.148866
0.148837
0.147428
0.14429
0.139935
0.133913
0.126891
0.11834
0.109042
0.0984208
0.087333
0.0751975
0.062837
0.0499482
0.0370352
0.0243417
0.0118784
0.000174395
-0.0109986
-0.0211954
-0.030427
-0.0386485
-0.0453503
-0.0510565
-0.0546854
-0.0573294
-0.0574656
-0.0567009
-0.0532681
-0.0493639
-0.0432008
-0.0378071
-0.0313939
-0.0271551
-0.0244032
-0.0229081
0.00406069
0.00576083
0.00861808
0.013756
0.0202179
0.0273903
0.0340183
0.0403322
0.0445527
0.0479728
0.0486906
0.0485491
0.0456801
0.0419566
0.0357748
0.0287755
0.0197662
0.0100914
-0.00103351
-0.0124869
-0.0248225
-0.036903
-0.0493555
-0.0609699
-0.0725292
-0.0830769
-0.0934903
-0.102627
-0.111344
-0.118658
-0.125228
-0.130319
-0.134366
-0.136928
-0.138184
-0.138022
-0.136349
-0.1334
-0.1288
-0.123135
-0.115754
-0.107578
-0.0977045
-0.0873506
-0.0753958
-0.0633073
-0.0497913
-0.0364994
-0.0220209
-0.00811761
0.00667683
0.0205697
0.0350181
0.0482813
0.0617427
0.0737906
0.0856762
0.0959868
0.105789
0.113929
0.121246
0.126889
0.131444
0.134387
0.136035
0.136206
0.134942
0.132398
0.128352
0.123274
0.116703
0.109386
0.100655
0.0914876
0.0810372
0.0704357
0.0588171
0.047175
0.0347415
0.0227293
0.0105364
-0.000751256
-0.0116488
-0.0211235
-0.0298949
-0.0367323
-0.042737
-0.0463794
-0.0491613
-0.0493013
-0.0485709
-0.0452024
-0.0410144
-0.0347697
-0.0281809
-0.0210445
-0.0145653
-0.00935881
-0.00639171
-0.00462125
-0.0176195
-0.0158208
-0.0127172
-0.00713333
0.000479292
0.00856422
0.0169956
0.0248062
0.0311872
0.0366346
0.0397407
0.0419634
0.0414664
0.0401926
0.0360738
0.0313545
0.0238909
0.0161735
0.00612117
-0.00364567
-0.0150607
-0.0254908
-0.0366824
-0.0465154
-0.0564641
-0.0652352
-0.0741837
-0.0817932
-0.089306
-0.0954505
-0.101135
-0.105484
-0.109019
-0.111318
-0.112478
-0.112564
-0.111232
-0.109049
-0.105228
-0.10083
-0.0946455
-0.0881987
-0.0798935
-0.0716657
-0.0615899
-0.0519397
-0.0405328
-0.029891
-0.0176587
-0.00650632
0.00600486
0.0171619
0.0293919
0.0400485
0.0514537
0.0611308
0.0712104
0.0794793
0.0877993
0.0943022
0.100517
0.104983
0.10885
0.11111
0.112498
0.112488
0.111386
0.109149
0.105661
0.101346
0.0956845
0.0895313
0.0820047
0.0743349
0.0653278
0.0564516
0.0463999
0.0364733
0.0252573
0.0148122
0.00348571
-0.00622811
-0.016149
-0.0238101
-0.0311756
-0.0358922
-0.0399981
-0.041344
-0.0419147
-0.0398215
-0.0368393
-0.0315445
-0.0252985
-0.017627
-0.00930492
-0.00129743
0.00628822
0.0119211
0.0151559
0.0170207
-0.0404889
-0.038675
-0.0354036
-0.0297584
-0.0214968
-0.0130732
-0.00311922
0.00551554
0.0143777
0.0211565
0.0275334
0.0314898
0.0347811
0.0354801
0.0353261
0.0326372
0.0289658
0.0231906
0.0165712
0.00861007
0.000350789
-0.0083587
-0.0164177
-0.0245855
-0.0314396
-0.0386587
-0.0449236
-0.0512233
-0.0566012
-0.0617585
-0.0659743
-0.0697155
-0.0725412
-0.0746531
-0.0759232
-0.0762678
-0.0758912
-0.0744159
-0.072383
-0.0691257
-0.0655106
-0.0605991
-0.0555564
-0.0492029
-0.0429601
-0.0354504
-0.0282969
-0.0199762
-0.0122476
-0.00350218
0.00443648
0.0131986
0.0209712
0.0293414
0.0365805
0.0441705
0.0505356
0.0569964
0.0621904
0.0672301
0.0710146
0.0744119
0.0766183
0.0782332
0.0787707
0.0785502
0.0774097
0.0753895
0.0726433
0.0689449
0.0647417
0.0595643
0.0541204
0.0477291
0.0413153
0.033942
0.0268623
0.0185351
0.0102995
0.00148617
-0.00687183
-0.0148926
-0.0216009
-0.0274486
-0.031256
-0.0340727
-0.0344339
-0.0339248
-0.0308937
-0.0271638
-0.0210566
-0.0145033
-0.00588116
0.00256654
0.0123461
0.0206684
0.0288761
0.0345657
0.0379683
0.0398489
-0.0622318
-0.0604471
-0.0572991
-0.0516643
-0.0436
-0.0347991
-0.0246376
-0.014958
-0.00497702
0.00356722
0.0119662
0.0183101
0.0243775
0.0279111
0.0311036
0.0314787
0.0315103
0.0288173
0.0260092
0.021015
0.0164439
0.0105441
0.00577167
0.000208124
-0.00383566
-0.00875976
-0.0125707
-0.0169624
-0.020384
-0.0241217
-0.027004
-0.0298944
-0.0320881
-0.0339757
-0.0353653
-0.0361432
-0.0366553
-0.0362735
-0.0358822
-0.0343512
-0.0330803
-0.0304714
-0.0283932
-0.0248352
-0.0220665
-0.0177385
-0.0144345
-0.00955707
-0.00590245
-0.000725482
0.00307507
0.00828526
0.0120179
0.0169924
0.0204459
0.0249273
0.0279043
0.0316601
0.0339876
0.0368222
0.0383616
0.0401268
0.040781
0.0413837
0.0411031
0.0405098
0.0392952
0.0375336
0.0354358
0.0325934
0.0297101
0.025928
0.0223979
0.0178626
0.0138362
0.00868006
0.00432593
-0.00150434
-0.00658392
-0.0127271
-0.0175766
-0.0227955
-0.0258879
-0.0288281
-0.0291172
-0.0290354
-0.0262056
-0.0230043
-0.0173186
-0.0113145
-0.00327569
0.00495965
0.0146394
0.024079
0.0340369
0.0427144
0.0507269
0.0564086
0.0596769
0.0615338
-0.0823188
-0.0807253
-0.0776085
-0.0722483
-0.0645341
-0.0556136
-0.0455079
-0.0349188
-0.0246129
-0.0141398
-0.00499474
0.00430457
0.0115384
0.0189349
0.0236666
0.0285866
0.0304065
0.0326204
0.0316853
0.0316076
0.0288418
0.0275539
0.02444
0.023008
0.0204196
0.0190724
0.016508
0.0150705
0.0126269
0.0110976
0.0088861
0.00734129
0.00547333
0.00398627
0.00255359
0.00118852
0.000256529
-0.000935976
-0.00133288
-0.00231907
-0.00217965
-0.00294421
-0.00230027
-0.00284651
-0.00176074
-0.00210952
-0.00067162
-0.000859407
0.000819292
0.000743329
0.00253615
0.00251367
0.00428594
0.00425363
0.0058703
0.00576451
0.00709821
0.00685997
0.00779871
0.00737855
0.00783274
0.00719518
0.00710363
0.00623077
0.00556482
0.00445864
0.00322451
0.00190761
0.000146428
-0.00133889
-0.00355361
-0.0051482
-0.00771526
-0.00934747
-0.0121553
-0.0138157
-0.0167523
-0.0185744
-0.0220593
-0.0237645
-0.0268922
-0.027403
-0.0287156
-0.0269606
-0.0255514
-0.0211149
-0.0168231
-0.00991501
-0.00312317
0.00571716
0.0144582
0.0245394
0.0345163
0.0448198
0.0547114
0.063504
0.0711747
0.0766142
0.0798684
0.0815579
-0.100092
-0.098654
-0.0960812
-0.0911226
-0.0837667
-0.0753094
-0.0651021
-0.0547692
-0.0436225
-0.0329868
-0.0220922
-0.0121303
-0.00222667
0.00634166
0.0145723
0.021131
0.0270668
0.0312735
0.0347471
0.0368175
0.038384
0.0391504
0.039965
0.0403306
0.0411274
0.0413505
0.0416811
0.041556
0.0414143
0.040894
0.040289
0.0394003
0.0383573
0.0371384
0.0356956
0.0341927
0.032398
0.0306615
0.0285692
0.0266508
0.0243192
0.0222697
0.0197588
0.0176265
0.0149959
0.0128246
0.0101322
0.00796088
0.00526046
0.00312209
0.000462581
-0.00161588
-0.00419141
-0.00618875
-0.00864355
-0.0105434
-0.0128464
-0.0146356
-0.0167605
-0.0184275
-0.0203511
-0.0218837
-0.0235847
-0.0249685
-0.0264261
-0.0276434
-0.0288365
-0.029866
-0.0307737
-0.0315916
-0.0321941
-0.0327754
-0.0330562
-0.0333779
-0.0333264
-0.0334254
-0.0330344
-0.0330827
-0.032745
-0.0324449
-0.0313914
-0.0298206
-0.0268911
-0.0232121
-0.0178433
-0.0118279
-0.00416792
0.00386653
0.0132277
0.0226999
0.0331191
0.0433467
0.0541209
0.0641677
0.0741483
0.0824932
0.0898287
0.0948966
0.0976979
0.0992495
-0.114629
-0.113381
-0.111003
-0.10652
-0.10001
-0.0920244
-0.0827199
-0.0725294
-0.0617438
-0.0507101
-0.0395019
-0.0285247
-0.0176174
-0.00741049
0.00252051
0.0112888
0.0196118
0.026462
0.0328667
0.0377845
0.0424886
0.0460147
0.049649
0.0524582
0.0555365
0.057823
0.0601651
0.0617645
0.0632899
0.064095
0.0647207
0.0646933
0.064385
0.0635176
0.0622756
0.0605905
0.0584486
0.0559959
0.0530192
0.0498744
0.0461566
0.0424171
0.0380763
0.033858
0.0290321
0.0244642
0.0193055
0.0145259
0.00919451
0.00434426
-0.000997637
-0.00577946
-0.0109737
-0.0155548
-0.0204528
-0.0247116
-0.0291788
-0.0330076
-0.0369263
-0.0402331
-0.0435058
-0.0462158
-0.0487661
-0.0508224
-0.0525964
-0.0539606
-0.0549274
-0.0555802
-0.0557327
-0.0556743
-0.0550296
-0.05428
-0.0528796
-0.0514795
-0.049403
-0.0474505
-0.0447652
-0.0424018
-0.0392606
-0.0362609
-0.0321208
-0.0277828
-0.0219865
-0.015747
-0.00805052
0.000101702
0.00941771
0.0190346
0.0293729
0.0398224
0.0505456
0.0611511
0.0715732
0.0814767
0.0905852
0.0984788
0.105012
0.109641
0.112212
0.113596
-0.12764
-0.12669
-0.12484
-0.121054
-0.114984
-0.107789
-0.0987161
-0.0891015
-0.0783532
-0.0673868
-0.0558753
-0.0443077
-0.0326739
-0.0211555
-0.0100567
0.000740233
0.0105918
0.0200779
0.0282092
0.0361146
0.042556
0.0490539
0.0543162
0.0598131
0.064363
0.0690263
0.0726611
0.0762978
0.0788704
0.0813084
0.0827021
0.0838297
0.0839737
0.0837307
0.0826024
0.0809825
0.0786075
0.0756578
0.0721088
0.0679279
0.0633213
0.0580547
0.0525461
0.0463802
0.0401572
0.033311
0.0265859
0.0193019
0.0123021
0.00483566
-0.00220501
-0.00959606
-0.016447
-0.0235123
-0.0299548
-0.036461
-0.0422954
-0.0480335
-0.0530857
-0.057878
-0.062004
-0.0657086
-0.0687977
-0.0713128
-0.0732904
-0.0745561
-0.0753853
-0.0753854
-0.0750675
-0.0738299
-0.0724046
-0.0700005
-0.067545
-0.0640865
-0.0607135
-0.0563648
-0.0522079
-0.0471502
-0.0424
-0.0364482
-0.0306079
-0.0233231
-0.0158446
-0.00701559
0.0021668
0.0123082
0.0227572
0.03366
0.0447008
0.055731
0.0667445
0.07729
0.0876716
0.0970247
0.105908
0.113056
0.119175
0.123171
0.125344
0.126464
-0.137669
-0.136842
-0.13535
-0.131942
-0.126855
-0.120172
-0.112203
-0.103028
-0.0930222
-0.0822852
-0.0709623
-0.0593499
-0.0472661
-0.0353963
-0.0231525
-0.0116844
3.51367e-05
0.0104837
0.0211057
0.0301721
0.0394307
0.0471347
0.055095
0.0616957
0.0685761
0.0741773
0.0799013
0.0843422
0.0887011
0.0917841
0.094584
0.0961683
0.0972785
0.0972834
0.0966416
0.0950491
0.0926643
0.0895204
0.0854719
0.0808843
0.0753188
0.0694518
0.0625766
0.0556445
0.0477183
0.0399755
0.0312968
0.0230268
0.0139208
0.00542429
-0.00377125
-0.0121897
-0.021138
-0.0291816
-0.0375609
-0.0449518
-0.0524671
-0.0589567
-0.0653496
-0.0707261
-0.0757841
-0.0798796
-0.083442
-0.0861366
-0.0880996
-0.089325
-0.0896447
-0.0893861
-0.0880796
-0.0863757
-0.0835203
-0.0804625
-0.0761932
-0.071922
-0.0664279
-0.0611334
-0.0546112
-0.0484463
-0.040977
-0.0338232
-0.0251654
-0.0167305
-0.00677332
0.00300577
0.0140432
0.0248463
0.0364356
0.0476861
0.0591851
0.0702633
0.08111
0.0914368
0.101112
0.110044
0.117876
0.124535
0.129733
0.133377
0.135189
0.1362
-0.146006
-0.145475
-0.144428
-0.141739
-0.137124
-0.131348
-0.123803
-0.115493
-0.10582
-0.095653
-0.0844704
-0.0729851
-0.0607925
-0.04852
-0.0358821
-0.0234363
-0.0110442
0.000932187
0.0124381
0.0234353
0.0336756
0.0434461
0.0523543
0.0609199
0.0686589
0.0760652
0.0825862
0.0886333
0.0936699
0.0981093
0.101439
0.104075
0.105545
0.106257
0.10579
0.104535
0.102135
0.0989535
0.0947017
0.0897152
0.0837707
0.077174
0.0697642
0.0618183
0.0532294
0.0442488
0.0348126
0.0251515
0.0152308
0.00526687
-0.00476057
-0.014642
-0.0243991
-0.0338213
-0.042947
-0.0515564
-0.0597193
-0.0671988
-0.0741091
-0.0801895
-0.0856087
-0.0900772
-0.093826
-0.0965338
-0.0984973
-0.0993639
-0.0994954
-0.098511
-0.0968335
-0.0940595
-0.0906643
-0.0862308
-0.0812747
-0.0753756
-0.0690743
-0.0619501
-0.0545559
-0.0464032
-0.0379798
-0.0287469
-0.0191105
-0.00874215
0.00209298
0.013399
0.025104
0.0368873
0.0488695
0.0605332
0.0721454
0.0831174
0.0938337
0.103621
0.112979
0.121087
0.128512
0.134316
0.139068
0.142055
0.143532
0.144281
-0.152127
-0.151738
-0.150637
-0.14835
-0.14452
-0.139296
-0.132773
-0.125002
-0.116236
-0.106465
-0.095943
-0.08464
-0.0728009
-0.060451
-0.0478069
-0.0349913
-0.0221642
-0.00952717
0.00285984
0.014747
0.0262053
0.0369707
0.0472249
0.0567586
0.0657409
0.0740115
0.0816657
0.0884824
0.0945347
0.0996245
0.103823
0.106963
0.109123
0.110174
0.110195
0.109103
0.106979
0.103782
0.0995936
0.0944184
0.0883357
0.0813922
0.0736641
0.0652354
0.0561785
0.0466079
0.0365918
0.0262672
0.0156977
0.00503378
-0.00566513
-0.0162445
-0.0266484
-0.0367282
-0.04643
-0.0556204
-0.0642461
-0.0721974
-0.0794197
-0.0858349
-0.0913856
-0.0960308
-0.0997093
-0.102422
-0.104102
-0.104795
-0.104431
-0.103098
-0.100722
-0.0974346
-0.0931602
-0.088067
-0.0820808
-0.0754015
-0.0679499
-0.0599491
-0.0512942
-0.0421614
-0.0323695
-0.0221313
-0.0112499
1.61217e-05
0.0117574
0.0237309
0.0358959
0.0480573
0.060074
0.0718273
0.0831196
0.0939265
0.104023
0.113437
0.121935
0.12953
0.135989
0.141269
0.145285
0.147901
0.14932
0.149942
-0.15707
-0.156828
-0.156563
-0.154668
-0.151498
-0.146828
-0.140963
-0.133805
-0.125623
-0.11641
-0.106269
-0.0953919
-0.0836492
-0.0715461
-0.0586509
-0.045864
-0.0324145
-0.0195632
-0.00623147
0.00609363
0.0186938
0.030042
0.0414391
0.0516035
0.0616694
0.0705682
0.0792787
0.0866866
0.0936877
0.0993121
0.104305
0.107906
0.110676
0.112097
0.112527
0.111706
0.109776
0.106748
0.102542
0.097436
0.0911363
0.0841695
0.0760476
0.067516
0.0579194
0.0481831
0.0375198
0.0269864
0.0157051
0.00481131
-0.00661809
-0.0174258
-0.0285326
-0.0388164
-0.0491489
-0.0584977
-0.0676408
-0.0756858
-0.0832767
-0.089705
-0.0954468
-0.100013
-0.103685
-0.106219
-0.107684
-0.108098
-0.107309
-0.105599
-0.102599
-0.0988469
-0.0937674
-0.0881351
-0.0811913
-0.0739165
-0.065398
-0.0567641
-0.0470087
-0.0372382
-0.0262908
-0.0154607
-0.00343462
0.00828033
0.0209671
0.0331677
0.0459569
0.0581054
0.0703796
0.0819055
0.0931146
0.103519
0.113254
0.122137
0.130075
0.137086
0.142911
0.147668
0.151059
0.153312
0.1541
0.154591
-0.16061
-0.160622
-0.160267
-0.159039
-0.156081
-0.152324
-0.146737
-0.140548
-0.132663
-0.124287
-0.114433
-0.10415
-0.0926774
-0.0808432
-0.068189
-0.0552765
-0.042014
-0.028612
-0.0153868
-0.00213746
0.0104462
0.0229457
0.0344073
0.0457701
0.0559305
0.0659827
0.0747996
0.0832918
0.0903981
0.0970021
0.102099
0.106539
0.109409
0.111505
0.112027
0.111699
0.109853
0.107129
0.102999
0.0980125
0.09178
0.0847626
0.0766997
0.0679708
0.0584262
0.0483769
0.0377601
0.0268343
0.0155962
0.00427107
-0.00711651
-0.0183524
-0.0294164
-0.0400837
-0.0503702
-0.0600184
-0.0691101
-0.0773353
-0.0848677
-0.0913278
-0.0970029
-0.101431
-0.105027
-0.107239
-0.10862
-0.108526
-0.107645
-0.105248
-0.102148
-0.0975453
-0.0923619
-0.0857418
-0.0786922
-0.0703254
-0.0617
-0.0519038
-0.0420535
-0.0310737
-0.0200571
-0.00806469
0.00395578
0.0166056
0.0292006
0.0419632
0.0545827
0.0668712
0.078923
0.0902004
0.101159
0.110997
0.120465
0.128545
0.136208
0.142288
0.147856
0.15174
0.154935
0.156566
0.157408
0.157668
-0.162887
-0.162902
-0.162953
-0.16176
-0.159588
-0.155915
-0.151352
-0.145276
-0.138434
-0.130189
-0.121267
-0.111127
-0.100383
-0.0887009
-0.076501
-0.0637418
-0.0505869
-0.0373265
-0.0238241
-0.0106876
0.00251282
0.0149421
0.027239
0.0385791
0.0496415
0.059682
0.0693818
0.0778642
0.0858264
0.0924227
0.0983235
0.102759
0.106358
0.108451
0.109611
0.109283
0.107972
0.105251
0.10155
0.0965686
0.0906625
0.0836532
0.0758243
0.0671056
0.0577181
0.0476803
0.0371635
0.0262504
0.0150776
0.0037656
-0.00756671
-0.0187896
-0.0297836
-0.0404386
-0.0506162
-0.0602532
-0.0691753
-0.077391
-0.0846745
-0.0911271
-0.0964598
-0.100882
-0.104034
-0.106244
-0.107076
-0.106982
-0.105452
-0.103058
-0.0992211
-0.0946236
-0.0886317
-0.0820192
-0.0741128
-0.0657557
-0.0562493
-0.0464644
-0.0357162
-0.0247575
-0.0129041
-0.000975253
0.0116702
0.0242182
0.0371018
0.0497368
0.0622635
0.074414
0.0860311
0.0971724
0.107428
0.117139
0.125707
0.133673
0.140327
0.146312
0.150892
0.154707
0.15715
0.158751
0.159192
0.159449
-0.164252
-0.164406
-0.164828
-0.163999
-0.162154
-0.159002
-0.154809
-0.149353
-0.142879
-0.135266
-0.126668
-0.117112
-0.106626
-0.0954349
-0.0834026
-0.0710003
-0.0578923
-0.0448134
-0.0312246
-0.0180766
-0.00467371
0.00793471
0.0204891
0.0321111
0.0434481
0.0538245
0.0638178
0.0726588
0.0809057
0.0878714
0.0940328
0.0988394
0.102667
0.105126
0.106475
0.106501
0.10534
0.102957
0.0993639
0.0947047
0.0888666
0.0821622
0.0743661
0.0659371
0.0565534
0.0467932
0.0362589
0.025615
0.0144124
0.00336554
-0.00799954
-0.0189566
-0.029977
-0.0403607
-0.0505494
-0.0599054
-0.068815
-0.0767361
-0.0839768
-0.0901187
-0.0953728
-0.0994671
-0.102501
-0.104366
-0.105041
-0.104587
-0.10286
-0.100096
-0.0960275
-0.0910573
-0.0848035
-0.0778232
-0.0696329
-0.0609219
-0.0511238
-0.0410105
-0.029988
-0.0187544
-0.00664246
0.00546149
0.0183113
0.0308707
0.0438452
0.0563019
0.0687891
0.0805896
0.0920492
0.10271
0.112721
0.121863
0.130123
0.137475
0.143779
0.149162
0.153388
0.156698
0.158831
0.160085
0.160248
0.160375
-0.165159
-0.165491
-0.165853
-0.165512
-0.163725
-0.161284
-0.157164
-0.152528
-0.146146
-0.139353
-0.130858
-0.122051
-0.111682
-0.101114
-0.0892114
-0.0772451
-0.0642707
-0.0513904
-0.0379223
-0.0247219
-0.011409
0.00146064
0.0139707
0.0259718
0.0372945
0.0481079
0.058096
0.0674029
0.0756501
0.0830949
0.0892631
0.0945501
0.0983916
0.101322
0.102693
0.103175
0.102041
0.100094
0.0965344
0.0922882
0.0864898
0.0801762
0.0724247
0.0643662
0.0550312
0.0456252
0.0351425
0.0248415
0.0136922
0.00298297
-0.00832854
-0.018947
-0.0299147
-0.0399527
-0.0500907
-0.0590879
-0.0679501
-0.0754944
-0.0826918
-0.0884351
-0.0936509
-0.0973235
-0.100325
-0.101745
-0.102393
-0.101476
-0.0997289
-0.0964872
-0.0924051
-0.0869521
-0.0806918
-0.0732342
-0.065044
-0.0558734
-0.0460808
-0.03554
-0.0245326
-0.0129294
-0.000859294
0.0114982
0.024265
0.0368728
0.049737
0.0619948
0.0743607
0.085729
0.0970717
0.107119
0.117026
0.125433
0.133604
0.140153
0.146382
0.150962
0.155131
0.157748
0.159834
0.160617
0.160828
0.160787
-0.165246
-0.165578
-0.165743
-0.1654
-0.164075
-0.161638
-0.158194
-0.153576
-0.147979
-0.141219
-0.133552
-0.124794
-0.115245
-0.10474
-0.093606
-0.0817153
-0.0694075
-0.0566094
-0.0436513
-0.0305275
-0.0175308
-0.00471605
0.00770374
0.0196854
0.0310701
0.0418736
0.0519669
0.0612652
0.0696831
0.077121
0.0835354
0.0888176
0.0929806
0.0959085
0.0976743
0.0981561
0.097488
0.0955432
0.0925149
0.0882727
0.0830645
0.0767566
0.0696453
0.0615943
0.0529394
0.0435421
0.0337679
0.0234765
0.013052
0.00235266
-0.00823005
-0.0188388
-0.0290859
-0.0391147
-0.0485521
-0.057541
-0.0657331
-0.0732704
-0.0798377
-0.0855758
-0.0902103
-0.0938794
-0.0963559
-0.0977749
-0.0979605
-0.0970438
-0.0949035
-0.0916648
-0.0872626
-0.0818146
-0.0753112
-0.0678605
-0.0595059
-0.0503438
-0.0404576
-0.0299265
-0.018876
-0.00729108
0.00467344
0.0169812
0.029426
0.0419657
0.0543193
0.0665058
0.0782084
0.0895133
0.100094
0.110091
0.119187
0.127558
0.134914
0.141444
0.146901
0.151478
0.154987
0.157612
0.159245
0.160036
0.160288
0.160248
-0.164927
-0.165278
-0.166202
-0.165907
-0.165041
-0.162681
-0.159798
-0.15529
-0.150286
-0.143661
-0.136571
-0.127963
-0.11895
-0.108606
-0.0979314
-0.0862059
-0.0742328
-0.0615922
-0.0488058
-0.0358151
-0.0228249
-0.0101034
0.00240742
0.0143401
0.025871
0.0366478
0.046952
0.0562391
0.0649078
0.0723507
0.0790414
0.0843462
0.0888064
0.0917751
0.0938553
0.0943963
0.0940566
0.092189
0.089501
0.0853527
0.0804949
0.0742959
0.0675437
0.0596141
0.0513255
0.0420595
0.0326575
0.0225037
0.0124557
0.00189701
-0.00830681
-0.0187754
-0.028643
-0.0385356
-0.0475946
-0.0564546
-0.0642715
-0.07169
-0.0778873
-0.0835192
-0.087791
-0.0913686
-0.0934924
-0.0948361
-0.0946822
-0.0937076
-0.0912446
-0.0879662
-0.0832629
-0.0777934
-0.0710154
-0.0635611
-0.0549642
-0.0458155
-0.0357327
-0.0252315
-0.0140519
-0.00251903
0.00951735
0.0217315
0.0341493
0.0465583
0.0587223
0.0707558
0.0821093
0.093255
0.103367
0.113209
0.121766
0.129994
0.136772
0.143178
0.148044
0.152523
0.155471
0.158029
0.159204
0.159951
0.159622
0.159563
-0.164167
-0.164616
-0.165536
-0.165523
-0.16465
-0.162723
-0.159836
-0.155873
-0.150874
-0.144859
-0.137787
-0.129822
-0.120838
-0.111139
-0.100505
-0.0893928
-0.07747
-0.0653673
-0.0526358
-0.0400711
-0.02713
-0.0147056
-0.00222363
0.00951996
0.0210415
0.0317181
0.0420142
0.0512768
0.0599386
0.0674354
0.0741208
0.0795629
0.0840197
0.0872124
0.0892909
0.0901432
0.0898038
0.0883321
0.0856463
0.0819732
0.0771192
0.0714663
0.0647195
0.0573957
0.0491137
0.0404993
0.0311047
0.0216334
0.0115932
0.00173115
-0.00846459
-0.0182391
-0.0280989
-0.0373162
-0.0463681
-0.0545868
-0.0623975
-0.0692222
-0.0754146
-0.0805121
-0.0847805
-0.0878929
-0.090015
-0.0909704
-0.0908165
-0.0895361
-0.0870751
-0.0835768
-0.0788772
-0.0732751
-0.0665026
-0.059002
-0.0504119
-0.0412999
-0.0312252
-0.0208416
-0.00967107
0.00165199
0.0136618
0.0255574
0.0379312
0.0498945
0.0620111
0.0734889
0.0848012
0.0953184
0.1054
0.114584
0.123122
0.130699
0.137472
0.143261
0.148135
0.152063
0.155029
0.157146
0.158339
0.158796
0.158474
0.158312
-0.163461
-0.164002
-0.164891
-0.165154
-0.164265
-0.162762
-0.159858
-0.156414
-0.151411
-0.145969
-0.138904
-0.131543
-0.122578
-0.113485
-0.102884
-0.092344
-0.0804679
-0.0688633
-0.0561827
-0.0440124
-0.0311167
-0.0189674
-0.00651227
0.00505618
0.016569
0.027153
0.0374415
0.0466814
0.0553369
0.0628835
0.069564
0.0751334
0.0795868
0.0829871
0.0850641
0.0862045
0.0858654
0.0847603
0.0820765
0.0788436
0.0739931
0.068846
0.0621041
0.0553412
0.0470653
0.0390545
0.0296668
0.0208274
0.0107946
0.00157756
-0.00861071
-0.0177425
-0.0275951
-0.036187
-0.0452323
-0.052857
-0.060662
-0.0669368
-0.0731248
-0.0777274
-0.0819927
-0.0846742
-0.0867947
-0.0873904
-0.0872367
-0.085673
-0.0832138
-0.0795119
-0.0748157
-0.0690909
-0.0623233
-0.0547801
-0.0461962
-0.0371183
-0.0270509
-0.0167762
-0.0056141
0.00551462
0.0174998
0.0291003
0.0414335
0.052984
0.0650567
0.0760199
0.087294
0.0972251
0.107282
0.11585
0.124379
0.131344
0.13812
0.143329
0.14822
0.151624
0.154619
0.156307
0.157525
0.157699
0.157409
0.157152
-0.162407
-0.162947
-0.163411
-0.163654
-0.162971
-0.161441
-0.158864
-0.155403
-0.150835
-0.145389
-0.138849
-0.131495
-0.123127
-0.114053
-0.104101
-0.0935915
-0.0823922
-0.0708293
-0.0588211
-0.0466943
-0.034419
-0.022305
-0.0103518
0.00120192
0.0123335
0.0229101
0.0328878
0.0421214
0.0505596
0.0581012
0.0646786
0.0702445
0.0747206
0.078119
0.080351
0.0814914
0.081441
0.0803376
0.0780717
0.074842
0.0705285
0.0653861
0.0592845
0.0525277
0.0449756
0.0369718
0.0283681
0.0195362
0.0103217
0.00111258
-0.00824982
-0.0173738
-0.0264194
-0.0350039
-0.0432861
-0.0509042
-0.058013
-0.0642822
-0.0698606
-0.0744589
-0.0782177
-0.0808963
-0.082626
-0.0832204
-0.0827997
-0.0812364
-0.0786383
-0.0749384
-0.0702312
-0.0645099
-0.0578545
-0.0503162
-0.0419585
-0.0328868
-0.0231418
-0.0128744
-0.00211057
0.0090041
0.0204699
0.0320381
0.0437368
0.0552488
0.066636
0.0775644
0.0881494
0.0980577
0.107454
0.116011
0.123931
0.130899
0.137138
0.142362
0.146808
0.150241
0.152902
0.154627
0.155628
0.155827
0.155777
0.155523
-0.161128
-0.161665
-0.162518
-0.162748
-0.162301
-0.160752
-0.15851
-0.155033
-0.15087
-0.145416
-0.139335
-0.131982
-0.124112
-0.115048
-0.105615
-0.0951264
-0.0844388
-0.0729061
-0.0613704
-0.0492777
-0.0374062
-0.0253203
-0.0136917
-0.00214973
0.00872993
0.0192998
0.029092
0.0383198
0.046647
0.0541839
0.0607325
0.0662949
0.0708317
0.074228
0.0766148
0.0777545
0.0779537
0.076851
0.0749267
0.0716991
0.0678122
0.0626731
0.0570728
0.0503203
0.0433302
0.0353314
0.0273338
0.0185075
0.0099249
0.000721557
-0.00800226
-0.0171205
-0.02554
-0.0341191
-0.0418061
-0.0494193
-0.0559802
-0.0622454
-0.0673377
-0.071933
-0.0752794
-0.0779563
-0.0793562
-0.0799502
-0.0792889
-0.0777265
-0.0749802
-0.0712826
-0.0665202
-0.0608025
-0.0541825
-0.0466489
-0.0384123
-0.0293463
-0.0198021
-0.00954115
0.000949528
0.0120531
0.0231696
0.0347122
0.0459809
0.0574633
0.0683514
0.0792556
0.0893028
0.0991971
0.10805
0.116605
0.124005
0.13098
0.136743
0.141985
0.14601
0.14947
0.15178
0.153535
0.154284
0.154501
0.154123
0.15387
-0.159754
-0.160302
-0.161518
-0.161772
-0.161498
-0.15999
-0.157974
-0.154567
-0.150659
-0.145307
-0.139503
-0.132282
-0.124709
-0.115804
-0.106679
-0.096372
-0.0859834
-0.0746485
-0.0633797
-0.0514869
-0.0398327
-0.0279314
-0.0164722
-0.00508778
0.00566172
0.0160986
0.0258001
0.0349228
0.0432012
0.0506658
0.0572097
0.0627375
0.0673175
0.0707202
0.0732003
0.0743891
0.0747323
0.0737213
0.07199
0.0688943
0.0652462
0.0602754
0.0549539
0.0484003
0.0417217
0.0339456
0.0262835
0.0176953
0.00946247
0.000504271
-0.00786598
-0.0167409
-0.0248133
-0.0331594
-0.0405156
-0.0479142
-0.0541695
-0.0602454
-0.0650651
-0.0695024
-0.0726156
-0.0751703
-0.0763815
-0.0768924
-0.0760902
-0.0744855
-0.0716481
-0.0679493
-0.063146
-0.0574672
-0.0508554
-0.0433981
-0.0352165
-0.0262602
-0.0168166
-0.00669446
0.00365233
0.0145915
0.0255225
0.0368736
0.0479078
0.0591834
0.069788
0.0804876
0.0902201
0.0999258
0.108457
0.116847
0.123938
0.130777
0.136253
0.14139
0.145154
0.148542
0.15062
0.152333
0.152902
0.15309
0.152427
0.152159
-0.158328
-0.158908
-0.160115
-0.160478
-0.160177
-0.158858
-0.156808
-0.153664
-0.149725
-0.144703
-0.138876
-0.132046
-0.124459
-0.115999
-0.106869
-0.0970447
-0.0866617
-0.0758262
-0.0645729
-0.0531687
-0.0415347
-0.0300827
-0.0186385
-0.00764955
0.00309401
0.0131994
0.0228957
0.0317574
0.0400313
0.0473176
0.0538579
0.0593023
0.0638798
0.0673023
0.0697811
0.0710971
0.0714401
0.0706632
0.0689329
0.066173
0.0625268
0.0579832
0.0526646
0.0466154
0.0399405
0.0327283
0.0250703
0.0170854
0.00885701
0.000519583
-0.00784614
-0.0161048
-0.0241729
-0.031929
-0.0392811
-0.0461357
-0.0523876
-0.0579833
-0.0628004
-0.0668361
-0.0699476
-0.072191
-0.0734015
-0.0736994
-0.0728977
-0.0711829
-0.068347
-0.0646418
-0.059841
-0.0542565
-0.0476483
-0.0403794
-0.0322023
-0.0235187
-0.0140803
-0.00430476
0.0060363
0.0165613
0.0274784
0.0383586
0.049375
0.0601386
0.0707313
0.0809067
0.0906382
0.0998357
0.108377
0.116298
0.12341
0.129833
0.13534
0.140126
0.143928
0.147034
0.149155
0.150658
0.151262
0.15132
0.150668
0.150358
-0.157008
-0.157618
-0.158817
-0.15928
-0.158954
-0.15781
-0.155729
-0.152827
-0.148861
-0.144144
-0.138296
-0.131828
-0.124228
-0.116179
-0.107044
-0.0976676
-0.0872899
-0.0769169
-0.0656779
-0.0547261
-0.0431109
-0.0320749
-0.0206446
-0.0100219
0.000716145
0.0105146
0.020206
0.028826
0.0370958
0.044217
0.050754
0.0561211
0.0606963
0.0641371
0.0666147
0.0680485
0.0683914
0.0678313
0.0661019
0.0636528
0.0600085
0.0558605
0.0505445
0.0449625
0.0382909
0.031601
0.0239469
0.0165206
0.00829631
0.000533763
-0.00782777
-0.0155159
-0.0235799
-0.0307895
-0.038138
-0.0444887
-0.0507375
-0.0558885
-0.0607032
-0.0643669
-0.0674769
-0.069432
-0.0706419
-0.0707426
-0.0699412
-0.0681245
-0.06529
-0.0615788
-0.0567804
-0.0512832
-0.0446783
-0.037584
-0.0294109
-0.02098
-0.0115463
-0.00209175
0.00824401
0.0183854
0.0292896
0.0397338
0.0507336
0.0610232
0.0716048
0.0812948
0.0910253
0.0997523
0.108303
0.115789
0.12292
0.12896
0.134494
0.138954
0.142793
0.145638
0.147799
0.149108
0.149743
0.149681
0.149039
0.14869
-0.155772
-0.156407
-0.157559
-0.158119
-0.157764
-0.156791
-0.154671
-0.152001
-0.148002
-0.143569
-0.1377
-0.131565
-0.123957
-0.116282
-0.107155
-0.0981811
-0.087827
-0.077867
-0.0666668
-0.0561151
-0.0445469
-0.0338759
-0.0224885
-0.0121838
-0.00147975
0.00805435
0.0177133
0.0261251
0.0343687
0.0413477
0.0478662
0.0531666
0.057732
0.0611886
0.0636657
0.0652009
0.0655529
0.0651794
0.0634684
0.0612869
0.0576696
0.0538621
0.0485806
0.0434007
0.0367697
0.0305293
0.02292
0.0159747
0.00779771
0.000529995
-0.00778368
-0.0149806
-0.0229982
-0.0297374
-0.0370428
-0.0429599
-0.0491705
-0.0539386
-0.0587215
-0.0620652
-0.0651509
-0.0668579
-0.068052
-0.067983
-0.0671747
-0.0652703
-0.0624381
-0.0587219
-0.0539346
-0.0485126
-0.0419272
-0.0349832
-0.0268371
-0.0186238
-0.00922313
-4.50205e-05
0.0102558
0.0200643
0.0309253
0.0409877
0.051941
0.0618125
0.0723563
0.0816148
0.0913229
0.0996279
0.108173
0.115267
0.122407
0.128097
0.133655
0.137816
0.141692
0.144291
0.146496
0.147619
0.148287
0.148112
0.147508
0.147126
-0.154475
-0.155108
-0.155943
-0.156481
-0.156181
-0.155166
-0.153164
-0.150448
-0.146644
-0.142171
-0.136574
-0.130405
-0.12314
-0.11544
-0.106719
-0.0977305
-0.0878381
-0.0778743
-0.067176
-0.0566311
-0.0455774
-0.0349175
-0.0240152
-0.013717
-0.0034386
0.0060914
0.015382
0.0237901
0.0317391
0.0387151
0.0450297
0.0503278
0.054792
0.0582471
0.0607331
0.0622676
0.062741
0.0623676
0.0608875
0.0587069
0.0554218
0.0516159
0.0467549
0.0415772
0.0354379
0.0292002
0.0221337
0.0151913
0.00758615
0.000321561
-0.00741449
-0.0146083
-0.0220653
-0.0288017
-0.0355851
-0.0414997
-0.0472469
-0.0520129
-0.0564078
-0.05975
-0.0625369
-0.0642431
-0.0652376
-0.0651686
-0.064266
-0.0623624
-0.059543
-0.0558284
-0.051159
-0.0457394
-0.0393704
-0.0324294
-0.0245881
-0.0163783
-0.00735592
0.00181824
0.0116818
0.0214841
0.031847
0.0418993
0.0523238
0.0621903
0.0722158
0.0814805
0.0907087
0.0990319
0.107151
0.114273
0.12105
0.126777
0.132043
0.136249
0.13991
0.14256
0.144628
0.1458
0.146392
0.146244
0.145839
0.145459
-0.153258
-0.15389
-0.154469
-0.154987
-0.154735
-0.153683
-0.151789
-0.149032
-0.145407
-0.140896
-0.13555
-0.129351
-0.122401
-0.114679
-0.10633
-0.0973272
-0.0878578
-0.0778906
-0.067652
-0.0571135
-0.0465309
-0.0358814
-0.0254234
-0.0151312
-0.00524206
0.00428415
0.0132374
0.0216422
0.0293215
0.0362947
0.0424228
0.0477187
0.0520905
0.0555442
0.0580388
0.0595727
0.0601578
0.0597847
0.0585167
0.056337
0.053357
0.0495526
0.0450778
0.0399022
0.0342145
0.0279792
0.0214113
0.0144717
0.00739163
0.000129941
-0.00707558
-0.0142665
-0.0212086
-0.0279423
-0.0342463
-0.0401586
-0.0454799
-0.0502441
-0.0542824
-0.0576233
-0.0601354
-0.0618409
-0.0626515
-0.0625826
-0.0615928
-0.05969
-0.0568818
-0.0531686
-0.0486068
-0.0431893
-0.0370183
-0.0300801
-0.0225178
-0.0143113
-0.00563566
0.00353485
0.0129979
0.0227946
0.0327007
0.0427436
0.0526832
0.0625449
0.0720952
0.0813653
0.090153
0.098493
0.106221
0.113369
0.119812
0.125572
0.130568
0.134816
0.138278
0.140976
0.142918
0.144133
0.144658
0.144532
0.144284
0.143906
-0.151869
-0.152499
-0.153405
-0.153909
-0.15374
-0.152661
-0.15089
-0.148105
-0.14464
-0.140105
-0.134959
-0.128741
-0.122034
-0.114298
-0.106231
-0.0972212
-0.0880641
-0.0780972
-0.0681864
-0.057655
-0.047398
-0.036758
-0.0266085
-0.0163217
-0.00671516
0.00280753
0.0115183
0.0199199
0.0274084
0.034379
0.0403775
0.0456715
0.0499832
0.0534356
0.0559449
0.0574783
0.0581549
0.0577819
0.0566808
0.0545018
0.0517587
0.0479558
0.0437793
0.0386056
0.0332661
0.0270332
0.0208497
0.0139126
0.00723763
-2.13844e-05
-0.00681722
-0.0140055
-0.0205493
-0.0272805
-0.033213
-0.039123
-0.0441131
-0.0488755
-0.0526346
-0.0559742
-0.0582686
-0.0599735
-0.0606348
-0.0605659
-0.059499
-0.0575969
-0.0547855
-0.0510737
-0.046581
-0.0411655
-0.035132
-0.0281964
-0.0208335
-0.0126301
-0.00420812
0.004959
0.0141245
0.023916
0.0334943
0.0435285
0.0531195
0.0629755
0.0721719
0.0814438
0.0898913
0.0982415
0.105659
0.112824
0.118996
0.12478
0.12955
0.133828
0.137108
0.13984
0.141639
0.142887
0.14331
0.143202
0.142686
0.14231
-0.150582
-0.15121
-0.15242
-0.15291
-0.152817
-0.151714
-0.150057
-0.147246
-0.143929
-0.139372
-0.134412
-0.128176
-0.121694
-0.113945
-0.10614
-0.0971231
-0.0882552
-0.0782885
-0.0686813
-0.0581565
-0.048201
-0.0375698
-0.027706
-0.0174242
-0.00807935
0.00144009
0.00992622
0.018325
0.0256368
0.032605
0.0384834
0.0437756
0.0480317
0.0514829
0.0540058
0.0555387
0.0563001
0.0559272
0.0549806
0.0528024
0.0502786
0.046477
0.0425768
0.0374048
0.0323879
0.0261571
0.0203296
0.0133949
0.00709501
-0.000161521
-0.00657797
-0.0137638
-0.0199388
-0.0266677
-0.032256
-0.038164
-0.0428473
-0.0476081
-0.0511087
-0.0544472
-0.0565399
-0.0582442
-0.0587671
-0.0586983
-0.0575601
-0.0556587
-0.0528442
-0.0491337
-0.0447049
-0.0392913
-0.0333852
-0.0264519
-0.0192738
-0.0110731
-0.00288613
0.00627786
0.0151677
0.0249545
0.0342292
0.0442553
0.0535235
0.0633742
0.0722429
0.0815165
0.0896489
0.0980086
0.105138
0.112319
0.11824
0.124047
0.128607
0.132913
0.136024
0.138787
0.140454
0.141732
0.142061
0.141971
0.141206
0.140831
-0.149813
-0.150445
-0.15175
-0.152261
-0.152167
-0.151099
-0.149452
-0.146687
-0.143396
-0.138896
-0.13398
-0.127814
-0.121394
-0.113726
-0.106001
-0.0970747
-0.0883028
-0.0784336
-0.0689334
-0.0585091
-0.0486632
-0.0381307
-0.0283685
-0.01818
-0.00892231
0.000513889
0.00892357
0.0172534
0.0245049
0.0314216
0.0372589
0.04252
0.0467567
0.0501993
0.0527262
0.054274
0.0550635
0.0547292
0.0538341
0.0517169
0.0492666
0.0455462
0.0417387
0.036665
0.0317564
0.0256371
0.0199291
0.0131145
0.0069407
-0.000191993
-0.0064809
-0.013544
-0.0195951
-0.0262071
-0.0316798
-0.0374814
-0.0420616
-0.0467302
-0.0501441
-0.0534079
-0.0554332
-0.0570828
-0.0575596
-0.0574578
-0.0562962
-0.0543844
-0.0515695
-0.0478713
-0.0434647
-0.038085
-0.0322225
-0.0253432
-0.018228
-0.0100989
-0.00199168
0.00708602
0.015884
0.0255738
0.0347413
0.0446641
0.0538164
0.063561
0.0723164
0.0814859
0.0895165
0.0977779
0.104822
0.111914
0.117768
0.123497
0.12801
0.13225
0.135336
0.138044
0.139703
0.140937
0.14127
0.14115
0.140308
0.139927
-0.149316
-0.149952
-0.151254
-0.151783
-0.151678
-0.150647
-0.148986
-0.146278
-0.142972
-0.13855
-0.133622
-0.127554
-0.121124
-0.113574
-0.105842
-0.0970504
-0.0882745
-0.0785521
-0.0690524
-0.0587788
-0.048937
-0.0385506
-0.0287929
-0.0187395
-0.00948459
-0.000167135
0.00824008
0.0164716
0.0237209
0.0305644
0.0364
0.041617
0.0458524
0.0492831
0.0518094
0.0533791
0.0541683
0.0538896
0.0529948
0.0509653
0.0485158
0.0449121
0.0411057
0.0361732
0.0312661
0.0253067
0.0196005
0.0129582
0.00678625
-0.000168626
-0.00645569
-0.0133426
-0.0193919
-0.0258362
-0.0313073
-0.0369559
-0.0415349
-0.0460709
-0.0494838
-0.0526402
-0.0546649
-0.0562358
-0.0567124
-0.0565631
-0.0554018
-0.0534749
-0.0506608
-0.0469797
-0.0425744
-0.037243
-0.0313821
-0.0245797
-0.0174666
-0.00943948
-0.00133468
0.0076198
0.0164152
0.0259642
0.0351275
0.0448976
0.0540465
0.0636327
0.0723883
0.0814029
0.0894381
0.0975557
0.104608
0.111573
0.117439
0.123061
0.127588
0.131742
0.134843
0.137488
0.139163
0.140352
0.140698
0.140553
0.139714
0.139326
-0.148856
-0.149495
-0.150795
-0.15134
-0.151225
-0.150228
-0.148554
-0.145898
-0.14258
-0.138229
-0.13329
-0.127313
-0.120874
-0.113434
-0.105694
-0.0970279
-0.0882484
-0.0786618
-0.0691626
-0.0590287
-0.0491904
-0.0389394
-0.0291858
-0.0192576
-0.0100053
-0.000797806
0.00760713
0.0157476
0.022995
0.0297705
0.0356046
0.0407808
0.045015
0.0484348
0.0509603
0.0525503
0.0533393
0.0531121
0.0522175
0.0502693
0.0478205
0.0443249
0.0405195
0.0357178
0.030812
0.0250009
0.0192961
0.0128135
0.00664323
-0.000146987
-0.00643234
-0.0131561
-0.0192037
-0.0254927
-0.0309623
-0.0364693
-0.041047
-0.0454604
-0.0488723
-0.0519292
-0.0539534
-0.0554515
-0.055928
-0.0557346
-0.0545736
-0.0526326
-0.0498192
-0.046154
-0.04175
-0.0364631
-0.0306039
-0.0238727
-0.0167615
-0.00882886
-0.000726264
0.00811411
0.0169071
0.0263258
0.0354852
0.0451138
0.0542595
0.0636992
0.0724549
0.0813259
0.0893654
0.09735
0.10441
0.111258
0.117134
0.122657
0.127196
0.131272
0.134388
0.136973
0.138663
0.139811
0.140169
0.140001
0.139165
0.13877
-0.14843
-0.149073
-0.150369
-0.15093
-0.150806
-0.14984
-0.148154
-0.145547
-0.142217
-0.137932
-0.132983
-0.12709
-0.120643
-0.113303
-0.105558
-0.097007
-0.0882242
-0.0787634
-0.0692646
-0.05926
-0.0494252
-0.0392995
-0.0295497
-0.0197375
-0.0104875
-0.00138185
0.00702097
0.0150771
0.0223227
0.0290354
0.0348679
0.0400064
0.0442396
0.0476491
0.050174
0.0517827
0.0525716
0.052392
0.0514977
0.0496248
0.0471765
0.0437811
0.0399767
0.0352961
0.0303915
0.0247176
0.0190143
0.0126795
0.00651077
-0.000126947
-0.00641072
-0.0129834
-0.0190295
-0.0251746
-0.0306428
-0.0360187
-0.0405952
-0.044895
-0.0483061
-0.0512709
-0.0532945
-0.0547251
-0.0552015
-0.0549673
-0.0538066
-0.0518525
-0.0490399
-0.0453894
-0.0409864
-0.035741
-0.0298832
-0.0232179
-0.0161085
-0.00826338
-0.000162829
0.00857187
0.0173626
0.0266606
0.0358165
0.0453141
0.0544568
0.0637607
0.0725165
0.0812547
0.0892982
0.0971596
0.104227
0.110966
0.116851
0.122283
0.126834
0.130836
0.133965
0.136496
0.1382
0.13931
0.139679
0.139489
0.138656
0.138254
-0.148035
-0.148681
-0.149975
-0.15055
-0.150418
-0.149481
-0.147784
-0.145222
-0.141881
-0.137658
-0.132699
-0.126884
-0.120428
-0.113183
-0.105431
-0.0969876
-0.0882018
-0.0788575
-0.0693591
-0.0594743
-0.0496426
-0.0396329
-0.0298867
-0.0201819
-0.010934
-0.0019227
0.00647815
0.0144562
0.0217001
0.0283546
0.0341858
0.0392892
0.0435214
0.0469215
0.0494459
0.051072
0.0518606
0.0517253
0.0508312
0.0490279
0.0465802
0.0432775
0.039474
0.0349055
0.0300021
0.0244552
0.0187533
0.0125554
0.00638811
-0.00010839
-0.0063907
-0.0128234
-0.0188681
-0.0248801
-0.030347
-0.0356014
-0.0401769
-0.0443714
-0.0477817
-0.0506612
-0.0526844
-0.0540524
-0.0545287
-0.0542568
-0.0530963
-0.0511302
-0.0483182
-0.0446813
-0.0402794
-0.0350722
-0.0292158
-0.0226116
-0.0155039
-0.00773972
0.000358946
0.00899579
0.0177844
0.0269707
0.0361233
0.0454995
0.0546394
0.0638177
0.0725736
0.0811887
0.0892359
0.0969832
0.104057
0.110696
0.11659
0.121936
0.126498
0.130433
0.133575
0.136054
0.137771
0.138847
0.139225
0.139014
0.138185
0.137777
-0.14767
-0.148319
-0.14961
-0.150198
-0.150058
-0.149149
-0.147442
-0.14492
-0.14157
-0.137403
-0.132435
-0.126692
-0.12023
-0.113071
-0.105314
-0.0969697
-0.088181
-0.0789447
-0.0694466
-0.0596727
-0.0498439
-0.0399417
-0.0301988
-0.0205934
-0.0113476
-0.00242357
0.00597547
0.0138813
0.0211235
0.0277242
0.0335541
0.0386251
0.0428564
0.0462478
0.0487715
0.0504137
0.0512022
0.0511078
0.0502139
0.0484752
0.046028
0.0428111
0.0390085
0.0345438
0.0296415
0.0242123
0.0185116
0.0124405
0.00627452
-9.12043e-05
-0.00637215
-0.0126753
-0.0187187
-0.0246073
-0.030073
-0.035215
-0.0397895
-0.0438865
-0.0472961
-0.0500966
-0.0521193
-0.0534295
-0.0539057
-0.0535988
-0.0524386
-0.0504613
-0.0476499
-0.0440256
-0.0396246
-0.0344529
-0.0285978
-0.0220501
-0.0149439
-0.00725477
0.000842143
0.00938836
0.0181751
0.0272579
0.0364073
0.0456712
0.0548086
0.0638704
0.0726264
0.0811277
0.0891782
0.0968198
0.1039
0.110445
0.116348
0.121616
0.126187
0.130059
0.133213
0.135645
0.137374
0.138417
0.138805
0.138575
0.137749
0.137335
-0.147331
-0.147983
-0.149272
-0.149873
-0.149725
-0.148841
-0.147124
-0.144641
-0.141281
-0.137167
-0.132191
-0.126515
-0.120046
-0.112967
-0.105205
-0.0969532
-0.0881618
-0.0790254
-0.0695276
-0.0598564
-0.0500303
-0.0402277
-0.0304878
-0.0209745
-0.0117305
-0.00288741
0.00550995
0.0133488
0.0205896
0.0271403
0.0329691
0.0380101
0.0422405
0.0456238
0.0481471
0.0498042
0.0505925
0.050536
0.0496422
0.0479633
0.0455166
0.0423792
0.0385773
0.0342089
0.0293075
0.0239873
0.0182878
0.012334
0.00616933
-7.52895e-05
-0.00635498
-0.0125381
-0.0185803
-0.0243546
-0.0298193
-0.0348571
-0.0394307
-0.0434375
-0.0468463
-0.0495737
-0.051596
-0.0528526
-0.0533287
-0.0529894
-0.0518295
-0.0498418
-0.047031
-0.0434184
-0.0390183
-0.0338794
-0.0280255
-0.0215301
-0.0144253
-0.00680568
0.00128961
0.0097519
0.0185369
0.0275238
0.0366704
0.0458303
0.0549653
0.0639193
0.0726754
0.0810711
0.0891248
0.0966685
0.103754
0.110213
0.116123
0.121319
0.1259
0.129713
0.132877
0.135266
0.137006
0.138019
0.138416
0.138169
0.137345
0.136926
-0.147363
-0.148014
-0.149177
-0.149767
-0.149627
-0.148725
-0.147022
-0.144524
-0.14118
-0.137055
-0.132097
-0.126416
-0.119965
-0.112886
-0.105141
-0.0968948
-0.0881198
-0.0789948
-0.0695132
-0.0598575
-0.0500482
-0.0402616
-0.0305392
-0.021038
-0.0118092
-0.00297554
0.00540783
0.0132387
0.0204681
0.0270128
0.0328332
0.0378704
0.0420962
0.0454781
0.0480004
0.0496587
0.0504497
0.0503969
0.0495094
0.0478367
0.0453993
0.0422703
0.0384804
0.0341222
0.0292349
0.0239264
0.0182423
0.0123012
0.00615275
-7.88251e-05
-0.00634216
-0.0125124
-0.0185388
-0.0243009
-0.0297509
-0.0347776
-0.0393384
-0.0433356
-0.0467341
-0.0494538
-0.0514686
-0.0527196
-0.0531914
-0.0528489
-0.0516881
-0.0496997
-0.0468915
-0.0432807
-0.0388865
-0.0337518
-0.0279069
-0.0214178
-0.0143248
-0.0067133
0.00136841
0.00982098
0.0185918
0.0275664
0.0366972
0.0458411
0.0549611
0.0639
0.0726416
0.0810269
0.0890654
0.0966051
0.103674
0.110135
0.116026
0.12123
0.125791
0.129618
0.132763
0.135172
0.136894
0.137929
0.138313
0.138079
0.137346
0.136928
-0.147429
-0.14808
-0.149105
-0.149694
-0.149548
-0.148644
-0.146938
-0.144436
-0.141096
-0.136967
-0.132018
-0.126333
-0.119895
-0.112813
-0.105085
-0.0968347
-0.088079
-0.0789518
-0.0694918
-0.0598358
-0.0500493
-0.0402639
-0.0305629
-0.0210633
-0.0118514
-0.00301925
0.00534979
0.0131793
0.020397
0.0269405
0.0327525
0.0377888
0.0420098
0.0453911
0.0479124
0.0495704
0.0503643
0.0503115
0.0494304
0.047758
0.0453303
0.0422018
0.0384242
0.0340668
0.0291939
0.0238863
0.0182182
0.0122781
0.00614638
-8.41282e-05
-0.00633063
-0.0124998
-0.0185099
-0.024271
-0.0297061
-0.0347319
-0.0392796
-0.0432762
-0.0466639
-0.0493832
-0.0513902
-0.052641
-0.0531083
-0.0527659
-0.0516041
-0.0496161
-0.0468105
-0.0432003
-0.0388123
-0.0336784
-0.0278429
-0.0213549
-0.0142738
-0.00666366
0.00140412
0.00985524
0.0186103
0.0275834
0.0366946
0.0458374
0.0549371
0.0638764
0.0725993
0.0809867
0.0890089
0.0965518
0.103607
0.110072
0.115952
0.121159
0.125713
0.129545
0.132687
0.135099
0.136824
0.137861
0.138252
0.138018
0.137388
0.13697
-0.14749
-0.148141
-0.149039
-0.149627
-0.149475
-0.148569
-0.14686
-0.144355
-0.141018
-0.136886
-0.131946
-0.126257
-0.119831
-0.112745
-0.105032
-0.0967789
-0.0880412
-0.078912
-0.069472
-0.0598157
-0.0500502
-0.040266
-0.0305848
-0.0210868
-0.0118905
-0.00305973
0.00529603
0.0131243
0.0203311
0.0268736
0.0326778
0.0377133
0.0419298
0.0453106
0.047831
0.0494887
0.0502852
0.0502324
0.0493572
0.0476851
0.0452663
0.0421383
0.0383722
0.0340154
0.0291559
0.0238492
0.0181958
0.0122567
0.00614048
-8.90391e-05
-0.00631995
-0.0124881
-0.0184832
-0.0242434
-0.0296646
-0.0346896
-0.0392252
-0.0432211
-0.046599
-0.0493177
-0.0513176
-0.0525682
-0.0530313
-0.052689
-0.0515263
-0.0495386
-0.0467355
-0.0431258
-0.0387435
-0.0336105
-0.0277835
-0.0212966
-0.0142267
-0.00661769
0.0014372
0.00988697
0.0186275
0.027599
0.0366922
0.0458339
0.054915
0.0638546
0.0725602
0.0809494
0.0889567
0.0965025
0.103545
0.110013
0.115884
0.121094
0.125642
0.129476
0.132616
0.135031
0.13676
0.137798
0.138195
0.137962
0.137428
0.137009
-0.147547
-0.148197
-0.148977
-0.149565
-0.149407
-0.148499
-0.146788
-0.14428
-0.140947
-0.136811
-0.131878
-0.126186
-0.119772
-0.112682
-0.104983
-0.0967273
-0.0880062
-0.0788751
-0.0694537
-0.0597971
-0.0500511
-0.0402679
-0.0306051
-0.0211085
-0.0119266
-0.00309721
0.00524625
0.0130734
0.0202701
0.0268116
0.0326086
0.0376433
0.0418557
0.045236
0.0477556
0.0494131
0.050212
0.0501592
0.0492895
0.0476176
0.045207
0.0420796
0.038324
0.0339679
0.0291208
0.0238149
0.0181751
0.0122369
0.00613502
-9.35869e-05
-0.00631007
-0.0124773
-0.0184585
-0.0242179
-0.0296262
-0.0346505
-0.0391748
-0.0431701
-0.0465388
-0.0492572
-0.0512503
-0.0525008
-0.0529601
-0.0526178
-0.0514543
-0.0494669
-0.0466661
-0.0430569
-0.0386798
-0.0335475
-0.0277286
-0.0212426
-0.014183
-0.00657512
0.00146782
0.00991635
0.0186433
0.0276136
0.0366899
0.0458307
0.0548945
0.0638343
0.0725239
0.0809149
0.0889083
0.0964568
0.103488
0.109959
0.115821
0.121034
0.125575
0.129413
0.132551
0.134969
0.1367
0.13774
0.138142
0.13791
0.137464
0.137046
-0.147599
-0.14825
-0.14892
-0.149507
-0.149345
-0.148435
-0.146721
-0.144211
-0.14088
-0.136741
-0.131816
-0.12612
-0.119717
-0.112624
-0.104938
-0.0966795
-0.0879738
-0.0788409
-0.0694367
-0.0597799
-0.0500519
-0.0402697
-0.0306239
-0.0211286
-0.0119601
-0.00313193
0.00520015
0.0130262
0.0202136
0.0267542
0.0325445
0.0375785
0.0417871
0.0451669
0.0476857
0.049343
0.0501441
0.0500914
0.0492268
0.0475551
0.0451522
0.0420251
0.0382794
0.0339238
0.0290882
0.023783
0.018156
0.0122185
0.00612995
-9.77985e-05
-0.00630091
-0.0124673
-0.0184356
-0.0241942
-0.0295906
-0.0346142
-0.0391281
-0.0431228
-0.0464831
-0.0492011
-0.0511881
-0.0524384
-0.0528941
-0.0525518
-0.0513876
-0.0494005
-0.0466017
-0.0429931
-0.0386209
-0.0334893
-0.0276777
-0.0211926
-0.0141425
-0.0065357
0.00149618
0.00994356
0.018658
0.027627
0.0366879
0.0458277
0.0548755
0.0638156
0.0724903
0.080883
0.0888634
0.0964145
0.103435
0.109909
0.115762
0.120979
0.125514
0.129355
0.13249
0.134911
0.136645
0.137687
0.138093
0.137862
0.137498
0.137079
)
;

boundaryField
{
    inlet
    {
        type            cyclic;
    }
    outlet
    {
        type            cyclic;
    }
    top
    {
        type            zeroGradient;
    }
    hills
    {
        type            zeroGradient;
    }
    front
    {
        type            empty;
    }
    back
    {
        type            empty;
    }
}


// ************************************************************************* //
