/*--------------------------------*- C++ -*----------------------------------*\
| =========                 |                                                 |
| \\      /  F ield         | OpenFOAM: The Open Source CFD Toolbox           |
|  \\    /   O peration     | Version:  v2106                                 |
|   \\  /    A nd           | Website:  www.openfoam.com                      |
|    \\/     M anipulation  |                                                 |
\*---------------------------------------------------------------------------*/
FoamFile
{
    version     2.0;
    format      ascii;
    arch        "LSB;label=32;scalar=64";
    class       volScalarField;
    location    "0";
    object      expGpCoeffs25;
}
// * * * * * * * * * * * * * * * * * * * * * * * * * * * * * * * * * * * * * //

dimensions      [0 0 0 0 0 0 0];

internalField   nonuniform List<scalar> 
8000
(
0.0162891
0.0161165
0.0156275
0.0147203
0.0133684
0.0117156
0.0100434
0.00836194
0.00688635
0.00559216
0.00451168
0.00364483
0.00294585
0.00241141
0.00199184
0.00167906
0.00143455
0.00125401
0.00111094
0.00100485
0.000920806
0.000859412
0.000810842
0.000775653
0.000746399
0.00072311
0.000703346
0.00068714
0.000675128
0.000667391
0.000664798
0.000667417
0.000676031
0.000690702
0.000712195
0.000740568
0.000776567
0.000820244
0.000872236
0.000932573
0.0010016
0.0010793
0.00116545
0.00125998
0.00136178
0.0014707
0.00158449
0.00170288
0.00182237
0.00194257
0.00205882
0.00217062
0.00227254
0.00236408
0.0024397
0.00249895
0.00253714
0.00255393
0.00254641
0.00251445
0.00245766
0.00237616
0.00227239
0.00214672
0.00200421
0.00184542
0.00167724
0.00150035
0.00132237
0.00114396
0.00097221
0.000807712
0.000655978
0.000517429
0.000395145
0.000289297
0.000200374
0.000127498
7.30814e-05
3.73518e-05
3.89006e-05
7.78599e-05
0.000204688
0.000420958
0.000804517
0.00136462
0.00217479
0.00324981
0.00463031
0.00631587
0.00828214
0.0105201
0.0128602
0.0153207
0.0175681
0.0195649
0.0210597
0.0219018
0.0222786
0.0223466
0.016303
0.0161305
0.0156727
0.0147662
0.0133845
0.0117317
0.0100329
0.0083504
0.00686929
0.00557404
0.00449693
0.00362938
0.00293541
0.00240055
0.00198531
0.00167231
0.00143087
0.00125023
0.00110881
0.00100269
0.000919394
0.000857996
0.000810151
0.000774966
0.000746127
0.000722841
0.000703044
0.00068684
0.000674745
0.000667009
0.000664345
0.000666964
0.000675512
0.000690182
0.000711611
0.00073998
0.000775921
0.000819593
0.000871544
0.000931874
0.0010009
0.00107859
0.0011648
0.00125932
0.00136128
0.00147018
0.00158424
0.00170262
0.00182249
0.00194268
0.00205939
0.00217118
0.00227362
0.00236514
0.00244124
0.00250048
0.00253903
0.00255581
0.00254845
0.0025165
0.00245961
0.00237812
0.002274
0.00214834
0.00200527
0.00184649
0.00167762
0.00150076
0.00132208
0.0011437
0.000971352
0.000806875
0.000654724
0.000516192
0.000393746
0.000287911
0.000199099
0.000126234
7.13354e-05
3.56217e-05
3.45911e-05
7.36074e-05
0.000194689
0.000411177
0.000786897
0.00134754
0.00215131
0.00322723
0.00460555
0.00629233
0.00826418
0.0105036
0.0128632
0.0153245
0.0176061
0.0196023
0.0211172
0.0219585
0.0222841
0.022352
0.016318
0.0161455
0.0157216
0.0148156
0.0134019
0.0117492
0.0100216
0.00833793
0.00685087
0.00555448
0.00448101
0.00361269
0.00292414
0.00238882
0.00197827
0.00166502
0.00142689
0.00124615
0.00110651
0.00100036
0.000917869
0.000856466
0.000809405
0.000774224
0.000745833
0.00072255
0.000702718
0.000686517
0.000674331
0.000666596
0.000663856
0.000666474
0.000674952
0.00068962
0.00071098
0.000739346
0.000775224
0.000818889
0.000870797
0.000931119
0.00100014
0.00107782
0.0011641
0.00125861
0.00136074
0.00146962
0.00158397
0.00170233
0.00182262
0.00194279
0.00206001
0.00217179
0.00227478
0.00236629
0.00244291
0.00250214
0.00254107
0.00255785
0.00255066
0.00251871
0.00246171
0.00238023
0.00227573
0.00215009
0.0020064
0.00184765
0.00167804
0.0015012
0.00132177
0.00114341
0.000970425
0.000805971
0.000653369
0.000514856
0.000392235
0.000286415
0.000197722
0.000124869
6.94499e-05
3.37534e-05
2.99375e-05
6.90153e-05
0.000183891
0.000400614
0.000767871
0.0013291
0.00212597
0.00320286
0.00457881
0.00626692
0.0082448
0.0104857
0.0128663
0.0153287
0.0176471
0.0196428
0.0211793
0.0220197
0.02229
0.0223579
0.0163342
0.0161618
0.0157743
0.0148691
0.0134207
0.011768
0.0100095
0.00832447
0.00683098
0.00553336
0.00446381
0.00359467
0.00291198
0.00237616
0.00197067
0.00165715
0.0014226
0.00124175
0.00110402
0.000997843
0.000916223
0.000854815
0.0008086
0.000773422
0.000745515
0.000722236
0.000702367
0.000686168
0.000673884
0.000666151
0.000663328
0.000665946
0.000674348
0.000689013
0.000710299
0.00073866
0.000774471
0.00081813
0.000869991
0.000930304
0.000999324
0.00107699
0.00116335
0.00125784
0.00136015
0.00146902
0.00158368
0.00170203
0.00182275
0.00194291
0.00206068
0.00217244
0.00227603
0.00236752
0.0024447
0.00250393
0.00254327
0.00256005
0.00255304
0.00252109
0.00246399
0.00238251
0.00227759
0.00215198
0.00200763
0.0018489
0.00167849
0.00150168
0.00132144
0.00114311
0.000969424
0.000804995
0.000651906
0.000513414
0.000390603
0.000284799
0.000196235
0.000123395
6.74139e-05
3.1736e-05
2.49123e-05
6.40566e-05
0.000172232
0.000389209
0.000747325
0.00130918
0.0020986
0.00317654
0.00454995
0.00623948
0.00822386
0.0104665
0.0128697
0.0153332
0.0176914
0.0196864
0.0212463
0.0220858
0.0222964
0.0223643
0.0163517
0.0161793
0.0158312
0.0149318
0.013441
0.0117883
0.00999629
0.00830994
0.0068095
0.00551055
0.00444523
0.00357521
0.00289884
0.00236248
0.00196245
0.00164864
0.00141796
0.00123699
0.00110134
0.000995125
0.000914445
0.000853032
0.00080773
0.000772557
0.000745172
0.000721896
0.000701987
0.00068579
0.000673402
0.00066567
0.000662758
0.000665376
0.000673695
0.000688358
0.000709564
0.00073792
0.000773657
0.000817309
0.00086912
0.000929424
0.000998442
0.0010761
0.00116254
0.00125701
0.00135952
0.00146837
0.00158337
0.0017017
0.0018229
0.00194303
0.00206141
0.00217315
0.00227738
0.00236886
0.00244664
0.00250586
0.00254565
0.00256243
0.00255561
0.00252367
0.00246644
0.00238498
0.00227961
0.00215401
0.00200895
0.00185025
0.00167898
0.00150219
0.00132108
0.00114277
0.000968344
0.000803941
0.000650327
0.000511857
0.000388842
0.000283054
0.00019463
0.000121803
6.52154e-05
2.95575e-05
1.94859e-05
5.8702e-05
0.000159642
0.000376892
0.000725139
0.00128767
0.00206904
0.00314811
0.00451877
0.00620985
0.00820126
0.0104457
0.0128733
0.015338
0.0177392
0.0197336
0.0213222
0.0221572
0.0223033
0.0223712
0.0164
0.0162281
0.0159289
0.0150304
0.013492
0.011857
0.00999409
0.00831875
0.00678789
0.00549053
0.00442805
0.0035594
0.00288756
0.00235219
0.00195416
0.00164
0.00141295
0.00123185
0.00109845
0.00099219
0.000912525
0.000851106
0.000806791
0.000771623
0.00074488
0.000721395
0.000701446
0.000685069
0.00067258
0.0006647
0.000661703
0.000664199
0.000672438
0.000687
0.000708128
0.000736399
0.000772065
0.000815646
0.000867408
0.000927662
0.000996679
0.00107431
0.00116083
0.00125532
0.00135802
0.00146695
0.00158226
0.00170072
0.00182238
0.00194269
0.00206164
0.00217359
0.00227844
0.00237016
0.00244852
0.00250795
0.00254818
0.00256514
0.00255851
0.00252668
0.00246933
0.0023879
0.0022821
0.00215645
0.0020107
0.00185187
0.00167976
0.00150281
0.00132085
0.00114237
0.000967218
0.000802674
0.000648555
0.000510016
0.000386805
0.000281041
0.000192897
0.000120084
6.28413e-05
2.72051e-05
1.36262e-05
5.29199e-05
0.000146047
0.000363592
0.000702443
0.00126585
0.00204752
0.00312397
0.00449557
0.00618319
0.00818446
0.0104255
0.0129087
0.0153561
0.017835
0.0198047
0.0214259
0.0222516
0.0223421
0.0224084
0.0165145
0.0163411
0.0160425
0.0151369
0.0136004
0.0119516
0.0100907
0.00839609
0.00686681
0.00554779
0.00448644
0.00359771
0.0029266
0.00237561
0.001978
0.00165353
0.00142592
0.0012383
0.00110536
0.00099551
0.000916329
0.000852758
0.000808985
0.000771866
0.000745281
0.000719601
0.000699657
0.00068139
0.000668903
0.000659486
0.000656489
0.000657741
0.000665978
0.00067952
0.000700643
0.000728076
0.000763735
0.000806664
0.000858416
0.000918258
0.000987262
0.00106482
0.00115132
0.00124618
0.00134886
0.00145868
0.00157398
0.0016939
0.00181555
0.00193785
0.00205677
0.00217111
0.00227594
0.00237018
0.00244853
0.00251034
0.00255056
0.0025694
0.00256277
0.00253206
0.00247472
0.00239347
0.00228769
0.00216125
0.00201553
0.00185511
0.00168304
0.00150402
0.00132209
0.0011415
0.000966378
0.000800119
0.000646029
0.000506551
0.000383363
0.000277665
0.0001897
0.00011811
6.07508e-05
2.85804e-05
1.41361e-05
6.2889e-05
0.00015477
0.000391744
0.000731892
0.00132291
0.00210349
0.00321192
0.00458182
0.00629744
0.00829645
0.0105531
0.0130338
0.0154812
0.0179576
0.0199188
0.0215379
0.0223574
0.0224474
0.022512
0.0166382
0.016463
0.0161651
0.0152519
0.0137176
0.0120538
0.010195
0.0084796
0.00695203
0.00560961
0.00454949
0.00363908
0.00296875
0.0024009
0.00200375
0.00166814
0.00144077
0.00124678
0.00111397
0.00100066
0.000921538
0.000855556
0.000811802
0.000772294
0.000745714
0.000717665
0.000697724
0.000677418
0.000664933
0.000653856
0.00065086
0.000650767
0.000659003
0.000671442
0.000692561
0.000719088
0.00075474
0.000796964
0.000848706
0.000908103
0.000977094
0.00105457
0.00114105
0.00123631
0.00133897
0.00144976
0.00156504
0.00168655
0.00180817
0.00193263
0.00205153
0.00216843
0.00227325
0.00237021
0.00244855
0.00251291
0.00255312
0.002574
0.00256738
0.00253787
0.00248055
0.00239948
0.00229372
0.00216643
0.00202074
0.00185861
0.00168657
0.00150532
0.00132343
0.00114056
0.000965472
0.00079736
0.000643301
0.000502809
0.000379646
0.00027402
0.000186073
0.000115961
5.86219e-05
3.07989e-05
1.63324e-05
7.55171e-05
0.000167198
0.000424135
0.000763693
0.00138452
0.00216394
0.00330689
0.00467496
0.0064208
0.00841738
0.010691
0.0131689
0.0156164
0.01809
0.0200421
0.0216589
0.0224716
0.022561
0.0226239
0.0167717
0.0165947
0.0162976
0.0153761
0.0138441
0.0121641
0.0103076
0.00856979
0.00704406
0.00567638
0.00461758
0.00368375
0.00301426
0.00242821
0.00203155
0.00168391
0.00145682
0.00125595
0.00112328
0.00100621
0.000927162
0.000858578
0.000814845
0.000772755
0.000746181
0.000715574
0.000695637
0.000673128
0.000660645
0.000647776
0.000644781
0.000643236
0.00065147
0.000662719
0.000683834
0.000709383
0.000745027
0.00078649
0.00083822
0.000897138
0.000966113
0.0010435
0.00112996
0.00122565
0.00132828
0.00144013
0.00155538
0.00167861
0.0018002
0.00192699
0.00204586
0.00216554
0.00227033
0.00237025
0.00244856
0.00251569
0.00255589
0.00257897
0.00257235
0.00254415
0.00248684
0.00240598
0.00230024
0.00217203
0.00202637
0.00186238
0.00169038
0.00150673
0.00132488
0.00113954
0.000964493
0.000794381
0.000640355
0.000498769
0.000375633
0.000270084
0.000182156
0.000113641
5.63231e-05
3.31946e-05
1.87041e-05
8.91535e-05
0.000180619
0.000459112
0.000798032
0.00145105
0.0022292
0.00340944
0.00477553
0.00655402
0.00854796
0.0108398
0.0133147
0.0157623
0.018233
0.0201751
0.0217895
0.022595
0.0226837
0.0227448
0.0169159
0.016737
0.0164407
0.0155101
0.0139807
0.0122832
0.0104292
0.00866717
0.00714343
0.00574847
0.0046911
0.00373198
0.00306341
0.0024577
0.00206158
0.00170094
0.00147414
0.00126585
0.00113332
0.00101222
0.000933236
0.00086184
0.000818131
0.000773254
0.000746687
0.000713315
0.000693383
0.000668495
0.000656016
0.000641211
0.000638217
0.000635104
0.000643336
0.0006533
0.00067441
0.000698903
0.000734538
0.00077518
0.000826898
0.000885297
0.000954256
0.00103155
0.00111799
0.00121414
0.00131675
0.00142973
0.00154495
0.00167003
0.00179159
0.0019209
0.00203974
0.00216242
0.00226718
0.00237028
0.00244858
0.00251869
0.00255888
0.00258434
0.00257771
0.00255093
0.00249363
0.00241299
0.00230728
0.00217807
0.00203245
0.00186646
0.0016945
0.00150825
0.00132644
0.00113844
0.000963436
0.000791164
0.000637175
0.000494406
0.000371299
0.000265833
0.000177927
0.000111135
5.38407e-05
3.57815e-05
2.12651e-05
0.000103879
0.000195111
0.000496882
0.000835114
0.00152289
0.00229968
0.00352018
0.00488413
0.00669787
0.00868897
0.0110006
0.0134723
0.0159199
0.0183874
0.0203188
0.0219305
0.0227282
0.0228161
0.0228753
0.0170717
0.0168906
0.0165951
0.0156549
0.0141283
0.0124119
0.0105605
0.00877233
0.00725074
0.00582632
0.00477049
0.00378407
0.00311649
0.00248954
0.002094
0.00171934
0.00149285
0.00127653
0.00114417
0.0010187
0.000939795
0.000865363
0.000821679
0.000773793
0.000747232
0.000710877
0.00069095
0.000663493
0.000651017
0.000634122
0.000631129
0.000626323
0.000634553
0.000643129
0.000664233
0.000687586
0.000723212
0.000762967
0.000814671
0.000872511
0.000941452
0.00101864
0.00110506
0.00120171
0.00130429
0.0014185
0.00153369
0.00166077
0.0017823
0.00191432
0.00203313
0.00215904
0.00226378
0.00237032
0.0024486
0.00252193
0.00256211
0.00259013
0.00258351
0.00255824
0.00250096
0.00242056
0.00231487
0.0021846
0.00203901
0.00187087
0.00169895
0.00150989
0.00132813
0.00113725
0.000962295
0.00078769
0.00063374
0.000489695
0.000366619
0.000261243
0.00017336
0.00010843
5.11601e-05
3.8575e-05
2.40306e-05
0.000119779
0.00021076
0.000537667
0.000875156
0.00160046
0.00237578
0.00363976
0.0050014
0.00685321
0.00884124
0.0111742
0.0136424
0.0160901
0.0185542
0.020474
0.0220828
0.022872
0.0229592
0.0230162
0.0172398
0.0170564
0.0167619
0.0158113
0.0142876
0.0125507
0.0107023
0.00888588
0.00736662
0.00591039
0.00485622
0.00384032
0.0031738
0.00252393
0.002129
0.0017392
0.00151305
0.00128807
0.00115589
0.0010257
0.000946877
0.000869167
0.000825511
0.000774374
0.000747821
0.000708243
0.000688322
0.000658091
0.000645618
0.000626467
0.000623474
0.000616841
0.000625068
0.000632145
0.000653244
0.000675365
0.000710982
0.000749778
0.000801469
0.000858703
0.000927626
0.0010047
0.0010911
0.00118828
0.00129084
0.00140637
0.00152153
0.00165077
0.00177227
0.00190722
0.002026
0.0021554
0.00226011
0.00237036
0.00244861
0.00252543
0.0025656
0.00259639
0.00258977
0.00256615
0.00250888
0.00242873
0.00232308
0.00219165
0.0020461
0.00187563
0.00170376
0.00151166
0.00132996
0.00113597
0.000961063
0.000783938
0.000630031
0.000484607
0.000361566
0.000256287
0.000168428
0.000105508
4.82655e-05
4.15916e-05
2.70169e-05
0.00013695
0.000227659
0.000581709
0.000918394
0.00168423
0.00245796
0.00376889
0.00512804
0.00702095
0.00900566
0.0113616
0.013826
0.0162739
0.0187342
0.0206416
0.0222473
0.0230274
0.0231137
0.0231683
0.0174938
0.0173083
0.0170001
0.0160372
0.0145372
0.0127694
0.0109224
0.0090752
0.00753486
0.00605413
0.00498188
0.00394309
0.0032581
0.00259036
0.00217813
0.00177748
0.0015397
0.00130909
0.00117084
0.00103758
0.000955803
0.000875586
0.00083016
0.000776318
0.000747663
0.000705856
0.000683649
0.000651498
0.000637154
0.00061644
0.000611929
0.000604029
0.000611025
0.000617062
0.000637155
0.00065842
0.000693233
0.00073136
0.000782471
0.00083928
0.000907913
0.000984903
0.00107139
0.00116894
0.00127207
0.0013885
0.00150476
0.00163549
0.00175861
0.00189558
0.00201642
0.00214824
0.00225529
0.00236809
0.00244871
0.00252793
0.00257021
0.00260292
0.00259788
0.00257539
0.00251895
0.00243899
0.00233331
0.00220109
0.0020547
0.00188262
0.00170929
0.00151511
0.00133165
0.00113553
0.00095898
0.000780128
0.000625092
0.000478728
0.00035535
0.00025015
0.000163054
0.000101806
4.66731e-05
4.49995e-05
3.72058e-05
0.00015788
0.000265643
0.000638653
0.00100643
0.00180135
0.00261209
0.00395999
0.00534311
0.00726882
0.00926099
0.0116355
0.0140962
0.0165588
0.0189771
0.0208965
0.0224523
0.0232362
0.0233544
0.0234087
0.0178477
0.0176626
0.0172605
0.0163012
0.0148407
0.0130804
0.011244
0.00940555
0.007809
0.00633531
0.00518302
0.00414896
0.00339023
0.00272539
0.00225787
0.00185884
0.00158561
0.00135579
0.00119781
0.00106491
0.00097194
0.00089186
0.000837009
0.000783193
0.000745955
0.000704161
0.000675047
0.000642906
0.000622909
0.000602202
0.000593107
0.000585209
0.000588493
0.000594528
0.000611599
0.000632858
0.000665265
0.00070338
0.00075277
0.000809561
0.000877361
0.000954326
0.00104115
0.00113867
0.00124357
0.00135997
0.00147962
0.0016103
0.0017384
0.00187532
0.00200247
0.00213425
0.0022484
0.00236117
0.00244897
0.00252816
0.00257683
0.00260953
0.00260924
0.00258677
0.00253278
0.00245285
0.00234701
0.00221484
0.0020658
0.00189378
0.00171592
0.00152181
0.00133293
0.00113688
0.000955272
0.000776478
0.000617947
0.00047163
0.000347168
0.000242001
0.000157075
9.58546e-05
5.11499e-05
4.94446e-05
7.15124e-05
0.000191733
0.000362064
0.000733386
0.00119976
0.00199075
0.00291961
0.00426076
0.00575223
0.00766841
0.00972165
0.0120846
0.0145235
0.0169748
0.0192923
0.0212042
0.0226833
0.0234641
0.0236979
0.0237518
0.0182349
0.0180503
0.0176368
0.0166807
0.0151839
0.0134314
0.0115913
0.00976227
0.00810504
0.00663893
0.00540022
0.00437128
0.00353291
0.00287122
0.00234398
0.0019467
0.00163517
0.00140622
0.00122693
0.00109442
0.000989366
0.000909433
0.000844405
0.000790617
0.00074411
0.000702331
0.000665758
0.000633628
0.000607527
0.000586827
0.000572783
0.000564888
0.000564162
0.000570195
0.000584003
0.000605254
0.000635064
0.000673166
0.000720697
0.000777469
0.00084437
0.000921308
0.0010085
0.00110598
0.0012128
0.00132916
0.00145247
0.0015831
0.00171658
0.00185345
0.00198741
0.00211913
0.00224097
0.0023537
0.00244924
0.00252841
0.00258398
0.00261666
0.00262151
0.00259904
0.00254772
0.00246782
0.00236181
0.00222968
0.00207779
0.00190583
0.00172308
0.00152904
0.00133433
0.00113834
0.000951269
0.000772536
0.000610233
0.000463967
0.000338332
0.000233202
0.000150619
8.9428e-05
5.59842e-05
5.42447e-05
0.000108558
0.00022829
0.000466183
0.000835683
0.00140853
0.00219526
0.00325169
0.00458555
0.00619402
0.0080999
0.0102191
0.0125695
0.0149849
0.0174241
0.0196642
0.0215687
0.0230407
0.0238188
0.0240704
0.0241239
0.0187351
0.0185511
0.0182162
0.017268
0.0156432
0.0139025
0.0119124
0.0100919
0.00833237
0.00687147
0.00554748
0.00452158
0.00361936
0.0029593
0.00239288
0.0019964
0.00166386
0.00143531
0.00124517
0.00111288
0.00100112
0.000921279
0.000849312
0.00079555
0.00074016
0.000698396
0.000653326
0.000621208
0.000588141
0.000567449
0.000547803
0.000539911
0.000534598
0.000540629
0.000550583
0.000571826
0.000598419
0.000636507
0.000681619
0.000738369
0.000804036
0.000880945
0.000968619
0.00106607
0.00117563
0.00129194
0.0014206
0.00155119
0.00169269
0.00182951
0.00197374
0.00210542
0.00223887
0.00235156
0.00245872
0.00253786
0.00260346
0.00263613
0.00264786
0.00262541
0.00257665
0.00249678
0.00238854
0.00225646
0.00209795
0.00192606
0.00173357
0.0015396
0.00133396
0.00113805
0.000941045
0.00076238
0.000593166
0.000446955
0.000318979
0.000213889
0.000134681
7.35354e-05
4.6625e-05
4.4975e-05
0.000115091
0.000234815
0.000510649
0.000879615
0.0015262
0.00231093
0.00348106
0.00481032
0.00655397
0.00845199
0.0106909
0.0130299
0.0155318
0.0179565
0.0202577
0.022147
0.0236293
0.0243996
0.0244967
0.0245497
0.0192746
0.0190909
0.0188137
0.017845
0.0161386
0.0143967
0.0122588
0.0104473
0.00856939
0.007114
0.00569986
0.00467711
0.00370848
0.0030501
0.00244125
0.00204559
0.00169083
0.0014627
0.00126214
0.00113007
0.00101215
0.000932418
0.000854036
0.000800301
0.000735789
0.000694043
0.000639772
0.000607667
0.000567059
0.000546376
0.000520666
0.000512777
0.000502497
0.000508525
0.000514299
0.000535533
0.000558632
0.000596705
0.000639181
0.000695909
0.000760228
0.000837106
0.000925308
0.00102272
0.00113527
0.00125153
0.00138606
0.00151659
0.00166687
0.00180364
0.00195912
0.00209075
0.00223692
0.00234957
0.00246945
0.00254856
0.00262513
0.00265779
0.00267702
0.00265458
0.00260858
0.00252874
0.00241799
0.00228596
0.00212011
0.00194829
0.00174504
0.00155115
0.00133346
0.00113763
0.000929689
0.000751096
0.000574267
0.000428115
0.000297555
0.000192507
0.000115797
5.46995e-05
3.3139e-05
3.15863e-05
0.000115297
0.000235019
0.000547883
0.000916305
0.00164259
0.00242526
0.00372078
0.00504524
0.00693386
0.00882354
0.0111946
0.0135213
0.0161228
0.0185317
0.0208725
0.0227666
0.0241936
0.024978
0.0249557
0.0250084
0.0198127
0.0196219
0.0193478
0.0183496
0.0166538
0.0148533
0.0127208
0.0108311
0.00894839
0.00740475
0.00598702
0.00487712
0.0039055
0.00317444
0.00256195
0.00211512
0.00175793
0.00149858
0.00129681
0.00114687
0.00102794
0.000936277
0.000856481
0.000791899
0.000725358
0.000673386
0.000618422
0.000578743
0.000537565
0.000511599
0.000485429
0.000473611
0.000462949
0.000465435
0.000470881
0.000488237
0.000511055
0.000544625
0.000586879
0.000638705
0.000702894
0.000775148
0.000863356
0.000957392
0.00107013
0.00118529
0.00132022
0.00145273
0.00160363
0.0017458
0.0019021
0.00204227
0.00218938
0.0023128
0.00243363
0.00252426
0.00260165
0.00264483
0.00266464
0.00265005
0.00260429
0.00252845
0.00241755
0.00228532
0.00211897
0.00194335
0.00173935
0.00153961
0.00132107
0.00111948
0.000910773
0.000728811
0.000551461
0.000406292
0.000275583
0.000177186
0.000100222
5.24679e-05
3.12783e-05
5.73747e-05
0.000142863
0.000317864
0.000635292
0.00109525
0.00183121
0.00273398
0.00404024
0.00548723
0.0073814
0.00936188
0.0117351
0.0140955
0.0166881
0.0190756
0.0213969
0.0232383
0.0246555
0.0254113
0.0253865
0.0254352
0.0203936
0.0201953
0.0199245
0.0188945
0.0172101
0.0153464
0.0132267
0.0112455
0.00937328
0.00772171
0.00631135
0.00509592
0.00412901
0.00331066
0.00270091
0.00219219
0.00183639
0.00153854
0.00133738
0.00116458
0.00104585
0.000938335
0.000858581
0.000780125
0.000713616
0.000649742
0.000594805
0.00054631
0.000505152
0.000473039
0.000446881
0.000430491
0.000419834
0.000418198
0.000423642
0.000436485
0.000459292
0.000487625
0.000529859
0.000575982
0.000640141
0.000707019
0.000795185
0.0008853
0.000997984
0.00111187
0.00124673
0.00138155
0.00153238
0.00168084
0.00183706
0.00198719
0.00213423
0.0022702
0.00239097
0.00249502
0.00257237
0.0026278
0.0026476
0.00264215
0.00259641
0.00252522
0.00241438
0.00228191
0.00211563
0.0019356
0.00173169
0.00152513
0.0013067
0.00109839
0.00088979
0.0007039
0.000526635
0.000382602
0.000251955
0.000161292
8.43663e-05
5.37365e-05
3.25502e-05
9.42339e-05
0.000179318
0.000423115
0.000738903
0.00131057
0.0020425
0.00309069
0.00438964
0.00598458
0.00786797
0.00995913
0.0123185
0.0147213
0.0172981
0.0196568
0.0219631
0.0237478
0.0251543
0.0258792
0.0258518
0.0258961
0.021021
0.0208145
0.0205473
0.0194828
0.0178109
0.0158789
0.013773
0.0116929
0.0098321
0.00806398
0.00666157
0.00533219
0.00437037
0.00345776
0.00285096
0.0022754
0.00192112
0.0015817
0.00138119
0.0011837
0.0010652
0.000940556
0.00086085
0.000767412
0.000700936
0.000624212
0.000569302
0.000511289
0.000470152
0.0004314
0.000405255
0.000383928
0.000373277
0.00036719
0.000372631
0.000380601
0.000403397
0.000426074
0.000468286
0.000508252
0.000572378
0.00063345
0.000721571
0.000807452
0.000920078
0.00103258
0.00116738
0.00130468
0.00145543
0.00161069
0.00176683
0.00192771
0.00207468
0.00222419
0.0023449
0.00246344
0.00254075
0.00260941
0.0026292
0.00263361
0.0025879
0.00252174
0.00241095
0.00227822
0.00211203
0.00192722
0.00172342
0.00150951
0.00129118
0.00107563
0.000867131
0.000677
0.000499825
0.000357021
0.000226441
0.00014413
6.72443e-05
5.51063e-05
3.39236e-05
0.000134036
0.000218684
0.000536769
0.000850786
0.00154308
0.00227067
0.00347587
0.00476695
0.00652164
0.00839339
0.0106041
0.0129484
0.0153969
0.0179568
0.0202844
0.0225745
0.0242979
0.0256929
0.0263845
0.0263543
0.0263938
0.0216513
0.021443
0.0210082
0.0199656
0.018364
0.0164324
0.0143599
0.0122516
0.0103491
0.00854026
0.00706446
0.00569371
0.00465144
0.00370402
0.00302571
0.00242456
0.00201731
0.00166102
0.00142675
0.00121833
0.00107909
0.000946204
0.000851716
0.000751416
0.000673437
0.000591726
0.00052939
0.000467683
0.00042196
0.000380632
0.000351774
0.000328528
0.000315717
0.000307896
0.000310536
0.000316601
0.000335167
0.000355629
0.000391978
0.000429527
0.000486563
0.00054535
0.000626077
0.000710275
0.000816415
0.000928346
0.00105879
0.00119702
0.00134652
0.00150437
0.00166281
0.00182784
0.00198048
0.00213523
0.0022642
0.00238835
0.00247523
0.00254903
0.00257822
0.00258647
0.00254864
0.00248447
0.00237917
0.00224638
0.00208312
0.00189652
0.00169373
0.00147702
0.00125912
0.00104082
0.000833929
0.00064221
0.000469599
0.000327324
0.000205614
0.000126592
6.4249e-05
6.06528e-05
6.98563e-05
0.00018747
0.000332372
0.000681694
0.0010923
0.00183219
0.00267805
0.00394236
0.0053381
0.00714985
0.0090798
0.0113294
0.013666
0.0161223
0.0185988
0.0209
0.0230495
0.0247244
0.0260134
0.0266682
0.026835
0.0268723
0.022361
0.0221536
0.0217197
0.0206848
0.0190144
0.0170982
0.0149784
0.0128863
0.0108869
0.00909111
0.00747576
0.00611421
0.00493174
0.00399017
0.00319785
0.00259996
0.00211051
0.00175569
0.00146723
0.00125931
0.00108471
0.000951909
0.000831215
0.000730949
0.000633483
0.00055182
0.00047667
0.000414999
0.000361668
0.000320364
0.000287187
0.000263956
0.000247721
0.000239904
0.00023787
0.000243932
0.000255189
0.000275639
0.000301726
0.000339252
0.000383876
0.000442628
0.000510515
0.000594663
0.000689786
0.000801649
0.000925152
0.00106329
0.00121165
0.0013694
0.00153327
0.0016982
0.00186239
0.00201705
0.00216206
0.00228614
0.00239102
0.00246477
0.00251101
0.00251926
0.00249493
0.0024308
0.00233382
0.00220112
0.00204082
0.00185433
0.00165054
0.00143396
0.00121386
0.000995687
0.00078888
0.000597276
0.000430487
0.000288297
0.000180723
0.000101748
6.7338e-05
6.37432e-05
0.000126821
0.000244015
0.00048916
0.000836542
0.00140391
0.00213863
0.00317746
0.00443196
0.00601314
0.00781049
0.00986988
0.0121017
0.0144645
0.0169013
0.0192939
0.0215774
0.0236056
0.0252685
0.0265184
0.0271682
0.0273353
0.027372
0.0232364
0.0230293
0.022701
0.0216496
0.0198513
0.0179373
0.0156082
0.0135307
0.0113496
0.00956451
0.00779137
0.00643631
0.00512176
0.00418396
0.00329568
0.00269932
0.00215214
0.00179788
0.00147775
0.00126997
0.00107555
0.000942751
0.000803085
0.000702848
0.000584668
0.000503038
0.000413332
0.000351703
0.000290674
0.000249413
0.000212447
0.00018925
0.000170049
0.000162252
0.000155374
0.000161435
0.000164306
0.000184728
0.000198636
0.000236107
0.000265961
0.000324634
0.000377549
0.000461591
0.000544561
0.000656306
0.000773448
0.000911463
0.00106145
0.00121909
0.00139339
0.00155822
0.00174076
0.00189533
0.00206395
0.00218798
0.00231783
0.00239157
0.00245975
0.00246804
0.00245884
0.00239478
0.00230393
0.00217133
0.00200821
0.00182184
0.00160879
0.00139234
0.00116096
0.000942924
0.000728213
0.000536746
0.000370519
0.000228457
0.000133564
5.47043e-05
4.35909e-05
4.00285e-05
0.000135771
0.000252844
0.000559801
0.000906251
0.00159039
0.0023221
0.00354444
0.00479211
0.00659144
0.00837668
0.0106254
0.0128404
0.0153208
0.0177368
0.0201584
0.0224254
0.0244041
0.0260622
0.0272274
0.0278867
0.0278889
0.0279257
0.0240857
0.0238688
0.0235454
0.022458
0.0206768
0.0186927
0.0163829
0.0141951
0.0120271
0.0100995
0.00833583
0.00682477
0.00551653
0.00443418
0.00354809
0.00283797
0.00229061
0.00185783
0.00153702
0.00127915
0.00108362
0.000918257
0.000777239
0.000655067
0.000536084
0.000443417
0.000353774
0.000292856
0.00023187
0.000199261
0.00016232
0.000150401
0.000131213
0.000131942
0.000125069
0.000132595
0.000135465
0.000147906
0.000161804
0.000181803
0.000211637
0.000245587
0.000298464
0.000354524
0.000437435
0.000522807
0.000639867
0.000757816
0.000907702
0.00105509
0.00122927
0.00139521
0.00157762
0.0017439
0.00191241
0.00205582
0.00218558
0.00228202
0.00235016
0.00237974
0.00237056
0.00232253
0.00223175
0.00210801
0.00194501
0.00176098
0.00154807
0.00133059
0.00109937
0.000881932
0.00066737
0.000483751
0.00031764
0.000195555
0.000100728
5.7575e-05
4.5092e-05
9.69736e-05
0.000193123
0.000402109
0.000710725
0.0012009
0.00188611
0.00280468
0.00402594
0.00546484
0.00725562
0.00918509
0.0114184
0.0136896
0.0161521
0.0185249
0.0209253
0.0230762
0.0250387
0.026588
0.0277424
0.0283674
0.0283669
0.028409
0.0250028
0.0247754
0.0244513
0.0233311
0.0215681
0.0195085
0.0172195
0.0149124
0.0127621
0.0106774
0.00892673
0.00724424
0.00594472
0.00470437
0.00382349
0.00298818
0.00244341
0.00192331
0.00160345
0.00128889
0.00109352
0.000890617
0.000749586
0.000602517
0.000483621
0.000379036
0.000289461
0.00022931
0.00016837
0.000145105
0.000108192
0.000108449
8.92758e-05
9.92119e-05
9.2344e-05
0.000101454
0.000104321
0.000108143
0.00012203
0.000123164
0.000152975
0.000160228
0.000213066
0.000238908
0.000321757
0.000378649
0.000495622
0.000591902
0.000741675
0.00087799
0.00105205
0.00121919
0.00140146
0.00158038
0.00174876
0.00191311
0.00204277
0.00216373
0.00223182
0.0022844
0.00227522
0.00224452
0.0021538
0.00203964
0.00187676
0.00169525
0.0014825
0.00126392
0.00103286
0.00081607
0.00060167
0.000426524
0.000260538
0.000160026
6.52703e-05
6.0675e-05
4.82012e-05
0.000163134
0.000258942
0.000572536
0.00087928
0.00153017
0.00221031
0.00333573
0.00454723
0.00619675
0.00797283
0.01006
0.0122747
0.0146074
0.017049
0.0193737
0.0217534
0.023779
0.0257239
0.0271559
0.0282984
0.0288801
0.0288831
0.0289308
0.0258792
0.0256515
0.0250775
0.0239793
0.0223388
0.0202984
0.0180862
0.0157758
0.0135731
0.0114713
0.00959808
0.00789228
0.00644197
0.00517778
0.00414738
0.00329105
0.00262025
0.0020835
0.00167214
0.00134506
0.00109003
0.000877799
0.000703028
0.000550109
0.000420294
0.000313493
0.000229119
0.000169156
0.000125174
0.000103716
8.98332e-05
9.24265e-05
9.53064e-05
0.000107002
0.00011473
0.000124138
0.000129451
0.000131617
0.000133732
0.000131246
0.000135923
0.000138046
0.000155887
0.000175916
0.000219257
0.000270647
0.000349692
0.000441751
0.000560759
0.00069486
0.000849312
0.00101658
0.0011921
0.00137333
0.00154701
0.00171527
0.00185938
0.00198496
0.00207247
0.00212943
0.00214034
0.00211298
0.0020398
0.00192755
0.00177836
0.00159745
0.0013956
0.00117695
0.000957204
0.000740678
0.00054259
0.000369186
0.000229305
0.000132998
7.8476e-05
8.12804e-05
0.000130462
0.000260239
0.000463801
0.000800775
0.00127183
0.00195378
0.00283391
0.00399388
0.00538296
0.00706213
0.00893599
0.0110382
0.0132474
0.0155748
0.0179051
0.0202033
0.0223867
0.0243709
0.0260995
0.0274872
0.0284968
0.0290567
0.0293179
0.0293656
0.0270312
0.0268049
0.0264308
0.0253257
0.0234777
0.021454
0.0190048
0.0167177
0.0143106
0.0122255
0.0101408
0.00844602
0.00679224
0.00553442
0.00433886
0.00348546
0.00269927
0.00216343
0.00167822
0.00135116
0.00104889
0.000836487
0.000628117
0.000475236
0.000327471
0.000220764
0.000144886
8.49762e-05
6.942e-05
4.7981e-05
7.17832e-05
7.43741e-05
0.00011285
0.000124535
0.000155529
0.000164928
0.000174024
0.000176188
0.000159833
0.000157348
0.000123296
0.000125417
9.04784e-05
0.00011049
9.60697e-05
0.000147414
0.000173733
0.000265711
0.000345913
0.000479896
0.000615343
0.000782459
0.000960433
0.0011415
0.0013362
0.00150431
0.00168131
0.00180679
0.00193032
0.00198723
0.00202879
0.00200146
0.00194761
0.00183546
0.00169268
0.00151193
0.0013069
0.00108844
0.000863541
0.000647205
0.00045202
0.000278769
0.000159779
6.35563e-05
5.46286e-05
5.74305e-05
0.000177502
0.00030711
0.000609687
0.000945453
0.00157132
0.00224948
0.00334583
0.0044975
0.00613087
0.00779598
0.00987579
0.0119589
0.0142754
0.0165804
0.0188977
0.0211726
0.023251
0.0252137
0.0268184
0.0282027
0.0291588
0.0297292
0.0298141
0.0298613
0.028129
0.0278925
0.0275221
0.0263845
0.0245612
0.0224707
0.0200442
0.0176456
0.0152465
0.013001
0.0109172
0.00902929
0.00737309
0.00592048
0.0047193
0.0036981
0.00290585
0.0022442
0.00175413
0.00134384
0.00103767
0.000778264
0.000566917
0.000400485
0.000252283
0.000167651
9.23361e-05
8.51706e-05
7.12897e-05
0.000120742
0.000146718
0.000222892
0.000263403
0.000335892
0.000368209
0.000412973
0.00042228
0.000426751
0.00040934
0.00037476
0.000338494
0.000279078
0.000241127
0.00018023
0.000162509
0.000126712
0.000150007
0.000162109
0.000240069
0.000312686
0.000447006
0.000578135
0.000756195
0.000927975
0.00112382
0.00130524
0.00148407
0.00163731
0.00176286
0.00185205
0.00189535
0.00189589
0.00184315
0.00174897
0.00160656
0.00143341
0.00122821
0.00101177
0.000786594
0.000575672
0.000380646
0.000227049
0.000109213
5.68228e-05
5.04015e-05
0.000128409
0.000250541
0.000490201
0.000798916
0.00129122
0.00192714
0.00280329
0.0039106
0.00526217
0.00690308
0.00871379
0.0107912
0.0129248
0.0152299
0.0174789
0.019778
0.0219097
0.0239558
0.0257462
0.0273167
0.0285778
0.02952
0.0300778
0.0301634
0.0302348
0.0292394
0.0289967
0.0284788
0.0273481
0.0256107
0.023498
0.021135
0.0186614
0.0162644
0.0138969
0.0117781
0.00974152
0.00802868
0.00642529
0.00515748
0.00400428
0.00314828
0.0023853
0.00184531
0.00136586
0.00102842
0.000728812
0.000507074
0.000329208
0.000191427
0.000123947
7.25755e-05
0.000106336
0.000126388
0.00023083
0.000294756
0.000428001
0.000503619
0.000623266
0.000681565
0.000753756
0.000775288
0.000781548
0.000760388
0.000700913
0.000645436
0.000538273
0.000468683
0.000345028
0.00028815
0.000184741
0.000167168
0.00011729
0.000158243
0.000183232
0.000288754
0.000391917
0.000551793
0.000716315
0.000904789
0.00109649
0.001277
0.00145173
0.00158494
0.00169917
0.00175262
0.00177479
0.00173178
0.00165157
0.0015169
0.00134968
0.00115041
0.000935602
0.000716465
0.000509805
0.000324114
0.000185811
8.41956e-05
6.58287e-05
8.61504e-05
0.00022249
0.00038383
0.000716307
0.00108511
0.00170911
0.00241725
0.00345428
0.0046234
0.00613302
0.00779819
0.0097202
0.0117745
0.0139413
0.0161855
0.0183833
0.0205956
0.0226074
0.0245553
0.0261988
0.0276859
0.0288378
0.0297272
0.0302563
0.0304731
0.0305609
0.030499
0.0302579
0.0298423
0.0287286
0.0268588
0.0247756
0.0222793
0.0198337
0.0172681
0.0149229
0.0125785
0.0105579
0.00859301
0.00699987
0.0054967
0.00434884
0.00330158
0.0025405
0.0018636
0.00138431
0.000963874
0.000664012
0.000411314
0.000233521
0.000124032
5.66271e-05
9.49641e-05
0.000128687
0.000279302
0.000383627
0.000593975
0.000727072
0.000937777
0.00105729
0.00121467
0.00128678
0.00135353
0.00135979
0.00132196
0.00126255
0.00113142
0.00102437
0.000833056
0.00070954
0.000505045
0.000401751
0.000234061
0.000184238
9.45936e-05
0.000119555
0.000130481
0.000233529
0.00034283
0.000507169
0.00068763
0.000879118
0.00108435
0.00125888
0.00143437
0.00154847
0.0016455
0.00166765
0.00165666
0.00157654
0.00145636
0.00128933
0.00108972
0.000875148
0.000651604
0.000445174
0.000267181
0.000129032
6.46235e-05
4.6277e-05
0.000147113
0.000283301
0.000578566
0.000910432
0.0014661
0.00208691
0.00302811
0.00405724
0.00546029
0.0069562
0.00878495
0.0106887
0.0127888
0.014936
0.0171033
0.0192827
0.0213178
0.023315
0.0250416
0.0266758
0.0279906
0.0291374
0.0300106
0.0305368
0.0307522
0.0308396
0.0317638
0.0315166
0.0311079
0.0299579
0.028136
0.0260056
0.0235167
0.0209822
0.0184022
0.0159036
0.0135341
0.0113104
0.00931588
0.00750289
0.00596987
0.00462004
0.00354812
0.00262776
0.00193391
0.00135129
0.000920742
0.000579677
0.000323425
0.000172966
7.04296e-05
0.000102037
0.000154613
0.000342728
0.000514284
0.00080185
0.00103567
0.00134987
0.00158217
0.00185019
0.00202332
0.00218667
0.00226048
0.00228593
0.00224524
0.00213051
0.00198713
0.0017601
0.00154933
0.0012612
0.00103336
0.000747061
0.000555976
0.000332041
0.000222519
0.000105539
0.000102707
0.000111069
0.000213923
0.000335331
0.000516236
0.000710486
0.000921221
0.00112984
0.00131319
0.0014741
0.0015785
0.00164232
0.001636
0.00157989
0.00146073
0.00129617
0.00109451
0.000866658
0.000640006
0.000418634
0.000239379
0.000103531
4.27834e-05
6.29658e-05
0.000174533
0.000399301
0.000711014
0.0011791
0.00175872
0.0025495
0.00352246
0.00471897
0.00615435
0.00776261
0.00961274
0.0115375
0.0136393
0.0157153
0.0178682
0.0199062
0.0219144
0.0237349
0.025419
0.0268973
0.0281646
0.0292429
0.0300768
0.0306513
0.0308736
0.0310034
0.0329226
0.0326737
0.0320607
0.030932
0.0292302
0.0271101
0.0247438
0.0221782
0.019606
0.0170331
0.0145938
0.0122661
0.0101537
0.00822532
0.00654809
0.00508889
0.00387141
0.00286188
0.00205021
0.00140778
0.000911751
0.000546407
0.000294907
0.000160791
0.000129902
0.000215918
0.000383387
0.000656252
0.00097173
0.00135984
0.00174489
0.00215844
0.00252586
0.00287536
0.00314656
0.00335996
0.00347985
0.00351584
0.00346261
0.00331754
0.00310573
0.00281288
0.00248905
0.00211062
0.00174266
0.00135593
0.00101812
0.000698611
0.000455343
0.00026042
0.000152091
0.00010839
0.000142546
0.000240278
0.000390171
0.000585819
0.000797166
0.00102439
0.00122903
0.00141558
0.00154914
0.00163581
0.00165505
0.00161217
0.00150768
0.00134458
0.0011453
0.000910289
0.000678617
0.000449173
0.000267481
0.000132986
8.50834e-05
0.000126432
0.000279435
0.000552755
0.000947499
0.00149656
0.00219745
0.00308885
0.00416933
0.00546052
0.00693957
0.00860757
0.0104145
0.0123453
0.0143367
0.0163667
0.0183752
0.0203306
0.0221875
0.023909
0.0254693
0.0268585
0.028058
0.0290871
0.0298935
0.0304689
0.0308401
0.0309907
0.0343208
0.0340731
0.0336382
0.0325087
0.0307243
0.0286136
0.026105
0.0235308
0.0208073
0.0181874
0.0155596
0.0131506
0.0108318
0.00880432
0.0069379
0.00538101
0.00401548
0.00292622
0.00201669
0.00132592
0.000784776
0.000412612
0.000173119
8.09724e-05
0.000139805
0.000318326
0.000653593
0.00105353
0.0015857
0.00211568
0.00273069
0.00327877
0.00385193
0.0043075
0.00472696
0.00500147
0.00518871
0.00523169
0.00515531
0.00496277
0.0046429
0.00425657
0.00375915
0.00325674
0.00267896
0.0021574
0.00160706
0.00116194
0.000734782
0.000440322
0.000200052
9.35515e-05
5.8902e-05
0.000133359
0.000275107
0.000481916
0.000731082
0.000992508
0.00125815
0.00148708
0.00167986
0.00180235
0.00185821
0.00183333
0.00173147
0.00156344
0.00133376
0.00107309
0.000791085
0.00052428
0.000294444
0.000124662
5.653e-05
8.00539e-05
0.000262762
0.000548247
0.00103161
0.00162004
0.00244196
0.00337996
0.00458882
0.00590776
0.00748372
0.00914325
0.0109777
0.012866
0.0148142
0.0167835
0.0187068
0.0205981
0.0223462
0.0240136
0.0254565
0.0268181
0.0279407
0.0289811
0.0298225
0.0304483
0.030834
0.0310103
0.035495
0.035249
0.0346716
0.0335755
0.0318995
0.0298138
0.0274007
0.0247849
0.0220958
0.0193509
0.0167106
0.0141135
0.0117487
0.00950427
0.0075691
0.00580167
0.00436051
0.00309998
0.00212928
0.00133494
0.000767752
0.000383675
0.000168484
0.000170911
0.000300657
0.000671369
0.00110356
0.00176772
0.00241283
0.00323792
0.00396531
0.00479329
0.00546152
0.00613786
0.0066208
0.00702252
0.00723223
0.00728976
0.00719184
0.00690053
0.0065189
0.00593805
0.00534862
0.00458825
0.00390236
0.00310028
0.00244159
0.00173521
0.00121409
0.000712698
0.000403834
0.000166868
9.45357e-05
0.000120805
0.000255259
0.00048552
0.00075176
0.00108451
0.00138161
0.00169881
0.00192575
0.00212272
0.0022046
0.00221703
0.00212529
0.00194681
0.00170838
0.00139413
0.001087
0.000742301
0.00047842
0.000235184
0.00013499
0.00012156
0.000286078
0.000597206
0.00108468
0.00176314
0.00260647
0.00365688
0.0048722
0.00626582
0.00781395
0.00947163
0.0112499
0.0130602
0.0149438
0.0167907
0.0186566
0.020416
0.0221244
0.0236771
0.0251095
0.0263996
0.0275395
0.0285741
0.0294175
0.0300982
0.0305569
0.0307816
0.0367346
0.0364931
0.0360546
0.0349696
0.0332822
0.0312242
0.0287692
0.0261687
0.0233686
0.0206043
0.0177702
0.0151194
0.0125115
0.0101924
0.00801178
0.00616614
0.00451521
0.0031898
0.00207545
0.00124591
0.000630007
0.000253853
0.000109945
0.000170817
0.00050804
0.000986657
0.00174258
0.00254427
0.00357741
0.00454843
0.00566827
0.00662784
0.00763156
0.00840439
0.00911325
0.00956109
0.00985232
0.00989848
0.00972649
0.00936861
0.00877166
0.00808034
0.00717131
0.00627487
0.00521778
0.00427603
0.00325307
0.00242509
0.00160023
0.00101277
0.000499582
0.000222283
6.25575e-05
9.54188e-05
0.000253111
0.000529159
0.000901548
0.00130436
0.00174809
0.0021406
0.00250718
0.00276553
0.00293814
0.00298253
0.00290566
0.00272112
0.00241565
0.00205745
0.00161766
0.00119994
0.000772861
0.000443305
0.000195458
0.000101892
0.000181429
0.000437194
0.000938194
0.00159391
0.00251271
0.00355469
0.00482853
0.00620582
0.00774492
0.00937216
0.0110656
0.0128414
0.014607
0.0164289
0.0181898
0.0199409
0.0215717
0.0231358
0.0245245
0.0258476
0.0270009
0.0280843
0.0290324
0.0297697
0.0303169
0.0305632
0.0376736
0.0374411
0.0368429
0.0358138
0.0342604
0.0322687
0.0299435
0.0273477
0.0246123
0.0217606
0.0189313
0.0161168
0.0134655
0.0109409
0.00868128
0.00662811
0.00488587
0.0033921
0.00220784
0.00129035
0.00065904
0.000311232
0.000226645
0.000447843
0.000904166
0.00165586
0.00256042
0.0037106
0.00490563
0.00624672
0.00751691
0.00881039
0.00992974
0.0109476
0.0117192
0.0122843
0.0125755
0.0125931
0.0123582
0.0118317
0.0111188
0.0101475
0.00908804
0.00784656
0.00662825
0.00533225
0.00416213
0.00302573
0.00208954
0.00128382
0.000710122
0.000330512
0.000166806
0.000216359
0.000422209
0.00081431
0.00127349
0.00185381
0.00240281
0.00298607
0.00345323
0.00386685
0.00411326
0.00423826
0.0041914
0.00399116
0.00366324
0.00319343
0.00268013
0.00207742
0.0015373
0.000989426
0.000608798
0.000313051
0.000263474
0.000380326
0.000771881
0.00136678
0.00220813
0.00323004
0.00443821
0.00577866
0.00724811
0.008799
0.01043
0.0121082
0.0138301
0.0155677
0.0173074
0.0190106
0.020653
0.022214
0.0236557
0.0250199
0.026245
0.0274022
0.0283708
0.0291925
0.0297862
0.0300821
0.0386033
0.0383831
0.0379618
0.0369754
0.0354331
0.0335138
0.0311808
0.0286314
0.0258284
0.0229568
0.0199812
0.0170795
0.0142319
0.0115766
0.00911498
0.00692029
0.00500666
0.00339656
0.00210202
0.00113074
0.000481603
0.000172567
0.000187554
0.000549813
0.00123401
0.00221376
0.00345054
0.00487463
0.00644893
0.00806541
0.00970187
0.0112269
0.0126401
0.0138067
0.0147517
0.0153571
0.0156722
0.0156138
0.0152498
0.014543
0.0135701
0.0123445
0.0109383
0.00941186
0.00781884
0.00625635
0.00474606
0.00340794
0.00222104
0.00131353
0.000615926
0.000252059
0.000104258
0.000283774
0.000631759
0.00124416
0.00193428
0.00278477
0.00359951
0.00445269
0.00516036
0.0057927
0.00620007
0.0064499
0.00644667
0.00625074
0.00583541
0.00524393
0.0045255
0.003692
0.00286678
0.00201538
0.00132438
0.000701694
0.000378295
0.000198948
0.000413025
0.000789915
0.00154989
0.00242563
0.00358033
0.00481437
0.00622181
0.00769271
0.00925504
0.0108879
0.0125693
0.0143072
0.0160592
0.0178093
0.0195066
0.0211532
0.0226743
0.0241488
0.0254778
0.0267448
0.0278612
0.0287725
0.0294531
0.0297815
0.0391451
0.0389345
0.0385166
0.0375837
0.0361642
0.034318
0.0321261
0.0296181
0.0268822
0.0239964
0.0209848
0.0180177
0.015044
0.0122894
0.00965093
0.00734723
0.00525661
0.00355714
0.00214467
0.00113432
0.000484748
0.000210942
0.0003717
0.000847775
0.00180185
0.0029542
0.0045455
0.00617675
0.00812415
0.00994877
0.0119134
0.0136133
0.0152526
0.0165314
0.017559
0.0181946
0.0184314
0.0183154
0.017722
0.0168788
0.0155627
0.0141446
0.0123399
0.0105979
0.00862151
0.00685758
0.00504979
0.0035593
0.00221925
0.00123499
0.000564236
0.000212543
0.00027749
0.000555601
0.00127645
0.0020558
0.00322476
0.00427992
0.0056051
0.00666275
0.00782965
0.0086277
0.00936528
0.00970975
0.00984805
0.00965553
0.00916199
0.00847846
0.0074655
0.00645723
0.00515915
0.00407774
0.00280207
0.00193147
0.000995361
0.000591169
0.000259553
0.000460092
0.000807731
0.00156345
0.00243242
0.00358627
0.00480166
0.00622129
0.00767712
0.00929014
0.0109505
0.0127045
0.0145151
0.016317
0.0181424
0.0198699
0.0215719
0.02314
0.024659
0.0260069
0.0272615
0.0282222
0.0289577
0.0293087
0.0393085
0.0391235
0.0386458
0.0378159
0.0365065
0.0348246
0.0327281
0.0303511
0.0276707
0.024815
0.0218126
0.0187666
0.0157649
0.0128514
0.0101571
0.00766323
0.00550844
0.00364907
0.00219308
0.00111977
0.000472721
0.00028259
0.000506552
0.00121695
0.00228211
0.00377737
0.00549007
0.00750928
0.00957786
0.011766
0.013829
0.0158015
0.0174974
0.0189055
0.0199359
0.0205292
0.0207121
0.0203838
0.0196875
0.0184953
0.0170442
0.0152006
0.0132531
0.0110875
0.00898855
0.00688661
0.00500307
0.00333487
0.00198689
0.0010375
0.000437955
0.00035337
0.000567951
0.00132745
0.00226294
0.00368346
0.00510737
0.00687959
0.00846733
0.0102168
0.0116179
0.0129798
0.013889
0.0145809
0.0148017
0.0146807
0.0141651
0.0132571
0.0121166
0.0106105
0.00909314
0.00730351
0.0057434
0.00404716
0.00279783
0.00156361
0.00090942
0.000395925
0.000489401
0.000716181
0.00141521
0.00221721
0.00333816
0.00455454
0.00598235
0.00752416
0.00920919
0.01101
0.0128843
0.014829
0.0167484
0.0186817
0.0204915
0.0222806
0.0238896
0.0254136
0.0267008
0.0277601
0.0285234
0.0289036
0.0390766
0.0389116
0.0385585
0.0378028
0.036602
0.0350473
0.0330767
0.0308247
0.028208
0.0254271
0.0223981
0.0193606
0.0162556
0.0132936
0.0104546
0.00788026
0.00558068
0.0036453
0.00209302
0.000990504
0.000345577
0.000203196
0.000549826
0.00138382
0.00267113
0.00433741
0.00633518
0.00853318
0.0108898
0.0132271
0.015526
0.017585
0.0194175
0.0208275
0.0218641
0.0223677
0.022419
0.02192
0.0209722
0.019556
0.0177758
0.0156966
0.0134034
0.0110402
0.00864885
0.006437
0.00438194
0.00273319
0.0013875
0.000612725
0.000217726
0.000467423
0.00108621
0.00232023
0.00382445
0.00581763
0.00791073
0.0102937
0.0125667
0.0148945
0.0169045
0.018741
0.0200961
0.0210969
0.021533
0.0215113
0.0209436
0.019906
0.0184456
0.0165904
0.014522
0.0122
0.00992634
0.00757364
0.00553683
0.00359829
0.00219075
0.00103191
0.000528857
0.000249313
0.000544415
0.0010088
0.00189205
0.00293192
0.00426405
0.00576691
0.00748024
0.00934973
0.0113529
0.0134405
0.0155529
0.0176637
0.0196879
0.0216431
0.0234431
0.0250749
0.0264918
0.0275852
0.0283696
0.0287474
0.0382793
0.0381288
0.0378186
0.0371208
0.0360956
0.0346359
0.0328796
0.0307218
0.0282791
0.0255622
0.0226287
0.0196139
0.0165219
0.0135443
0.0106536
0.00803948
0.00565861
0.00368346
0.00207186
0.000957664
0.000327167
0.000219722
0.000673403
0.00158546
0.0030419
0.00480816
0.00699465
0.00929188
0.0118118
0.014225
0.0166219
0.0187148
0.0205513
0.021942
0.0228773
0.0233069
0.0231606
0.0225426
0.0213306
0.0197703
0.0177072
0.0154867
0.0129514
0.0104817
0.00795148
0.00569907
0.00366421
0.002066
0.000938568
0.000319864
0.000355625
0.000867351
0.00211456
0.00370164
0.00598745
0.00839543
0.0113533
0.0141722
0.0173055
0.0200437
0.0228152
0.0249895
0.0269186
0.0281435
0.0288946
0.0289538
0.0283981
0.0272843
0.0255222
0.0234379
0.0207795
0.0180975
0.015004
0.0121971
0.00919514
0.0067568
0.00434054
0.0026963
0.00128912
0.000606857
0.000228693
0.000419383
0.000890678
0.00179284
0.00295211
0.00443421
0.00616315
0.00809713
0.0102454
0.0124488
0.014779
0.0170226
0.0192757
0.0213425
0.0233093
0.0249974
0.026464
0.0275536
0.0282891
0.0286543
0.0370261
0.0368942
0.0365781
0.0359587
0.035043
0.0337158
0.0321123
0.0300923
0.0278183
0.0252076
0.0224285
0.0194741
0.0164974
0.0135339
0.0107133
0.00808078
0.00573817
0.00373856
0.00215584
0.00104154
0.000446787
0.000382184
0.000875548
0.00186759
0.00335323
0.00521478
0.00741603
0.0097997
0.0123032
0.0147714
0.017116
0.0192153
0.020966
0.0223065
0.0231323
0.0234579
0.0231937
0.0224324
0.0211141
0.0193959
0.0172599
0.0148992
0.0123455
0.00978868
0.0073122
0.00505892
0.0031615
0.00167399
0.0007714
0.000387736
0.000730306
0.00159829
0.00321963
0.00526424
0.00796866
0.0108999
0.0142918
0.0176526
0.0212028
0.0244479
0.0275859
0.0301786
0.0323927
0.0339008
0.0348289
0.0350019
0.0344952
0.0333087
0.0314568
0.0291152
0.026228
0.0231258
0.0196763
0.0163255
0.012866
0.00981218
0.00687661
0.00460431
0.00264316
0.0014148
0.000562789
0.000368129
0.000540744
0.00124124
0.00228623
0.00372748
0.00547898
0.00748546
0.00972971
0.0120669
0.0145157
0.0169055
0.0192574
0.0214339
0.0234336
0.0251561
0.0265762
0.0276317
0.0282757
0.0286127
0.0355317
0.0354245
0.0351138
0.0346008
0.0337465
0.032611
0.0310733
0.0292741
0.027054
0.0246475
0.0219036
0.0191123
0.0161559
0.0133055
0.010491
0.00792594
0.00557845
0.00361827
0.00203038
0.000952429
0.00036516
0.000351422
0.000875293
0.00192957
0.00346034
0.00537748
0.00761209
0.0100275
0.0125547
0.0150192
0.0173711
0.0194264
0.0211646
0.0224231
0.0232164
0.0234326
0.0231202
0.022239
0.0208646
0.0190379
0.0168488
0.014415
0.0118235
0.00925187
0.00676497
0.00457389
0.00270342
0.00136634
0.000534062
0.000390692
0.000847678
0.00203688
0.0038116
0.00623927
0.00912538
0.0124742
0.0160611
0.0198412
0.0235819
0.0272137
0.0305195
0.0334331
0.0357756
0.0375101
0.0385138
0.0387965
0.0383041
0.0370969
0.035195
0.0326982
0.0296998
0.0263148
0.0227017
0.0189586
0.0152959
0.0117645
0.00860057
0.00580045
0.00361037
0.00188845
0.000861223
0.000316917
0.00039376
0.000942738
0.00197347
0.00343791
0.00523465
0.00737121
0.00968937
0.012188
0.014713
0.0172309
0.0196348
0.0218566
0.0238619
0.0255272
0.0269003
0.0278289
0.0284493
0.0287134
0.033844
0.033746
0.0335189
0.0330367
0.032314
0.0312338
0.0298795
0.0281535
0.0261147
0.0237896
0.021202
0.0184898
0.0156534
0.0128719
0.0101402
0.0076301
0.00533552
0.00341665
0.00186699
0.000819596
0.000274157
0.000281774
0.000855964
0.00192082
0.00350029
0.00541357
0.00768951
0.0100875
0.0126341
0.0150714
0.0174157
0.0194395
0.0211425
0.0223716
0.0231065
0.0233011
0.0229159
0.0220252
0.0205759
0.0187534
0.0165014
0.0140846
0.0114564
0.00891105
0.00642625
0.00426525
0.002444
0.00113469
0.000401897
0.000278251
0.000881946
0.00207873
0.00403843
0.00645994
0.00955557
0.012886
0.0166902
0.020444
0.0243926
0.0279964
0.0314841
0.0343754
0.0368596
0.0385837
0.039678
0.0399658
0.0395048
0.038318
0.0363837
0.0339189
0.030823
0.0274744
0.0237019
0.0199908
0.0161144
0.0126001
0.00918282
0.00637348
0.00388469
0.00213842
0.00086195
0.000315304
0.000283309
0.000872634
0.00194516
0.00348087
0.00542035
0.0076307
0.0101198
0.0126681
0.0153283
0.0178546
0.0203154
0.0224984
0.0244621
0.0260512
0.0273017
0.0281394
0.0285774
0.0287973
0.0320109
0.0319251
0.0316643
0.0312325
0.0305718
0.0295842
0.0283337
0.0267225
0.0248485
0.0226443
0.0202599
0.0176623
0.0150325
0.0123493
0.00980305
0.00737122
0.00523361
0.00337586
0.00194816
0.000948258
0.000471277
0.000512212
0.0010824
0.00216243
0.00367057
0.00558036
0.00774286
0.0101199
0.0125289
0.0149323
0.017142
0.019126
0.0207247
0.0219162
0.0225995
0.022766
0.0223942
0.0214902
0.0201189
0.0183005
0.016177
0.0137806
0.0113059
0.00879289
0.00645329
0.00433003
0.00261095
0.00133705
0.00063363
0.000535822
0.0010774
0.0022851
0.0040878
0.00650319
0.00936047
0.0126694
0.0161829
0.0199051
0.0235506
0.0271208
0.0303375
0.033202
0.0354887
0.0372005
0.0382012
0.0384958
0.0380596
0.0368988
0.0351031
0.0326784
0.0298125
0.026509
0.0230217
0.0193497
0.01577
0.012275
0.00912935
0.00630573
0.00400748
0.00222752
0.00107294
0.00051866
0.000589011
0.00122526
0.00239556
0.00401999
0.00602791
0.00833165
0.010829
0.0134395
0.0160386
0.0185737
0.0209139
0.0230443
0.0248461
0.0263323
0.0274224
0.0281451
0.0285235
0.0286876
0.0301968
0.0301265
0.0299381
0.0295737
0.0289736
0.0281136
0.0269396
0.0254975
0.0236746
0.0216618
0.0193039
0.0169007
0.0142824
0.0117786
0.00923441
0.00695275
0.00480844
0.00306366
0.00162794
0.00070089
0.000231792
0.000304277
0.000911427
0.00198092
0.00354564
0.00540509
0.00762568
0.00992654
0.0123922
0.0147129
0.0169706
0.0188861
0.0205178
0.0216725
0.022369
0.0225415
0.022161
0.0213073
0.0199059
0.0181727
0.0160012
0.0137055
0.0111706
0.00874741
0.0063424
0.00426897
0.00248634
0.00119593
0.000436685
0.000237718
0.000734851
0.0017508
0.00352148
0.00566315
0.00849946
0.0114758
0.0149763
0.0183419
0.0219786
0.02521
0.028419
0.0310048
0.0332828
0.0348123
0.0358033
0.0360365
0.0355907
0.0344977
0.0326953
0.0304588
0.027592
0.0245729
0.0210932
0.0177659
0.0142052
0.0110722
0.00795273
0.00546064
0.00318713
0.00169528
0.000598724
0.000305051
0.00048542
0.00135675
0.00267306
0.00448297
0.0066418
0.00905067
0.0116722
0.0142899
0.0169624
0.0194084
0.0217565
0.0237218
0.0254675
0.0267536
0.0277413
0.0282777
0.0284977
0.0285801
0.0283293
0.0282638
0.028075
0.0277238
0.0272102
0.0263757
0.0253448
0.0239421
0.0223299
0.0203688
0.0182655
0.0159208
0.0135655
0.011119
0.00881616
0.00658605
0.00464426
0.0029433
0.00165608
0.000761488
0.000365927
0.000453604
0.00104289
0.00210696
0.00357098
0.00540867
0.007477
0.00974545
0.0120375
0.0143232
0.0164242
0.0183106
0.0198382
0.0209772
0.0216482
0.021823
0.021506
0.0206731
0.0194154
0.0177177
0.0157426
0.0134891
0.01116
0.00877473
0.00653307
0.0044814
0.00276868
0.00147296
0.000649529
0.000410655
0.000687774
0.00162671
0.00302424
0.0050553
0.00739379
0.0102354
0.0131645
0.0163855
0.0194439
0.0225378
0.0252334
0.0277063
0.0296021
0.0310579
0.0318478
0.0320564
0.0316171
0.030552
0.0289623
0.0268025
0.0243264
0.0214228
0.0184617
0.0152742
0.0122952
0.00930872
0.00677178
0.00441958
0.00266962
0.00129979
0.000634485
0.000444934
0.000955404
0.00191557
0.00345217
0.00532924
0.00758267
0.0100258
0.0126109
0.0152234
0.0177466
0.0201504
0.0222739
0.0241688
0.025662
0.0268654
0.0276302
0.028096
0.0282213
0.0282726
0.0265336
0.0264822
0.0263354
0.0260465
0.0255665
0.0248521
0.0238663
0.0226308
0.0210531
0.0192941
0.0172168
0.0150898
0.0127559
0.0105202
0.00823399
0.00618589
0.00425367
0.00268885
0.00140629
0.000590046
0.000201923
0.000303097
0.00090862
0.00192115
0.00340431
0.00513543
0.00721804
0.00935057
0.0116561
0.0138078
0.0159225
0.017708
0.0192502
0.0203466
0.0210327
0.0212372
0.0209344
0.0202021
0.0189552
0.0174112
0.0154397
0.0133607
0.011024
0.00879212
0.00652736
0.00456333
0.00280853
0.00149576
0.000609248
0.000223018
0.000416091
0.00107091
0.00236595
0.00399149
0.00621416
0.00856496
0.0113724
0.0140697
0.0170097
0.0196081
0.0221988
0.0242647
0.026079
0.0272679
0.0280081
0.0281241
0.0276729
0.0267019
0.0251406
0.0232508
0.0208421
0.0183522
0.0154924
0.0128144
0.00996378
0.0075265
0.00513103
0.00330796
0.00169959
0.00080233
0.000285187
0.000485357
0.00114791
0.00238917
0.00406227
0.00609252
0.00844664
0.0109106
0.0135489
0.0160644
0.0185908
0.0208097
0.0228886
0.0245518
0.0259633
0.0269381
0.0276067
0.0278894
0.0278835
0.0278607
0.024762
0.0247161
0.0245376
0.0242668
0.0238273
0.0231497
0.02225
0.0210725
0.0196625
0.0179814
0.0161338
0.014097
0.0120169
0.00987227
0.00782955
0.00586391
0.00414144
0.00264294
0.00151058
0.000736091
0.000404914
0.000514944
0.00106283
0.00204905
0.00337691
0.00505549
0.00692445
0.00899003
0.0110624
0.013148
0.0150564
0.016792
0.0181972
0.0192724
0.0199217
0.0201403
0.0199129
0.0192295
0.01816
0.0166911
0.014967
0.0129735
0.0109042
0.00874779
0.00671156
0.00479112
0.00316784
0.00184777
0.000949736
0.000492793
0.000506556
0.00102404
0.00197434
0.00340339
0.00514637
0.0072591
0.00950653
0.0119497
0.0143199
0.0166776
0.018764
0.0206325
0.022076
0.0231355
0.0236891
0.0237604
0.0233319
0.0224069
0.0210743
0.0193158
0.0173111
0.0150222
0.0126895
0.0102587
0.0079909
0.00581988
0.00400147
0.00244312
0.00136333
0.000701925
0.000592441
0.000980286
0.00188619
0.00325719
0.00501143
0.00710827
0.00940171
0.0118688
0.0143365
0.0167997
0.0190892
0.0212161
0.0230428
0.0245941
0.0257862
0.0266523
0.0271663
0.0273662
0.0274102
0.0273531
0.0231168
0.0230771
0.0229759
0.0227279
0.0223658
0.0217329
0.0209426
0.0198372
0.018531
0.0169488
0.0151984
0.0132779
0.0112883
0.00926258
0.00729674
0.00543657
0.00376699
0.00234628
0.00124042
0.000504462
0.000182164
0.000284364
0.000831364
0.00176365
0.00307486
0.00466124
0.00649759
0.00845236
0.0104905
0.0124692
0.0143536
0.0160086
0.01741
0.0184486
0.0191199
0.0193557
0.0191757
0.0185627
0.0175589
0.0162017
0.014548
0.012686
0.0106738
0.00864086
0.00662865
0.0047941
0.00314378
0.00184619
0.000857293
0.000342257
0.000196621
0.000570652
0.00129797
0.00250729
0.00397841
0.00581729
0.00776706
0.00991429
0.0119897
0.0140667
0.0158916
0.0175312
0.0187753
0.0196883
0.0201276
0.0201548
0.0197115
0.0188516
0.0176075
0.0160158
0.0141962
0.0121558
0.0100881
0.0079581
0.00601276
0.00416169
0.00268841
0.00143316
0.000692253
0.000293307
0.000508037
0.00109011
0.0022806
0.00375866
0.00572055
0.00783547
0.0102378
0.012647
0.0151255
0.0174766
0.0196932
0.02168
0.0233692
0.0247791
0.0257961
0.0265434
0.0268883
0.0270048
0.0267991
0.026711
0.021549
0.021522
0.0214034
0.0212138
0.0208339
0.0203189
0.0195107
0.018576
0.0172697
0.0159019
0.0141708
0.0124885
0.0105315
0.0087412
0.00681308
0.00515856
0.00352486
0.00225571
0.00117606
0.000516812
0.000201681
0.000292135
0.000822766
0.00165566
0.00292985
0.00435038
0.00613404
0.00788957
0.00987096
0.0116577
0.0134919
0.0150021
0.0163694
0.0173426
0.0180028
0.0182701
0.0181048
0.0176189
0.0166536
0.0154978
0.0138997
0.0122748
0.0103249
0.00851418
0.00655859
0.00487811
0.0032665
0.00200823
0.00103037
0.000409036
0.000241359
0.000354849
0.00102714
0.00183817
0.00322708
0.00456995
0.00642096
0.00803244
0.0100063
0.0115751
0.0133105
0.0145356
0.0157155
0.0163632
0.0167729
0.0167201
0.0162865
0.0155439
0.0143477
0.0130574
0.0113173
0.00972625
0.00775888
0.00617346
0.00433597
0.00306476
0.00168926
0.000996931
0.000341724
0.000429227
0.000701094
0.00164285
0.00285092
0.0045321
0.00647575
0.00863434
0.0109933
0.0133071
0.0157301
0.017884
0.0200451
0.0217782
0.0234217
0.0245683
0.0255557
0.0260758
0.0264032
0.0263656
0.0261969
0.026053
0.0200738
0.0200452
0.019956
0.0197467
0.0194502
0.0188979
0.0182361
0.0172617
0.016172
0.0147703
0.0133089
0.011601
0.00993335
0.0081251
0.00647003
0.00480501
0.00339516
0.00212221
0.00118529
0.000526118
0.000244119
0.000334777
0.000775382
0.00160724
0.00268592
0.00410482
0.00563068
0.00738417
0.00909104
0.0108757
0.0124717
0.0139802
0.0151932
0.0161652
0.0167884
0.0170554
0.0169825
0.0164971
0.0157409
0.0145865
0.0132777
0.0116547
0.0100189
0.00821026
0.00652888
0.00485034
0.00341009
0.00215327
0.00119447
0.000573858
0.000246666
0.000360025
0.000696921
0.00150701
0.00241706
0.00375838
0.00504475
0.00665437
0.00805199
0.00961893
0.0108453
0.012069
0.0128784
0.0135253
0.0137562
0.0137034
0.0133091
0.0125674
0.0116256
0.0103368
0.00903501
0.0074458
0.00604609
0.0044625
0.00325336
0.00198361
0.00123271
0.000541804
0.000444834
0.000531534
0.00122129
0.00215622
0.00359333
0.00526307
0.00724285
0.00938941
0.0116206
0.0139253
0.0161037
0.0182539
0.0201093
0.0218457
0.0231801
0.024337
0.0250615
0.0255955
0.025742
0.0257134
0.02547
0.0253271
0.0187231
0.0187018
0.0186402
0.0184636
0.0181859
0.0176986
0.0170678
0.0161948
0.0151406
0.0138762
0.012456
0.0109097
0.00928651
0.00764443
0.0060308
0.00451337
0.00313464
0.00196819
0.00104723
0.000434646
0.000152351
0.000218995
0.000643992
0.00138323
0.00243074
0.00370326
0.00518564
0.00676732
0.00842919
0.0100485
0.0116077
0.0129884
0.0141813
0.0150883
0.0157134
0.0159924
0.0159446
0.0155484
0.0148372
0.0138347
0.0125826
0.0111471
0.00956856
0.00794751
0.00631107
0.00478227
0.00336258
0.00218422
0.00121252
0.000576292
0.000198434
0.0001945
0.000444463
0.001045
0.0018392
0.00290409
0.00405794
0.00536174
0.00662564
0.00790095
0.00900882
0.00999783
0.0107191
0.0112234
0.011408
0.0113269
0.0109351
0.0102851
0.00939532
0.00830749
0.00710217
0.00579756
0.00452883
0.00327746
0.00222046
0.00129069
0.000694705
0.000310038
0.000361528
0.000687186
0.00150488
0.00258077
0.00410845
0.00580877
0.00783123
0.0099096
0.0121365
0.0143015
0.0164391
0.0184112
0.0202021
0.0217544
0.0230115
0.024006
0.0246515
0.0250645
0.025146
0.025045
0.0246994
0.0245333
0.0174708
0.0174595
0.0173881
0.0172581
0.0169593
0.0165686
0.0159112
0.015184
0.0141092
0.0130354
0.0116043
0.0102762
0.00865078
0.00722905
0.005619
0.00429554
0.00292334
0.00189668
0.000981752
0.000430569
0.000149654
0.000184855
0.000604641
0.00122241
0.00225848
0.00334271
0.00480778
0.00616845
0.00781172
0.00921832
0.0107609
0.0119774
0.0131586
0.0139821
0.0146026
0.0148971
0.0148527
0.0145713
0.013871
0.013064
0.0118285
0.0106342
0.00907506
0.00769531
0.00607746
0.0047412
0.00333587
0.00225824
0.00129386
0.000637256
0.00025803
0.000102805
0.000342588
0.000673077
0.00144971
0.00215849
0.00329015
0.00420001
0.00544072
0.00634038
0.00742793
0.00811461
0.00882186
0.00914238
0.00932177
0.00920393
0.00881661
0.00828463
0.00740855
0.0065795
0.00539503
0.00445699
0.00321322
0.00238986
0.00135833
0.000866681
0.000289122
0.000306811
0.00037178
0.00101302
0.00183412
0.00309732
0.00461651
0.0063604
0.00836644
0.0103587
0.0125671
0.0145501
0.0166725
0.0184091
0.0201918
0.0214969
0.0227543
0.0235261
0.0241794
0.0244227
0.024512
0.0243125
0.0239873
0.0237915
0.0163187
0.016306
0.0162219
0.0160761
0.0158232
0.0154023
0.0148422
0.0140827
0.0131804
0.0120792
0.0108806
0.00953198
0.00816696
0.00673152
0.00537464
0.00404398
0.00288434
0.00185605
0.00107676
0.00052682
0.000269684
0.000305741
0.000622874
0.00124009
0.00207007
0.0031533
0.00435037
0.00570979
0.007067
0.0084723
0.00976129
0.0109767
0.0119823
0.0128051
0.0133608
0.0136549
0.0136701
0.0133889
0.0128642
0.0120579
0.0110844
0.00989123
0.00863417
0.00725568
0.00592497
0.00458994
0.00340237
0.00232574
0.00146594
0.000809948
0.000397077
0.000241995
0.000308535
0.00063872
0.00112563
0.00183376
0.00260323
0.00351226
0.00437583
0.00527466
0.00603145
0.00671751
0.0071951
0.00751532
0.00760515
0.00748742
0.0071676
0.00663611
0.00597704
0.00514875
0.00430049
0.00336332
0.00252741
0.0017048
0.00109607
0.000604869
0.000415258
0.000432767
0.000797763
0.00143541
0.00240983
0.00366546
0.00517448
0.00690992
0.00876776
0.0107545
0.012722
0.014705
0.0165422
0.0182853
0.0197863
0.021105
0.0221275
0.0229186
0.0234134
0.0236765
0.0236842
0.0234959
0.0232745
0.0230798
0.0152681
0.0152558
0.015234
0.0150848
0.0148914
0.0144641
0.0139957
0.013236
0.012442
0.0113509
0.0102752
0.00894612
0.00770993
0.0062992
0.00506082
0.00375467
0.00268414
0.00167466
0.000940567
0.000398502
0.000137037
0.000166649
0.000431106
0.00102771
0.00176066
0.00281116
0.00388148
0.0052025
0.00642824
0.00779617
0.00897334
0.0101589
0.0110937
0.0118996
0.0124398
0.0127331
0.0127929
0.0125272
0.0121012
0.0113243
0.0104871
0.00933222
0.00822519
0.00688723
0.00569258
0.00439315
0.00330119
0.00224878
0.00142348
0.000775796
0.000325304
0.000160827
0.000118447
0.000422823
0.000742266
0.00141237
0.00197859
0.00284378
0.00349751
0.0043542
0.00492563
0.00557853
0.00592337
0.00622532
0.00625596
0.00613829
0.00584355
0.00533093
0.00478023
0.00398707
0.00331814
0.00242725
0.00181988
0.00104794
0.000689264
0.00024587
0.000295165
0.000349226
0.000918436
0.00157641
0.00269726
0.00395312
0.00552769
0.00724487
0.00908122
0.0110374
0.0129109
0.0148584
0.0165557
0.0182656
0.0196065
0.0208999
0.0217623
0.0225395
0.0228902
0.0231499
0.0230548
0.0228667
0.0224531
0.0222578
0.0143223
0.0143168
0.0142895
0.0141742
0.0139613
0.0136053
0.013112
0.0124634
0.0116462
0.0107052
0.00961114
0.00845875
0.00720902
0.00598059
0.00473335
0.00358979
0.00251484
0.00162233
0.000887111
0.000393954
0.000132527
0.000130451
0.000394555
0.000882089
0.00161445
0.00249776
0.00356723
0.00469246
0.00591723
0.00709484
0.00827108
0.00930523
0.0102393
0.0109596
0.0114994
0.0117889
0.0118487
0.0116629
0.0112371
0.0106108
0.0097743
0.00881522
0.00770907
0.00657797
0.00538427
0.00426607
0.00317498
0.00224529
0.00142064
0.000814023
0.000363887
0.000149709
0.000107363
0.000277991
0.000597181
0.00107107
0.00163684
0.00227615
0.00292937
0.00356896
0.00413994
0.00462201
0.00496658
0.00517414
0.00520475
0.00508694
0.00479243
0.00437651
0.00382625
0.00321373
0.00254533
0.00189303
0.00128614
0.000776137
0.000417741
0.00022252
0.000271778
0.000525131
0.00109317
0.00187032
0.00298773
0.00426278
0.00583312
0.0074718
0.00930568
0.0111082
0.0129828
0.0147342
0.016437
0.0179417
0.0192931
0.0204007
0.0212784
0.0219096
0.022278
0.0224421
0.0223617
0.0221313
0.0217222
0.0215199
0.0134465
0.0134472
0.0134151
0.0133305
0.0131002
0.01281
0.0122938
0.0117479
0.0109095
0.0101074
0.0089966
0.00800742
0.00674583
0.00568554
0.00443058
0.00343709
0.00235805
0.00157386
0.000837607
0.000389742
0.000128351
9.69281e-05
0.000360706
0.000747233
0.00147905
0.00220753
0.00327622
0.00422012
0.005444
0.00644536
0.00762074
0.00851466
0.00944803
0.0100891
0.0106285
0.0109146
0.0109743
0.0108624
0.010437
0.00995016
0.00911424
0.00833646
0.00723111
0.00629158
0.00509876
0.00414839
0.00305809
0.00224205
0.00141801
0.000849424
0.000399618
0.000139414
9.70982e-05
0.000143867
0.000462823
0.000755001
0.00132035
0.0017505
0.00240323
0.00284177
0.00341233
0.00373621
0.00408052
0.00420067
0.00423127
0.00411333
0.00381904
0.00349267
0.00294281
0.00249757
0.00182966
0.0013983
0.000791861
0.000524428
0.000166294
0.000200897
0.00025012
0.000688029
0.00125498
0.0021425
0.00325673
0.00454954
0.00611597
0.00768196
0.00951354
0.0111735
0.0130494
0.0146184
0.0163271
0.0176407
0.0190029
0.0199372
0.0208302
0.0213243
0.0217111
0.0217838
0.0217179
0.0214466
0.0210454
0.0208366
0.0126705
0.0126703
0.0126138
0.0125184
0.0123154
0.012005
0.0115515
0.0109848
0.0102611
0.00944172
0.00848855
0.00748669
0.00640505
0.00533639
0.00425948
0.00326165
0.0023337
0.0015484
0.000908771
0.000461586
0.000218032
0.000186627
0.000381095
0.000766392
0.00135692
0.00208451
0.00296463
0.00390742
0.00492748
0.00592771
0.0069183
0.00781125
0.00861
0.00925048
0.00972827
0.0100141
0.0100959
0.00998423
0.00966098
0.00917486
0.00850405
0.00772727
0.00682201
0.00588361
0.00489187
0.00394258
0.00302033
0.00220513
0.00148804
0.000919942
0.000498991
0.000238844
0.000144442
0.000190861
0.000388729
0.000680245
0.00108013
0.00150945
0.00198518
0.00242292
0.00284001
0.00316326
0.00340845
0.00352829
0.00353499
0.00341713
0.00318131
0.00285539
0.00243848
0.00199397
0.0015121
0.0010816
0.000683347
0.000416716
0.000254256
0.000289425
0.000488732
0.000927838
0.00157093
0.00245718
0.00355013
0.00483947
0.00629287
0.00785574
0.0095098
0.0111695
0.012837
0.0144098
0.0159106
0.0172325
0.0184153
0.0193625
0.0201264
0.0206373
0.0209553
0.0210457
0.0209597
0.0206985
0.0204429
0.020235
0.0119515
0.0119504
0.0119272
0.0118224
0.011658
0.0113302
0.0109433
0.0103585
0.0097291
0.00889428
0.00805939
0.00704569
0.00609433
0.00501726
0.00406565
0.0030627
0.00223612
0.00144858
0.00086838
0.000420637
0.000181849
0.000150174
0.000291217
0.000676148
0.00116328
0.00189042
0.00263634
0.00357854
0.00445593
0.00545554
0.00631933
0.00721172
0.00792124
0.00856132
0.00900287
0.0092885
0.00939361
0.00928203
0.00903813
0.00855231
0.00800392
0.00722762
0.00646752
0.00552971
0.00468174
0.00373304
0.00292937
0.00211469
0.00147169
0.000903951
0.000501244
0.00024126
0.000107794
0.000154184
0.000264395
0.000555727
0.000836694
0.00126574
0.00161415
0.00205161
0.00235733
0.00268037
0.00285169
0.00297145
0.00295679
0.002839
0.00264018
0.00231446
0.00198863
0.0015444
0.00119407
0.000763842
0.000516999
0.000250535
0.000235226
0.000270373
0.000589816
0.00102851
0.00174252
0.00262708
0.0037266
0.00501363
0.00640729
0.00796905
0.0095098
0.0111712
0.0126936
0.0142716
0.0156193
0.0169499
0.017992
0.0189516
0.0196022
0.0201284
0.0203676
0.0204729
0.0203472
0.0200943
0.0197678
0.0195608
0.0113029
0.0113027
0.0113075
0.0112054
0.0110617
0.0107404
0.010389
0.00981923
0.00923778
0.00842885
0.00765376
0.0066749
0.00578959
0.00475141
0.00386307
0.0028967
0.00212019
0.00136031
0.000807729
0.000372688
0.000133365
9.57939e-05
0.000207452
0.000568265
0.00100097
0.00168936
0.00236407
0.00326001
0.00406231
0.00501588
0.00581362
0.00666789
0.00733178
0.00794799
0.0083723
0.00865228
0.00877174
0.00867363
0.00847358
0.0080181
0.00753595
0.0068018
0.00611947
0.00522866
0.00445717
0.00355269
0.00281169
0.00203142
0.00142725
0.000878983
0.000485408
0.00022762
7.2963e-05
0.000105106
0.000168484
0.00043297
0.000650597
0.00104632
0.00132688
0.00173179
0.00197789
0.00227618
0.00240745
0.00251572
0.00248857
0.00237541
0.00219498
0.00188974
0.00161126
0.00120002
0.000919182
0.000528568
0.000362811
0.000135313
0.000200035
0.000266063
0.000651234
0.00110573
0.00186148
0.00274252
0.00385124
0.005115
0.00648205
0.00800535
0.00948888
0.0111041
0.0125503
0.0140819
0.0153479
0.0166389
0.0176047
0.0185365
0.019123
0.0196353
0.0198261
0.0199294
0.0197762
0.0195278
0.019123
0.0189187
0.0107301
0.0107329
0.0107344
0.0106504
0.0104949
0.0102138
0.00984737
0.00934234
0.00874691
0.00802731
0.00724108
0.00636902
0.00547555
0.00454915
0.00365548
0.00279039
0.00201122
0.00132588
0.000772605
0.000371145
0.000131859
7.88949e-05
0.000190424
0.000488561
0.00092103
0.00151061
0.00218495
0.00296295
0.00376483
0.00460113
0.00539843
0.00615566
0.00681918
0.00737472
0.0077988
0.00806453
0.00818393
0.00812033
0.00792038
0.00754236
0.00706047
0.00643384
0.00575187
0.0049809
0.00420983
0.00341798
0.00267739
0.00198469
0.00138085
0.000882051
0.000488689
0.000236289
8.1716e-05
7.73137e-05
0.000140657
0.000336477
0.000553987
0.000864544
0.00114495
0.00146669
0.00171266
0.00194768
0.00207889
0.00215772
0.00213059
0.00202918
0.00184884
0.0015959
0.00131757
0.000990592
0.00070991
0.000420626
0.000254958
0.000127276
0.000191963
0.000337334
0.000722292
0.00121884
0.00197373
0.00284765
0.00395505
0.00515974
0.00652648
0.00794785
0.00943357
0.010921
0.0123726
0.0137703
0.0150448
0.0162131
0.0171906
0.0180244
0.0186255
0.0190716
0.0192778
0.0193472
0.019206
0.0189536
0.0185522
0.0183538
0.0101996
0.0102052
0.0102037
0.0101365
0.00996994
0.00972622
0.0093458
0.0089007
0.00829232
0.00765545
0.0068589
0.00608576
0.00518473
0.00436185
0.00346323
0.00269194
0.0019103
0.00129399
0.000740078
0.000369716
0.000130464
6.32453e-05
0.000174655
0.00041475
0.000846998
0.00134507
0.00201908
0.00268787
0.00348934
0.00421704
0.00501394
0.0056813
0.00634449
0.00684384
0.00726771
0.00752025
0.00763958
0.00760793
0.00740809
0.00710179
0.00662014
0.00609308
0.00541146
0.00475146
0.00398077
0.00329323
0.00255301
0.00194142
0.00133788
0.000884893
0.000491727
0.000244318
8.98218e-05
5.15764e-05
0.000114888
0.000247119
0.00046452
0.000696208
0.000976477
0.0012212
0.00146705
0.00164348
0.00177461
0.00182619
0.00179908
0.00170855
0.0015283
0.00132378
0.0010456
0.000796653
0.000516111
0.000320665
0.00015508
0.000119833
0.000184487
0.000403335
0.000788097
0.00132359
0.00207769
0.00294502
0.00405119
0.00520117
0.00656762
0.00789459
0.00938235
0.0107516
0.0122081
0.0134817
0.0147641
0.0158189
0.0168072
0.0175502
0.0181647
0.0185496
0.01877
0.018808
0.0186779
0.0184218
0.0180237
0.0178306
0.00971142
0.00971946
0.00971458
0.00966067
0.00948661
0.00927351
0.00888432
0.00848967
0.00787503
0.0073085
0.00650958
0.00582071
0.00492072
0.00418604
0.00329066
0.00259933
0.00182187
0.00126444
0.00071411
0.000370118
0.000132158
5.22639e-05
0.000161816
0.000351596
0.000779132
0.00119846
0.00186525
0.00244006
0.00323348
0.00386772
0.00465705
0.00524706
0.00590439
0.00635538
0.00677602
0.0070172
0.00713645
0.00713229
0.00693548
0.00669091
0.00621489
0.00577351
0.00509917
0.00453467
0.00377173
0.00317395
0.00244072
0.00189893
0.00130058
0.00088702
0.000496563
0.000253454
9.89986e-05
3.16378e-05
9.26461e-05
0.000170164
0.000383688
0.000547515
0.000823394
0.00100185
0.00124393
0.00136994
0.00149891
0.00152704
0.00149996
0.0014188
0.00124091
0.00107806
0.000804129
0.000622333
0.000347086
0.000232378
7.19614e-05
0.000116241
0.000184716
0.000466772
0.000852609
0.00142184
0.00217381
0.00303538
0.00413632
0.00523849
0.00659853
0.00784285
0.00932538
0.0105908
0.012045
0.0132095
0.0144934
0.015448
0.0164424
0.0171047
0.0177298
0.0180596
0.0182932
0.0183025
0.0181835
0.0179234
0.0175373
0.0173489
0.00929419
0.00930172
0.0092811
0.0092213
0.00906259
0.00883843
0.00848427
0.00807797
0.00752411
0.00694771
0.0062309
0.00553463
0.00472833
0.00398867
0.0031865
0.0024925
0.00179481
0.00123666
0.000739084
0.000395425
0.000171617
9.20465e-05
0.000172851
0.000362564
0.000724674
0.00114382
0.00172022
0.00229479
0.00298759
0.00362155
0.00431648
0.00490624
0.00549064
0.00594144
0.00632232
0.0065634
0.0066822
0.00667804
0.00651978
0.00627531
0.00587012
0.00542894
0.00484588
0.00428162
0.00361552
0.00301799
0.00237184
0.00183029
0.00129625
0.000882872
0.000525562
0.000282557
0.000127755
6.04228e-05
9.17141e-05
0.000169199
0.00033334
0.000497096
0.000717256
0.000895634
0.00108991
0.00121588
0.00131724
0.00134536
0.00131859
0.00123746
0.00108932
0.000926533
0.00070666
0.000524943
0.00031723
0.000202572
0.000108689
0.00015295
0.000271664
0.000553598
0.000960076
0.00152891
0.00226083
0.00312147
0.00415877
0.00526064
0.00652229
0.00776845
0.00913324
0.0104035
0.0117368
0.0129091
0.0140833
0.0150484
0.0159563
0.0166318
0.0172021
0.0175466
0.0177591
0.0177818
0.0176671
0.017414
0.0171211
0.0169333
0.0089076
0.00891468
0.00888213
0.0088169
0.0086723
0.00843795
0.00811605
0.00769902
0.00720092
0.00661542
0.00597389
0.0052708
0.00455029
0.00380601
0.00308914
0.00239265
0.00176795
0.0012091
0.00075977
0.000416383
0.000205485
0.000126191
0.000180491
0.000370138
0.000672007
0.00109098
0.00158466
0.002159
0.00275978
0.00339349
0.00400214
0.00459166
0.00510951
0.00556012
0.0059048
0.00614578
0.00626435
0.00626019
0.00613734
0.00589297
0.00555269
0.00511168
0.0046122
0.00404816
0.00347069
0.00287341
0.00230696
0.00176561
0.00129048
0.000877262
0.000550373
0.000307466
0.000152498
8.51933e-05
8.94975e-05
0.000166951
0.000286135
0.000449826
0.000619209
0.000797517
0.000948205
0.00107412
0.00115026
0.00117836
0.0011518
0.0010707
0.000949573
0.000786855
0.000616167
0.000434522
0.000288306
0.000173693
0.000140421
0.000184664
0.000349149
0.000630971
0.0010566
0.00162508
0.00233875
0.00319855
0.00417761
0.00527924
0.0064509
0.00769879
0.0089559
0.0102306
0.0114533
0.0126328
0.0137065
0.0146813
0.0155099
0.0161976
0.0167174
0.0170755
0.0172686
0.0173035
0.0171928
0.0169461
0.016731
0.0165437
0.00854627
0.00855293
0.00854478
0.00847497
0.00834895
0.00810614
0.00781567
0.00738985
0.00693559
0.00634257
0.00575604
0.00504711
0.00438769
0.00363919
0.00298178
0.00228261
0.00170687
0.00114673
0.00072759
0.00038377
0.000178581
9.91049e-05
0.000133176
0.000322689
0.000581586
0.00100041
0.00143577
0.00200989
0.00254703
0.00318052
0.00373072
0.00432002
0.00479413
0.00524458
0.00556723
0.00580812
0.00592976
0.00592561
0.00583023
0.00558595
0.00529302
0.00485217
0.00441229
0.00384846
0.00333358
0.00273652
0.00222632
0.00168517
0.00125216
0.000839098
0.000535288
0.00029247
0.000140265
7.29851e-05
6.22236e-05
0.000139649
0.000231616
0.000395247
0.000532976
0.000711218
0.000834033
0.000959899
0.00101907
0.00104716
0.00101912
0.00093806
0.000832127
0.000669468
0.000528066
0.000346488
0.000237731
0.000123161
0.00012732
0.000171547
0.000364381
0.000646099
0.00108271
0.00165095
0.00235267
0.00321213
0.00415427
0.00525621
0.00636915
0.00761892
0.00880325
0.0100819
0.0112277
0.012413
0.0134153
0.0143978
0.0151677
0.0158647
0.0163428
0.0167113
0.0168795
0.0169242
0.0168056
0.0165641
0.0162916
0.0161049
0.00821166
0.00821792
0.00823237
0.00815832
0.00804951
0.00779887
0.0075375
0.00710353
0.00668988
0.0060899
0.00555429
0.00483997
0.00423711
0.00348471
0.00288235
0.00218071
0.00165031
0.00108897
0.000697789
0.000353569
0.000153666
7.40218e-05
8.93591e-05
0.000278748
0.00049785
0.000916528
0.00129789
0.00187181
0.00235002
0.00298328
0.00347936
0.00406847
0.00450208
0.00495237
0.00525462
0.00549543
0.00561991
0.00561576
0.00554583
0.00530164
0.00505254
0.00461184
0.00422716
0.00366352
0.00320661
0.00260975
0.00215164
0.00161068
0.00121668
0.000803755
0.000521319
0.000278584
0.000128937
6.16795e-05
3.69663e-05
0.000114365
0.000181129
0.000344704
0.000453119
0.0006313
0.000728302
0.000854125
0.000897572
0.000925657
0.000896258
0.000815224
0.000723364
0.000560761
0.000446478
0.000264963
0.000190897
7.63651e-05
0.000115188
0.000159399
0.000378486
0.000660108
0.0011069
0.0016749
0.00236556
0.00322471
0.00413265
0.00523488
0.00629344
0.00754494
0.00866189
0.0099441
0.0110187
0.0122094
0.0131456
0.0141351
0.0148508
0.0155565
0.0159958
0.0163741
0.0165191
0.0165729
0.016447
0.0162103
0.0158848
0.0156986
0.00800223
0.00800915
0.00803011
0.00796183
0.00784953
0.0076098
0.00734824
0.00692882
0.00652035
0.00593833
0.00541332
0.00471946
0.0041306
0.00339911
0.00281163
0.00212866
0.00161133
0.00106376
0.000680957
0.000343405
0.00014484
6.35415e-05
7.24024e-05
0.000252033
0.000457944
0.000860468
0.00122378
0.00177806
0.00223656
0.00284993
0.0033279
0.00390011
0.00432016
0.00475929
0.00505468
0.00529182
0.00541722
0.00541741
0.00535597
0.00512337
0.00488891
0.00446512
0.00409888
0.00355474
0.0031172
0.00253936
0.00209867
0.00157341
0.00119246
0.000789772
0.000514505
0.000275482
0.000126717
5.68428e-05
2.74925e-05
9.73223e-05
0.000155687
0.000309019
0.000407659
0.000575644
0.000664039
0.000782333
0.000820541
0.000845749
0.000815903
0.000737584
0.000650426
0.000495821
0.000390585
0.000220826
0.000158317
5.68363e-05
0.000107185
0.000162799
0.000390577
0.000679066
0.00112915
0.00169709
0.00238387
0.00323477
0.00413133
0.00521738
0.0062588
0.00748805
0.00858525
0.00984193
0.0108975
0.0120624
0.0129828
0.0139494
0.0146549
0.0153422
0.0157785
0.0161435
0.0162923
0.0163378
0.0162198
0.0159814
0.0156396
0.0154551
0.0078594
0.00786693
0.00788702
0.00782284
0.00770744
0.0074774
0.00721199
0.00680851
0.00639645
0.00583663
0.00530872
0.00464151
0.00405049
0.00334704
0.00275812
0.00210079
0.00158272
0.00105434
0.000671342
0.000343024
0.000144479
6.04878e-05
6.93335e-05
0.000234691
0.000440541
0.000819781
0.00118299
0.00170896
0.00216732
0.00275204
0.00322987
0.00377777
0.00419769
0.00462075
0.00491606
0.00514792
0.00527328
0.00527976
0.00521834
0.00500245
0.00476806
0.00436865
0.00400251
0.00348646
0.00304905
0.00249859
0.00205803
0.00155536
0.00117453
0.000786562
0.000511375
0.000277679
0.000128957
5.52899e-05
2.59482e-05
8.48494e-05
0.000143197
0.000281749
0.00038036
0.000533638
0.000622006
0.000729439
0.000767635
0.00078869
0.000758852
0.000684446
0.000597314
0.000454244
0.000349038
0.000196243
0.000133752
5.11183e-05
0.000101452
0.000173558
0.000401268
0.000699731
0.00114968
0.00171765
0.00240415
0.00324323
0.00413959
0.00520241
0.00624421
0.00744186
0.00854036
0.00976157
0.0108194
0.0119497
0.0128732
0.0138099
0.0145193
0.0151843
0.0156251
0.0159767
0.0161301
0.0161705
0.0160561
0.0158197
0.0154789
0.0152971
0.00772713
0.00773522
0.00775451
0.00769413
0.00757586
0.00735479
0.00708581
0.0066971
0.00628171
0.00574245
0.00521186
0.00456932
0.0039763
0.00329882
0.00270857
0.00207498
0.00155622
0.00104562
0.000662437
0.000342671
0.000144145
5.766e-05
6.64916e-05
0.000218631
0.000424424
0.000782103
0.00114521
0.00164497
0.00210321
0.00266139
0.00313909
0.00366446
0.00408427
0.00449245
0.00478768
0.00501466
0.00513999
0.00515228
0.00509087
0.00489047
0.00465614
0.0042793
0.00391326
0.00342322
0.00298593
0.00246084
0.0020204
0.00153865
0.00115793
0.000783589
0.000508477
0.000279714
0.000131032
5.38518e-05
2.45181e-05
7.32987e-05
0.00013163
0.000256495
0.00035508
0.000494737
0.000583082
0.000680456
0.000718642
0.000735849
0.00070602
0.000635237
0.000548128
0.00041574
0.000310563
0.000173477
0.000111004
4.58231e-05
9.61429e-05
0.000183521
0.00041117
0.000718868
0.00116869
0.00173668
0.00242292
0.00325105
0.00414724
0.00518855
0.0062307
0.00739908
0.00849878
0.00968714
0.010747
0.0118453
0.0127716
0.0136807
0.0143937
0.015038
0.0154831
0.0158222
0.0159799
0.0160155
0.0159044
0.0156699
0.0153301
0.0151509
0.00760464
0.00761326
0.00763179
0.00757493
0.00745401
0.00724125
0.00696895
0.00659392
0.00617546
0.00565523
0.00512216
0.00450247
0.0039076
0.00325417
0.00266267
0.00205108
0.00153168
0.00103755
0.00065419
0.000342344
0.000143836
5.50412e-05
6.38598e-05
0.000203759
0.000409499
0.000747211
0.00111023
0.00158571
0.00204383
0.00257745
0.00305503
0.00355954
0.00397924
0.00437364
0.0046688
0.00489125
0.00501655
0.00503423
0.00497284
0.00478677
0.0045525
0.00419656
0.00383062
0.00336466
0.00292748
0.00242588
0.00198555
0.00152318
0.00114255
0.000780836
0.000505793
0.000281598
0.000132954
5.252e-05
2.31937e-05
6.2602e-05
0.000120919
0.000233109
0.000331669
0.000458713
0.000547035
0.000635095
0.000673271
0.000686916
0.000657094
0.000589666
0.000502579
0.000380083
0.000274933
0.000152395
8.99379e-05
4.09194e-05
9.12266e-05
0.000192747
0.000420339
0.00073659
0.0011863
0.00175431
0.00244032
0.0032583
0.00415432
0.00517571
0.00621818
0.00735946
0.00846028
0.00961822
0.0106801
0.0117486
0.0126776
0.0135611
0.0142774
0.0149026
0.0153515
0.0156791
0.0158407
0.015872
0.015764
0.0155312
0.0151923
0.0150154
0.00749121
0.00750031
0.00751816
0.00746455
0.00734116
0.00713611
0.00686074
0.00649837
0.00607706
0.00557446
0.00503909
0.00444056
0.00384398
0.00321282
0.00262018
0.00202894
0.00150896
0.00103007
0.000646554
0.000342042
0.000143549
5.26161e-05
6.14226e-05
0.000189986
0.000395678
0.000714899
0.00107783
0.00153083
0.00198885
0.00249971
0.00297718
0.00346237
0.00388198
0.00426362
0.0045587
0.00477697
0.00490224
0.00492491
0.00486353
0.00469074
0.00445653
0.00411994
0.00375408
0.00331043
0.00287335
0.0023935
0.00195328
0.00150885
0.00112831
0.000778287
0.000503308
0.000283343
0.000134733
5.12867e-05
2.19672e-05
5.26962e-05
0.000111
0.000211452
0.000309989
0.000425352
0.000513654
0.000593087
0.000631254
0.0006416
0.000611785
0.000547465
0.000460398
0.000347063
0.000241938
0.000132872
7.04292e-05
3.63782e-05
8.66737e-05
0.000201291
0.00042883
0.000753002
0.00120261
0.00177063
0.00245642
0.00326502
0.00416088
0.00516383
0.00620659
0.00732277
0.00842462
0.0095544
0.010618
0.0116591
0.0125905
0.0134503
0.0141696
0.0147772
0.0152297
0.0155466
0.0157119
0.0157391
0.015634
0.0154027
0.0150647
0.01489
0.00738616
0.00739572
0.00741292
0.00736233
0.00723666
0.00703874
0.00676053
0.00640989
0.00598594
0.00549966
0.00496217
0.00438323
0.00378506
0.00317453
0.00258082
0.00200844
0.00148791
0.00102314
0.000639482
0.000341761
0.000143284
5.03702e-05
5.91656e-05
0.000177232
0.000382879
0.000684975
0.00104783
0.00148001
0.00193793
0.00242771
0.00290508
0.00337239
0.00379191
0.00416173
0.00445675
0.00467114
0.00479638
0.00482367
0.0047623
0.00460181
0.00436764
0.00404899
0.0036832
0.00326021
0.00282322
0.00236352
0.00192339
0.00149558
0.00111512
0.000775925
0.000501006
0.000284958
0.000136381
5.01446e-05
2.08314e-05
4.35228e-05
0.000101814
0.000191396
0.000289911
0.000394458
0.000482741
0.000554186
0.000592345
0.000599636
0.000569827
0.000508384
0.000421336
0.000316484
0.000211381
0.000114792
5.23629e-05
3.21729e-05
8.24575e-05
0.000209204
0.000436693
0.000768201
0.00121771
0.00178575
0.00247134
0.00327123
0.00416695
0.00515282
0.00619586
0.0072888
0.0083916
0.00949529
0.0105606
0.0115761
0.0125099
0.0133477
0.0140699
0.0146611
0.0151169
0.0154239
0.0155926
0.0156161
0.0155135
0.0152837
0.0149465
0.0147738
0.00728888
0.00729885
0.00731546
0.00726767
0.00713989
0.00694856
0.00666773
0.00632795
0.00590155
0.00543039
0.00489093
0.00433014
0.0037305
0.00313907
0.00254438
0.00198946
0.00146843
0.00101673
0.000632932
0.000341502
0.000143038
4.82905e-05
5.70754e-05
0.000165421
0.000371025
0.000657265
0.00102004
0.00143295
0.00189078
0.00236104
0.00283832
0.00328906
0.00370849
0.00406737
0.00436233
0.00457313
0.00469835
0.00472991
0.00466856
0.00451945
0.00428533
0.00398328
0.00361757
0.0032137
0.0027768
0.00233575
0.00189571
0.00148329
0.00110291
0.000773739
0.000498875
0.000286455
0.000137907
4.90869e-05
1.97796e-05
3.50277e-05
9.33068e-05
0.000172823
0.000271319
0.000365848
0.000454113
0.00051816
0.000556312
0.000560773
0.000530971
0.000472192
0.000385162
0.000288166
0.000183085
9.80495e-05
3.56325e-05
2.82785e-05
7.8553e-05
0.000216531
0.000443975
0.000782275
0.00123169
0.00179975
0.00248515
0.00327699
0.00417258
0.00514263
0.00618592
0.00725734
0.00836102
0.00944056
0.0105074
0.0114993
0.0124352
0.0132527
0.0139775
0.0145535
0.0150124
0.0153103
0.0154821
0.0155021
0.015402
0.0151736
0.0148371
0.0146663
0.00728054
0.00729021
0.00730143
0.00725016
0.00712674
0.00692953
0.00665506
0.00630985
0.00589057
0.00541545
0.00488312
0.00431989
0.00372687
0.00313425
0.00254527
0.00199013
0.00147359
0.0010222
0.00064145
0.000350254
0.000153192
5.80768e-05
6.6518e-05
0.000173807
0.000377569
0.000662188
0.00102198
0.0014329
0.00188709
0.00235535
0.0028289
0.00327793
0.00369416
0.00405189
0.00434468
0.00455509
0.0046795
0.00471148
0.0046508
0.00450284
0.00427071
0.00397034
0.00360754
0.00320564
0.00277201
0.00233288
0.00189585
0.00148502
0.00110683
0.000778715
0.00050483
0.000292805
0.000143889
5.48269e-05
2.39644e-05
3.84721e-05
9.44388e-05
0.000172944
0.000268982
0.000362503
0.000448827
0.00051213
0.000549413
0.000553593
0.000524312
0.000465807
0.000380684
0.000284483
0.000182361
9.84852e-05
3.94902e-05
3.34098e-05
8.68509e-05
0.000225919
0.000455589
0.000794507
0.00124465
0.0018126
0.00249669
0.0032876
0.00417987
0.00514864
0.00618682
0.00725742
0.0083545
0.00943435
0.0104935
0.0114872
0.0124147
0.0132356
0.0139522
0.0145334
0.0149846
0.0152893
0.015455
0.0154821
0.0153783
0.0151541
0.0148429
0.0146727
0.00728152
0.00729119
0.00729427
0.0072429
0.00711903
0.00692157
0.00664752
0.00630194
0.00588453
0.00540906
0.00487967
0.00431616
0.0037267
0.00313388
0.00254859
0.00199337
0.0014802
0.00102886
0.000650639
0.000359565
0.000163641
6.86164e-05
7.65236e-05
0.000183807
0.000385573
0.000670144
0.00102684
0.00143769
0.00188812
0.00235629
0.002826
0.00327495
0.00368787
0.00404554
0.00433608
0.00454645
0.00467003
0.004702
0.00464201
0.00449408
0.004264
0.00396369
0.00360389
0.00320206
0.00277181
0.00233276
0.00189885
0.00148809
0.00111216
0.000784101
0.000511225
0.000299236
0.000149935
6.08886e-05
2.84125e-05
4.29178e-05
9.64873e-05
0.000174979
0.000268471
0.000361976
0.000446288
0.00050958
0.000545963
0.000550143
0.000521401
0.000462907
0.000379759
0.000283575
0.00018452
0.000100659
4.52112e-05
3.91318e-05
9.58579e-05
0.000234903
0.000466886
0.000805746
0.00125664
0.00182448
0.00250722
0.00329795
0.00418691
0.00515558
0.00618907
0.0072598
0.0083516
0.0094318
0.0104857
0.01148
0.012403
0.0132244
0.0139378
0.0145196
0.0149695
0.0152748
0.0154411
0.0154685
0.0153664
0.0151425
0.0148601
0.01469
0.00728243
0.0072921
0.00728764
0.00723618
0.00711189
0.00691419
0.00664054
0.00629462
0.00587894
0.00540313
0.00487649
0.00431271
0.00372654
0.00313354
0.00255167
0.00199637
0.00148633
0.00103503
0.000659147
0.000368187
0.000173316
7.83768e-05
8.57893e-05
0.000193068
0.000392986
0.000677511
0.00103134
0.00144213
0.00188907
0.00235717
0.00282332
0.0032722
0.00368205
0.00403966
0.00432812
0.00453845
0.00466126
0.00469323
0.00463388
0.00448597
0.00425779
0.00395753
0.00360051
0.00319874
0.00277163
0.00233265
0.00190162
0.00149093
0.0011171
0.000789088
0.000517147
0.000305192
0.000155534
6.65021e-05
3.25318e-05
4.70347e-05
9.83845e-05
0.000176864
0.000267997
0.000361487
0.000443937
0.000507219
0.000542768
0.000546948
0.000518706
0.000460221
0.000378903
0.000282734
0.000186519
0.000102671
5.05092e-05
4.44308e-05
0.000104199
0.000243222
0.000477347
0.000816153
0.00126776
0.00183549
0.00251698
0.00330754
0.00419342
0.00516201
0.00619116
0.007262
0.00834891
0.00942943
0.0104786
0.0114732
0.0123921
0.0132141
0.0139245
0.0145069
0.0149555
0.0152613
0.0154282
0.015456
0.0153555
0.0151317
0.0148761
0.0147059
0.00728327
0.00729294
0.0072815
0.00722996
0.00710528
0.00690735
0.00663407
0.00628784
0.00587376
0.00539765
0.00487354
0.00430951
0.00372639
0.00313322
0.00255452
0.00199914
0.001492
0.00104074
0.000667027
0.000376172
0.000182277
8.74155e-05
9.437e-05
0.000201645
0.00039985
0.000684334
0.00103551
0.00144623
0.00188995
0.00235798
0.00282084
0.00326965
0.00367665
0.00403422
0.00432074
0.00453105
0.00465314
0.0046851
0.00462634
0.00447846
0.00425204
0.00395182
0.00359739
0.00319567
0.00277146
0.00233254
0.00190419
0.00149355
0.00112167
0.000793707
0.000522631
0.000310708
0.00016072
7.17005e-05
3.63465e-05
5.08473e-05
0.000100141
0.000178609
0.000267559
0.000361035
0.000441759
0.000505032
0.00053981
0.000543989
0.00051621
0.000457733
0.00037811
0.000281955
0.000188371
0.000104535
5.54154e-05
4.93379e-05
0.000111923
0.000250925
0.000487035
0.000825791
0.00127805
0.00184568
0.00252601
0.00331641
0.00419946
0.00516797
0.00619309
0.00726405
0.00834642
0.00942724
0.0104719
0.011467
0.012382
0.0132045
0.0139121
0.014495
0.0149425
0.0152487
0.0154163
0.0154444
0.0153453
0.0151217
0.0148909
0.0147207
0.00728405
0.00729372
0.00727581
0.0072242
0.00709916
0.00690103
0.00662809
0.00628156
0.00586896
0.00539256
0.0048708
0.00430655
0.00372625
0.00313293
0.00255715
0.00200171
0.00149725
0.00104603
0.000674324
0.000383566
0.000190575
9.57858e-05
0.000102316
0.000209587
0.000406207
0.000690652
0.00103937
0.00145004
0.00189077
0.00235874
0.00281853
0.00326729
0.00367166
0.00402917
0.00431391
0.00452419
0.00464562
0.00467758
0.00461937
0.0044715
0.00424671
0.00394653
0.00359449
0.00319283
0.0027713
0.00233245
0.00190657
0.00149599
0.0011259
0.000797984
0.00052771
0.000315815
0.000165521
7.65145e-05
3.98791e-05
5.43779e-05
0.000101768
0.000180226
0.000267153
0.000360616
0.000439743
0.000503007
0.00053707
0.000541248
0.000513899
0.00045543
0.000377375
0.000281234
0.000190085
0.000106261
5.9959e-05
5.38823e-05
0.000119077
0.00025806
0.000496007
0.000834717
0.00128757
0.00185512
0.00253437
0.00332464
0.00420504
0.00517348
0.00619488
0.00726594
0.00834411
0.00942521
0.0104658
0.0114613
0.0123727
0.0131956
0.0139007
0.0144841
0.0149305
0.0152372
0.0154052
0.0154336
0.0153359
0.0151124
0.0149046
0.0147344
)
;

boundaryField
{
    inlet
    {
        type            cyclic;
    }
    outlet
    {
        type            cyclic;
    }
    top
    {
        type            zeroGradient;
    }
    hills
    {
        type            zeroGradient;
    }
    front
    {
        type            empty;
    }
    back
    {
        type            empty;
    }
}


// ************************************************************************* //
