/*--------------------------------*- C++ -*----------------------------------*\
| =========                 |                                                 |
| \\      /  F ield         | OpenFOAM: The Open Source CFD Toolbox           |
|  \\    /   O peration     | Version:  v1806                                 |
|   \\  /    A nd           | Web:      www.OpenFOAM.com                      |
|    \\/     M anipulation  |                                                 |
\*---------------------------------------------------------------------------*/
FoamFile
{
    version     2.0;
    format      ascii;
    class       volScalarField;
    location    "5";
    object      p;
}
// * * * * * * * * * * * * * * * * * * * * * * * * * * * * * * * * * * * * * //

dimensions      [0 2 -2 0 0 0 0];


internalField   nonuniform List<scalar> 
8000
(
-0.188164
-0.118364
-0.156154
-0.114505
-0.0739458
-0.0371165
-0.0129882
0.000429136
0.0104419
0.0169047
0.0223251
0.0264906
0.0299891
0.0330978
0.0360293
0.0387703
0.0414931
0.0440955
0.0464382
0.0486862
0.050776
0.0527001
0.0543003
0.0555122
0.0600528
0.0649639
0.0705383
0.0762563
0.0821354
0.087986
0.0937762
0.099418
0.104883
0.110128
0.115134
0.119884
0.124376
0.12861
0.132598
0.13634
0.139835
0.143102
0.146166
0.149049
0.151767
0.154334
0.156761
0.159059
0.161237
0.163304
0.165269
0.16714
0.168925
0.170632
0.172266
0.173836
0.175347
0.176806
0.17822
0.179594
0.180936
0.182252
0.183547
0.184833
0.18611
0.187397
0.188684
0.190013
0.191339
0.192768
0.19416
0.195785
0.197251
0.19927
0.200763
0.203654
0.205059
0.21146
0.215843
0.220114
0.223612
0.22656
0.22884
0.229638
0.228591
0.225505
0.220219
0.212552
0.204446
0.194376
0.181858
0.164792
0.138592
0.0902276
0.0201476
-0.0952998
-0.238374
-0.359391
-0.307632
-0.303133
-0.188195
-0.118347
-0.155995
-0.115094
-0.0748851
-0.0380427
-0.0136171
1.66186e-05
0.0101446
0.0166888
0.0221502
0.02635
0.0298677
0.0329861
0.035924
0.0386697
0.0413976
0.0440118
0.0463693
0.0486321
0.0507385
0.0526809
0.0543033
0.0555428
0.0600847
0.0649854
0.0705499
0.0762555
0.0821209
0.0879564
0.0937306
0.0993556
0.104804
0.110033
0.115025
0.11976
0.124238
0.128459
0.132439
0.136183
0.139692
0.142974
0.146053
0.148949
0.151678
0.154255
0.15669
0.158996
0.161181
0.163254
0.165225
0.167102
0.168892
0.170603
0.172241
0.173814
0.175328
0.17679
0.178206
0.179582
0.180925
0.182243
0.18354
0.184827
0.186105
0.187393
0.18868
0.19001
0.191337
0.192766
0.194158
0.195783
0.197249
0.19927
0.200762
0.20366
0.205068
0.211473
0.215866
0.220151
0.223652
0.226595
0.228848
0.229594
0.228479
0.225318
0.219953
0.212242
0.204094
0.193941
0.181291
0.163969
0.137234
0.0882135
0.0173257
-0.0985137
-0.240405
-0.359037
-0.307218
-0.30305
-0.188198
-0.118218
-0.15573
-0.115606
-0.0758012
-0.038975
-0.0142614
-0.00040644
0.00984207
0.016471
0.0219762
0.0262115
0.0297499
0.0328784
0.0358225
0.0385726
0.0413037
0.043926
0.0462935
0.0485642
0.0506785
0.052632
0.0542799
0.0555655
0.0600927
0.064963
0.0705036
0.0761832
0.0820235
0.0878332
0.0935823
0.0991828
0.104609
0.109819
0.114794
0.119518
0.123988
0.128207
0.132189
0.13594
0.139458
0.142753
0.145846
0.148756
0.1515
0.15409
0.156538
0.158856
0.161052
0.163136
0.165117
0.167003
0.168802
0.170521
0.172167
0.173747
0.175268
0.176736
0.178157
0.179539
0.180886
0.182209
0.18351
0.184801
0.186082
0.187373
0.188664
0.189997
0.191327
0.19276
0.194155
0.195785
0.197256
0.199285
0.200786
0.203709
0.205148
0.211511
0.215852
0.220115
0.223596
0.226521
0.228738
0.229436
0.228269
0.225051
0.219629
0.21189
0.203703
0.193468
0.180678
0.163088
0.135823
0.0861975
0.0146632
-0.101134
-0.241176
-0.357389
-0.306413
-0.302928
-0.188144
-0.117884
-0.155238
-0.116062
-0.0767386
-0.0399164
-0.0149252
-0.000843728
0.00952997
0.0162479
0.0217998
0.0260729
0.0296343
0.0327724
0.0357195
0.0384686
0.0411951
0.0438154
0.0461835
0.0484531
0.0505696
0.0525351
0.0542278
0.0555902
0.0600798
0.0648956
0.0703967
0.0760369
0.0818433
0.0876222
0.0933452
0.0989242
0.104334
0.109534
0.114505
0.11923
0.123707
0.127939
0.131936
0.135694
0.139213
0.14251
0.145608
0.148526
0.151278
0.153878
0.156336
0.158663
0.16087
0.162964
0.164955
0.166852
0.168661
0.170389
0.172045
0.173633
0.175162
0.176638
0.178068
0.179457
0.180812
0.182142
0.183449
0.184747
0.186035
0.187333
0.18863
0.18997
0.191307
0.192748
0.194151
0.195793
0.197274
0.199323
0.200843
0.203818
0.205314
0.211581
0.215804
0.220005
0.223432
0.226305
0.228456
0.229087
0.227864
0.224596
0.219137
0.211392
0.203174
0.192857
0.179921
0.162049
0.134272
0.0841314
0.0121737
-0.103046
-0.24033
-0.353819
-0.304812
-0.302651
-0.187979
-0.117222
-0.154313
-0.116352
-0.0777451
-0.0408568
-0.0156182
-0.00131221
0.00919452
0.0160105
0.021616
0.0259323
0.0295222
0.0326703
0.0356166
0.0383578
0.0410694
0.0436775
0.0460397
0.0483041
0.0504222
0.0524052
0.0541601
0.0556198
0.0600511
0.0647978
0.0702515
0.0758495
0.0816234
0.087376
0.0930798
0.0986459
0.104049
0.109248
0.114223
0.118956
0.123445
0.127692
0.131703
0.135466
0.138984
0.142279
0.145378
0.148299
0.151056
0.153661
0.156126
0.15846
0.160673
0.162774
0.164774
0.166678
0.168495
0.170232
0.171896
0.173493
0.175031
0.176515
0.177952
0.17935
0.180713
0.182051
0.183366
0.184672
0.185969
0.187276
0.188582
0.189931
0.191278
0.192731
0.194147
0.195804
0.197302
0.199379
0.200929
0.203968
0.205532
0.211665
0.215739
0.219848
0.223191
0.225979
0.228022
0.228546
0.227236
0.223898
0.218397
0.210654
0.2024
0.191984
0.178873
0.160667
0.132334
0.0816982
0.00944109
-0.104779
-0.23834
-0.348361
-0.302009
-0.30198
-0.187611
-0.116133
-0.152787
-0.116214
-0.0786843
-0.0416422
-0.0162822
-0.00179557
0.00884116
0.0157612
0.021426
0.0257911
0.0294157
0.0325759
0.0355192
0.0382466
0.0409347
0.0435216
0.0458726
0.0481284
0.050248
0.0522518
0.0540748
0.0556415
0.0600072
0.0646872
0.0700943
0.0756534
0.0813989
0.0871299
0.092819
0.098376
0.103776
0.108975
0.113955
0.118696
0.123197
0.127457
0.131477
0.135244
0.138759
0.142053
0.145153
0.148077
0.150838
0.153448
0.155917
0.158256
0.160475
0.162583
0.164589
0.1665
0.168324
0.170069
0.171739
0.173344
0.174889
0.176381
0.177826
0.179231
0.180602
0.181948
0.183272
0.184587
0.185892
0.187208
0.188524
0.189885
0.191243
0.192709
0.19414
0.195817
0.197335
0.199444
0.201028
0.204132
0.205761
0.211744
0.215665
0.219669
0.222909
0.225588
0.227491
0.227869
0.226432
0.222986
0.217413
0.209652
0.201337
0.190785
0.177442
0.158812
0.129821
0.078623
0.00607304
-0.106882
-0.235883
-0.341549
-0.297925
-0.300709
-0.186977
-0.114571
-0.150589
-0.115376
-0.0792825
-0.0421441
-0.0168587
-0.0022706
0.00847895
0.015503
0.0212298
0.0256475
0.0293113
0.0324863
0.0354257
0.0381353
0.0407929
0.0433518
0.0456871
0.0479322
0.0500538
0.0520794
0.0539691
0.0556494
0.0599517
0.0645741
0.069937
0.0754603
0.0811791
0.0868901
0.0925654
0.0981138
0.10351
0.10871
0.113694
0.118442
0.122952
0.127222
0.131251
0.13502
0.138533
0.141827
0.144928
0.147854
0.150618
0.153232
0.155706
0.158051
0.160276
0.162389
0.164401
0.166319
0.16815
0.169901
0.171579
0.173191
0.174743
0.176242
0.177694
0.179107
0.180486
0.18184
0.183172
0.184495
0.185809
0.187135
0.188461
0.189833
0.191204
0.192684
0.19413
0.195827
0.197367
0.199509
0.201127
0.20429
0.205977
0.211807
0.215582
0.219474
0.222602
0.225158
0.226905
0.227114
0.225519
0.221931
0.216252
0.208439
0.20002
0.189276
0.175625
0.156459
0.126678
0.0748065
0.001937
-0.109529
-0.233324
-0.333938
-0.292748
-0.298775
-0.186044
-0.112559
-0.147753
-0.113733
-0.079329
-0.0423955
-0.0173135
-0.00272016
0.00811431
0.0152373
0.0210255
0.0254976
0.029203
0.0323943
0.0353297
0.0380192
0.0406422
0.0431684
0.0454854
0.0477182
0.0498421
0.0518894
0.0538434
0.0556442
0.0598864
0.0644608
0.069781
0.0752705
0.0809631
0.0866544
0.0923159
0.0978558
0.103248
0.108448
0.113435
0.118189
0.122708
0.126988
0.131023
0.134793
0.138304
0.141597
0.144698
0.147627
0.150394
0.153013
0.155492
0.157842
0.160072
0.162191
0.16421
0.166134
0.167972
0.169729
0.171414
0.173033
0.174592
0.176098
0.177558
0.178978
0.180365
0.181727
0.183067
0.184399
0.185722
0.187058
0.188395
0.189778
0.191161
0.192656
0.194117
0.195835
0.197397
0.19957
0.201224
0.204436
0.206175
0.211851
0.215486
0.219262
0.222271
0.224696
0.226274
0.226302
0.224532
0.220783
0.214976
0.207081
0.198516
0.187528
0.173495
0.153696
0.123019
0.0704112
-0.00271938
-0.112405
-0.230567
-0.32585
-0.286763
-0.296197
-0.184813
-0.110156
-0.14439
-0.111351
-0.0787924
-0.0424721
-0.0176292
-0.00312843
0.00775351
0.014966
0.0208128
0.0253396
0.0290865
0.0322946
0.0352259
0.0378942
0.0404804
0.0429713
0.0452678
0.0474872
0.0496133
0.0516825
0.0536987
0.055627
0.0598118
0.064347
0.0696257
0.0750831
0.0807499
0.086422
0.0920698
0.097601
0.102989
0.108188
0.113178
0.117938
0.122465
0.126753
0.130793
0.134563
0.138072
0.141363
0.144466
0.147396
0.150167
0.152789
0.155273
0.157627
0.159863
0.161988
0.164013
0.165943
0.167788
0.169552
0.171244
0.17287
0.174436
0.17595
0.177417
0.178845
0.18024
0.181609
0.182958
0.184299
0.185631
0.186977
0.188324
0.189719
0.191114
0.192623
0.194102
0.195838
0.197424
0.199626
0.201316
0.204568
0.206353
0.211873
0.215376
0.21903
0.221913
0.224196
0.225596
0.225432
0.223477
0.219556
0.213606
0.205609
0.196866
0.185594
0.171122
0.150622
0.118997
0.0656635
-0.00758575
-0.115167
-0.22744
-0.317405
-0.280283
-0.29307
-0.183311
-0.107427
-0.140659
-0.108352
-0.0777207
-0.0423853
-0.0178091
-0.00347603
0.00740551
0.0146933
0.0205929
0.0251736
0.0289611
0.0321853
0.0351121
0.0377585
0.0403067
0.0427601
0.0450343
0.047239
0.0493673
0.0514589
0.0535358
0.0555987
0.0597279
0.0642327
0.0694711
0.0748984
0.0805399
0.0861932
0.0918274
0.0973501
0.102734
0.107932
0.112924
0.117689
0.122223
0.126517
0.13056
0.134329
0.137837
0.141127
0.14423
0.147162
0.149935
0.152561
0.155049
0.157409
0.159649
0.16178
0.163811
0.165748
0.167599
0.16937
0.171069
0.172701
0.174275
0.175796
0.177271
0.178706
0.180109
0.181487
0.182844
0.184194
0.185536
0.186891
0.188249
0.189655
0.191064
0.192587
0.194082
0.195838
0.197447
0.199676
0.201401
0.204684
0.20651
0.211872
0.215247
0.218774
0.221524
0.223654
0.224866
0.2245
0.222349
0.218244
0.21214
0.204022
0.195073
0.183483
0.168527
0.147278
0.114681
0.0606752
-0.0125227
-0.11769
-0.223894
-0.308628
-0.273525
-0.289538
-0.181564
-0.104422
-0.136707
-0.104889
-0.0761499
-0.0421139
-0.0178658
-0.00373947
0.00708295
0.0144253
0.0203693
0.0250013
0.0288275
0.0320666
0.0349881
0.0376118
0.0401209
0.0425347
0.044785
0.0469737
0.0491041
0.0512188
0.0533557
0.0555594
0.0596348
0.0641182
0.0693176
0.0747171
0.0803339
0.085969
0.0915896
0.0971036
0.102482
0.107679
0.112673
0.117442
0.121981
0.12628
0.130325
0.134093
0.137598
0.140888
0.143991
0.146924
0.1497
0.152329
0.154821
0.157186
0.159431
0.161568
0.163604
0.165547
0.167405
0.169183
0.170888
0.172528
0.174109
0.175637
0.177119
0.178563
0.179973
0.181359
0.182726
0.184084
0.185435
0.186801
0.18817
0.189587
0.191009
0.192547
0.194059
0.195833
0.197466
0.199719
0.201479
0.204782
0.206643
0.211844
0.215097
0.218491
0.221099
0.223066
0.224079
0.2235
0.221141
0.216842
0.210571
0.202313
0.19313
0.181187
0.165702
0.143664
0.110085
0.0554738
-0.0174929
-0.119944
-0.219941
-0.299533
-0.266554
-0.285692
-0.179576
-0.101172
-0.132615
-0.101145
-0.0741301
-0.0416418
-0.017797
-0.00389785
0.00680234
0.0141708
0.0201464
0.0248258
0.0286877
0.0319397
0.0348545
0.0374545
0.0399232
0.0422955
0.04452
0.0466913
0.0488237
0.0509628
0.053159
0.0555094
0.0595326
0.0640038
0.0691657
0.0745401
0.0801328
0.0857504
0.0913575
0.0968626
0.102236
0.107431
0.112425
0.117197
0.12174
0.126042
0.130087
0.133853
0.137357
0.140646
0.143749
0.146684
0.149462
0.152094
0.15459
0.156959
0.159209
0.161351
0.163393
0.165342
0.167206
0.16899
0.170703
0.172349
0.173937
0.175473
0.176963
0.178414
0.179833
0.181227
0.182602
0.183969
0.18533
0.186706
0.188085
0.189515
0.19095
0.192501
0.19403
0.195821
0.197479
0.199753
0.201547
0.20486
0.206748
0.211787
0.214922
0.218176
0.220634
0.222426
0.223228
0.222426
0.219847
0.215342
0.20889
0.200472
0.191024
0.178693
0.162632
0.139766
0.105202
0.0500705
-0.0224696
-0.121899
-0.215585
-0.290148
-0.259382
-0.281543
-0.177333
-0.0976931
-0.128406
-0.0972942
-0.0717443
-0.040958
-0.0175885
-0.00393985
0.00658421
0.0139412
0.0199307
0.024651
0.0285446
0.0318066
0.0347128
0.0372874
0.0397143
0.042043
0.0442399
0.0463923
0.0485265
0.0506915
0.0529469
0.0554489
0.0594217
0.0638902
0.0690164
0.0743685
0.0799378
0.0855386
0.0911322
0.0966283
0.101996
0.107188
0.112182
0.116956
0.1215
0.125803
0.129848
0.133612
0.137115
0.140403
0.143506
0.146442
0.149222
0.151857
0.154356
0.156729
0.158984
0.161131
0.163178
0.165133
0.167003
0.168794
0.170512
0.172166
0.173761
0.175304
0.176801
0.17826
0.179687
0.18109
0.182473
0.183849
0.18522
0.186605
0.187996
0.189437
0.190885
0.19245
0.193996
0.195803
0.197484
0.199775
0.201603
0.204914
0.206824
0.211697
0.214716
0.217824
0.220124
0.221729
0.222308
0.221271
0.21846
0.213739
0.207091
0.19849
0.188743
0.175986
0.159304
0.135575
0.100034
0.044485
-0.0274123
-0.123509
-0.21083
-0.280504
-0.252015
-0.277067
-0.174812
-0.0939921
-0.124074
-0.0934625
-0.0691023
-0.0400568
-0.0172319
-0.00385493
0.00645233
0.0137519
0.0197311
0.0244824
0.0284021
0.0316702
0.0345653
0.0371124
0.0394957
0.0417785
0.0439456
0.0460777
0.0482135
0.0504059
0.0527209
0.0553785
0.0593028
0.0637782
0.0688707
0.0742036
0.0797505
0.0853352
0.0909153
0.0964021
0.101763
0.106951
0.111944
0.116717
0.121263
0.125565
0.129607
0.133369
0.136871
0.140159
0.143262
0.146198
0.14898
0.151618
0.15412
0.156497
0.158756
0.160908
0.16296
0.164921
0.166796
0.168593
0.170318
0.171979
0.173581
0.175131
0.176635
0.178102
0.179536
0.180947
0.182339
0.183725
0.185104
0.1865
0.187901
0.189353
0.190815
0.192392
0.193955
0.195776
0.197481
0.199784
0.201643
0.20494
0.206864
0.211569
0.214476
0.217428
0.219562
0.220969
0.221313
0.220029
0.216975
0.212024
0.205165
0.196354
0.186274
0.173051
0.155701
0.131081
0.0945878
0.0387471
-0.0322701
-0.124725
-0.205678
-0.270633
-0.244464
-0.272239
-0.171993
-0.0900744
-0.119602
-0.0897119
-0.066324
-0.038946
-0.0167341
-0.00362173
0.0064272
0.0136221
0.0195589
0.0243274
0.0282657
0.0315348
0.0344153
0.0369321
0.0392695
0.0415039
0.0436389
0.045749
0.0478862
0.0501079
0.0524828
0.055299
0.0591773
0.0636688
0.06873
0.074047
0.0795725
0.0851419
0.0907085
0.0961855
0.101539
0.106722
0.111712
0.116484
0.121028
0.125328
0.129367
0.133126
0.136627
0.139915
0.143018
0.145955
0.148739
0.151378
0.153883
0.156263
0.158526
0.160683
0.16274
0.164706
0.166586
0.168389
0.170121
0.171788
0.173396
0.174953
0.176465
0.177939
0.179382
0.1808
0.182201
0.183595
0.184984
0.186389
0.187801
0.189264
0.190738
0.192327
0.193907
0.19574
0.197467
0.199777
0.201664
0.204936
0.206866
0.211399
0.214195
0.216984
0.218943
0.220138
0.220236
0.218693
0.215383
0.210189
0.203101
0.194055
0.183603
0.169874
0.151813
0.126281
0.088876
0.0328954
-0.036985
-0.125499
-0.200137
-0.26057
-0.236745
-0.267036
-0.168853
-0.0859446
-0.114976
-0.086054
-0.0635199
-0.0376531
-0.0161096
-0.00322343
0.00652891
0.0135748
0.0194294
0.0241956
0.0281421
0.0314058
0.0342674
0.0367504
0.0390389
0.041222
0.0433223
0.0454086
0.0475468
0.0497997
0.0522353
0.0552118
0.0590469
0.0635635
0.068596
0.0739006
0.0794058
0.0849608
0.0905137
0.0959804
0.101326
0.106503
0.111488
0.116257
0.120798
0.125093
0.129127
0.132884
0.136385
0.139673
0.142776
0.145714
0.148498
0.151139
0.153646
0.156029
0.158296
0.160457
0.162518
0.164489
0.166375
0.168184
0.169921
0.171594
0.173209
0.174773
0.176292
0.177773
0.179223
0.180649
0.182058
0.18346
0.184858
0.186272
0.187695
0.189167
0.190654
0.192253
0.193849
0.195691
0.19744
0.199751
0.201663
0.204896
0.206823
0.211182
0.213866
0.216484
0.218258
0.21923
0.219068
0.217256
0.213677
0.208226
0.200891
0.191579
0.180718
0.166442
0.147627
0.121175
0.0829204
0.0269775
-0.0414926
-0.125783
-0.19422
-0.250351
-0.228872
-0.261439
-0.165371
-0.0816068
-0.110181
-0.0824682
-0.0607745
-0.0362268
-0.015378
-0.0026611
0.00678568
0.0136328
0.0193613
0.0240994
0.0280405
0.0312903
0.0341278
0.0365727
0.0388087
0.0409371
0.0429996
0.04506
0.0471988
0.0494846
0.0519819
0.0551192
0.0589142
0.0634644
0.0684712
0.0737668
0.0792528
0.0847941
0.0903331
0.095789
0.101125
0.106294
0.111273
0.116037
0.120573
0.124862
0.128891
0.132644
0.136145
0.139433
0.142537
0.145474
0.148259
0.150902
0.153411
0.155797
0.158067
0.160231
0.162297
0.164272
0.166163
0.167976
0.169719
0.171398
0.173019
0.174589
0.176115
0.177603
0.17906
0.180494
0.18191
0.183321
0.184727
0.18615
0.187582
0.189064
0.190562
0.19217
0.193781
0.195629
0.197397
0.199702
0.201634
0.204816
0.206731
0.210911
0.213483
0.215919
0.2175
0.218235
0.217802
0.215708
0.211848
0.206127
0.198523
0.188914
0.177604
0.162741
0.143137
0.115769
0.0767515
0.0210499
-0.0457239
-0.125533
-0.187945
-0.240012
-0.220864
-0.255435
-0.161528
-0.0770651
-0.105208
-0.0789165
-0.0581348
-0.0347328
-0.0145645
-0.00195388
0.00722253
0.013821
0.0193771
0.0240545
0.027972
0.0311973
0.0340044
0.0364061
0.0385853
0.0406551
0.0426762
0.0447084
0.046847
0.0491672
0.0517273
0.0550243
0.0587828
0.0633742
0.0683584
0.0736484
0.0791165
0.0846446
0.0901694
0.0956135
0.100938
0.106099
0.111069
0.115826
0.120355
0.124637
0.128658
0.132409
0.135909
0.139197
0.142301
0.145239
0.148025
0.150668
0.153179
0.155567
0.15784
0.160007
0.162076
0.164055
0.16595
0.167769
0.169517
0.171201
0.172828
0.174404
0.175935
0.17743
0.178894
0.180335
0.181758
0.183176
0.184591
0.186021
0.187463
0.188952
0.190461
0.192076
0.1937
0.195551
0.197335
0.199626
0.201573
0.204692
0.206582
0.210582
0.213038
0.215282
0.21666
0.217144
0.216429
0.214042
0.209887
0.20388
0.195986
0.186046
0.174247
0.158759
0.138339
0.110079
0.0704095
0.0151785
-0.0496061
-0.124713
-0.181338
-0.22959
-0.212736
-0.249016
-0.157308
-0.0723235
-0.100046
-0.0753544
-0.0556074
-0.0332422
-0.0137009
-0.00113788
0.00784797
0.0141712
0.0195003
0.0240801
0.0279509
0.0311378
0.033907
0.0362598
0.0383772
0.0403838
0.0423594
0.0443605
0.0464977
0.0488535
0.0514775
0.0549317
0.0586575
0.0632967
0.0682616
0.0735488
0.0790001
0.0845155
0.0900256
0.095457
0.100769
0.105919
0.110879
0.115627
0.120146
0.124419
0.128432
0.132179
0.135679
0.138968
0.142072
0.14501
0.147795
0.150439
0.152951
0.155341
0.157616
0.159786
0.161858
0.16384
0.165739
0.167562
0.169314
0.171003
0.172635
0.174217
0.175754
0.177255
0.178724
0.180172
0.181602
0.183027
0.184449
0.185886
0.187335
0.188831
0.190349
0.191969
0.193604
0.195454
0.19725
0.19952
0.201475
0.204517
0.206372
0.210187
0.212521
0.214563
0.215727
0.215948
0.214938
0.212246
0.207783
0.201475
0.193267
0.182961
0.170635
0.154488
0.133236
0.104125
0.0639452
0.00943717
-0.0530654
-0.123295
-0.174429
-0.219122
-0.204507
-0.242179
-0.152699
-0.0673858
-0.0946921
-0.0717378
-0.0531625
-0.0318165
-0.0128274
-0.000262125
0.00864834
0.0147113
0.0197584
0.024198
0.0279943
0.0311253
0.0338474
0.0361453
0.0381953
0.0401338
0.0420592
0.0440256
0.0461599
0.0485519
0.0512407
0.0548479
0.0585448
0.0632369
0.0681858
0.0734727
0.0789081
0.0844108
0.0899054
0.0953227
0.100621
0.105757
0.110706
0.115441
0.119948
0.12421
0.128215
0.131957
0.135456
0.138745
0.141849
0.144787
0.147573
0.150217
0.152729
0.15512
0.157397
0.159568
0.161643
0.163628
0.16553
0.167357
0.169113
0.170806
0.172443
0.174029
0.175571
0.177077
0.178553
0.180006
0.181442
0.182872
0.1843
0.185744
0.1872
0.188701
0.190226
0.191848
0.19349
0.195335
0.197138
0.199378
0.201332
0.204285
0.206091
0.209718
0.211924
0.213753
0.214691
0.214636
0.21332
0.21031
0.205526
0.1989
0.190353
0.179645
0.166755
0.149922
0.127836
0.0979408
0.0574205
0.003907
-0.0560292
-0.121262
-0.167253
-0.208643
-0.196192
-0.234928
-0.147692
-0.0622562
-0.0891409
-0.0680278
-0.0507424
-0.0304924
-0.0119915
0.000617416
0.00958267
0.0154548
0.0201817
0.0244332
0.0281224
0.0311762
0.03384
0.0360765
0.0380534
0.0399185
0.0417884
0.0437162
0.0458452
0.0482731
0.0510272
0.0547818
0.0584532
0.0632017
0.0681376
0.0734257
0.0788459
0.0843354
0.0898133
0.0952147
0.100497
0.105618
0.110551
0.115272
0.119765
0.124014
0.128008
0.131745
0.135244
0.138532
0.141636
0.144573
0.147358
0.150002
0.152514
0.154905
0.157183
0.159356
0.161433
0.16342
0.165325
0.167154
0.168913
0.17061
0.17225
0.173841
0.175388
0.176898
0.178378
0.179836
0.181277
0.182712
0.184146
0.185593
0.187054
0.188558
0.190088
0.19171
0.193356
0.195189
0.196994
0.199196
0.201139
0.20399
0.205732
0.209168
0.211237
0.212839
0.213539
0.213195
0.211561
0.208222
0.203103
0.19614
0.187228
0.176083
0.162598
0.14506
0.122155
0.0915685
0.050908
-0.00132557
-0.0584293
-0.11861
-0.159851
-0.198185
-0.187807
-0.227275
-0.142285
-0.0569383
-0.0833908
-0.0641933
-0.0482742
-0.0292691
-0.0112406
0.00144372
0.010584
0.0163909
0.0207953
0.0248137
0.0283582
0.031309
0.0339014
0.0360697
0.0379679
0.0397546
0.0415637
0.0434481
0.0455688
0.0480314
0.0508504
0.0547449
0.0583935
0.0631999
0.0681256
0.0734152
0.0788203
0.0842953
0.0897548
0.095138
0.100401
0.105503
0.110418
0.115122
0.119599
0.123833
0.127816
0.131546
0.135042
0.13833
0.141433
0.144369
0.147153
0.149796
0.152308
0.154698
0.156976
0.15915
0.161228
0.163217
0.165123
0.166954
0.168716
0.170416
0.172059
0.173653
0.175204
0.176718
0.178201
0.179663
0.181108
0.182546
0.183983
0.185434
0.186898
0.188402
0.189934
0.191551
0.193197
0.195013
0.196812
0.198966
0.200887
0.203625
0.205288
0.208527
0.210447
0.21181
0.212259
0.211613
0.209649
0.205969
0.2005
0.193182
0.183879
0.172264
0.158157
0.139905
0.11622
0.0850632
0.0444911
-0.00617124
-0.0602047
-0.115348
-0.152265
-0.187781
-0.179367
-0.219238
-0.13648
-0.0514364
-0.0774412
-0.0602109
-0.045682
-0.0281048
-0.0106096
0.00216358
0.011568
0.0174752
0.0216111
0.025366
0.0287273
0.0315447
0.0340501
0.0361438
0.0379583
0.0396626
0.0414058
0.0432419
0.0453505
0.047845
0.0507276
0.0547528
0.0583798
0.0632433
0.0681607
0.0734506
0.0788397
0.0842981
0.0897365
0.0950984
0.100339
0.10542
0.110313
0.114997
0.119454
0.123671
0.12764
0.131363
0.134856
0.138141
0.141243
0.144177
0.146959
0.1496
0.152111
0.1545
0.156778
0.158952
0.16103
0.163019
0.164926
0.166759
0.168522
0.170224
0.17187
0.173466
0.175019
0.176535
0.178022
0.179485
0.180933
0.182373
0.183812
0.185263
0.186728
0.18823
0.18976
0.191369
0.193009
0.194802
0.196586
0.198681
0.200568
0.203181
0.204747
0.207784
0.209543
0.210653
0.210837
0.209876
0.20757
0.203536
0.197703
0.19001
0.180289
0.168174
0.153428
0.134472
0.110069
0.0784924
0.0382622
-0.010541
-0.0613061
-0.111503
-0.144539
-0.177457
-0.170886
-0.210844
-0.130286
-0.0457543
-0.0712928
-0.0560643
-0.0428992
-0.0269215
-0.0101052
0.00273329
0.0124473
0.0186278
0.0226144
0.0261086
0.0292555
0.0319069
0.0343068
0.0363188
0.0380471
0.0396664
0.0413399
0.0431226
0.0452146
0.0477366
0.0506804
0.0548251
0.0584293
0.0633467
0.0682564
0.0735436
0.0789146
0.0843528
0.0897666
0.0951032
0.100318
0.105372
0.11024
0.114899
0.119334
0.123531
0.127485
0.131198
0.134685
0.137968
0.141066
0.143998
0.146777
0.149416
0.151924
0.154312
0.156588
0.158761
0.160838
0.162827
0.164735
0.166567
0.168332
0.170034
0.171681
0.173278
0.174833
0.176351
0.177838
0.179303
0.180751
0.182192
0.183631
0.18508
0.186542
0.188039
0.189564
0.191159
0.192787
0.194548
0.196308
0.198335
0.200173
0.202648
0.2041
0.20693
0.208512
0.209356
0.209259
0.207968
0.205308
0.200908
0.194695
0.186609
0.176445
0.163807
0.148416
0.128781
0.103752
0.0719362
0.0323203
-0.0143501
-0.061698
-0.107114
-0.136715
-0.167238
-0.162375
-0.202126
-0.123719
-0.0398966
-0.0649473
-0.0517417
-0.0398754
-0.025619
-0.00969297
0.00312775
0.0131458
0.0197418
0.0237539
0.0270418
0.0299632
0.03242
0.0346941
0.0366159
0.0382572
0.0397926
0.0413959
0.043121
0.0451913
0.0477346
0.0507357
0.0549874
0.0585619
0.0635282
0.0684296
0.0737083
0.0790578
0.0844706
0.0898549
0.0951609
0.100344
0.105367
0.110205
0.114836
0.119244
0.123418
0.127354
0.131055
0.134534
0.137812
0.140906
0.143833
0.146609
0.149244
0.151749
0.154134
0.156408
0.158579
0.160654
0.162642
0.164548
0.16638
0.168144
0.169847
0.171493
0.173091
0.174645
0.176163
0.17765
0.179115
0.180562
0.182
0.183436
0.184881
0.186337
0.187825
0.189339
0.190914
0.192523
0.194246
0.195971
0.197918
0.199691
0.202017
0.203335
0.20595
0.207339
0.207901
0.207507
0.205874
0.202848
0.198068
0.191461
0.182962
0.172334
0.159157
0.143132
0.122868
0.0973317
0.0654858
0.026768
-0.0175222
-0.061363
-0.102232
-0.128833
-0.157145
-0.153845
-0.193124
-0.116801
-0.0338681
-0.0584087
-0.0472337
-0.0365793
-0.024094
-0.00929432
0.00335333
0.0136125
0.0207039
0.0249381
0.028135
0.0308574
0.0331044
0.0352349
0.037058
0.0386111
0.0400679
0.0416054
0.0432712
0.045316
0.0478717
0.0509252
0.0552727
0.0588011
0.0638095
0.0686999
0.0739618
0.0792842
0.0846645
0.0900128
0.0952816
0.100427
0.105413
0.110215
0.114812
0.11919
0.123337
0.127252
0.130937
0.134406
0.137675
0.140763
0.143685
0.146455
0.149085
0.151586
0.153967
0.156237
0.158405
0.160478
0.162463
0.164367
0.166197
0.16796
0.16966
0.171306
0.172902
0.174455
0.175971
0.177456
0.178918
0.180361
0.181795
0.183225
0.184662
0.186109
0.187582
0.18908
0.19063
0.192211
0.193886
0.195562
0.197419
0.19911
0.201274
0.20244
0.204831
0.206009
0.206274
0.205565
0.203576
0.200171
0.194998
0.187984
0.179055
0.167949
0.15423
0.137597
0.116777
0.0908864
0.0592421
0.0217067
-0.0199947
-0.0603028
-0.0969194
-0.120929
-0.147198
-0.145308
-0.183884
-0.109562
-0.027674
-0.051683
-0.0425313
-0.0329969
-0.0222581
-0.00879655
0.00345989
0.0138336
0.0214188
0.0260478
0.029317
0.0319197
0.0339708
0.0359487
0.0376671
0.039132
0.0405175
0.0419983
0.0436079
0.0456264
0.048186
0.0512853
0.0557144
0.0591751
0.0642156
0.06909
0.0743235
0.0796111
0.0849496
0.0902533
0.0954764
0.100576
0.105518
0.110278
0.114835
0.119176
0.123292
0.127181
0.130847
0.134301
0.13756
0.140639
0.143553
0.146316
0.14894
0.151435
0.153811
0.156076
0.158239
0.160308
0.162289
0.16419
0.166017
0.167776
0.169474
0.171117
0.17271
0.174259
0.175772
0.177253
0.178709
0.180147
0.181573
0.182994
0.184419
0.185851
0.187305
0.18878
0.190297
0.19184
0.193457
0.195073
0.196825
0.198418
0.200406
0.2014
0.203557
0.204504
0.204456
0.203415
0.201056
0.197259
0.191683
0.184247
0.174877
0.163285
0.149036
0.131845
0.110571
0.0845055
0.0533118
0.0172313
-0.0217224
-0.0585396
-0.0912468
-0.113035
-0.137412
-0.136773
-0.174454
-0.102039
-0.0213205
-0.0447796
-0.0376257
-0.0291263
-0.0200485
-0.00807459
0.00354356
0.0138435
0.0218327
0.0269615
0.0304782
0.0330934
0.0350084
0.0368456
0.0384615
0.0398408
0.0411642
0.0426018
0.0441633
0.0461589
0.0487161
0.0518541
0.0563453
0.0597141
0.064773
0.0696238
0.0748147
0.0800567
0.0853417
0.0905903
0.0957574
0.100802
0.10569
0.1104
0.11491
0.119209
0.123288
0.127147
0.130789
0.134225
0.137469
0.140535
0.143439
0.146193
0.148809
0.151296
0.153664
0.155923
0.15808
0.160143
0.16212
0.164016
0.165838
0.167593
0.169286
0.170924
0.172512
0.174056
0.175563
0.177037
0.178486
0.179914
0.18133
0.182737
0.184145
0.185558
0.186986
0.188429
0.189905
0.1914
0.192948
0.194487
0.196123
0.197597
0.199397
0.200199
0.20211
0.202806
0.202429
0.201038
0.198296
0.194095
0.188103
0.180238
0.17042
0.158348
0.143598
0.125921
0.104325
0.0782891
0.0478022
0.0134242
-0.0226817
-0.0561152
-0.0852862
-0.105175
-0.127802
-0.128249
-0.164886
-0.0942718
-0.014815
-0.0377111
-0.0325082
-0.0249724
-0.0174305
-0.007015
0.00373429
0.0137307
0.0219521
0.0275884
0.0314915
0.0342805
0.0361723
0.0379159
0.0394493
0.0407533
0.0420264
0.0434373
0.0449634
0.0469441
0.0494965
0.0526666
0.057196
0.0604466
0.0655072
0.0703248
0.0754556
0.0806391
0.0858567
0.0910372
0.0961361
0.101114
0.105939
0.110588
0.115044
0.119293
0.123329
0.127152
0.130764
0.134177
0.137402
0.140453
0.143343
0.146085
0.14869
0.151167
0.153527
0.155777
0.157927
0.159982
0.161952
0.163841
0.165657
0.167405
0.169092
0.170723
0.172304
0.173841
0.175339
0.176804
0.178241
0.179657
0.181057
0.182446
0.183832
0.185219
0.186614
0.188018
0.189443
0.190878
0.192344
0.193791
0.195295
0.196632
0.198228
0.198818
0.200469
0.200894
0.200171
0.198412
0.195274
0.19066
0.184245
0.175947
0.165683
0.153151
0.137951
0.119888
0.0981256
0.0723434
0.0428157
0.0103494
-0.0228729
-0.0530889
-0.0791093
-0.0973717
-0.118379
-0.119747
-0.155233
-0.086308
-0.00816629
-0.0304936
-0.0271722
-0.0205425
-0.0143929
-0.00553288
0.0041708
0.0136294
0.0218529
0.0278995
0.0322478
0.0353556
0.0373759
0.0391166
0.0406175
0.041874
0.0431148
0.0445175
0.0460244
0.0480017
0.0505514
0.053749
0.0582891
0.0613955
0.0664381
0.071212
0.0762635
0.0813729
0.0865073
0.091605
0.096622
0.10152
0.106271
0.11085
0.115241
0.119432
0.123418
0.127198
0.130775
0.134159
0.13736
0.140391
0.143264
0.145991
0.148582
0.151047
0.153395
0.155635
0.157775
0.159821
0.161782
0.163663
0.16547
0.16721
0.168888
0.17051
0.172081
0.173608
0.175094
0.176546
0.177968
0.179367
0.180747
0.182113
0.18347
0.184823
0.186176
0.187531
0.188894
0.190256
0.191627
0.192965
0.194322
0.195501
0.196878
0.197237
0.198612
0.198745
0.19766
0.195516
0.191972
0.186936
0.180095
0.171367
0.160674
0.14772
0.132145
0.113819
0.0920716
0.0667751
0.0384421
0.00804727
-0.0223208
-0.0495333
-0.0727831
-0.0896413
-0.109154
-0.11128
-0.145546
-0.078197
-0.00138556
-0.0231463
-0.0216144
-0.0158438
-0.0109406
-0.0035768
0.00497451
0.0136954
0.0216727
0.027947
0.0326971
0.036202
0.0385007
0.0403638
0.0419184
0.0431838
0.0444251
0.0458433
0.0473494
0.0493364
0.0518891
0.0551115
0.0596322
0.0625728
0.0675756
0.0722948
0.0772471
0.0822656
0.0873004
0.0922993
0.0972196
0.102025
0.106688
0.111186
0.115502
0.119627
0.123555
0.127284
0.13082
0.134168
0.13734
0.140346
0.143198
0.145906
0.14848
0.15093
0.153265
0.155492
0.15762
0.159655
0.161604
0.163474
0.165271
0.167
0.168667
0.170277
0.171836
0.173349
0.17482
0.176255
0.177658
0.179034
0.180388
0.181724
0.183045
0.184356
0.185658
0.186953
0.188242
0.189515
0.190777
0.191987
0.193181
0.194181
0.195321
0.19543
0.196513
0.196334
0.194871
0.192329
0.18837
0.182909
0.175645
0.166502
0.15541
0.142092
0.126241
0.107801
0.0862653
0.0616845
0.0347523
0.00653097
-0.0210729
-0.0455297
-0.0663681
-0.0819983
-0.100134
-0.102861
-0.135876
-0.0699901
0.00551344
-0.015691
-0.0158369
-0.010883
-0.0070871
-0.00112437
0.00623414
0.0140757
0.0215838
0.0278604
0.0328784
0.0367609
0.0394321
0.0415425
0.0432627
0.0446266
0.0459259
0.0473954
0.0489257
0.0509356
0.0534988
0.0567439
0.0612128
0.0639752
0.068914
0.0735682
0.0784025
0.0833131
0.0882322
0.0931165
0.0979253
0.102624
0.107187
0.111592
0.115825
0.119874
0.123735
0.127407
0.130894
0.134201
0.137338
0.140314
0.14314
0.145825
0.148379
0.150811
0.153129
0.155341
0.157454
0.159475
0.161411
0.163268
0.165052
0.166767
0.16842
0.170015
0.171558
0.173053
0.174505
0.175918
0.177297
0.178645
0.179966
0.181264
0.182541
0.1838
0.185041
0.186262
0.187463
0.188633
0.189768
0.190832
0.191845
0.192645
0.193531
0.193372
0.194145
0.193633
0.191778
0.188827
0.18445
0.178567
0.170894
0.161363
0.149921
0.136319
0.120315
0.101928
0.0808075
0.0571579
0.031792
0.00578538
-0.0191962
-0.041163
-0.0599165
-0.0744555
-0.091328
-0.0945051
-0.126269
-0.061739
0.0125137
-0.00815163
-0.00984823
-0.00566765
-0.00285083
0.0018258
0.00800363
0.0148857
0.0217559
0.0278159
0.032918
0.0370686
0.0401134
0.0425462
0.0445337
0.0461046
0.0475467
0.0491231
0.0507173
0.0527671
0.0553485
0.058613
0.0629957
0.0655825
0.070429
0.0750083
0.0797083
0.084495
0.0892841
0.0940394
0.0987234
0.103304
0.107755
0.112057
0.116195
0.120161
0.123947
0.127555
0.130986
0.134246
0.137342
0.140284
0.143079
0.145738
0.148268
0.150679
0.152977
0.155171
0.157267
0.159272
0.161192
0.163033
0.1648
0.166499
0.168134
0.169711
0.171234
0.172708
0.174135
0.175521
0.176869
0.178182
0.179463
0.180715
0.181938
0.183133
0.1843
0.185435
0.186533
0.187582
0.188573
0.189471
0.190284
0.190864
0.191477
0.191032
0.191475
0.190615
0.188358
0.184989
0.180196
0.173903
0.165846
0.155972
0.144248
0.130466
0.114449
0.0962938
0.0757904
0.0532609
0.029578
0.00576845
-0.0167717
-0.0365165
-0.0534722
-0.0670257
-0.0827423
-0.086229
-0.116768
-0.0534943
0.0195948
-0.000553843
-0.00366389
-0.000208024
0.00174694
0.00526096
0.010308
0.0162029
0.0223271
0.0279926
0.0329931
0.037255
0.0405871
0.0433356
0.0456368
0.0475016
0.0491788
0.050936
0.0526551
0.0547737
0.057386
0.0606639
0.0649251
0.0673587
0.0720794
0.0765719
0.081125
0.0857733
0.0904208
0.0950353
0.0995835
0.104035
0.108365
0.112555
0.116592
0.120466
0.124172
0.127709
0.131079
0.134286
0.137337
0.140239
0.143
0.145629
0.148132
0.150518
0.152794
0.154967
0.157043
0.159029
0.16093
0.162753
0.164501
0.16618
0.167794
0.169349
0.170847
0.172293
0.173691
0.175044
0.176354
0.177624
0.178856
0.180051
0.181209
0.182329
0.183409
0.184441
0.18542
0.18633
0.187159
0.187871
0.188465
0.188803
0.189125
0.18838
0.188474
0.187249
0.184583
0.180798
0.1756
0.16892
0.160519
0.150363
0.138446
0.124606
0.108731
0.0909896
0.0712893
0.0500325
0.0280972
0.00641522
-0.0138887
-0.0316687
-0.047072
-0.0597223
-0.074384
-0.0780517
-0.107412
-0.0453042
0.0267325
0.0070749
0.00269383
0.00548133
0.00668191
0.00915833
0.01315
0.0180703
0.0233934
0.0285387
0.0332824
0.0374979
0.0409854
0.043974
0.0465607
0.0487429
0.0507142
0.0527181
0.0546356
0.0568703
0.0595362
0.0628206
0.0669306
0.0692564
0.0738122
0.0782015
0.082598
0.087095
0.0915917
0.0960565
0.100461
0.104775
0.108978
0.113051
0.11698
0.120758
0.124379
0.127841
0.131146
0.134296
0.137298
0.140157
0.14288
0.145475
0.147949
0.150308
0.152559
0.154708
0.156762
0.158727
0.160606
0.162407
0.164132
0.165788
0.167377
0.168905
0.170374
0.171788
0.17315
0.174462
0.175726
0.176945
0.178118
0.179245
0.180326
0.181357
0.182334
0.183248
0.18409
0.184843
0.185491
0.185996
0.186352
0.186428
0.18644
0.185383
0.18511
0.183508
0.180434
0.176241
0.17066
0.16363
0.15494
0.144583
0.13258
0.118817
0.103248
0.086094
0.0673577
0.0474831
0.0273089
0.00764397
-0.0106384
-0.0266906
-0.0407469
-0.0525599
-0.0662602
-0.0699932
-0.0982359
-0.0372149
0.033899
0.0147049
0.00919612
0.0113801
0.0119258
0.0134871
0.0165152
0.0205034
0.0250117
0.0295595
0.0339306
0.037968
0.0414759
0.0445986
0.047393
0.0498494
0.0521112
0.0543826
0.0565493
0.058949
0.0616996
0.0649883
0.0689328
0.0712176
0.0755701
0.079834
0.084067
0.088401
0.0927388
0.097047
0.101301
0.105474
0.109545
0.113496
0.117316
0.120994
0.124527
0.127912
0.131148
0.13424
0.13719
0.140004
0.142687
0.145247
0.147689
0.150019
0.152243
0.154367
0.156397
0.158337
0.160193
0.161968
0.163668
0.165297
0.166857
0.168352
0.169787
0.171162
0.17248
0.173744
0.174954
0.176111
0.177214
0.178262
0.179252
0.180179
0.181038
0.181817
0.182504
0.183081
0.183528
0.183808
0.183907
0.183703
0.183389
0.182011
0.181354
0.17937
0.175896
0.171315
0.165384
0.158056
0.149152
0.13869
0.126723
0.113183
0.0980783
0.0816681
0.0640232
0.0455946
0.0271497
0.00936326
-0.00710941
-0.0216448
-0.0345246
-0.0455547
-0.0583793
-0.0620748
-0.0892734
-0.0292698
0.0410635
0.0223031
0.015808
0.017461
0.0174449
0.0182087
0.0203743
0.023495
0.0272061
0.031119
0.035039
0.0387977
0.0422085
0.0453582
0.0482679
0.0509206
0.0534196
0.0559265
0.0583415
0.0609245
0.063777
0.0670668
0.0708503
0.0731712
0.0772961
0.0814114
0.0854764
0.0896373
0.0938085
0.097954
0.102053
0.10608
0.110015
0.113842
0.117549
0.121127
0.124571
0.127876
0.131044
0.134075
0.136972
0.13974
0.142384
0.144907
0.147316
0.149616
0.151812
0.15391
0.155913
0.157827
0.159656
0.161405
0.163075
0.164672
0.166199
0.167658
0.169051
0.170381
0.171648
0.172855
0.174001
0.175085
0.176107
0.177062
0.177947
0.178756
0.179479
0.180105
0.18062
0.181003
0.181231
0.181267
0.181093
0.180594
0.179941
0.178239
0.177187
0.17482
0.170967
0.166029
0.159798
0.15224
0.143211
0.132757
0.120956
0.107783
0.0932881
0.0777528
0.0612884
0.0443258
0.0275413
0.0114793
-0.00338355
-0.0165859
-0.0284302
-0.0387243
-0.0507516
-0.0543189
-0.0805554
-0.0215105
0.0481928
0.0298312
0.0224883
0.0236895
0.0231985
0.0232768
0.0246848
0.0270174
0.0299727
0.0332451
0.0366679
0.0400757
0.0432941
0.0463727
0.0493059
0.0520677
0.0547295
0.0574097
0.0600263
0.0627691
0.0657107
0.0689886
0.072624
0.0750418
0.0789393
0.0828882
0.0867843
0.0907657
0.0947633
0.0987403
0.102678
0.106554
0.110349
0.114048
0.11764
0.121115
0.124467
0.127692
0.13079
0.133759
0.136604
0.139325
0.141927
0.144414
0.14679
0.149059
0.151227
0.153296
0.155273
0.157159
0.158959
0.160677
0.162316
0.163878
0.165366
0.166782
0.168128
0.169405
0.170614
0.171754
0.172825
0.173826
0.174753
0.175602
0.176368
0.177042
0.177615
0.178072
0.178397
0.178568
0.178561
0.178339
0.177879
0.177074
0.176075
0.174054
0.172599
0.169861
0.16566
0.160413
0.153947
0.146241
0.13719
0.126863
0.11536
0.102689
0.0889305
0.0743684
0.0591335
0.0436175
0.0283977
0.0139012
0.000465348
-0.0115618
-0.0224885
-0.0320878
-0.0433901
-0.0467487
-0.0721127
-0.0139768
0.0552532
0.0372412
0.0291907
0.0300236
0.0291374
0.0286368
0.0293927
0.0310256
0.0332844
0.035936
0.0388435
0.0418539
0.0448076
0.0477307
0.0506007
0.0533837
0.0561261
0.0589077
0.061658
0.0645101
0.067507
0.0707528
0.0742517
0.0767842
0.0804727
0.0842462
0.0879737
0.0917725
0.0955911
0.0993939
0.103164
0.106883
0.110532
0.114098
0.117568
0.120935
0.124191
0.127332
0.130356
0.133261
0.13605
0.138723
0.141282
0.143731
0.146073
0.14831
0.150448
0.152488
0.154435
0.156292
0.158061
0.159746
0.161349
0.162871
0.164316
0.165684
0.166976
0.168192
0.169333
0.170398
0.171385
0.17229
0.17311
0.17384
0.174472
0.174997
0.175403
0.175675
0.175796
0.175742
0.175488
0.174996
0.174243
0.173129
0.171783
0.169458
0.167603
0.164514
0.160013
0.154519
0.147896
0.140138
0.131175
0.121096
0.110014
0.0979628
0.0850386
0.0715125
0.0575181
0.0433971
0.029629
0.0165422
0.00436988
-0.00661668
-0.0167259
-0.0256664
-0.0363122
-0.0393876
-0.0639795
-0.00670511
0.0622238
0.0444566
0.035862
0.0364129
0.0351974
0.0342186
0.0344261
0.0354512
0.0370847
0.0391553
0.0415533
0.0441434
0.0467832
0.049483
0.0522117
0.05493
0.0576664
0.0604702
0.0632768
0.0661763
0.0691874
0.0723847
0.0757594
0.0783828
0.0818879
0.0854856
0.089046
0.0926628
0.0962995
0.0999245
0.103523
0.107079
0.110575
0.114
0.117342
0.120593
0.123745
0.126795
0.129739
0.132575
0.135302
0.137921
0.140433
0.14284
0.145144
0.147347
0.149452
0.15146
0.153375
0.155199
0.156933
0.158581
0.160143
0.161622
0.163017
0.16433
0.165561
0.166709
0.167774
0.168753
0.169643
0.170442
0.171143
0.17174
0.172225
0.172588
0.172814
0.172889
0.172794
0.172505
0.171996
0.171231
0.170184
0.168764
0.167083
0.164479
0.162239
0.158835
0.154097
0.148431
0.141742
0.134036
0.125275
0.115561
0.105011
0.0936735
0.081651
0.0691894
0.0564137
0.0436119
0.0311725
0.0193456
0.0082887
-0.00177624
-0.0111604
-0.0194764
-0.0295415
-0.0322515
-0.0562076
-5.88232e-10
0.0688863
0.051093
0.0421934
0.0425718
0.0410826
0.0397365
0.0395153
0.0400436
0.0411497
0.0427121
0.0446433
0.0468276
0.0491405
0.0515831
0.0541205
0.0567111
0.0593701
0.0621254
0.0649142
0.0677957
0.0707708
0.0738907
0.0771414
0.0798052
0.0831499
0.0865791
0.089978
0.0934208
0.0968815
0.100333
0.103764
0.107158
0.110503
0.113786
0.116997
0.120129
0.123175
0.126128
0.128987
0.131747
0.134407
0.136967
0.139426
0.141786
0.144047
0.14621
0.148277
0.150249
0.152127
0.153914
0.15561
0.157216
0.158733
0.160163
0.161504
0.162757
0.163921
0.164995
0.165977
0.166864
0.167653
0.168338
0.168914
0.169373
0.169706
0.169902
0.169946
0.169824
0.169515
0.168996
0.168241
0.167215
0.165895
0.164195
0.162212
0.159375
0.156795
0.153137
0.148245
0.142502
0.135845
0.128292
0.119831
0.110565
0.100611
0.0900238
0.0789001
0.0674561
0.055803
0.044179
0.0328954
0.0221451
0.0120326
0.00275372
-0.00601688
-0.0137568
-0.0233585
-0.0255866
-0.0491778
0.0057418
0.0748079
0.0567292
0.0477471
0.0480567
0.0463475
0.0447435
0.0442168
0.0443709
0.0450675
0.046223
0.0477653
0.0495962
0.0516082
0.0537967
0.0561265
0.0585562
0.0610921
0.0637486
0.0664649
0.0692798
0.072184
0.0752131
0.0783478
0.0810094
0.084216
0.0874942
0.0907471
0.0940349
0.0973384
0.100635
0.103913
0.107162
0.110368
0.11352
0.116611
0.119631
0.122575
0.125437
0.128212
0.130897
0.133491
0.135991
0.138396
0.140707
0.142923
0.145044
0.147071
0.149004
0.150843
0.152591
0.154245
0.155808
0.157279
0.158658
0.159944
0.161136
0.162233
0.163232
0.164132
0.164929
0.165618
0.166193
0.166649
0.166976
0.167166
0.167206
0.167083
0.166779
0.166277
0.165553
0.164583
0.163332
0.16178
0.159849
0.15762
0.154611
0.151757
0.147915
0.142952
0.137215
0.130665
0.123329
0.115212
0.106414
0.0970436
0.087155
0.0768383
0.066279
0.0555746
0.0449232
0.0345756
0.0246878
0.0153277
0.0066831
-0.0015997
-0.00883503
-0.0181055
-0.019786
-0.0432787
0.0105081
0.0798505
0.0613888
0.052442
0.0527445
0.0508607
0.0490783
0.0483388
0.0482175
0.0486058
0.0494478
0.0506811
0.0522214
0.053976
0.0559365
0.0580686
0.060333
0.0627299
0.065266
0.0678834
0.0706076
0.0734233
0.0763559
0.07938
0.0820123
0.0850961
0.0882406
0.0913643
0.0945174
0.0976844
0.100846
0.103993
0.107114
0.110199
0.113238
0.116221
0.119143
0.121995
0.124773
0.127473
0.130089
0.132621
0.135065
0.137419
0.139683
0.141855
0.143935
0.145923
0.147818
0.14962
0.151329
0.152944
0.154464
0.15589
0.15722
0.158453
0.159587
0.16062
0.16155
0.162374
0.163086
0.163683
0.164158
0.164505
0.164714
0.164776
0.164678
0.164407
0.163947
0.16328
0.162382
0.161232
0.159798
0.158058
0.155945
0.153526
0.150395
0.147331
0.143368
0.138395
0.132718
0.126317
0.119222
0.11145
0.103095
0.0942525
0.0849766
0.0753477
0.0655243
0.0555929
0.0457208
0.0361128
0.0269023
0.0181307
0.00998954
0.00208583
-0.00471989
-0.0137614
-0.0149084
-0.038431
0.0144846
0.0841659
0.0652644
0.0564182
0.0567517
0.0547238
0.0528156
0.0519259
0.0515988
0.0517525
0.0523516
0.0533391
0.0546421
0.0561804
0.0579425
0.0598959
0.0620038
0.0642625
0.0666733
0.0691826
0.0718059
0.0745249
0.0773561
0.080271
0.0828601
0.0858315
0.0888561
0.0918646
0.0948994
0.0979473
0.100992
0.104024
0.107035
0.110014
0.112952
0.115842
0.118676
0.121448
0.124152
0.126783
0.129338
0.131813
0.134205
0.136512
0.138733
0.140864
0.142906
0.144858
0.146717
0.148483
0.150155
0.151732
0.153213
0.154596
0.15588
0.157063
0.158144
0.159118
0.159984
0.160737
0.161373
0.161886
0.162271
0.16252
0.162624
0.162573
0.162355
0.161957
0.161363
0.160555
0.159512
0.158213
0.156629
0.15474
0.152485
0.149919
0.146706
0.143484
0.139446
0.134502
0.128918
0.122684
0.115835
0.108391
0.10044
0.0920674
0.0833215
0.074275
0.0650635
0.0557647
0.0465225
0.037506
0.0288355
0.0205307
0.0127963
0.00518844
-0.00124595
-0.0101381
-0.0107736
-0.0344078
0.0178179
0.087886
0.0684962
0.0597962
0.0601839
0.0580313
0.0560339
0.0550372
0.0545536
0.0545261
0.0549351
0.0557259
0.0568348
0.0581921
0.0597838
0.0615791
0.0635442
0.0656722
0.0679609
0.0703611
0.0728814
0.0755015
0.078231
0.0810399
0.0835799
0.086448
0.089364
0.0922695
0.0951996
0.098143
0.101085
0.104017
0.106932
0.109818
0.112669
0.115477
0.118234
0.120935
0.123573
0.126145
0.128644
0.131069
0.133415
0.13568
0.137861
0.139956
0.141964
0.143882
0.145708
0.147441
0.14908
0.150623
0.152067
0.153411
0.154654
0.155792
0.156823
0.157744
0.158552
0.159241
0.159809
0.160248
0.160553
0.160715
0.160727
0.160578
0.160256
0.159749
0.15904
0.158114
0.156951
0.15553
0.153825
0.151816
0.149452
0.146774
0.143508
0.140168
0.136089
0.131199
0.125723
0.119662
0.113048
0.105909
0.0983206
0.0903582
0.0820676
0.0735131
0.0648112
0.0560327
0.0473038
0.0387652
0.0305308
0.0225998
0.0151991
0.00782108
0.00171364
-0.00709574
-0.00723692
-0.0310468
0.0206229
0.0911167
0.0711944
0.0626749
0.0631291
0.0608628
0.0588018
0.0577278
0.0571224
0.0569533
0.0572117
0.057844
0.0587935
0.0599996
0.0614459
0.0631034
0.0649407
0.0669489
0.0691231
0.0714186
0.0738386
0.0763621
0.0789927
0.0817005
0.0841905
0.0869635
0.0897813
0.0925943
0.0954318
0.098283
0.101135
0.10398
0.10681
0.109617
0.112391
0.115127
0.117818
0.120456
0.123037
0.125556
0.128007
0.130388
0.132693
0.134921
0.137067
0.13913
0.141107
0.142996
0.144793
0.146497
0.148106
0.149618
0.15103
0.15234
0.153545
0.154643
0.15563
0.156504
0.157259
0.157893
0.1584
0.158773
0.159008
0.159095
0.159027
0.158793
0.158382
0.157782
0.156978
0.155953
0.154691
0.15317
0.151367
0.149265
0.146816
0.144055
0.140756
0.137331
0.133235
0.128411
0.12305
0.117157
0.110764
0.103899
0.096632
0.0890266
0.0811254
0.0729865
0.0647101
0.0563617
0.0480541
0.0399047
0.032026
0.0243961
0.017273
0.010071
0.00425685
-0.00452696
-0.00418599
-0.0282238
0.0229905
0.0939418
0.0734481
0.0651358
0.0656616
0.0632873
0.0611806
0.0600496
0.0593473
0.0590655
0.0592034
0.0597065
0.0605246
0.0616041
0.0629266
0.0644646
0.0661892
0.0680895
0.0701586
0.0723564
0.0746817
0.0771136
0.0796505
0.0822637
0.0847049
0.0873909
0.0901199
0.0928502
0.0956054
0.0983753
0.101148
0.103917
0.106673
0.10941
0.112118
0.114792
0.117424
0.120008
0.122539
0.125012
0.127422
0.129764
0.132034
0.13423
0.136347
0.138382
0.140332
0.142195
0.143968
0.145647
0.147231
0.148715
0.150099
0.151379
0.152551
0.153614
0.154562
0.155394
0.156104
0.156689
0.157143
0.157459
0.157633
0.157655
0.157518
0.157212
0.156726
0.156047
0.155162
0.154056
0.152712
0.151111
0.14923
0.147055
0.144543
0.14172
0.138403
0.134917
0.130821
0.12607
0.120823
0.115088
0.108898
0.102279
0.0952935
0.0879968
0.0804285
0.0726407
0.0647207
0.0567294
0.0487699
0.0409393
0.0333533
0.0259666
0.019077
0.0120062
0.00645997
-0.0023478
-0.00153329
-0.0258411
0.0249936
0.0964274
0.0753303
0.0672462
0.0678436
0.0653639
0.0632244
0.0620501
0.0612686
0.0608958
0.0609357
0.0613326
0.0620413
0.0630144
0.0642315
0.0656662
0.0672919
0.0690962
0.0710704
0.0731785
0.0754163
0.0777628
0.0802126
0.0827382
0.0851336
0.0877405
0.0903895
0.0930458
0.0957279
0.0984261
0.101129
0.103831
0.106523
0.109198
0.111849
0.114469
0.11705
0.119588
0.122076
0.124509
0.126883
0.129192
0.131433
0.133601
0.135692
0.137704
0.139632
0.141474
0.143226
0.144884
0.146446
0.147908
0.149268
0.150521
0.151666
0.152698
0.153613
0.154409
0.15508
0.155622
0.156029
0.156297
0.156418
0.156385
0.156189
0.155821
0.155271
0.154527
0.153576
0.152403
0.150992
0.149326
0.147385
0.145152
0.142593
0.139726
0.136401
0.132875
0.12879
0.124114
0.118977
0.113389
0.107381
0.10098
0.0942406
0.0872104
0.0799264
0.0724358
0.0648153
0.0571218
0.0494512
0.041883
0.0345392
0.0273486
0.0206576
0.0136804
0.00838261
-0.000491719
0.000789227
-0.0238209
0.0266918
0.0986247
0.0769015
0.0690616
0.0697272
0.0671433
0.0649804
0.0637718
0.0629239
0.0624761
0.0624353
0.0627437
0.0633607
0.0642437
0.0653707
0.0667163
0.0682555
0.0699748
0.0718639
0.073891
0.0760487
0.0783168
0.0806866
0.0831323
0.0854852
0.0880205
0.0905977
0.093188
0.0958053
0.0984401
0.101082
0.103725
0.106361
0.108983
0.111584
0.114156
0.116694
0.119191
0.121643
0.124042
0.126385
0.128666
0.130882
0.133027
0.135098
0.13709
0.139001
0.140825
0.142559
0.1442
0.145744
0.147188
0.148527
0.149759
0.15088
0.151886
0.152773
0.153538
0.154175
0.154681
0.155049
0.155274
0.155351
0.15527
0.155025
0.154605
0.154002
0.153204
0.152197
0.150969
0.149505
0.147787
0.145798
0.143523
0.14093
0.138031
0.134708
0.131154
0.127089
0.122487
0.117453
0.112
0.106155
0.0999473
0.0934217
0.0866213
0.0795803
0.0723418
0.0649736
0.0575291
0.0500993
0.0427475
0.0356052
0.0285719
0.0220516
0.0151359
0.0100712
0.00109457
0.00283435
-0.0221007
0.0281339
0.100574
0.0782116
0.0706283
0.0713561
0.0686686
0.0664893
0.0652525
0.0643472
0.0638367
0.0637282
0.063962
0.0645012
0.0653076
0.0663571
0.0676255
0.0690892
0.0707335
0.072547
0.0745011
0.0765863
0.078783
0.0810803
0.0834535
0.0857677
0.0882385
0.0907515
0.093283
0.0958428
0.0984216
0.10101
0.103602
0.106189
0.108764
0.111321
0.113853
0.116353
0.118816
0.121235
0.123606
0.125923
0.128181
0.130376
0.132502
0.134556
0.136533
0.138429
0.14024
0.141961
0.143588
0.145118
0.146547
0.14787
0.149084
0.150185
0.151169
0.152033
0.152771
0.15338
0.153854
0.154189
0.154379
0.154417
0.154296
0.154009
0.153547
0.152899
0.152056
0.151004
0.149732
0.148225
0.146467
0.144442
0.142134
0.139517
0.136597
0.133282
0.129712
0.125671
0.12114
0.116202
0.110871
0.105173
0.0991343
0.0927952
0.086193
0.0793599
0.0723355
0.0651803
0.0579444
0.0507159
0.0435424
0.0365683
0.0296601
0.0232875
0.016406
0.011562
0.00245395
0.00464312
-0.0206307
0.0293609
0.102306
0.0793016
0.0719848
0.0727664
0.0699766
0.0677864
0.0665251
0.0655694
0.0650054
0.0648392
0.0650093
0.065482
0.0662225
0.0672051
0.0684063
0.0698039
0.0713821
0.0731284
0.0750173
0.0770373
0.0791695
0.0814012
0.0837092
0.0859885
0.0884014
0.090857
0.0933363
0.0958451
0.0983746
0.100916
0.103462
0.106006
0.108541
0.11106
0.113557
0.116025
0.118458
0.120851
0.123198
0.125493
0.127732
0.12991
0.132021
0.134062
0.136027
0.137911
0.139712
0.141422
0.143039
0.144559
0.145975
0.147286
0.148486
0.149571
0.150537
0.151381
0.152097
0.152682
0.15313
0.153437
0.153597
0.153603
0.153449
0.153127
0.152629
0.151945
0.151064
0.149977
0.148669
0.147128
0.145339
0.143286
0.140955
0.138323
0.13539
0.132087
0.128509
0.124495
0.120032
0.115183
0.109962
0.104394
0.098504
0.092327
0.0858958
0.0792407
0.0723983
0.0654231
0.0583621
0.051302
0.0442753
0.0374416
0.0306314
0.0243873
0.0175173
0.0128829
0.00362109
0.00624763
-0.0193709
0.0304073
0.103846
0.080205
0.0731634
0.0739885
0.0710983
0.068902
0.0676183
0.0666174
0.0660072
0.0657911
0.0659061
0.0663213
0.0670047
0.067929
0.0690717
0.0704113
0.0719312
0.0736178
0.0754485
0.0774101
0.0794841
0.0816571
0.0839065
0.0861546
0.0885156
0.0909201
0.0933531
0.0958169
0.0983027
0.100802
0.103309
0.105816
0.108316
0.110802
0.113269
0.115709
0.118117
0.120487
0.122813
0.125091
0.127315
0.129479
0.131578
0.133609
0.135565
0.137441
0.139234
0.140937
0.142547
0.144058
0.145467
0.146767
0.147956
0.149029
0.149981
0.150808
0.151506
0.152071
0.152498
0.152781
0.152916
0.152895
0.152713
0.152363
0.151835
0.151121
0.150211
0.149094
0.147758
0.146191
0.144378
0.142305
0.139959
0.137318
0.134379
0.131091
0.127511
0.123526
0.119127
0.114359
0.109238
0.103785
0.0980251
0.091989
0.0857052
0.0792025
0.0725147
0.0656916
0.0587772
0.0518578
0.0449514
0.0382348
0.0315001
0.0253682
0.0184908
0.0140557
0.00462404
0.00767349
-0.0182901
0.0313026
0.105215
0.0809487
0.0741913
0.0750476
0.0720602
0.0698617
0.0685569
0.0675151
0.0668645
0.0666048
0.0666715
0.0670365
0.0676701
0.0685434
0.0696346
0.0709231
0.0723915
0.0740252
0.075804
0.0777134
0.079735
0.0818555
0.0840525
0.0862731
0.0885877
0.0909466
0.0933386
0.0957624
0.0982097
0.100673
0.103145
0.105619
0.108088
0.110546
0.112987
0.115403
0.11779
0.120141
0.122451
0.124714
0.126925
0.129078
0.131169
0.133192
0.135142
0.137013
0.138801
0.1405
0.142105
0.143611
0.145013
0.146307
0.147487
0.14855
0.149491
0.150305
0.150989
0.151537
0.151946
0.15221
0.152323
0.152281
0.152076
0.151702
0.15115
0.150412
0.149478
0.148338
0.14698
0.145393
0.143563
0.141477
0.13912
0.136476
0.133536
0.130266
0.126688
0.122732
0.118393
0.113699
0.108667
0.103317
0.0976711
0.0917573
0.0856004
0.079228
0.0726716
0.0659768
0.0591848
0.052383
0.0455743
0.0389553
0.032277
0.0262432
0.0193435
0.0150977
0.00548559
0.00894169
-0.0173638
0.0320724
0.106431
0.0815544
0.075092
0.0759651
0.0728847
0.0706878
0.0693625
0.0682835
0.0675972
0.067299
0.0673231
0.0676439
0.0682337
0.069062
0.0701077
0.0713511
0.0727738
0.0743605
0.076093
0.0779557
0.0799303
0.082004
0.084154
0.0863506
0.0886236
0.0909421
0.0932977
0.0956861
0.0980994
0.10053
0.102972
0.105418
0.10786
0.110294
0.112712
0.115108
0.117477
0.119812
0.122108
0.12436
0.126561
0.128706
0.130791
0.132808
0.134754
0.136622
0.138408
0.140104
0.141707
0.14321
0.144608
0.145897
0.147072
0.148127
0.149059
0.149863
0.150535
0.151071
0.151465
0.151713
0.151809
0.151749
0.151525
0.151132
0.15056
0.149803
0.14885
0.147692
0.146318
0.144716
0.142874
0.140779
0.138417
0.135775
0.132836
0.129587
0.126013
0.122087
0.117804
0.113178
0.108225
0.102965
0.0974192
0.0916114
0.0855635
0.0793023
0.0728572
0.0662704
0.0595803
0.0528762
0.0461465
0.0396083
0.0329707
0.0270227
0.0200892
0.0160227
0.00622439
0.0100701
-0.016573
0.0327385
0.107509
0.0820393
0.0758856
0.0767589
0.0735911
0.0713991
0.0700536
0.0689408
0.0682228
0.0678902
0.0678766
0.0681583
0.0687093
0.0694978
0.0705032
0.0717065
0.0730886
0.0746335
0.0763248
0.0781457
0.080078
0.0821099
0.0842178
0.0863938
0.0886295
0.090912
0.0932353
0.0955923
0.0979756
0.100378
0.102793
0.105214
0.107634
0.110046
0.112445
0.114824
0.117177
0.119499
0.121784
0.124026
0.12622
0.128359
0.130439
0.132454
0.134398
0.136265
0.13805
0.139746
0.141347
0.142849
0.144246
0.145533
0.146703
0.147754
0.14868
0.149476
0.150139
0.150663
0.151046
0.151281
0.151363
0.151288
0.15105
0.150641
0.150054
0.149281
0.148313
0.147142
0.145755
0.144143
0.142293
0.140194
0.13783
0.135193
0.132259
0.129033
0.125465
0.121568
0.117337
0.112771
0.107889
0.102708
0.0972498
0.0915335
0.0855789
0.0794123
0.0730612
0.0665648
0.0599592
0.0533359
0.0466693
0.0401978
0.0335883
0.0277153
0.0207396
0.0168424
0.00685596
0.0110743
-0.0159027
0.0333202
0.108463
0.0824173
0.0765898
0.0774442
0.0741958
0.0720119
0.0706462
0.0695026
0.0687565
0.0683932
0.068346
0.068593
0.0691096
0.0698626
0.0708322
0.0719999
0.0733458
0.0748533
0.0765078
0.0782915
0.0801857
0.0821803
0.0842503
0.086409
0.0886112
0.0908615
0.0931563
0.0954854
0.0978422
0.10022
0.102611
0.10501
0.10741
0.109804
0.112186
0.11455
0.116891
0.119202
0.121478
0.123712
0.1259
0.128036
0.130114
0.132127
0.134071
0.135938
0.137723
0.13942
0.141023
0.142526
0.143923
0.145208
0.146377
0.147424
0.148345
0.149136
0.149792
0.150308
0.150681
0.150906
0.150977
0.150891
0.15064
0.150218
0.149619
0.148835
0.147856
0.146674
0.145279
0.143661
0.141806
0.139705
0.137342
0.134712
0.131786
0.128583
0.125021
0.121153
0.11697
0.112459
0.10764
0.102529
0.0971456
0.091508
0.085633
0.0795464
0.0732742
0.0668534
0.0603173
0.0537607
0.0471439
0.0407273
0.0341359
0.0283285
0.0213048
0.0175672
0.00739347
0.0119687
-0.0153411
0.0338344
0.109307
0.0827001
0.0772203
0.0780343
0.074713
0.0725402
0.071154
0.0699829
0.0692117
0.068821
0.0687438
0.0689598
0.0694459
0.0701672
0.0711049
0.0722408
0.0735546
0.0750287
0.0766504
0.0784007
0.0802605
0.0822219
0.0842576
0.0864022
0.088574
0.0907956
0.0930651
0.0953695
0.0977027
0.100058
0.102429
0.104809
0.107191
0.109569
0.111937
0.114289
0.116619
0.118921
0.121189
0.123418
0.125602
0.127735
0.129811
0.131825
0.133769
0.135639
0.137426
0.139126
0.140731
0.142235
0.143633
0.144919
0.146088
0.147133
0.148052
0.148838
0.149489
0.149999
0.150364
0.150581
0.150644
0.150548
0.150287
0.149856
0.149248
0.148454
0.147467
0.146278
0.144877
0.143254
0.141398
0.139298
0.136939
0.134318
0.1314
0.128221
0.124666
0.120824
0.116686
0.112224
0.107461
0.10241
0.0970916
0.0915213
0.0857137
0.0796946
0.0734885
0.0671304
0.0606514
0.0541496
0.0475719
0.0412002
0.034619
0.0288692
0.0217942
0.0182066
0.00784847
0.012766
-0.0148779
0.0342955
0.110052
0.0828977
0.0777906
0.0785405
0.0751553
0.0729959
0.0715892
0.0703933
0.0695999
0.0691846
0.0690808
0.0692692
0.0697282
0.0704213
0.0713305
0.0724382
0.0737232
0.0751675
0.0767599
0.0784803
0.0803092
0.0822407
0.0842452
0.0863789
0.088523
0.0907189
0.0929659
0.0952482
0.0975606
0.0998967
0.102249
0.104612
0.106979
0.109343
0.111699
0.11404
0.11636
0.118655
0.120918
0.123142
0.125324
0.127455
0.129532
0.131546
0.133493
0.135365
0.137156
0.138858
0.140467
0.141975
0.143375
0.144663
0.145832
0.146877
0.147794
0.148577
0.149224
0.149729
0.150089
0.150299
0.150355
0.150252
0.149984
0.149546
0.14893
0.14813
0.147137
0.145943
0.144538
0.142914
0.141057
0.13896
0.136605
0.133995
0.131087
0.127932
0.124384
0.120567
0.116468
0.11205
0.107335
0.102337
0.0970747
0.0915617
0.0858111
0.0798486
0.0736977
0.0673914
0.0609592
0.0545023
0.0479549
0.0416202
0.0350433
0.0293441
0.0222164
0.0187694
0.00823135
0.0134784
-0.0145042
0.0347164
0.11071
0.083019
0.0783128
0.0789729
0.0755336
0.0733897
0.0719621
0.0707444
0.0699312
0.069494
0.0693665
0.0695304
0.0699653
0.0706333
0.0715171
0.0725996
0.073859
0.0752765
0.0768429
0.0785366
0.0803376
0.0822422
0.0842182
0.0863438
0.0884625
0.0906354
0.0928625
0.0951251
0.0974188
0.0997376
0.102074
0.104422
0.106775
0.109127
0.111472
0.113804
0.116117
0.118406
0.120664
0.122885
0.125065
0.127196
0.129274
0.13129
0.13324
0.135115
0.13691
0.138617
0.14023
0.141741
0.143145
0.144435
0.145605
0.146651
0.147568
0.14835
0.148994
0.149496
0.149851
0.150057
0.150107
0.149998
0.149725
0.149281
0.14866
0.147854
0.146857
0.14566
0.144253
0.142628
0.140773
0.13868
0.136331
0.133731
0.130833
0.127702
0.12416
0.120366
0.116305
0.111924
0.107252
0.102299
0.0970842
0.0916197
0.0859169
0.0800019
0.0738969
0.0676336
0.0612397
0.0548195
0.0482957
0.0419914
0.0354146
0.02976
0.0225796
0.019264
0.00855172
0.0141164
-0.0142114
0.0351077
0.11129
0.0830724
0.0787972
0.07934
0.0758574
0.0737304
0.0722819
0.0710449
0.0702143
0.0697576
0.069609
0.0697511
0.0701647
0.0708104
0.0716716
0.0727317
0.0739683
0.075362
0.0769051
0.078575
0.0803507
0.0822312
0.084181
0.0863012
0.0883964
0.0905487
0.092758
0.0950029
0.0972802
0.0995836
0.101906
0.104241
0.106582
0.108923
0.111259
0.113583
0.11589
0.118173
0.120428
0.122647
0.124826
0.126958
0.129037
0.131056
0.133009
0.134888
0.136688
0.1384
0.140017
0.141533
0.142941
0.144234
0.145407
0.146454
0.14737
0.148152
0.148794
0.149294
0.149646
0.149848
0.149894
0.149781
0.149503
0.149054
0.148429
0.14762
0.146621
0.145421
0.144014
0.142389
0.140536
0.138448
0.136105
0.133516
0.130628
0.127521
0.123983
0.120212
0.116182
0.111835
0.1072
0.102285
0.0971112
0.0916878
0.0860252
0.0801499
0.0740833
0.0678556
0.061493
0.0551032
0.0485976
0.0423184
0.0357389
0.0301238
0.0228917
0.0196986
0.00881851
0.0146898
-0.0139913
0.0354785
0.1118
0.0830656
0.0792523
0.0796497
0.0761352
0.0740259
0.0725563
0.0713026
0.0704565
0.0699824
0.0698151
0.069938
0.0703328
0.0709587
0.0717999
0.0728402
0.0740566
0.075429
0.0769515
0.0786001
0.0803532
0.0822118
0.0841373
0.0862547
0.0883278
0.0904618
0.0926552
0.0948844
0.0971469
0.0994366
0.101746
0.104069
0.1064
0.108732
0.11106
0.113378
0.115679
0.117958
0.12021
0.122428
0.124607
0.126739
0.12882
0.130843
0.1328
0.134684
0.136488
0.138205
0.139828
0.141348
0.14276
0.144057
0.145233
0.146282
0.147199
0.147981
0.148622
0.14912
0.14947
0.149669
0.149712
0.149595
0.149314
0.148862
0.148234
0.147422
0.14642
0.14522
0.143812
0.142189
0.140338
0.138255
0.135918
0.133341
0.130462
0.127377
0.123844
0.120092
0.116092
0.111774
0.10717
0.102288
0.0971493
0.0917607
0.0861321
0.0802901
0.0742556
0.0680575
0.0617209
0.0553562
0.0488647
0.0426064
0.0360221
0.030442
0.02316
0.0200804
0.00904002
0.015207
-0.013836
0.0358359
0.112249
0.083006
0.0796852
0.0799085
0.0763742
0.0742829
0.072792
0.071524
0.0706641
0.0701746
0.0699909
0.0700967
0.070475
0.0710834
0.071907
0.0729297
0.0741282
0.0754817
0.076986
0.0786156
0.0803484
0.0821874
0.0840902
0.086207
0.0882594
0.0903771
0.0925562
0.0947713
0.0970207
0.0992982
0.101597
0.10391
0.106231
0.108556
0.110877
0.113188
0.115485
0.117761
0.120011
0.122228
0.124407
0.126541
0.128625
0.130651
0.132612
0.134501
0.13631
0.138033
0.139661
0.141186
0.142603
0.143903
0.145082
0.146133
0.147052
0.147834
0.148475
0.148971
0.149319
0.149516
0.149557
0.149437
0.149153
0.148698
0.148067
0.147254
0.146251
0.14505
0.143643
0.142022
0.140174
0.138096
0.135765
0.133197
0.130327
0.127264
0.123736
0.120002
0.116027
0.111734
0.107158
0.102304
0.0971944
0.0918354
0.0862355
0.0804217
0.0744142
0.068241
0.0619258
0.055582
0.0491014
0.0428606
0.0362702
0.030721
0.0233915
0.0204164
0.00922379
0.0156753
-0.0137379
0.0361852
0.112643
0.0828998
0.0801012
0.0801219
0.0765803
0.0745066
0.0729946
0.0717144
0.0708423
0.0703391
0.0701409
0.0702318
0.0705957
0.0711887
0.0719968
0.0730042
0.074187
0.0755237
0.0770118
0.0786246
0.0803395
0.0821607
0.0840424
0.0861603
0.0881932
0.0902965
0.092463
0.0946655
0.0969033
0.0991701
0.101459
0.103763
0.106076
0.108394
0.110709
0.113016
0.115309
0.117583
0.119831
0.122048
0.124228
0.126364
0.12845
0.13048
0.132445
0.134339
0.136154
0.137882
0.139515
0.141045
0.142466
0.143771
0.144952
0.146006
0.146926
0.147708
0.148349
0.148845
0.149191
0.149386
0.149425
0.149303
0.149016
0.148559
0.147927
0.147112
0.146108
0.144908
0.143501
0.141882
0.140037
0.137964
0.135638
0.133081
0.130219
0.127176
0.123652
0.119934
0.115981
0.11171
0.107158
0.102328
0.0972444
0.0919107
0.0863353
0.0805454
0.0745608
0.0684086
0.0621111
0.0557848
0.0493125
0.0430862
0.0364888
0.0309666
0.0235921
0.0207124
0.0093764
0.0161006
-0.0136901
0.0365297
0.112988
0.0827525
0.0805036
0.0802945
0.0767581
0.0747012
0.0731684
0.0718779
0.0709951
0.0704798
0.070269
0.0703468
0.0706983
0.0712779
0.0720724
0.0730665
0.0742356
0.0755575
0.0770317
0.0786295
0.0803287
0.0821341
0.083996
0.0861164
0.0881308
0.0902217
0.092377
0.0945685
0.0967962
0.0990536
0.101333
0.10363
0.105937
0.108248
0.110559
0.112862
0.115152
0.117424
0.119671
0.121888
0.124069
0.126207
0.128297
0.13033
0.132299
0.134198
0.136018
0.137751
0.139389
0.140925
0.14235
0.143658
0.144842
0.145898
0.146819
0.147602
0.148243
0.148738
0.149083
0.149276
0.149313
0.149189
0.1489
0.148442
0.147808
0.146993
0.145989
0.144789
0.143383
0.141766
0.139925
0.137856
0.135536
0.132988
0.130134
0.127108
0.123589
0.119887
0.115953
0.1117
0.107169
0.102361
0.097299
0.091987
0.0864326
0.080663
0.0746977
0.0685632
0.0622804
0.0559685
0.0495024
0.0432879
0.0366827
0.0311838
0.0237668
0.0209732
0.00950316
0.0164878
-0.0136866
0.0368705
0.113289
0.0825688
0.0808937
0.0804292
0.0769108
0.0748692
0.0733162
0.0720174
0.0711253
0.0705994
0.0703777
0.0704442
0.0707851
0.0713533
0.0721362
0.0731189
0.0742763
0.0755854
0.0770475
0.0786323
0.0803181
0.0821095
0.0839528
0.0860766
0.0880738
0.0901542
0.0922997
0.0944816
0.0967006
0.09895
0.101223
0.103512
0.105814
0.10812
0.110426
0.112727
0.115015
0.117285
0.119532
0.121749
0.123931
0.126072
0.128163
0.1302
0.132174
0.134077
0.135901
0.137639
0.139282
0.140821
0.14225
0.143562
0.144749
0.145806
0.146729
0.147512
0.148153
0.148647
0.148992
0.149183
0.149219
0.149093
0.148804
0.148344
0.14771
0.146894
0.14589
0.144691
0.143288
0.141673
0.139834
0.137771
0.135456
0.132917
0.13007
0.12706
0.123547
0.119858
0.11594
0.111704
0.107192
0.102402
0.0973588
0.0920655
0.0865289
0.0807766
0.0748275
0.0687077
0.0624369
0.0561367
0.0496748
0.0434694
0.0368557
0.0313762
0.0239194
0.0212027
0.00960795
0.0168401
-0.0137223
0.0372065
0.11355
0.0823524
0.0812706
0.0805281
0.07704
0.0750121
0.0734398
0.0721345
0.0712344
0.0706996
0.0704686
0.0705256
0.0708577
0.0714162
0.0721896
0.0731628
0.0743104
0.0756086
0.0770606
0.0786346
0.080309
0.082088
0.0839143
0.0860415
0.0880231
0.0900952
0.0922322
0.0944059
0.0966175
0.09886
0.101126
0.103411
0.105707
0.108009
0.110312
0.11261
0.114896
0.117165
0.119411
0.121629
0.123812
0.125954
0.128048
0.130088
0.132065
0.133972
0.135801
0.137542
0.139189
0.140733
0.142165
0.143479
0.144669
0.145728
0.146652
0.147436
0.148077
0.148571
0.148915
0.149106
0.14914
0.149015
0.148724
0.148265
0.14763
0.146815
0.145812
0.144614
0.143213
0.141601
0.139766
0.137707
0.135398
0.132866
0.130025
0.127029
0.123524
0.119846
0.115942
0.111721
0.107225
0.102451
0.0974247
0.0921473
0.0866258
0.0808879
0.0749522
0.0688444
0.0625831
0.0562919
0.0498323
0.0436333
0.0370104
0.0315466
0.0240523
0.0214035
0.00969305
0.0171597
-0.0137932
0.0375346
0.113773
0.0821079
0.0816317
0.0805928
0.0771467
0.0751304
0.0735398
0.0722298
0.0713231
0.0707808
0.0705423
0.0705916
0.0709165
0.0714674
0.072233
0.0731987
0.0743384
0.0756279
0.0770715
0.0786369
0.080302
0.0820701
0.0838809
0.0860111
0.0879789
0.0900445
0.0921739
0.0943408
0.096546
0.0987825
0.101043
0.103323
0.105615
0.107913
0.110213
0.112508
0.114792
0.11706
0.119306
0.121524
0.123708
0.125851
0.127948
0.12999
0.13197
0.13388
0.135713
0.137459
0.139109
0.140656
0.142092
0.143409
0.144601
0.145662
0.146587
0.147372
0.148013
0.148508
0.148852
0.149043
0.149077
0.148952
0.148662
0.148202
0.147569
0.146754
0.145753
0.144557
0.143157
0.141549
0.139717
0.137664
0.135359
0.132835
0.13
0.127017
0.123519
0.119852
0.11596
0.111752
0.10727
0.10251
0.0974971
0.0922331
0.0867241
0.0809979
0.075073
0.0689747
0.0627203
0.0564356
0.0499762
0.0437811
0.0371479
0.0316961
0.0241664
0.021577
0.00975938
0.0174475
-0.0138958
0.03785
0.11396
0.0818422
0.0819732
0.080626
0.077232
0.0752248
0.0736173
0.0723042
0.0713921
0.0708437
0.0705992
0.0706424
0.0709617
0.0715066
0.0722664
0.0732263
0.0743601
0.0756427
0.0770799
0.0786384
0.0802957
0.0820547
0.0838517
0.0859832
0.0879394
0.0900001
0.0921228
0.0942836
0.0964832
0.0987145
0.100971
0.103246
0.105534
0.107829
0.110126
0.112418
0.114701
0.116968
0.119213
0.121431
0.123615
0.12576
0.127858
0.129903
0.131886
0.1338
0.135636
0.137385
0.139039
0.14059
0.142028
0.143348
0.144543
0.145606
0.146533
0.147319
0.147962
0.148457
0.148802
0.148994
0.149029
0.148904
0.148615
0.148156
0.147524
0.146711
0.145711
0.144517
0.143121
0.141515
0.139687
0.137639
0.135339
0.132822
0.129993
0.12702
0.123531
0.119874
0.115991
0.111795
0.107325
0.102577
0.0975758
0.0923227
0.0868238
0.0811068
0.07519
0.0690986
0.0628486
0.0565677
0.0501065
0.0439125
0.0372681
0.0318248
0.0242619
0.021724
0.00980716
0.0177033
-0.014026
0.0381479
0.114114
0.0815653
0.0822911
0.0806317
0.077298
0.0752969
0.0736741
0.0723591
0.0714427
0.0708893
0.0706402
0.0706787
0.0709937
0.0715342
0.0722896
0.0732452
0.0743746
0.0756521
0.0770842
0.0786372
0.0802879
0.0820397
0.0838248
0.0859554
0.0879022
0.0899594
0.0920761
0.0942317
0.0964264
0.098653
0.100905
0.103176
0.105461
0.107753
0.110047
0.112338
0.114619
0.116885
0.11913
0.121348
0.123533
0.125679
0.12778
0.129827
0.131813
0.133729
0.135568
0.137321
0.138978
0.140532
0.141974
0.143297
0.144494
0.14556
0.146489
0.147277
0.147921
0.148418
0.148764
0.148957
0.148994
0.14887
0.148582
0.148125
0.147494
0.146683
0.145686
0.144495
0.143101
0.141499
0.139675
0.137631
0.135335
0.132825
0.130002
0.127039
0.123559
0.119911
0.116036
0.111849
0.10739
0.102651
0.0976594
0.0924149
0.0869236
0.0812132
0.075302
0.0692148
0.0629667
0.056687
0.0502219
0.0440265
0.03737
0.0319325
0.0243386
0.0218451
0.00983694
0.0179271
-0.0141772
0.0384233
0.114236
0.0812894
0.0825813
0.0806157
0.0773477
0.0753496
0.073713
0.0723971
0.0714771
0.0709196
0.070667
0.0707017
0.0710134
0.0715506
0.0723029
0.0732553
0.0743816
0.0756553
0.0770834
0.0786318
0.0802771
0.0820238
0.083799
0.0859261
0.0878663
0.0899212
0.0920325
0.0941837
0.0963743
0.098597
0.100845
0.103113
0.105395
0.107685
0.109977
0.112267
0.114547
0.116812
0.119057
0.121275
0.123461
0.125609
0.127711
0.12976
0.131748
0.133668
0.13551
0.137265
0.138926
0.140483
0.141928
0.143254
0.144454
0.145523
0.146454
0.147245
0.147891
0.14839
0.148738
0.148933
0.148971
0.148849
0.148563
0.148108
0.147479
0.146671
0.145675
0.144487
0.143096
0.141498
0.139677
0.137638
0.135347
0.132843
0.130025
0.127071
0.123599
0.119959
0.116091
0.111912
0.107461
0.102731
0.0977455
0.092507
0.0870209
0.0813145
0.0754062
0.0693208
0.0630722
0.0567913
0.0503206
0.0441221
0.0374531
0.0320193
0.0243971
0.0219419
0.00985057
0.0181191
-0.0143406
0.0386711
0.11433
0.0810274
0.0828394
0.0805844
0.0773842
0.075386
0.0737375
0.0724211
0.0714983
0.0709373
0.0706819
0.0707138
0.0710229
0.0715577
0.0723078
0.0732578
0.0743818
0.0756529
0.0770779
0.0786227
0.080264
0.0820077
0.0837747
0.0858962
0.0878323
0.0898859
0.0919926
0.0941403
0.0963275
0.0985471
0.100793
0.103058
0.105338
0.107626
0.109916
0.112204
0.114484
0.116749
0.118993
0.121212
0.123399
0.125548
0.127651
0.129702
0.131693
0.133615
0.135459
0.137218
0.138882
0.140442
0.141891
0.14322
0.144423
0.145495
0.146429
0.147223
0.147871
0.148372
0.148723
0.14892
0.14896
0.14884
0.148556
0.148103
0.147476
0.14667
0.145677
0.144492
0.143104
0.141509
0.139692
0.137657
0.13537
0.132872
0.130058
0.127113
0.123649
0.120015
0.116152
0.11198
0.107536
0.102811
0.0978303
0.0925955
0.0871121
0.0814073
0.0754997
0.0694138
0.0631627
0.0568789
0.0504017
0.0441989
0.0375177
0.0320865
0.0244393
0.0220167
0.00985128
0.0182804
-0.0145057
0.0388863
0.1144
0.0807915
0.0830619
0.0805446
0.0774105
0.0754097
0.0737511
0.0724347
0.0715094
0.0709456
0.0706881
0.0707179
0.0710249
0.0715581
0.0723066
0.0732551
0.0743777
0.075647
0.0770699
0.0786122
0.0802506
0.0819929
0.0837533
0.0858678
0.087802
0.0898552
0.0919582
0.0941034
0.0962881
0.0985053
0.100749
0.103012
0.10529
0.107577
0.109866
0.112153
0.114432
0.116697
0.118941
0.121161
0.123348
0.125498
0.127602
0.129655
0.131647
0.133571
0.135419
0.13718
0.138847
0.14041
0.141862
0.143195
0.144401
0.145476
0.146413
0.147209
0.147861
0.148364
0.148717
0.148916
0.148958
0.14884
0.148559
0.148108
0.147483
0.146679
0.145689
0.144506
0.143121
0.141529
0.139716
0.137684
0.135401
0.132908
0.130097
0.127159
0.123705
0.120076
0.116216
0.112049
0.107609
0.102887
0.0979094
0.0926763
0.0871936
0.0814885
0.0755797
0.0694919
0.0632373
0.0569496
0.0504657
0.0442583
0.0375659
0.0321366
0.024468
0.0220726
0.00984298
0.0184122
-0.0146624
0.0390635
0.114449
0.0805915
0.0832462
0.0805028
0.0774294
0.0754242
0.0737575
0.0724412
0.071514
0.070948
0.070689
0.0707174
0.0710229
0.0715551
0.0723028
0.0732503
0.0743723
0.075641
0.0770627
0.0786034
0.0802396
0.0819819
0.0837376
0.0858445
0.0877789
0.0898324
0.0919326
0.0940761
0.096259
0.0984745
0.100716
0.102978
0.105255
0.10754
0.109829
0.112115
0.114393
0.116657
0.118902
0.121121
0.123309
0.125459
0.127564
0.129618
0.131612
0.133538
0.135387
0.137151
0.138821
0.140387
0.141842
0.143178
0.144387
0.145465
0.146405
0.147204
0.147858
0.148364
0.148719
0.14892
0.148964
0.148848
0.148568
0.14812
0.147497
0.146695
0.145707
0.144526
0.143143
0.141554
0.139743
0.137715
0.135435
0.132946
0.130139
0.127206
0.12376
0.120135
0.116277
0.112113
0.107676
0.102956
0.0979792
0.0927462
0.0872629
0.0815564
0.0756454
0.069555
0.0632964
0.0570046
0.0505143
0.0443025
0.0376002
0.0321722
0.024486
0.0221126
0.00982908
0.018516
-0.014802
0.0391999
0.114481
0.0804334
0.0833913
0.0804639
0.0774429
0.0754324
0.0737596
0.0724436
0.0715153
0.0709478
0.0706881
0.0707157
0.0710205
0.0715525
0.0723001
0.0732473
0.0743694
0.0756381
0.0770593
0.078599
0.0802339
0.0819771
0.08373
0.0858303
0.0877662
0.0898206
0.091919
0.0940616
0.0962434
0.0984578
0.100698
0.102959
0.105235
0.107519
0.109807
0.112092
0.11437
0.116633
0.118877
0.121096
0.123283
0.125433
0.127538
0.129592
0.131587
0.133514
0.135365
0.137131
0.138803
0.140372
0.141829
0.143168
0.14438
0.14546
0.146403
0.147204
0.14786
0.148368
0.148725
0.148928
0.148974
0.148859
0.148581
0.148134
0.147513
0.146712
0.145726
0.144547
0.143166
0.141579
0.139771
0.137745
0.135468
0.132982
0.130177
0.12725
0.12381
0.120188
0.116331
0.112169
0.107734
0.103015
0.0980379
0.0928042
0.0873196
0.081611
0.0756974
0.0696042
0.0633415
0.0570455
0.0505495
0.0443335
0.0376227
0.0321956
0.0244953
0.0221391
0.00981237
0.0185936
-0.0149187
0.0392971
0.1145
0.080318
0.083498
0.0804307
0.0774518
0.0754358
0.0737587
0.0724431
0.0715141
0.0709459
0.0706861
0.0707137
0.0710185
0.0715509
0.072299
0.0732466
0.0743692
0.0756385
0.0770595
0.0785986
0.0802329
0.0819775
0.0837295
0.0858246
0.0877627
0.0898181
0.0919156
0.0940579
0.0962394
0.0984533
0.100694
0.102954
0.105229
0.107513
0.1098
0.112085
0.114362
0.116624
0.118868
0.121085
0.123272
0.125421
0.127526
0.129579
0.131574
0.133501
0.135353
0.13712
0.138793
0.140363
0.141822
0.143163
0.144377
0.145459
0.146403
0.147207
0.147864
0.148374
0.148732
0.148936
0.148984
0.14887
0.148593
0.148147
0.147527
0.146728
0.145743
0.144565
0.143186
0.141601
0.139794
0.137771
0.135495
0.133013
0.130209
0.127285
0.123853
0.120233
0.116376
0.112215
0.107781
0.103062
0.0980845
0.0928497
0.0873634
0.0816526
0.0757364
0.0696403
0.0633738
0.0570742
0.0505733
0.0443537
0.0376362
0.0322094
0.0244989
0.0221551
0.00979607
0.018648
-0.0150086
0.0393603
0.114507
0.0802422
0.0835697
0.0804044
0.0774562
0.0754352
0.0737552
0.0724398
0.0715104
0.0709418
0.0706822
0.0707103
0.0710154
0.0715486
0.0722976
0.0732459
0.0743693
0.0756393
0.0770605
0.0785997
0.080234
0.0819802
0.0837322
0.0858236
0.0877636
0.08982
0.0919169
0.0940593
0.0962407
0.0984546
0.100695
0.102955
0.10523
0.107514
0.109801
0.112086
0.114362
0.116625
0.118868
0.121085
0.123272
0.12542
0.127525
0.129578
0.131573
0.1335
0.135351
0.137118
0.138791
0.140362
0.141822
0.143162
0.144377
0.14546
0.146406
0.14721
0.147868
0.148379
0.148738
0.148943
0.148991
0.148878
0.148602
0.148157
0.147537
0.146739
0.145755
0.144578
0.143201
0.141616
0.139811
0.137789
0.135516
0.133035
0.130233
0.127312
0.123885
0.120267
0.116409
0.11225
0.107816
0.103098
0.0981193
0.0928836
0.0873961
0.0816834
0.0757651
0.0696667
0.0633973
0.0570948
0.0505901
0.0443675
0.0376446
0.0322175
0.0245
0.0221636
0.00978309
0.0186824
-0.0150712
0.0393958
0.114505
0.0802002
0.0836116
0.0803851
0.0774571
0.0754318
0.0737498
0.0724344
0.0715047
0.070936
0.0706768
0.0707053
0.071011
0.0715451
0.072295
0.0732441
0.0743685
0.0756393
0.0770611
0.0786007
0.0802354
0.0819827
0.0837353
0.0858245
0.0877658
0.0898229
0.0919196
0.0940621
0.0962436
0.0984575
0.100698
0.102958
0.105233
0.107517
0.109804
0.112089
0.114365
0.116628
0.118871
0.121088
0.123275
0.125424
0.127528
0.129582
0.131576
0.133503
0.135355
0.137122
0.138795
0.140366
0.141825
0.143166
0.144381
0.145464
0.146409
0.147213
0.147872
0.148382
0.148741
0.148947
0.148995
0.148883
0.148607
0.148162
0.147543
0.146746
0.145762
0.144587
0.14321
0.141627
0.139823
0.137802
0.13553
0.133051
0.13025
0.127331
0.123908
0.120291
0.116434
0.112276
0.107844
0.103126
0.0981473
0.0929111
0.0874228
0.0817089
0.0757888
0.0696886
0.0634167
0.0571115
0.0506035
0.044378
0.0376508
0.0322222
0.0245003
0.0221665
0.00977483
0.0186994
-0.0151088
0.0394106
0.114492
0.080186
0.0836295
0.0803722
0.0774549
0.0754264
0.0737431
0.0724275
0.0714976
0.070929
0.0706701
0.0706993
0.0710056
0.0715405
0.0722914
0.0732414
0.0743667
0.0756385
0.0770609
0.0786011
0.0802363
0.0819844
0.0837378
0.085826
0.087768
0.0898256
0.0919223
0.094065
0.0962466
0.0984607
0.100701
0.102962
0.105237
0.107521
0.109808
0.112093
0.114369
0.116632
0.118875
0.121092
0.123279
0.125428
0.127532
0.129586
0.13158
0.133507
0.135359
0.137126
0.138799
0.14037
0.141829
0.14317
0.144384
0.145467
0.146412
0.147216
0.147875
0.148385
0.148744
0.14895
0.148998
0.148886
0.14861
0.148166
0.147548
0.146751
0.145768
0.144593
0.143217
0.141635
0.139832
0.137813
0.135542
0.133065
0.130265
0.127347
0.123928
0.120312
0.116456
0.1123
0.107869
0.103151
0.0981732
0.0929366
0.0874475
0.0817322
0.0758104
0.0697084
0.0634341
0.0571263
0.0506152
0.0443866
0.0376559
0.0322245
0.0245007
0.0221649
0.0097718
0.0187008
-0.0151245
0.0394096
0.114468
0.0801951
0.0836283
0.0803642
0.0774503
0.0754193
0.0737351
0.0724192
0.0714891
0.0709206
0.0706622
0.070692
0.070999
0.0715348
0.0722867
0.0732377
0.0743639
0.0756367
0.0770599
0.0786007
0.0802365
0.081985
0.0837391
0.0858273
0.0877698
0.0898277
0.0919246
0.0940675
0.0962493
0.0984635
0.100704
0.102965
0.10524
0.107524
0.109811
0.112096
0.114373
0.116636
0.118879
0.121096
0.123283
0.125432
0.127537
0.12959
0.131585
0.133512
0.135364
0.13713
0.138803
0.140374
0.141833
0.143174
0.144388
0.145471
0.146416
0.14722
0.147878
0.148389
0.148748
0.148953
0.149001
0.14889
0.148614
0.14817
0.147553
0.146756
0.145774
0.1446
0.143225
0.141644
0.139842
0.137824
0.135554
0.133079
0.130281
0.127364
0.123947
0.120333
0.116479
0.112323
0.107893
0.103177
0.0981987
0.0929617
0.0874717
0.0817551
0.0758316
0.0697276
0.0634509
0.0571403
0.0506262
0.0443941
0.0376605
0.0322252
0.0245013
0.0221595
0.00977389
0.0186882
-0.0151212
0.0393981
0.114448
0.0802106
0.0836194
0.0803594
0.0774449
0.0754121
0.0737272
0.0724109
0.0714807
0.0709124
0.0706545
0.0706849
0.0709929
0.0715296
0.0722825
0.0732347
0.0743621
0.0756358
0.07706
0.0786015
0.080238
0.0819868
0.0837416
0.0858303
0.087773
0.0898312
0.0919282
0.0940713
0.0962532
0.0984676
0.100708
0.102969
0.105244
0.107528
0.109816
0.112101
0.114377
0.11664
0.118883
0.121101
0.123287
0.125436
0.127541
0.129595
0.131589
0.133517
0.135368
0.137135
0.138808
0.140378
0.141838
0.143178
0.144392
0.145475
0.14642
0.147223
0.147882
0.148392
0.148751
0.148957
0.149005
0.148894
0.148619
0.148175
0.147558
0.146762
0.145781
0.144608
0.143234
0.141654
0.139853
0.137837
0.135568
0.133095
0.130298
0.127383
0.123969
0.120356
0.116503
0.11235
0.107921
0.103205
0.0982266
0.0929889
0.0874977
0.0817794
0.0758539
0.0697475
0.0634681
0.0571545
0.0506371
0.0444014
0.0376646
0.0322254
0.0245011
0.0221537
0.00977562
0.0186749
-0.0151137
)
;

boundaryField
{
    inlet
    {
        type            cyclic;
    }
    outlet
    {
        type            cyclic;
    }
    top
    {
        type            zeroGradient;
    }
    hills
    {
        type            zeroGradient;
    }
    front
    {
        type            empty;
    }
    back
    {
        type            empty;
    }
}


// ************************************************************************* //
