/*--------------------------------*- C++ -*----------------------------------*\
| =========                 |                                                 |
| \\      /  F ield         | OpenFOAM: The Open Source CFD Toolbox           |
|  \\    /   O peration     | Version:  v2106                                 |
|   \\  /    A nd           | Website:  www.openfoam.com                      |
|    \\/     M anipulation  |                                                 |
\*---------------------------------------------------------------------------*/
FoamFile
{
    version     2.0;
    format      ascii;
    arch        "LSB;label=32;scalar=64";
    class       vectorField;
    location    "constant/polyMesh";
    object      points;
}
// * * * * * * * * * * * * * * * * * * * * * * * * * * * * * * * * * * * * * //


2142
(
(0 0.028 0)
(0.005376131325 0.02786567898 0)
(0.01048962858 0.02630662562 0)
(0.01492874513 0.02327776145 0)
(0.01904708569 0.01981461484 0)
(0.02317687033 0.0163651017 0)
(0.02739196987 0.01302018033 0)
(0.03165140537 0.009731775933 0)
(0.0359884657 0.006547125187 0)
(0.04054867141 0.003695268193 0)
(0.04545539928 0.00150065642 0)
(0.05067481226 0.0002288079687 0)
(0.05604547714 0 0)
(0.06142659363 0 0)
(0.06680770757 0 0)
(0.07218882552 0 0)
(0.07756994861 -3.552713679e-18 0)
(0.08295107106 0 0)
(0.08833218933 0 0)
(0.09371330263 0 0)
(0.09909441634 0 0)
(0.1044754923 3.552713679e-18 0)
(0.1098567194 0 0)
(0.1152377181 0 0)
(0.1206189513 0 0)
(0.1260000116 0 0)
(0.131381072 0 0)
(0.1367623051 0 0)
(0.1421433039 0 0)
(0.1475245309 0 0)
(0.1529056023 0 0)
(0.1582866586 0 0)
(0.1636678855 0 0)
(0.1690489462 0 0)
(0.1744300725 0 0)
(0.179811206 0 0)
(0.1851923009 0 0)
(0.1905734263 0 0)
(0.1959545608 0 0)
(0.2013251638 0.0002288394458 0)
(0.206544691 0.001500581824 0)
(0.2114512489 0.003695359831 0)
(0.2160115528 0.006547135044 0)
(0.2203484114 0.009731959513 0)
(0.2246082595 0.01302000781 0)
(0.2288232063 0.01636502433 0)
(0.232952945 0.01981459602 0)
(0.2370712426 0.02327779862 0)
(0.2415103332 0.02630667275 0)
(0.2466239098 0.02786567178 0)
(0.252 0.028 0)
(0 0.03085 0)
(0.005359324759 0.03072239503 0)
(0.01046914715 0.02924129433 0)
(0.01493830787 0.02636387337 0)
(0.0191027314 0.0230738841 0)
(0.02327802681 0.01979684662 0)
(0.02753437138 0.01661917131 0)
(0.0318328351 0.01349518714 0)
(0.03620504241 0.01046976893 0)
(0.04078923784 0.007760504784 0)
(0.04570262932 0.005675623599 0)
(0.05091307165 0.00446736757 0)
(0.05626720328 0.00425 0)
(0.06163126395 0.00425 0)
(0.06699532219 0.00425 0)
(0.07235938425 0.00425 0)
(0.07772345118 0.00425 0)
(0.08308751751 0.00425 0)
(0.08845157987 0.00425 0)
(0.0938156375 0.00425 0)
(0.09917969553 0.00425 0)
(0.1045437177 0.00425 0)
(0.1099078834 0.00425 0)
(0.1152718322 0.00425 0)
(0.1206360037 0.00425 0)
(0.126000011 0.00425 0)
(0.1313640184 0.00425 0)
(0.1367281899 0.00425 0)
(0.1420921387 0.00425 0)
(0.1474563043 0.00425 0)
(0.1528203222 0.00425 0)
(0.1581843257 0.00425 0)
(0.1635484912 0.00425 0)
(0.1689124989 0.00425 0)
(0.1742765689 0.00425 0)
(0.1796406457 0.00425 0)
(0.1850046858 0.00425 0)
(0.190368755 0.00425 0)
(0.1957328327 0.00425 0)
(0.2010869056 0.004467397473 0)
(0.2062974564 0.005675552732 0)
(0.2112106864 0.007760591839 0)
(0.2157949751 0.01046977829 0)
(0.2201669908 0.01349536154 0)
(0.2244658466 0.01661900741 0)
(0.228722046 0.01979677312 0)
(0.2328972978 0.02307386622 0)
(0.2370616805 0.02636390869 0)
(0.2415308166 0.02924133911 0)
(0.2466407143 0.03072238819 0)
(0.252 0.03085 0)
(0 0.0337 0)
(0.005342518193 0.03357911108 0)
(0.01044866572 0.03217596305 0)
(0.01494787062 0.0294499853 0)
(0.01915837712 0.02633315336 0)
(0.0233791833 0.02322859153 0)
(0.02767677288 0.02021816229 0)
(0.03201426484 0.01725859834 0)
(0.03642161913 0.01439241267 0)
(0.04102980427 0.01182574137 0)
(0.04594985935 0.009850590778 0)
(0.05115133104 0.008705927172 0)
(0.05648892943 0.0085 0)
(0.06183593427 0.0085 0)
(0.06718293681 0.0085 0)
(0.07252994297 0.0085 0)
(0.07787695375 0.0085 0)
(0.08322396395 0.0085 0)
(0.0885709704 0.0085 0)
(0.09391797237 0.0085 0)
(0.09926497471 0.0085 0)
(0.1046119431 0.0085 0)
(0.1099590474 0.0085 0)
(0.1153059463 0.0085 0)
(0.1206530561 0.0085 0)
(0.1260000105 0.0085 0)
(0.1313469648 0.0085 0)
(0.1366940746 0.0085 0)
(0.1420409735 0.0085 0)
(0.1473880778 0.0085 0)
(0.1527350421 0.0085 0)
(0.1580819927 0.0085 0)
(0.1634290969 0.0085 0)
(0.1687760515 0.0085 0)
(0.1741230652 0.0085 0)
(0.1794700854 0.0085 0)
(0.1848170708 0.0085 0)
(0.1901640836 0.0085 0)
(0.1955111047 0.0085 0)
(0.2008486474 0.008705955501 0)
(0.2060502219 0.009850523641 0)
(0.210970124 0.01182582385 0)
(0.2155783975 0.01439242154 0)
(0.2199855702 0.01725876356 0)
(0.2243234336 0.02021800702 0)
(0.2286208857 0.0232285219 0)
(0.2328416505 0.02633313642 0)
(0.2370521184 0.02945001876 0)
(0.2415512999 0.03217600547 0)
(0.2466575188 0.0335791046 0)
(0.252 0.0337 0)
(0 0.03655 0)
(0.005325711627 0.03643582713 0)
(0.01042818429 0.03511063177 0)
(0.01495743336 0.03253609723 0)
(0.01921402283 0.02959242261 0)
(0.02348033978 0.02666033645 0)
(0.02781917439 0.02381715328 0)
(0.03219569457 0.02102200954 0)
(0.03663819584 0.01831505641 0)
(0.0412703707 0.01589097796 0)
(0.04619708939 0.01402555796 0)
(0.05138959042 0.01294448677 0)
(0.05671065557 0.01275 0)
(0.06204060459 0.01275 0)
(0.06737055144 0.01275 0)
(0.07270050169 0.01275 0)
(0.07803045632 0.01275 0)
(0.0833604104 0.01275 0)
(0.08869036093 0.01275 0)
(0.09402030723 0.01275 0)
(0.09935025389 0.01275 0)
(0.1046801685 0.01275 0)
(0.1100102115 0.01275 0)
(0.1153400604 0.01275 0)
(0.1206701086 0.01275 0)
(0.1260000099 0.01275 0)
(0.1313299112 0.01275 0)
(0.1366599594 0.01275 0)
(0.1419898083 0.01275 0)
(0.1473198513 0.01275 0)
(0.152649762 0.01275 0)
(0.1579796598 0.01275 0)
(0.1633097027 0.01275 0)
(0.1686396042 0.01275 0)
(0.1739695616 0.01275 0)
(0.1792995251 0.01275 0)
(0.1846294558 0.01275 0)
(0.1899594123 0.01275 0)
(0.1952893767 0.01275 0)
(0.2006103892 0.01294451353 0)
(0.2058029873 0.01402549455 0)
(0.2107295615 0.01589105586 0)
(0.2153618199 0.01831506479 0)
(0.2198041497 0.02102216559 0)
(0.2241810206 0.02381700663 0)
(0.2285197254 0.02666027068 0)
(0.2327860033 0.02959240662 0)
(0.2370425562 0.03253612882 0)
(0.2415717832 0.03511067183 0)
(0.2466743233 0.03643582101 0)
(0.252 0.03655 0)
(0 0.0394 0)
(0.00530890506 0.03929254318 0)
(0.01040770286 0.03804530049 0)
(0.0149669961 0.03562220916 0)
(0.01926966855 0.03285169187 0)
(0.02358149626 0.03009208136 0)
(0.0279615759 0.02741614426 0)
(0.0323771243 0.02478542075 0)
(0.03685477256 0.02223770015 0)
(0.04151093713 0.01995621455 0)
(0.04644431943 0.01820052514 0)
(0.05162784981 0.01718304637 0)
(0.05693238171 0.017 0)
(0.06224527491 0.017 0)
(0.06755816606 0.017 0)
(0.07287106042 0.017 0)
(0.07818395888 0.017 0)
(0.08349685685 0.017 0)
(0.08880975147 0.017 0)
(0.0941226421 0.017 0)
(0.09943553308 0.017 0)
(0.1047483939 0.017 0)
(0.1100613755 0.017 0)
(0.1153741745 0.017 0)
(0.120687161 0.017 0)
(0.1260000093 0.017 0)
(0.1313128576 0.017 0)
(0.1366258441 0.017 0)
(0.1419386431 0.017 0)
(0.1472516247 0.017 0)
(0.1525644819 0.017 0)
(0.1578773269 0.017 0)
(0.1631903084 0.017 0)
(0.1685031569 0.017 0)
(0.173816058 0.017 0)
(0.1791289648 0.017 0)
(0.1844418407 0.017 0)
(0.189754741 0.017 0)
(0.1950676486 0.017 0)
(0.200372131 0.01718307156 0)
(0.2055557528 0.01820046546 0)
(0.2104889991 0.01995628786 0)
(0.2151452422 0.02223770804 0)
(0.2196227291 0.02478556761 0)
(0.2240386076 0.02741600624 0)
(0.2284185651 0.03009201947 0)
(0.232730356 0.03285167682 0)
(0.2370329941 0.03562223889 0)
(0.2415922666 0.0380453382 0)
(0.2466911278 0.03929253742 0)
(0.252 0.0394 0)
(0 0.04225 0)
(0.005292098494 0.04214925923 0)
(0.01038722143 0.04097996921 0)
(0.01497655885 0.03870832108 0)
(0.01932531426 0.03611096113 0)
(0.02368265275 0.03352382628 0)
(0.0281039774 0.03101513524 0)
(0.03255855403 0.02854883195 0)
(0.03707134927 0.02616034389 0)
(0.04175150356 0.02402145114 0)
(0.04669154946 0.02237549232 0)
(0.0518661092 0.02142160598 0)
(0.05715410786 0.02125 0)
(0.06244994523 0.02125 0)
(0.06774578068 0.02125 0)
(0.07304161914 0.02125 0)
(0.07833746145 0.02125 0)
(0.0836333033 0.02125 0)
(0.088929142 0.02125 0)
(0.09422497697 0.02125 0)
(0.09952081226 0.02125 0)
(0.1048166193 0.02125 0)
(0.1101125395 0.02125 0)
(0.1154082886 0.02125 0)
(0.1207042134 0.02125 0)
(0.1260000087 0.02125 0)
(0.131295804 0.02125 0)
(0.1365917289 0.02125 0)
(0.1418874779 0.02125 0)
(0.1471833982 0.02125 0)
(0.1524792017 0.02125 0)
(0.157774994 0.02125 0)
(0.1630709141 0.02125 0)
(0.1683667096 0.02125 0)
(0.1736625544 0.02125 0)
(0.1789584045 0.02125 0)
(0.1842542257 0.02125 0)
(0.1895500697 0.02125 0)
(0.1948459206 0.02125 0)
(0.2001338728 0.02142162958 0)
(0.2053085182 0.02237543637 0)
(0.2102484366 0.02402151987 0)
(0.2149286646 0.02616035128 0)
(0.2194413085 0.02854896963 0)
(0.2238961947 0.03101500585 0)
(0.2283174048 0.03352376825 0)
(0.2326747088 0.03611094702 0)
(0.237023432 0.03870834896 0)
(0.2416127499 0.04098000456 0)
(0.2467079324 0.04214925383 0)
(0.252 0.04225 0)
(0 0.0451 0)
(0.005275291928 0.04500597528 0)
(0.01036674 0.04391463793 0)
(0.01498612159 0.04179443301 0)
(0.01938095998 0.03937023039 0)
(0.02378380923 0.03695557119 0)
(0.02824637891 0.03461412623 0)
(0.03273998376 0.03231224315 0)
(0.03728792599 0.03008298763 0)
(0.04199206999 0.02808668774 0)
(0.0469387795 0.02655045949 0)
(0.05210436858 0.02566016558 0)
(0.057375834 0.0255 0)
(0.06265461554 0.0255 0)
(0.0679333953 0.0255 0)
(0.07321217787 0.0255 0)
(0.07849096402 0.0255 0)
(0.08376974974 0.0255 0)
(0.08904853253 0.0255 0)
(0.09432731184 0.0255 0)
(0.09960609144 0.0255 0)
(0.1048848446 0.0255 0)
(0.1101637036 0.0255 0)
(0.1154424027 0.0255 0)
(0.1207212659 0.0255 0)
(0.1260000081 0.0255 0)
(0.1312787504 0.0255 0)
(0.1365576136 0.0255 0)
(0.1418363127 0.0255 0)
(0.1471151716 0.0255 0)
(0.1523939216 0.0255 0)
(0.157672661 0.0255 0)
(0.1629515198 0.0255 0)
(0.1682302623 0.0255 0)
(0.1735090507 0.0255 0)
(0.1787878442 0.0255 0)
(0.1840666106 0.0255 0)
(0.1893453984 0.0255 0)
(0.1946241925 0.0255 0)
(0.1998956146 0.02566018761 0)
(0.2050612837 0.02655040728 0)
(0.2100078742 0.02808675188 0)
(0.2147120869 0.03008299453 0)
(0.219259888 0.03231237166 0)
(0.2237537817 0.03461400546 0)
(0.2282162444 0.03695551703 0)
(0.2326190615 0.03937021722 0)
(0.2370138698 0.04179445903 0)
(0.2416332332 0.04391467092 0)
(0.2467247369 0.04500597025 0)
(0.252 0.0451 0)
(0 0.04795 0)
(0.005258485362 0.04786269133 0)
(0.01034625858 0.04684930665 0)
(0.01499568433 0.04488054494 0)
(0.0194366057 0.04262949965 0)
(0.02388496571 0.04038731611 0)
(0.02838878042 0.03821311721 0)
(0.03292141349 0.03607565436 0)
(0.0375045027 0.03400563137 0)
(0.04223263642 0.03215192433 0)
(0.04718600953 0.03072542667 0)
(0.05234262797 0.02989872518 0)
(0.05759756014 0.02975 0)
(0.06285928586 0.02975 0)
(0.06812100992 0.02975 0)
(0.07338273659 0.02975 0)
(0.07864446659 0.02975 0)
(0.08390619619 0.02975 0)
(0.08916792307 0.02975 0)
(0.09442964671 0.02975 0)
(0.09969137062 0.02975 0)
(0.10495307 0.02975 0)
(0.1102148676 0.02975 0)
(0.1154765168 0.02975 0)
(0.1207383183 0.02975 0)
(0.1260000076 0.02975 0)
(0.1312616968 0.02975 0)
(0.1365234983 0.02975 0)
(0.1417851475 0.02975 0)
(0.1470469451 0.02975 0)
(0.1523086415 0.02975 0)
(0.1575703281 0.02975 0)
(0.1628321256 0.02975 0)
(0.168093815 0.02975 0)
(0.1733555471 0.02975 0)
(0.1786172839 0.02975 0)
(0.1838789956 0.02975 0)
(0.1891407271 0.02975 0)
(0.1944024645 0.02975 0)
(0.1996573564 0.02989874564 0)
(0.2048140491 0.03072537819 0)
(0.2097673118 0.03215198389 0)
(0.2144955093 0.03400563778 0)
(0.2190784674 0.03607577368 0)
(0.2236113687 0.03821300507 0)
(0.2281150841 0.04038726582 0)
(0.2325634143 0.04262948741 0)
(0.2370043077 0.0448805691 0)
(0.2416537166 0.04684933728 0)
(0.2467415414 0.04786268666 0)
(0.252 0.04795 0)
(0 0.0508 0)
(0.005241678795 0.05071940739 0)
(0.01032577715 0.04978397537 0)
(0.01500524708 0.04796665687 0)
(0.01949225141 0.0458887689 0)
(0.0239861222 0.04381906102 0)
(0.02853118192 0.0418121082 0)
(0.03310284322 0.03983906556 0)
(0.03772107942 0.03792827511 0)
(0.04247320284 0.03621716092 0)
(0.04743323957 0.03490039385 0)
(0.05258088736 0.03413728478 0)
(0.05781928629 0.034 0)
(0.06306395618 0.034 0)
(0.06830862454 0.034 0)
(0.07355329531 0.034 0)
(0.07879796916 0.034 0)
(0.08404264264 0.034 0)
(0.0892873136 0.034 0)
(0.09453198158 0.034 0)
(0.09977664981 0.034 0)
(0.1050212954 0.034 0)
(0.1102660316 0.034 0)
(0.1155106309 0.034 0)
(0.1207553708 0.034 0)
(0.126000007 0.034 0)
(0.1312446432 0.034 0)
(0.1364893831 0.034 0)
(0.1417339823 0.034 0)
(0.1469787185 0.034 0)
(0.1522233614 0.034 0)
(0.1574679952 0.034 0)
(0.1627127313 0.034 0)
(0.1679573677 0.034 0)
(0.1732020435 0.034 0)
(0.1784467236 0.034 0)
(0.1836913805 0.034 0)
(0.1889360558 0.034 0)
(0.1941807365 0.034 0)
(0.1994190983 0.03413730367 0)
(0.2045668146 0.03490034909 0)
(0.2095267493 0.0362172159 0)
(0.2142789317 0.03792828103 0)
(0.2188970468 0.03983917571 0)
(0.2234689557 0.04181200468 0)
(0.2280139238 0.0438190146 0)
(0.232507767 0.04588875761 0)
(0.2369947456 0.04796667917 0)
(0.2416741999 0.04978400365 0)
(0.2467583459 0.05071940307 0)
(0.252 0.0508 0)
(0 0.05365 0)
(0.005224872229 0.05357612344 0)
(0.01030529572 0.05271864409 0)
(0.01501480982 0.0510527688 0)
(0.01954789713 0.04914803816 0)
(0.02408727868 0.04725080594 0)
(0.02867358343 0.04541109918 0)
(0.03328427295 0.04360247676 0)
(0.03793765613 0.04185091885 0)
(0.04271376927 0.04028239751 0)
(0.04768046961 0.03907536103 0)
(0.05281914674 0.03837584438 0)
(0.05804101243 0.03825 0)
(0.0632686265 0.03825 0)
(0.06849623916 0.03825 0)
(0.07372385404 0.03825 0)
(0.07895147173 0.03825 0)
(0.08417908908 0.03825 0)
(0.08940670413 0.03825 0)
(0.09463431645 0.03825 0)
(0.09986192899 0.03825 0)
(0.1050895208 0.03825 0)
(0.1103171957 0.03825 0)
(0.115544745 0.03825 0)
(0.1207724232 0.03825 0)
(0.1260000064 0.03825 0)
(0.1312275896 0.03825 0)
(0.1364552678 0.03825 0)
(0.1416828171 0.03825 0)
(0.146910492 0.03825 0)
(0.1521380813 0.03825 0)
(0.1573656622 0.03825 0)
(0.162593337 0.03825 0)
(0.1678209204 0.03825 0)
(0.1730485399 0.03825 0)
(0.1782761633 0.03825 0)
(0.1835037655 0.03825 0)
(0.1887313844 0.03825 0)
(0.1939590084 0.03825 0)
(0.1991808401 0.0383758617 0)
(0.20431958 0.03907532 0)
(0.2092861869 0.04028244791 0)
(0.214062354 0.04185092427 0)
(0.2187156262 0.04360257773 0)
(0.2233265427 0.04541100429 0)
(0.2279127635 0.04725076338 0)
(0.2324521198 0.04914802781 0)
(0.2369851834 0.05105278924 0)
(0.2416946833 0.05271867001 0)
(0.2467751504 0.05357611948 0)
(0.252 0.05365 0)
(0 0.0565 0)
(0.005208065663 0.05643283949 0)
(0.01028481429 0.05565331281 0)
(0.01502437257 0.05413888072 0)
(0.01960354284 0.05240730742 0)
(0.02418843516 0.05068255085 0)
(0.02881598493 0.04901009016 0)
(0.03346570269 0.04736588797 0)
(0.03815423285 0.04577356259 0)
(0.0429543357 0.0443476341 0)
(0.04792769964 0.04325032821 0)
(0.05305740613 0.04261440398 0)
(0.05826273857 0.0425 0)
(0.06347329682 0.0425 0)
(0.06868385379 0.0425 0)
(0.07389441276 0.0425 0)
(0.0791049743 0.0425 0)
(0.08431553553 0.0425 0)
(0.08952609467 0.0425 0)
(0.09473665131 0.0425 0)
(0.09994720817 0.0425 0)
(0.1051577462 0.0425 0)
(0.1103683597 0.0425 0)
(0.1155788591 0.0425 0)
(0.1207894756 0.0425 0)
(0.1260000058 0.0425 0)
(0.131210536 0.0425 0)
(0.1364211526 0.0425 0)
(0.1416316519 0.0425 0)
(0.1468422654 0.0425 0)
(0.1520528012 0.0425 0)
(0.1572633293 0.0425 0)
(0.1624739427 0.0425 0)
(0.1676844731 0.0425 0)
(0.1728950362 0.0425 0)
(0.178105603 0.0425 0)
(0.1833161504 0.0425 0)
(0.1885267131 0.0425 0)
(0.1937372804 0.0425 0)
(0.1989425819 0.04261441972 0)
(0.2040723455 0.04325029091 0)
(0.2090456244 0.04434767992 0)
(0.2138457764 0.04577356752 0)
(0.2185342057 0.04736597976 0)
(0.2231841298 0.0490100039 0)
(0.2278116032 0.05068251217 0)
(0.2323964725 0.05240729801 0)
(0.2369756213 0.05413889931 0)
(0.2417151666 0.05565333637 0)
(0.2467919549 0.05643283589 0)
(0.252 0.0565 0)
(0 0.05935 0)
(0.005191259096 0.05928955554 0)
(0.01026433286 0.05858798153 0)
(0.01503393531 0.05722499265 0)
(0.01965918856 0.05566657668 0)
(0.02428959165 0.05411429577 0)
(0.02895838644 0.05260908115 0)
(0.03364713242 0.05112929917 0)
(0.03837080956 0.04969620633 0)
(0.04319490213 0.04841287069 0)
(0.04817492968 0.04742529539 0)
(0.05329566552 0.04685296359 0)
(0.05848446471 0.04675 0)
(0.06367796714 0.04675 0)
(0.06887146841 0.04675 0)
(0.07406497148 0.04675 0)
(0.07925847687 0.04675 0)
(0.08445198198 0.04675 0)
(0.0896454852 0.04675 0)
(0.09483898618 0.04675 0)
(0.1000324874 0.04675 0)
(0.1052259716 0.04675 0)
(0.1104195237 0.04675 0)
(0.1156129732 0.04675 0)
(0.1208065281 0.04675 0)
(0.1260000052 0.04675 0)
(0.1311934824 0.04675 0)
(0.1363870373 0.04675 0)
(0.1415804867 0.04675 0)
(0.1467740389 0.04675 0)
(0.151967521 0.04675 0)
(0.1571609964 0.04675 0)
(0.1623545485 0.04675 0)
(0.1675480258 0.04675 0)
(0.1727415326 0.04675 0)
(0.1779350427 0.04675 0)
(0.1831285354 0.04675 0)
(0.1883220418 0.04675 0)
(0.1935155523 0.04675 0)
(0.1987043237 0.04685297775 0)
(0.2038251109 0.04742526182 0)
(0.208805062 0.04841291192 0)
(0.2136291988 0.04969621077 0)
(0.2183527851 0.05112938178 0)
(0.2230417168 0.05260900351 0)
(0.2277104429 0.05411426095 0)
(0.2323408253 0.05566656821 0)
(0.2369660592 0.05722500938 0)
(0.2417356499 0.05858800274 0)
(0.2468087594 0.0592895523 0)
(0.252 0.05935 0)
(0 0.0622 0)
(0.00517445253 0.06214627159 0)
(0.01024385143 0.06152265025 0)
(0.01504349805 0.06031110458 0)
(0.01971483427 0.05892584594 0)
(0.02439074813 0.05754604068 0)
(0.02910078795 0.05620807213 0)
(0.03382856215 0.05489271037 0)
(0.03858738628 0.05361885007 0)
(0.04343546856 0.05247810728 0)
(0.04842215971 0.05160026257 0)
(0.05353392491 0.05109152319 0)
(0.05870619086 0.051 0)
(0.06388263745 0.051 0)
(0.06905908303 0.051 0)
(0.07423553021 0.051 0)
(0.07941197944 0.051 0)
(0.08458842842 0.051 0)
(0.08976487573 0.051 0)
(0.09494132105 0.051 0)
(0.1001177665 0.051 0)
(0.1052941969 0.051 0)
(0.1104706878 0.051 0)
(0.1156470872 0.051 0)
(0.1208235805 0.051 0)
(0.1260000046 0.051 0)
(0.1311764288 0.051 0)
(0.1363529221 0.051 0)
(0.1415293215 0.051 0)
(0.1467058124 0.051 0)
(0.1518822409 0.051 0)
(0.1570586634 0.051 0)
(0.1622351542 0.051 0)
(0.1674115785 0.051 0)
(0.172588029 0.051 0)
(0.1777644824 0.051 0)
(0.1829409204 0.051 0)
(0.1881173705 0.051 0)
(0.1932938243 0.051 0)
(0.1984660655 0.05109153578 0)
(0.2035778764 0.05160023273 0)
(0.2085644995 0.05247814393 0)
(0.2134126211 0.05361885402 0)
(0.2181713645 0.05489278381 0)
(0.2228993038 0.05620800312 0)
(0.2276092825 0.05754600973 0)
(0.232285178 0.05892583841 0)
(0.2369564971 0.06031111945 0)
(0.2417561333 0.0615226691 0)
(0.2468255639 0.06214626871 0)
(0.252 0.0622 0)
(0 0.06505 0)
(0.005157645964 0.06500298764 0)
(0.01022337 0.06445731897 0)
(0.0150530608 0.06339721651 0)
(0.01977047999 0.06218511519 0)
(0.02449190462 0.0609777856 0)
(0.02924318945 0.05980706311 0)
(0.03400999188 0.05865612158 0)
(0.03880396299 0.05754149382 0)
(0.04367603499 0.05654334387 0)
(0.04866938975 0.05577522975 0)
(0.05377218429 0.05533008279 0)
(0.058927917 0.05525 0)
(0.06408730777 0.05525 0)
(0.06924669765 0.05525 0)
(0.07440608893 0.05525 0)
(0.07956548201 0.05525 0)
(0.08472487487 0.05525 0)
(0.08988426627 0.05525 0)
(0.09504365592 0.05525 0)
(0.1002030457 0.05525 0)
(0.1053624223 0.05525 0)
(0.1105218518 0.05525 0)
(0.1156812013 0.05525 0)
(0.1208406329 0.05525 0)
(0.1260000041 0.05525 0)
(0.1311593752 0.05525 0)
(0.1363188068 0.05525 0)
(0.1414781564 0.05525 0)
(0.1466375858 0.05525 0)
(0.1517969608 0.05525 0)
(0.1569563305 0.05525 0)
(0.1621157599 0.05525 0)
(0.1672751312 0.05525 0)
(0.1724345254 0.05525 0)
(0.1775939221 0.05525 0)
(0.1827533053 0.05525 0)
(0.1879126992 0.05525 0)
(0.1930720963 0.05525 0)
(0.1982278073 0.05533009381 0)
(0.2033306418 0.05577520364 0)
(0.2083239371 0.05654337594 0)
(0.2131960435 0.05754149727 0)
(0.217989944 0.05865618583 0)
(0.2227568908 0.05980700273 0)
(0.2275081222 0.06097775852 0)
(0.2322295308 0.06218510861 0)
(0.2369469349 0.06339722952 0)
(0.2417766166 0.06445733546 0)
(0.2468423684 0.06500298512 0)
(0.252 0.06505 0)
(0 0.0679 0)
(0.005140839398 0.06785970369 0)
(0.01020288857 0.06739198768 0)
(0.01506262354 0.06648332843 0)
(0.01982612571 0.06544438445 0)
(0.0245930611 0.06440953051 0)
(0.02938559096 0.0634060541 0)
(0.03419142161 0.06241953278 0)
(0.03902053971 0.06146413756 0)
(0.04391660142 0.06060858046 0)
(0.04891661978 0.05995019693 0)
(0.05401044368 0.05956864239 0)
(0.05914964314 0.0595 0)
(0.06429197809 0.0595 0)
(0.06943431227 0.0595 0)
(0.07457664766 0.0595 0)
(0.07971898458 0.0595 0)
(0.08486132132 0.0595 0)
(0.0900036568 0.0595 0)
(0.09514599079 0.0595 0)
(0.1002883249 0.0595 0)
(0.1054306477 0.0595 0)
(0.1105730158 0.0595 0)
(0.1157153154 0.0595 0)
(0.1208576854 0.0595 0)
(0.1260000035 0.0595 0)
(0.1311423216 0.0595 0)
(0.1362846915 0.0595 0)
(0.1414269912 0.0595 0)
(0.1465693593 0.0595 0)
(0.1517116807 0.0595 0)
(0.1568539976 0.0595 0)
(0.1619963656 0.0595 0)
(0.1671386838 0.0595 0)
(0.1722810217 0.0595 0)
(0.1774233618 0.0595 0)
(0.1825656903 0.0595 0)
(0.1877080279 0.0595 0)
(0.1928503682 0.0595 0)
(0.1979895491 0.05956865183 0)
(0.2030834073 0.05995017455 0)
(0.2080833747 0.06060860795 0)
(0.2129794658 0.06146414051 0)
(0.2178085234 0.06241958785 0)
(0.2226144779 0.06340600234 0)
(0.2274069619 0.0644095073 0)
(0.2321738835 0.06544437881 0)
(0.2369373728 0.06648333959 0)
(0.2417971 0.06739200182 0)
(0.2468591729 0.06785970153 0)
(0.252 0.0679 0)
(0 0.07075 0)
(0.005124032831 0.07071641974 0)
(0.01018240714 0.0703266564 0)
(0.01507218628 0.06956944036 0)
(0.01988177142 0.06870365371 0)
(0.02469421758 0.06784127543 0)
(0.02952799247 0.06700504508 0)
(0.03437285134 0.06618294398 0)
(0.03923711642 0.0653867813 0)
(0.04415716785 0.06467381705 0)
(0.04916384982 0.06412516411 0)
(0.05424870307 0.06380720199 0)
(0.05937136929 0.06375 0)
(0.06449664841 0.06375 0)
(0.06962192689 0.06375 0)
(0.07474720638 0.06375 0)
(0.07987248715 0.06375 0)
(0.08499776777 0.06375 0)
(0.09012304733 0.06375 0)
(0.09524832566 0.06375 0)
(0.1003736041 0.06375 0)
(0.1054988731 0.06375 0)
(0.1106241798 0.06375 0)
(0.1157494295 0.06375 0)
(0.1208747378 0.06375 0)
(0.1260000029 0.06375 0)
(0.131125268 0.06375 0)
(0.1362505763 0.06375 0)
(0.141375826 0.06375 0)
(0.1465011327 0.06375 0)
(0.1516264006 0.06375 0)
(0.1567516647 0.06375 0)
(0.1618769714 0.06375 0)
(0.1670022365 0.06375 0)
(0.1721275181 0.06375 0)
(0.1772528015 0.06375 0)
(0.1823780752 0.06375 0)
(0.1875033566 0.06375 0)
(0.1926286402 0.06375 0)
(0.1977512909 0.06380720986 0)
(0.2028361727 0.06412514546 0)
(0.2078428122 0.06467383996 0)
(0.2127628882 0.06538678376 0)
(0.2176271028 0.06618298988 0)
(0.2224720649 0.06700500195 0)
(0.2273058016 0.06784125608 0)
(0.2321182363 0.06870364901 0)
(0.2369278107 0.06956944965 0)
(0.2418175833 0.07032666819 0)
(0.2468759775 0.07071641794 0)
(0.252 0.07075 0)
(0 0.0736 0)
(0.005107226265 0.0735731358 0)
(0.01016192572 0.07326132512 0)
(0.01508174903 0.07265555229 0)
(0.01993741714 0.07196292297 0)
(0.02479537407 0.07127302034 0)
(0.02967039397 0.07060403607 0)
(0.03455428107 0.06994635519 0)
(0.03945369314 0.06930942504 0)
(0.04439773428 0.06873905364 0)
(0.04941107986 0.06830013128 0)
(0.05448696245 0.06804576159 0)
(0.05959309543 0.068 0)
(0.06470131873 0.068 0)
(0.06980954151 0.068 0)
(0.0749177651 0.068 0)
(0.08002598972 0.068 0)
(0.08513421421 0.068 0)
(0.09024243787 0.068 0)
(0.09535066053 0.068 0)
(0.1004588833 0.068 0)
(0.1055670985 0.068 0)
(0.1106753439 0.068 0)
(0.1157835436 0.068 0)
(0.1208917903 0.068 0)
(0.1260000023 0.068 0)
(0.1311082144 0.068 0)
(0.136216461 0.068 0)
(0.1413246608 0.068 0)
(0.1464329062 0.068 0)
(0.1515411205 0.068 0)
(0.1566493317 0.068 0)
(0.1617575771 0.068 0)
(0.1668657892 0.068 0)
(0.1719740145 0.068 0)
(0.1770822412 0.068 0)
(0.1821904602 0.068 0)
(0.1872986853 0.068 0)
(0.1924069122 0.068 0)
(0.1975130328 0.06804576789 0)
(0.2025889382 0.06830011636 0)
(0.2076022498 0.06873907197 0)
(0.2125463106 0.06930942701 0)
(0.2174456823 0.0699463919 0)
(0.2223296519 0.07060400156 0)
(0.2272046413 0.07127300487 0)
(0.232062589 0.0719629192 0)
(0.2369182485 0.07265555972 0)
(0.2418380666 0.07326133455 0)
(0.246892782 0.07357313436 0)
(0.252 0.0736 0)
(0 0.07645 0)
(0.005090419699 0.07642985185 0)
(0.01014144429 0.07619599384 0)
(0.01509131177 0.07574166422 0)
(0.01999306285 0.07522219223 0)
(0.02489653055 0.07470476526 0)
(0.02981279548 0.07420302705 0)
(0.03473571081 0.07370976639 0)
(0.03967026985 0.07323206878 0)
(0.04463830071 0.07280429023 0)
(0.04965830989 0.07247509846 0)
(0.05472522184 0.0722843212 0)
(0.05981482157 0.07225 0)
(0.06490598905 0.07225 0)
(0.06999715614 0.07225 0)
(0.07508832383 0.07225 0)
(0.08017949229 0.07225 0)
(0.08527066066 0.07225 0)
(0.0903618284 0.07225 0)
(0.09545299539 0.07225 0)
(0.1005441625 0.07225 0)
(0.1056353239 0.07225 0)
(0.1107265079 0.07225 0)
(0.1158176577 0.07225 0)
(0.1209088427 0.07225 0)
(0.1260000017 0.07225 0)
(0.1310911608 0.07225 0)
(0.1361823458 0.07225 0)
(0.1412734956 0.07225 0)
(0.1463646796 0.07225 0)
(0.1514558403 0.07225 0)
(0.1565469988 0.07225 0)
(0.1616381828 0.07225 0)
(0.1667293419 0.07225 0)
(0.1718205109 0.07225 0)
(0.1769116809 0.07225 0)
(0.1820028451 0.07225 0)
(0.1870940139 0.07225 0)
(0.1921851841 0.07225 0)
(0.1972747746 0.07228432592 0)
(0.2023417036 0.07247508727 0)
(0.2073616873 0.07280430397 0)
(0.2123297329 0.07323207026 0)
(0.2172642617 0.07370979393 0)
(0.2221872389 0.07420300117 0)
(0.227103481 0.07470475365 0)
(0.2320069418 0.0752221894 0)
(0.2369086864 0.07574166979 0)
(0.24185855 0.07619600091 0)
(0.2469095865 0.07642985077 0)
(0.252 0.07645 0)
(0 0.0793 0)
(0.005073613133 0.0792865679 0)
(0.01012096286 0.07913066256 0)
(0.01510087451 0.07882777614 0)
(0.02004870857 0.07848146148 0)
(0.02499768703 0.07813651017 0)
(0.02995519699 0.07780201803 0)
(0.03491714054 0.07747317759 0)
(0.03988684657 0.07715471252 0)
(0.04487886714 0.07686952682 0)
(0.04990553993 0.07665006564 0)
(0.05496348123 0.0765228808 0)
(0.06003654771 0.0765 0)
(0.06511065936 0.0765 0)
(0.07018477076 0.0765 0)
(0.07525888255 0.0765 0)
(0.08033299486 0.0765 0)
(0.08540710711 0.0765 0)
(0.09048121893 0.0765 0)
(0.09555533026 0.0765 0)
(0.1006294416 0.0765 0)
(0.1057035492 0.0765 0)
(0.1107776719 0.0765 0)
(0.1158517718 0.0765 0)
(0.1209258951 0.0765 0)
(0.1260000012 0.0765 0)
(0.1310741072 0.0765 0)
(0.1361482305 0.0765 0)
(0.1412223304 0.0765 0)
(0.1462964531 0.0765 0)
(0.1513705602 0.0765 0)
(0.1564446659 0.0765 0)
(0.1615187885 0.0765 0)
(0.1665928946 0.0765 0)
(0.1716670072 0.0765 0)
(0.1767411206 0.0765 0)
(0.1818152301 0.0765 0)
(0.1868893426 0.0765 0)
(0.1919634561 0.0765 0)
(0.1970365164 0.07652288394 0)
(0.2020944691 0.07665005818 0)
(0.2071211249 0.07686953598 0)
(0.2121131553 0.0771547135 0)
(0.2170828411 0.07747319595 0)
(0.222044826 0.07780200078 0)
(0.2270023206 0.07813650243 0)
(0.2319512945 0.0784814596 0)
(0.2368991243 0.07882777986 0)
(0.2418790333 0.07913066727 0)
(0.246926391 0.07928656718 0)
(0.252 0.0793 0)
(0 0.08215 0)
(0.005056806566 0.08214328395 0)
(0.01010048143 0.08206533128 0)
(0.01511043726 0.08191388807 0)
(0.02010435428 0.08174073074 0)
(0.02509884352 0.08156825509 0)
(0.03009759849 0.08140100902 0)
(0.03509857027 0.0812365888 0)
(0.04010342328 0.08107735626 0)
(0.04511943357 0.08093476341 0)
(0.05015276996 0.08082503282 0)
(0.05520174061 0.0807614404 0)
(0.06025827386 0.08075 0)
(0.06531532968 0.08075 0)
(0.07037238538 0.08075 0)
(0.07542944128 0.08075 0)
(0.08048649743 0.08075 0)
(0.08554355355 0.08075 0)
(0.09060060947 0.08075 0)
(0.09565766513 0.08075 0)
(0.1007147208 0.08075 0)
(0.1057717746 0.08075 0)
(0.110828836 0.08075 0)
(0.1158858859 0.08075 0)
(0.1209429476 0.08075 0)
(0.1260000006 0.08075 0)
(0.1310570536 0.08075 0)
(0.1361141153 0.08075 0)
(0.1411711652 0.08075 0)
(0.1462282265 0.08075 0)
(0.1512852801 0.08075 0)
(0.1563423329 0.08075 0)
(0.1613993943 0.08075 0)
(0.1664564473 0.08075 0)
(0.1715135036 0.08075 0)
(0.1765705603 0.08075 0)
(0.181627615 0.08075 0)
(0.1866846713 0.08075 0)
(0.191741728 0.08075 0)
(0.1967982582 0.08076144197 0)
(0.2018472345 0.08082502909 0)
(0.2068805624 0.08093476799 0)
(0.2118965776 0.08107735675 0)
(0.2169014206 0.08123659798 0)
(0.221902413 0.08140100039 0)
(0.2269011603 0.08156825122 0)
(0.2318956473 0.0817407298 0)
(0.2368895621 0.08191388993 0)
(0.2418995167 0.08206533364 0)
(0.2469431955 0.08214328359 0)
(0.252 0.08215 0)
(0 0.085 0)
(0.00504 0.085 0)
(0.01008 0.085 0)
(0.01512 0.085 0)
(0.02016 0.085 0)
(0.0252 0.085 0)
(0.03024 0.085 0)
(0.03528 0.085 0)
(0.04032 0.085 0)
(0.04536 0.085 0)
(0.0504 0.085 0)
(0.05544 0.085 0)
(0.06048 0.085 0)
(0.06552 0.085 0)
(0.07056 0.085 0)
(0.0756 0.085 0)
(0.08064 0.085 0)
(0.08568 0.085 0)
(0.09072 0.085 0)
(0.09576 0.085 0)
(0.1008 0.085 0)
(0.10584 0.085 0)
(0.11088 0.085 0)
(0.11592 0.085 0)
(0.12096 0.085 0)
(0.126 0.085 0)
(0.13104 0.085 0)
(0.13608 0.085 0)
(0.14112 0.085 0)
(0.14616 0.085 0)
(0.1512 0.085 0)
(0.15624 0.085 0)
(0.16128 0.085 0)
(0.16632 0.085 0)
(0.17136 0.085 0)
(0.1764 0.085 0)
(0.18144 0.085 0)
(0.18648 0.085 0)
(0.19152 0.085 0)
(0.19656 0.085 0)
(0.2016 0.085 0)
(0.20664 0.085 0)
(0.21168 0.085 0)
(0.21672 0.085 0)
(0.22176 0.085 0)
(0.2268 0.085 0)
(0.23184 0.085 0)
(0.23688 0.085 0)
(0.24192 0.085 0)
(0.24696 0.085 0)
(0.252 0.085 0)
(0 0.028 0.126)
(0.005376131325 0.02786567898 0.126)
(0.01048962858 0.02630662562 0.126)
(0.01492874513 0.02327776145 0.126)
(0.01904708569 0.01981461484 0.126)
(0.02317687033 0.0163651017 0.126)
(0.02739196987 0.01302018033 0.126)
(0.03165140537 0.009731775933 0.126)
(0.0359884657 0.006547125187 0.126)
(0.04054867141 0.003695268193 0.126)
(0.04545539928 0.00150065642 0.126)
(0.05067481226 0.0002288079687 0.126)
(0.05604547714 0 0.126)
(0.06142659363 0 0.126)
(0.06680770757 0 0.126)
(0.07218882552 0 0.126)
(0.07756994861 -3.552713679e-18 0.126)
(0.08295107106 0 0.126)
(0.08833218933 0 0.126)
(0.09371330263 0 0.126)
(0.09909441634 0 0.126)
(0.1044754923 3.552713679e-18 0.126)
(0.1098567194 0 0.126)
(0.1152377181 0 0.126)
(0.1206189513 0 0.126)
(0.1260000116 0 0.126)
(0.131381072 0 0.126)
(0.1367623051 0 0.126)
(0.1421433039 0 0.126)
(0.1475245309 0 0.126)
(0.1529056023 0 0.126)
(0.1582866586 0 0.126)
(0.1636678855 0 0.126)
(0.1690489462 0 0.126)
(0.1744300725 0 0.126)
(0.179811206 0 0.126)
(0.1851923009 0 0.126)
(0.1905734263 0 0.126)
(0.1959545608 0 0.126)
(0.2013251638 0.0002288394458 0.126)
(0.206544691 0.001500581824 0.126)
(0.2114512489 0.003695359831 0.126)
(0.2160115528 0.006547135044 0.126)
(0.2203484114 0.009731959513 0.126)
(0.2246082595 0.01302000781 0.126)
(0.2288232063 0.01636502433 0.126)
(0.232952945 0.01981459602 0.126)
(0.2370712426 0.02327779862 0.126)
(0.2415103332 0.02630667275 0.126)
(0.2466239098 0.02786567178 0.126)
(0.252 0.028 0.126)
(0 0.03085 0.126)
(0.005359324759 0.03072239503 0.126)
(0.01046914715 0.02924129433 0.126)
(0.01493830787 0.02636387337 0.126)
(0.0191027314 0.0230738841 0.126)
(0.02327802681 0.01979684662 0.126)
(0.02753437138 0.01661917131 0.126)
(0.0318328351 0.01349518714 0.126)
(0.03620504241 0.01046976893 0.126)
(0.04078923784 0.007760504784 0.126)
(0.04570262932 0.005675623599 0.126)
(0.05091307165 0.00446736757 0.126)
(0.05626720328 0.00425 0.126)
(0.06163126395 0.00425 0.126)
(0.06699532219 0.00425 0.126)
(0.07235938425 0.00425 0.126)
(0.07772345118 0.00425 0.126)
(0.08308751751 0.00425 0.126)
(0.08845157987 0.00425 0.126)
(0.0938156375 0.00425 0.126)
(0.09917969553 0.00425 0.126)
(0.1045437177 0.00425 0.126)
(0.1099078834 0.00425 0.126)
(0.1152718322 0.00425 0.126)
(0.1206360037 0.00425 0.126)
(0.126000011 0.00425 0.126)
(0.1313640184 0.00425 0.126)
(0.1367281899 0.00425 0.126)
(0.1420921387 0.00425 0.126)
(0.1474563043 0.00425 0.126)
(0.1528203222 0.00425 0.126)
(0.1581843257 0.00425 0.126)
(0.1635484912 0.00425 0.126)
(0.1689124989 0.00425 0.126)
(0.1742765689 0.00425 0.126)
(0.1796406457 0.00425 0.126)
(0.1850046858 0.00425 0.126)
(0.190368755 0.00425 0.126)
(0.1957328327 0.00425 0.126)
(0.2010869056 0.004467397473 0.126)
(0.2062974564 0.005675552732 0.126)
(0.2112106864 0.007760591839 0.126)
(0.2157949751 0.01046977829 0.126)
(0.2201669908 0.01349536154 0.126)
(0.2244658466 0.01661900741 0.126)
(0.228722046 0.01979677312 0.126)
(0.2328972978 0.02307386622 0.126)
(0.2370616805 0.02636390869 0.126)
(0.2415308166 0.02924133911 0.126)
(0.2466407143 0.03072238819 0.126)
(0.252 0.03085 0.126)
(0 0.0337 0.126)
(0.005342518193 0.03357911108 0.126)
(0.01044866572 0.03217596305 0.126)
(0.01494787062 0.0294499853 0.126)
(0.01915837712 0.02633315336 0.126)
(0.0233791833 0.02322859153 0.126)
(0.02767677288 0.02021816229 0.126)
(0.03201426484 0.01725859834 0.126)
(0.03642161913 0.01439241267 0.126)
(0.04102980427 0.01182574137 0.126)
(0.04594985935 0.009850590778 0.126)
(0.05115133104 0.008705927172 0.126)
(0.05648892943 0.0085 0.126)
(0.06183593427 0.0085 0.126)
(0.06718293681 0.0085 0.126)
(0.07252994297 0.0085 0.126)
(0.07787695375 0.0085 0.126)
(0.08322396395 0.0085 0.126)
(0.0885709704 0.0085 0.126)
(0.09391797237 0.0085 0.126)
(0.09926497471 0.0085 0.126)
(0.1046119431 0.0085 0.126)
(0.1099590474 0.0085 0.126)
(0.1153059463 0.0085 0.126)
(0.1206530561 0.0085 0.126)
(0.1260000105 0.0085 0.126)
(0.1313469648 0.0085 0.126)
(0.1366940746 0.0085 0.126)
(0.1420409735 0.0085 0.126)
(0.1473880778 0.0085 0.126)
(0.1527350421 0.0085 0.126)
(0.1580819927 0.0085 0.126)
(0.1634290969 0.0085 0.126)
(0.1687760515 0.0085 0.126)
(0.1741230652 0.0085 0.126)
(0.1794700854 0.0085 0.126)
(0.1848170708 0.0085 0.126)
(0.1901640836 0.0085 0.126)
(0.1955111047 0.0085 0.126)
(0.2008486474 0.008705955501 0.126)
(0.2060502219 0.009850523641 0.126)
(0.210970124 0.01182582385 0.126)
(0.2155783975 0.01439242154 0.126)
(0.2199855702 0.01725876356 0.126)
(0.2243234336 0.02021800702 0.126)
(0.2286208857 0.0232285219 0.126)
(0.2328416505 0.02633313642 0.126)
(0.2370521184 0.02945001876 0.126)
(0.2415512999 0.03217600547 0.126)
(0.2466575188 0.0335791046 0.126)
(0.252 0.0337 0.126)
(0 0.03655 0.126)
(0.005325711627 0.03643582713 0.126)
(0.01042818429 0.03511063177 0.126)
(0.01495743336 0.03253609723 0.126)
(0.01921402283 0.02959242261 0.126)
(0.02348033978 0.02666033645 0.126)
(0.02781917439 0.02381715328 0.126)
(0.03219569457 0.02102200954 0.126)
(0.03663819584 0.01831505641 0.126)
(0.0412703707 0.01589097796 0.126)
(0.04619708939 0.01402555796 0.126)
(0.05138959042 0.01294448677 0.126)
(0.05671065557 0.01275 0.126)
(0.06204060459 0.01275 0.126)
(0.06737055144 0.01275 0.126)
(0.07270050169 0.01275 0.126)
(0.07803045632 0.01275 0.126)
(0.0833604104 0.01275 0.126)
(0.08869036093 0.01275 0.126)
(0.09402030723 0.01275 0.126)
(0.09935025389 0.01275 0.126)
(0.1046801685 0.01275 0.126)
(0.1100102115 0.01275 0.126)
(0.1153400604 0.01275 0.126)
(0.1206701086 0.01275 0.126)
(0.1260000099 0.01275 0.126)
(0.1313299112 0.01275 0.126)
(0.1366599594 0.01275 0.126)
(0.1419898083 0.01275 0.126)
(0.1473198513 0.01275 0.126)
(0.152649762 0.01275 0.126)
(0.1579796598 0.01275 0.126)
(0.1633097027 0.01275 0.126)
(0.1686396042 0.01275 0.126)
(0.1739695616 0.01275 0.126)
(0.1792995251 0.01275 0.126)
(0.1846294558 0.01275 0.126)
(0.1899594123 0.01275 0.126)
(0.1952893767 0.01275 0.126)
(0.2006103892 0.01294451353 0.126)
(0.2058029873 0.01402549455 0.126)
(0.2107295615 0.01589105586 0.126)
(0.2153618199 0.01831506479 0.126)
(0.2198041497 0.02102216559 0.126)
(0.2241810206 0.02381700663 0.126)
(0.2285197254 0.02666027068 0.126)
(0.2327860033 0.02959240662 0.126)
(0.2370425562 0.03253612882 0.126)
(0.2415717832 0.03511067183 0.126)
(0.2466743233 0.03643582101 0.126)
(0.252 0.03655 0.126)
(0 0.0394 0.126)
(0.00530890506 0.03929254318 0.126)
(0.01040770286 0.03804530049 0.126)
(0.0149669961 0.03562220916 0.126)
(0.01926966855 0.03285169187 0.126)
(0.02358149626 0.03009208136 0.126)
(0.0279615759 0.02741614426 0.126)
(0.0323771243 0.02478542075 0.126)
(0.03685477256 0.02223770015 0.126)
(0.04151093713 0.01995621455 0.126)
(0.04644431943 0.01820052514 0.126)
(0.05162784981 0.01718304637 0.126)
(0.05693238171 0.017 0.126)
(0.06224527491 0.017 0.126)
(0.06755816606 0.017 0.126)
(0.07287106042 0.017 0.126)
(0.07818395888 0.017 0.126)
(0.08349685685 0.017 0.126)
(0.08880975147 0.017 0.126)
(0.0941226421 0.017 0.126)
(0.09943553308 0.017 0.126)
(0.1047483939 0.017 0.126)
(0.1100613755 0.017 0.126)
(0.1153741745 0.017 0.126)
(0.120687161 0.017 0.126)
(0.1260000093 0.017 0.126)
(0.1313128576 0.017 0.126)
(0.1366258441 0.017 0.126)
(0.1419386431 0.017 0.126)
(0.1472516247 0.017 0.126)
(0.1525644819 0.017 0.126)
(0.1578773269 0.017 0.126)
(0.1631903084 0.017 0.126)
(0.1685031569 0.017 0.126)
(0.173816058 0.017 0.126)
(0.1791289648 0.017 0.126)
(0.1844418407 0.017 0.126)
(0.189754741 0.017 0.126)
(0.1950676486 0.017 0.126)
(0.200372131 0.01718307156 0.126)
(0.2055557528 0.01820046546 0.126)
(0.2104889991 0.01995628786 0.126)
(0.2151452422 0.02223770804 0.126)
(0.2196227291 0.02478556761 0.126)
(0.2240386076 0.02741600624 0.126)
(0.2284185651 0.03009201947 0.126)
(0.232730356 0.03285167682 0.126)
(0.2370329941 0.03562223889 0.126)
(0.2415922666 0.0380453382 0.126)
(0.2466911278 0.03929253742 0.126)
(0.252 0.0394 0.126)
(0 0.04225 0.126)
(0.005292098494 0.04214925923 0.126)
(0.01038722143 0.04097996921 0.126)
(0.01497655885 0.03870832108 0.126)
(0.01932531426 0.03611096113 0.126)
(0.02368265275 0.03352382628 0.126)
(0.0281039774 0.03101513524 0.126)
(0.03255855403 0.02854883195 0.126)
(0.03707134927 0.02616034389 0.126)
(0.04175150356 0.02402145114 0.126)
(0.04669154946 0.02237549232 0.126)
(0.0518661092 0.02142160598 0.126)
(0.05715410786 0.02125 0.126)
(0.06244994523 0.02125 0.126)
(0.06774578068 0.02125 0.126)
(0.07304161914 0.02125 0.126)
(0.07833746145 0.02125 0.126)
(0.0836333033 0.02125 0.126)
(0.088929142 0.02125 0.126)
(0.09422497697 0.02125 0.126)
(0.09952081226 0.02125 0.126)
(0.1048166193 0.02125 0.126)
(0.1101125395 0.02125 0.126)
(0.1154082886 0.02125 0.126)
(0.1207042134 0.02125 0.126)
(0.1260000087 0.02125 0.126)
(0.131295804 0.02125 0.126)
(0.1365917289 0.02125 0.126)
(0.1418874779 0.02125 0.126)
(0.1471833982 0.02125 0.126)
(0.1524792017 0.02125 0.126)
(0.157774994 0.02125 0.126)
(0.1630709141 0.02125 0.126)
(0.1683667096 0.02125 0.126)
(0.1736625544 0.02125 0.126)
(0.1789584045 0.02125 0.126)
(0.1842542257 0.02125 0.126)
(0.1895500697 0.02125 0.126)
(0.1948459206 0.02125 0.126)
(0.2001338728 0.02142162958 0.126)
(0.2053085182 0.02237543637 0.126)
(0.2102484366 0.02402151987 0.126)
(0.2149286646 0.02616035128 0.126)
(0.2194413085 0.02854896963 0.126)
(0.2238961947 0.03101500585 0.126)
(0.2283174048 0.03352376825 0.126)
(0.2326747088 0.03611094702 0.126)
(0.237023432 0.03870834896 0.126)
(0.2416127499 0.04098000456 0.126)
(0.2467079324 0.04214925383 0.126)
(0.252 0.04225 0.126)
(0 0.0451 0.126)
(0.005275291928 0.04500597528 0.126)
(0.01036674 0.04391463793 0.126)
(0.01498612159 0.04179443301 0.126)
(0.01938095998 0.03937023039 0.126)
(0.02378380923 0.03695557119 0.126)
(0.02824637891 0.03461412623 0.126)
(0.03273998376 0.03231224315 0.126)
(0.03728792599 0.03008298763 0.126)
(0.04199206999 0.02808668774 0.126)
(0.0469387795 0.02655045949 0.126)
(0.05210436858 0.02566016558 0.126)
(0.057375834 0.0255 0.126)
(0.06265461554 0.0255 0.126)
(0.0679333953 0.0255 0.126)
(0.07321217787 0.0255 0.126)
(0.07849096402 0.0255 0.126)
(0.08376974974 0.0255 0.126)
(0.08904853253 0.0255 0.126)
(0.09432731184 0.0255 0.126)
(0.09960609144 0.0255 0.126)
(0.1048848446 0.0255 0.126)
(0.1101637036 0.0255 0.126)
(0.1154424027 0.0255 0.126)
(0.1207212659 0.0255 0.126)
(0.1260000081 0.0255 0.126)
(0.1312787504 0.0255 0.126)
(0.1365576136 0.0255 0.126)
(0.1418363127 0.0255 0.126)
(0.1471151716 0.0255 0.126)
(0.1523939216 0.0255 0.126)
(0.157672661 0.0255 0.126)
(0.1629515198 0.0255 0.126)
(0.1682302623 0.0255 0.126)
(0.1735090507 0.0255 0.126)
(0.1787878442 0.0255 0.126)
(0.1840666106 0.0255 0.126)
(0.1893453984 0.0255 0.126)
(0.1946241925 0.0255 0.126)
(0.1998956146 0.02566018761 0.126)
(0.2050612837 0.02655040728 0.126)
(0.2100078742 0.02808675188 0.126)
(0.2147120869 0.03008299453 0.126)
(0.219259888 0.03231237166 0.126)
(0.2237537817 0.03461400546 0.126)
(0.2282162444 0.03695551703 0.126)
(0.2326190615 0.03937021722 0.126)
(0.2370138698 0.04179445903 0.126)
(0.2416332332 0.04391467092 0.126)
(0.2467247369 0.04500597025 0.126)
(0.252 0.0451 0.126)
(0 0.04795 0.126)
(0.005258485362 0.04786269133 0.126)
(0.01034625858 0.04684930665 0.126)
(0.01499568433 0.04488054494 0.126)
(0.0194366057 0.04262949965 0.126)
(0.02388496571 0.04038731611 0.126)
(0.02838878042 0.03821311721 0.126)
(0.03292141349 0.03607565436 0.126)
(0.0375045027 0.03400563137 0.126)
(0.04223263642 0.03215192433 0.126)
(0.04718600953 0.03072542667 0.126)
(0.05234262797 0.02989872518 0.126)
(0.05759756014 0.02975 0.126)
(0.06285928586 0.02975 0.126)
(0.06812100992 0.02975 0.126)
(0.07338273659 0.02975 0.126)
(0.07864446659 0.02975 0.126)
(0.08390619619 0.02975 0.126)
(0.08916792307 0.02975 0.126)
(0.09442964671 0.02975 0.126)
(0.09969137062 0.02975 0.126)
(0.10495307 0.02975 0.126)
(0.1102148676 0.02975 0.126)
(0.1154765168 0.02975 0.126)
(0.1207383183 0.02975 0.126)
(0.1260000076 0.02975 0.126)
(0.1312616968 0.02975 0.126)
(0.1365234983 0.02975 0.126)
(0.1417851475 0.02975 0.126)
(0.1470469451 0.02975 0.126)
(0.1523086415 0.02975 0.126)
(0.1575703281 0.02975 0.126)
(0.1628321256 0.02975 0.126)
(0.168093815 0.02975 0.126)
(0.1733555471 0.02975 0.126)
(0.1786172839 0.02975 0.126)
(0.1838789956 0.02975 0.126)
(0.1891407271 0.02975 0.126)
(0.1944024645 0.02975 0.126)
(0.1996573564 0.02989874564 0.126)
(0.2048140491 0.03072537819 0.126)
(0.2097673118 0.03215198389 0.126)
(0.2144955093 0.03400563778 0.126)
(0.2190784674 0.03607577368 0.126)
(0.2236113687 0.03821300507 0.126)
(0.2281150841 0.04038726582 0.126)
(0.2325634143 0.04262948741 0.126)
(0.2370043077 0.0448805691 0.126)
(0.2416537166 0.04684933728 0.126)
(0.2467415414 0.04786268666 0.126)
(0.252 0.04795 0.126)
(0 0.0508 0.126)
(0.005241678795 0.05071940739 0.126)
(0.01032577715 0.04978397537 0.126)
(0.01500524708 0.04796665687 0.126)
(0.01949225141 0.0458887689 0.126)
(0.0239861222 0.04381906102 0.126)
(0.02853118192 0.0418121082 0.126)
(0.03310284322 0.03983906556 0.126)
(0.03772107942 0.03792827511 0.126)
(0.04247320284 0.03621716092 0.126)
(0.04743323957 0.03490039385 0.126)
(0.05258088736 0.03413728478 0.126)
(0.05781928629 0.034 0.126)
(0.06306395618 0.034 0.126)
(0.06830862454 0.034 0.126)
(0.07355329531 0.034 0.126)
(0.07879796916 0.034 0.126)
(0.08404264264 0.034 0.126)
(0.0892873136 0.034 0.126)
(0.09453198158 0.034 0.126)
(0.09977664981 0.034 0.126)
(0.1050212954 0.034 0.126)
(0.1102660316 0.034 0.126)
(0.1155106309 0.034 0.126)
(0.1207553708 0.034 0.126)
(0.126000007 0.034 0.126)
(0.1312446432 0.034 0.126)
(0.1364893831 0.034 0.126)
(0.1417339823 0.034 0.126)
(0.1469787185 0.034 0.126)
(0.1522233614 0.034 0.126)
(0.1574679952 0.034 0.126)
(0.1627127313 0.034 0.126)
(0.1679573677 0.034 0.126)
(0.1732020435 0.034 0.126)
(0.1784467236 0.034 0.126)
(0.1836913805 0.034 0.126)
(0.1889360558 0.034 0.126)
(0.1941807365 0.034 0.126)
(0.1994190983 0.03413730367 0.126)
(0.2045668146 0.03490034909 0.126)
(0.2095267493 0.0362172159 0.126)
(0.2142789317 0.03792828103 0.126)
(0.2188970468 0.03983917571 0.126)
(0.2234689557 0.04181200468 0.126)
(0.2280139238 0.0438190146 0.126)
(0.232507767 0.04588875761 0.126)
(0.2369947456 0.04796667917 0.126)
(0.2416741999 0.04978400365 0.126)
(0.2467583459 0.05071940307 0.126)
(0.252 0.0508 0.126)
(0 0.05365 0.126)
(0.005224872229 0.05357612344 0.126)
(0.01030529572 0.05271864409 0.126)
(0.01501480982 0.0510527688 0.126)
(0.01954789713 0.04914803816 0.126)
(0.02408727868 0.04725080594 0.126)
(0.02867358343 0.04541109918 0.126)
(0.03328427295 0.04360247676 0.126)
(0.03793765613 0.04185091885 0.126)
(0.04271376927 0.04028239751 0.126)
(0.04768046961 0.03907536103 0.126)
(0.05281914674 0.03837584438 0.126)
(0.05804101243 0.03825 0.126)
(0.0632686265 0.03825 0.126)
(0.06849623916 0.03825 0.126)
(0.07372385404 0.03825 0.126)
(0.07895147173 0.03825 0.126)
(0.08417908908 0.03825 0.126)
(0.08940670413 0.03825 0.126)
(0.09463431645 0.03825 0.126)
(0.09986192899 0.03825 0.126)
(0.1050895208 0.03825 0.126)
(0.1103171957 0.03825 0.126)
(0.115544745 0.03825 0.126)
(0.1207724232 0.03825 0.126)
(0.1260000064 0.03825 0.126)
(0.1312275896 0.03825 0.126)
(0.1364552678 0.03825 0.126)
(0.1416828171 0.03825 0.126)
(0.146910492 0.03825 0.126)
(0.1521380813 0.03825 0.126)
(0.1573656622 0.03825 0.126)
(0.162593337 0.03825 0.126)
(0.1678209204 0.03825 0.126)
(0.1730485399 0.03825 0.126)
(0.1782761633 0.03825 0.126)
(0.1835037655 0.03825 0.126)
(0.1887313844 0.03825 0.126)
(0.1939590084 0.03825 0.126)
(0.1991808401 0.0383758617 0.126)
(0.20431958 0.03907532 0.126)
(0.2092861869 0.04028244791 0.126)
(0.214062354 0.04185092427 0.126)
(0.2187156262 0.04360257773 0.126)
(0.2233265427 0.04541100429 0.126)
(0.2279127635 0.04725076338 0.126)
(0.2324521198 0.04914802781 0.126)
(0.2369851834 0.05105278924 0.126)
(0.2416946833 0.05271867001 0.126)
(0.2467751504 0.05357611948 0.126)
(0.252 0.05365 0.126)
(0 0.0565 0.126)
(0.005208065663 0.05643283949 0.126)
(0.01028481429 0.05565331281 0.126)
(0.01502437257 0.05413888072 0.126)
(0.01960354284 0.05240730742 0.126)
(0.02418843516 0.05068255085 0.126)
(0.02881598493 0.04901009016 0.126)
(0.03346570269 0.04736588797 0.126)
(0.03815423285 0.04577356259 0.126)
(0.0429543357 0.0443476341 0.126)
(0.04792769964 0.04325032821 0.126)
(0.05305740613 0.04261440398 0.126)
(0.05826273857 0.0425 0.126)
(0.06347329682 0.0425 0.126)
(0.06868385379 0.0425 0.126)
(0.07389441276 0.0425 0.126)
(0.0791049743 0.0425 0.126)
(0.08431553553 0.0425 0.126)
(0.08952609467 0.0425 0.126)
(0.09473665131 0.0425 0.126)
(0.09994720817 0.0425 0.126)
(0.1051577462 0.0425 0.126)
(0.1103683597 0.0425 0.126)
(0.1155788591 0.0425 0.126)
(0.1207894756 0.0425 0.126)
(0.1260000058 0.0425 0.126)
(0.131210536 0.0425 0.126)
(0.1364211526 0.0425 0.126)
(0.1416316519 0.0425 0.126)
(0.1468422654 0.0425 0.126)
(0.1520528012 0.0425 0.126)
(0.1572633293 0.0425 0.126)
(0.1624739427 0.0425 0.126)
(0.1676844731 0.0425 0.126)
(0.1728950362 0.0425 0.126)
(0.178105603 0.0425 0.126)
(0.1833161504 0.0425 0.126)
(0.1885267131 0.0425 0.126)
(0.1937372804 0.0425 0.126)
(0.1989425819 0.04261441972 0.126)
(0.2040723455 0.04325029091 0.126)
(0.2090456244 0.04434767992 0.126)
(0.2138457764 0.04577356752 0.126)
(0.2185342057 0.04736597976 0.126)
(0.2231841298 0.0490100039 0.126)
(0.2278116032 0.05068251217 0.126)
(0.2323964725 0.05240729801 0.126)
(0.2369756213 0.05413889931 0.126)
(0.2417151666 0.05565333637 0.126)
(0.2467919549 0.05643283589 0.126)
(0.252 0.0565 0.126)
(0 0.05935 0.126)
(0.005191259096 0.05928955554 0.126)
(0.01026433286 0.05858798153 0.126)
(0.01503393531 0.05722499265 0.126)
(0.01965918856 0.05566657668 0.126)
(0.02428959165 0.05411429577 0.126)
(0.02895838644 0.05260908115 0.126)
(0.03364713242 0.05112929917 0.126)
(0.03837080956 0.04969620633 0.126)
(0.04319490213 0.04841287069 0.126)
(0.04817492968 0.04742529539 0.126)
(0.05329566552 0.04685296359 0.126)
(0.05848446471 0.04675 0.126)
(0.06367796714 0.04675 0.126)
(0.06887146841 0.04675 0.126)
(0.07406497148 0.04675 0.126)
(0.07925847687 0.04675 0.126)
(0.08445198198 0.04675 0.126)
(0.0896454852 0.04675 0.126)
(0.09483898618 0.04675 0.126)
(0.1000324874 0.04675 0.126)
(0.1052259716 0.04675 0.126)
(0.1104195237 0.04675 0.126)
(0.1156129732 0.04675 0.126)
(0.1208065281 0.04675 0.126)
(0.1260000052 0.04675 0.126)
(0.1311934824 0.04675 0.126)
(0.1363870373 0.04675 0.126)
(0.1415804867 0.04675 0.126)
(0.1467740389 0.04675 0.126)
(0.151967521 0.04675 0.126)
(0.1571609964 0.04675 0.126)
(0.1623545485 0.04675 0.126)
(0.1675480258 0.04675 0.126)
(0.1727415326 0.04675 0.126)
(0.1779350427 0.04675 0.126)
(0.1831285354 0.04675 0.126)
(0.1883220418 0.04675 0.126)
(0.1935155523 0.04675 0.126)
(0.1987043237 0.04685297775 0.126)
(0.2038251109 0.04742526182 0.126)
(0.208805062 0.04841291192 0.126)
(0.2136291988 0.04969621077 0.126)
(0.2183527851 0.05112938178 0.126)
(0.2230417168 0.05260900351 0.126)
(0.2277104429 0.05411426095 0.126)
(0.2323408253 0.05566656821 0.126)
(0.2369660592 0.05722500938 0.126)
(0.2417356499 0.05858800274 0.126)
(0.2468087594 0.0592895523 0.126)
(0.252 0.05935 0.126)
(0 0.0622 0.126)
(0.00517445253 0.06214627159 0.126)
(0.01024385143 0.06152265025 0.126)
(0.01504349805 0.06031110458 0.126)
(0.01971483427 0.05892584594 0.126)
(0.02439074813 0.05754604068 0.126)
(0.02910078795 0.05620807213 0.126)
(0.03382856215 0.05489271037 0.126)
(0.03858738628 0.05361885007 0.126)
(0.04343546856 0.05247810728 0.126)
(0.04842215971 0.05160026257 0.126)
(0.05353392491 0.05109152319 0.126)
(0.05870619086 0.051 0.126)
(0.06388263745 0.051 0.126)
(0.06905908303 0.051 0.126)
(0.07423553021 0.051 0.126)
(0.07941197944 0.051 0.126)
(0.08458842842 0.051 0.126)
(0.08976487573 0.051 0.126)
(0.09494132105 0.051 0.126)
(0.1001177665 0.051 0.126)
(0.1052941969 0.051 0.126)
(0.1104706878 0.051 0.126)
(0.1156470872 0.051 0.126)
(0.1208235805 0.051 0.126)
(0.1260000046 0.051 0.126)
(0.1311764288 0.051 0.126)
(0.1363529221 0.051 0.126)
(0.1415293215 0.051 0.126)
(0.1467058124 0.051 0.126)
(0.1518822409 0.051 0.126)
(0.1570586634 0.051 0.126)
(0.1622351542 0.051 0.126)
(0.1674115785 0.051 0.126)
(0.172588029 0.051 0.126)
(0.1777644824 0.051 0.126)
(0.1829409204 0.051 0.126)
(0.1881173705 0.051 0.126)
(0.1932938243 0.051 0.126)
(0.1984660655 0.05109153578 0.126)
(0.2035778764 0.05160023273 0.126)
(0.2085644995 0.05247814393 0.126)
(0.2134126211 0.05361885402 0.126)
(0.2181713645 0.05489278381 0.126)
(0.2228993038 0.05620800312 0.126)
(0.2276092825 0.05754600973 0.126)
(0.232285178 0.05892583841 0.126)
(0.2369564971 0.06031111945 0.126)
(0.2417561333 0.0615226691 0.126)
(0.2468255639 0.06214626871 0.126)
(0.252 0.0622 0.126)
(0 0.06505 0.126)
(0.005157645964 0.06500298764 0.126)
(0.01022337 0.06445731897 0.126)
(0.0150530608 0.06339721651 0.126)
(0.01977047999 0.06218511519 0.126)
(0.02449190462 0.0609777856 0.126)
(0.02924318945 0.05980706311 0.126)
(0.03400999188 0.05865612158 0.126)
(0.03880396299 0.05754149382 0.126)
(0.04367603499 0.05654334387 0.126)
(0.04866938975 0.05577522975 0.126)
(0.05377218429 0.05533008279 0.126)
(0.058927917 0.05525 0.126)
(0.06408730777 0.05525 0.126)
(0.06924669765 0.05525 0.126)
(0.07440608893 0.05525 0.126)
(0.07956548201 0.05525 0.126)
(0.08472487487 0.05525 0.126)
(0.08988426627 0.05525 0.126)
(0.09504365592 0.05525 0.126)
(0.1002030457 0.05525 0.126)
(0.1053624223 0.05525 0.126)
(0.1105218518 0.05525 0.126)
(0.1156812013 0.05525 0.126)
(0.1208406329 0.05525 0.126)
(0.1260000041 0.05525 0.126)
(0.1311593752 0.05525 0.126)
(0.1363188068 0.05525 0.126)
(0.1414781564 0.05525 0.126)
(0.1466375858 0.05525 0.126)
(0.1517969608 0.05525 0.126)
(0.1569563305 0.05525 0.126)
(0.1621157599 0.05525 0.126)
(0.1672751312 0.05525 0.126)
(0.1724345254 0.05525 0.126)
(0.1775939221 0.05525 0.126)
(0.1827533053 0.05525 0.126)
(0.1879126992 0.05525 0.126)
(0.1930720963 0.05525 0.126)
(0.1982278073 0.05533009381 0.126)
(0.2033306418 0.05577520364 0.126)
(0.2083239371 0.05654337594 0.126)
(0.2131960435 0.05754149727 0.126)
(0.217989944 0.05865618583 0.126)
(0.2227568908 0.05980700273 0.126)
(0.2275081222 0.06097775852 0.126)
(0.2322295308 0.06218510861 0.126)
(0.2369469349 0.06339722952 0.126)
(0.2417766166 0.06445733546 0.126)
(0.2468423684 0.06500298512 0.126)
(0.252 0.06505 0.126)
(0 0.0679 0.126)
(0.005140839398 0.06785970369 0.126)
(0.01020288857 0.06739198768 0.126)
(0.01506262354 0.06648332843 0.126)
(0.01982612571 0.06544438445 0.126)
(0.0245930611 0.06440953051 0.126)
(0.02938559096 0.0634060541 0.126)
(0.03419142161 0.06241953278 0.126)
(0.03902053971 0.06146413756 0.126)
(0.04391660142 0.06060858046 0.126)
(0.04891661978 0.05995019693 0.126)
(0.05401044368 0.05956864239 0.126)
(0.05914964314 0.0595 0.126)
(0.06429197809 0.0595 0.126)
(0.06943431227 0.0595 0.126)
(0.07457664766 0.0595 0.126)
(0.07971898458 0.0595 0.126)
(0.08486132132 0.0595 0.126)
(0.0900036568 0.0595 0.126)
(0.09514599079 0.0595 0.126)
(0.1002883249 0.0595 0.126)
(0.1054306477 0.0595 0.126)
(0.1105730158 0.0595 0.126)
(0.1157153154 0.0595 0.126)
(0.1208576854 0.0595 0.126)
(0.1260000035 0.0595 0.126)
(0.1311423216 0.0595 0.126)
(0.1362846915 0.0595 0.126)
(0.1414269912 0.0595 0.126)
(0.1465693593 0.0595 0.126)
(0.1517116807 0.0595 0.126)
(0.1568539976 0.0595 0.126)
(0.1619963656 0.0595 0.126)
(0.1671386838 0.0595 0.126)
(0.1722810217 0.0595 0.126)
(0.1774233618 0.0595 0.126)
(0.1825656903 0.0595 0.126)
(0.1877080279 0.0595 0.126)
(0.1928503682 0.0595 0.126)
(0.1979895491 0.05956865183 0.126)
(0.2030834073 0.05995017455 0.126)
(0.2080833747 0.06060860795 0.126)
(0.2129794658 0.06146414051 0.126)
(0.2178085234 0.06241958785 0.126)
(0.2226144779 0.06340600234 0.126)
(0.2274069619 0.0644095073 0.126)
(0.2321738835 0.06544437881 0.126)
(0.2369373728 0.06648333959 0.126)
(0.2417971 0.06739200182 0.126)
(0.2468591729 0.06785970153 0.126)
(0.252 0.0679 0.126)
(0 0.07075 0.126)
(0.005124032831 0.07071641974 0.126)
(0.01018240714 0.0703266564 0.126)
(0.01507218628 0.06956944036 0.126)
(0.01988177142 0.06870365371 0.126)
(0.02469421758 0.06784127543 0.126)
(0.02952799247 0.06700504508 0.126)
(0.03437285134 0.06618294398 0.126)
(0.03923711642 0.0653867813 0.126)
(0.04415716785 0.06467381705 0.126)
(0.04916384982 0.06412516411 0.126)
(0.05424870307 0.06380720199 0.126)
(0.05937136929 0.06375 0.126)
(0.06449664841 0.06375 0.126)
(0.06962192689 0.06375 0.126)
(0.07474720638 0.06375 0.126)
(0.07987248715 0.06375 0.126)
(0.08499776777 0.06375 0.126)
(0.09012304733 0.06375 0.126)
(0.09524832566 0.06375 0.126)
(0.1003736041 0.06375 0.126)
(0.1054988731 0.06375 0.126)
(0.1106241798 0.06375 0.126)
(0.1157494295 0.06375 0.126)
(0.1208747378 0.06375 0.126)
(0.1260000029 0.06375 0.126)
(0.131125268 0.06375 0.126)
(0.1362505763 0.06375 0.126)
(0.141375826 0.06375 0.126)
(0.1465011327 0.06375 0.126)
(0.1516264006 0.06375 0.126)
(0.1567516647 0.06375 0.126)
(0.1618769714 0.06375 0.126)
(0.1670022365 0.06375 0.126)
(0.1721275181 0.06375 0.126)
(0.1772528015 0.06375 0.126)
(0.1823780752 0.06375 0.126)
(0.1875033566 0.06375 0.126)
(0.1926286402 0.06375 0.126)
(0.1977512909 0.06380720986 0.126)
(0.2028361727 0.06412514546 0.126)
(0.2078428122 0.06467383996 0.126)
(0.2127628882 0.06538678376 0.126)
(0.2176271028 0.06618298988 0.126)
(0.2224720649 0.06700500195 0.126)
(0.2273058016 0.06784125608 0.126)
(0.2321182363 0.06870364901 0.126)
(0.2369278107 0.06956944965 0.126)
(0.2418175833 0.07032666819 0.126)
(0.2468759775 0.07071641794 0.126)
(0.252 0.07075 0.126)
(0 0.0736 0.126)
(0.005107226265 0.0735731358 0.126)
(0.01016192572 0.07326132512 0.126)
(0.01508174903 0.07265555229 0.126)
(0.01993741714 0.07196292297 0.126)
(0.02479537407 0.07127302034 0.126)
(0.02967039397 0.07060403607 0.126)
(0.03455428107 0.06994635519 0.126)
(0.03945369314 0.06930942504 0.126)
(0.04439773428 0.06873905364 0.126)
(0.04941107986 0.06830013128 0.126)
(0.05448696245 0.06804576159 0.126)
(0.05959309543 0.068 0.126)
(0.06470131873 0.068 0.126)
(0.06980954151 0.068 0.126)
(0.0749177651 0.068 0.126)
(0.08002598972 0.068 0.126)
(0.08513421421 0.068 0.126)
(0.09024243787 0.068 0.126)
(0.09535066053 0.068 0.126)
(0.1004588833 0.068 0.126)
(0.1055670985 0.068 0.126)
(0.1106753439 0.068 0.126)
(0.1157835436 0.068 0.126)
(0.1208917903 0.068 0.126)
(0.1260000023 0.068 0.126)
(0.1311082144 0.068 0.126)
(0.136216461 0.068 0.126)
(0.1413246608 0.068 0.126)
(0.1464329062 0.068 0.126)
(0.1515411205 0.068 0.126)
(0.1566493317 0.068 0.126)
(0.1617575771 0.068 0.126)
(0.1668657892 0.068 0.126)
(0.1719740145 0.068 0.126)
(0.1770822412 0.068 0.126)
(0.1821904602 0.068 0.126)
(0.1872986853 0.068 0.126)
(0.1924069122 0.068 0.126)
(0.1975130328 0.06804576789 0.126)
(0.2025889382 0.06830011636 0.126)
(0.2076022498 0.06873907197 0.126)
(0.2125463106 0.06930942701 0.126)
(0.2174456823 0.0699463919 0.126)
(0.2223296519 0.07060400156 0.126)
(0.2272046413 0.07127300487 0.126)
(0.232062589 0.0719629192 0.126)
(0.2369182485 0.07265555972 0.126)
(0.2418380666 0.07326133455 0.126)
(0.246892782 0.07357313436 0.126)
(0.252 0.0736 0.126)
(0 0.07645 0.126)
(0.005090419699 0.07642985185 0.126)
(0.01014144429 0.07619599384 0.126)
(0.01509131177 0.07574166422 0.126)
(0.01999306285 0.07522219223 0.126)
(0.02489653055 0.07470476526 0.126)
(0.02981279548 0.07420302705 0.126)
(0.03473571081 0.07370976639 0.126)
(0.03967026985 0.07323206878 0.126)
(0.04463830071 0.07280429023 0.126)
(0.04965830989 0.07247509846 0.126)
(0.05472522184 0.0722843212 0.126)
(0.05981482157 0.07225 0.126)
(0.06490598905 0.07225 0.126)
(0.06999715614 0.07225 0.126)
(0.07508832383 0.07225 0.126)
(0.08017949229 0.07225 0.126)
(0.08527066066 0.07225 0.126)
(0.0903618284 0.07225 0.126)
(0.09545299539 0.07225 0.126)
(0.1005441625 0.07225 0.126)
(0.1056353239 0.07225 0.126)
(0.1107265079 0.07225 0.126)
(0.1158176577 0.07225 0.126)
(0.1209088427 0.07225 0.126)
(0.1260000017 0.07225 0.126)
(0.1310911608 0.07225 0.126)
(0.1361823458 0.07225 0.126)
(0.1412734956 0.07225 0.126)
(0.1463646796 0.07225 0.126)
(0.1514558403 0.07225 0.126)
(0.1565469988 0.07225 0.126)
(0.1616381828 0.07225 0.126)
(0.1667293419 0.07225 0.126)
(0.1718205109 0.07225 0.126)
(0.1769116809 0.07225 0.126)
(0.1820028451 0.07225 0.126)
(0.1870940139 0.07225 0.126)
(0.1921851841 0.07225 0.126)
(0.1972747746 0.07228432592 0.126)
(0.2023417036 0.07247508727 0.126)
(0.2073616873 0.07280430397 0.126)
(0.2123297329 0.07323207026 0.126)
(0.2172642617 0.07370979393 0.126)
(0.2221872389 0.07420300117 0.126)
(0.227103481 0.07470475365 0.126)
(0.2320069418 0.0752221894 0.126)
(0.2369086864 0.07574166979 0.126)
(0.24185855 0.07619600091 0.126)
(0.2469095865 0.07642985077 0.126)
(0.252 0.07645 0.126)
(0 0.0793 0.126)
(0.005073613133 0.0792865679 0.126)
(0.01012096286 0.07913066256 0.126)
(0.01510087451 0.07882777614 0.126)
(0.02004870857 0.07848146148 0.126)
(0.02499768703 0.07813651017 0.126)
(0.02995519699 0.07780201803 0.126)
(0.03491714054 0.07747317759 0.126)
(0.03988684657 0.07715471252 0.126)
(0.04487886714 0.07686952682 0.126)
(0.04990553993 0.07665006564 0.126)
(0.05496348123 0.0765228808 0.126)
(0.06003654771 0.0765 0.126)
(0.06511065936 0.0765 0.126)
(0.07018477076 0.0765 0.126)
(0.07525888255 0.0765 0.126)
(0.08033299486 0.0765 0.126)
(0.08540710711 0.0765 0.126)
(0.09048121893 0.0765 0.126)
(0.09555533026 0.0765 0.126)
(0.1006294416 0.0765 0.126)
(0.1057035492 0.0765 0.126)
(0.1107776719 0.0765 0.126)
(0.1158517718 0.0765 0.126)
(0.1209258951 0.0765 0.126)
(0.1260000012 0.0765 0.126)
(0.1310741072 0.0765 0.126)
(0.1361482305 0.0765 0.126)
(0.1412223304 0.0765 0.126)
(0.1462964531 0.0765 0.126)
(0.1513705602 0.0765 0.126)
(0.1564446659 0.0765 0.126)
(0.1615187885 0.0765 0.126)
(0.1665928946 0.0765 0.126)
(0.1716670072 0.0765 0.126)
(0.1767411206 0.0765 0.126)
(0.1818152301 0.0765 0.126)
(0.1868893426 0.0765 0.126)
(0.1919634561 0.0765 0.126)
(0.1970365164 0.07652288394 0.126)
(0.2020944691 0.07665005818 0.126)
(0.2071211249 0.07686953598 0.126)
(0.2121131553 0.0771547135 0.126)
(0.2170828411 0.07747319595 0.126)
(0.222044826 0.07780200078 0.126)
(0.2270023206 0.07813650243 0.126)
(0.2319512945 0.0784814596 0.126)
(0.2368991243 0.07882777986 0.126)
(0.2418790333 0.07913066727 0.126)
(0.246926391 0.07928656718 0.126)
(0.252 0.0793 0.126)
(0 0.08215 0.126)
(0.005056806566 0.08214328395 0.126)
(0.01010048143 0.08206533128 0.126)
(0.01511043726 0.08191388807 0.126)
(0.02010435428 0.08174073074 0.126)
(0.02509884352 0.08156825509 0.126)
(0.03009759849 0.08140100902 0.126)
(0.03509857027 0.0812365888 0.126)
(0.04010342328 0.08107735626 0.126)
(0.04511943357 0.08093476341 0.126)
(0.05015276996 0.08082503282 0.126)
(0.05520174061 0.0807614404 0.126)
(0.06025827386 0.08075 0.126)
(0.06531532968 0.08075 0.126)
(0.07037238538 0.08075 0.126)
(0.07542944128 0.08075 0.126)
(0.08048649743 0.08075 0.126)
(0.08554355355 0.08075 0.126)
(0.09060060947 0.08075 0.126)
(0.09565766513 0.08075 0.126)
(0.1007147208 0.08075 0.126)
(0.1057717746 0.08075 0.126)
(0.110828836 0.08075 0.126)
(0.1158858859 0.08075 0.126)
(0.1209429476 0.08075 0.126)
(0.1260000006 0.08075 0.126)
(0.1310570536 0.08075 0.126)
(0.1361141153 0.08075 0.126)
(0.1411711652 0.08075 0.126)
(0.1462282265 0.08075 0.126)
(0.1512852801 0.08075 0.126)
(0.1563423329 0.08075 0.126)
(0.1613993943 0.08075 0.126)
(0.1664564473 0.08075 0.126)
(0.1715135036 0.08075 0.126)
(0.1765705603 0.08075 0.126)
(0.181627615 0.08075 0.126)
(0.1866846713 0.08075 0.126)
(0.191741728 0.08075 0.126)
(0.1967982582 0.08076144197 0.126)
(0.2018472345 0.08082502909 0.126)
(0.2068805624 0.08093476799 0.126)
(0.2118965776 0.08107735675 0.126)
(0.2169014206 0.08123659798 0.126)
(0.221902413 0.08140100039 0.126)
(0.2269011603 0.08156825122 0.126)
(0.2318956473 0.0817407298 0.126)
(0.2368895621 0.08191388993 0.126)
(0.2418995167 0.08206533364 0.126)
(0.2469431955 0.08214328359 0.126)
(0.252 0.08215 0.126)
(0 0.085 0.126)
(0.00504 0.085 0.126)
(0.01008 0.085 0.126)
(0.01512 0.085 0.126)
(0.02016 0.085 0.126)
(0.0252 0.085 0.126)
(0.03024 0.085 0.126)
(0.03528 0.085 0.126)
(0.04032 0.085 0.126)
(0.04536 0.085 0.126)
(0.0504 0.085 0.126)
(0.05544 0.085 0.126)
(0.06048 0.085 0.126)
(0.06552 0.085 0.126)
(0.07056 0.085 0.126)
(0.0756 0.085 0.126)
(0.08064 0.085 0.126)
(0.08568 0.085 0.126)
(0.09072 0.085 0.126)
(0.09576 0.085 0.126)
(0.1008 0.085 0.126)
(0.10584 0.085 0.126)
(0.11088 0.085 0.126)
(0.11592 0.085 0.126)
(0.12096 0.085 0.126)
(0.126 0.085 0.126)
(0.13104 0.085 0.126)
(0.13608 0.085 0.126)
(0.14112 0.085 0.126)
(0.14616 0.085 0.126)
(0.1512 0.085 0.126)
(0.15624 0.085 0.126)
(0.16128 0.085 0.126)
(0.16632 0.085 0.126)
(0.17136 0.085 0.126)
(0.1764 0.085 0.126)
(0.18144 0.085 0.126)
(0.18648 0.085 0.126)
(0.19152 0.085 0.126)
(0.19656 0.085 0.126)
(0.2016 0.085 0.126)
(0.20664 0.085 0.126)
(0.21168 0.085 0.126)
(0.21672 0.085 0.126)
(0.22176 0.085 0.126)
(0.2268 0.085 0.126)
(0.23184 0.085 0.126)
(0.23688 0.085 0.126)
(0.24192 0.085 0.126)
(0.24696 0.085 0.126)
(0.252 0.085 0.126)
)


// ************************************************************************* //
