/*--------------------------------*- C++ -*----------------------------------*\
| =========                 |                                                 |
| \\      /  F ield         | OpenFOAM: The Open Source CFD Toolbox           |
|  \\    /   O peration     | Version:  v1806                                 |
|   \\  /    A nd           | Web:      www.OpenFOAM.com                      |
|    \\/     M anipulation  |                                                 |
\*---------------------------------------------------------------------------*/
FoamFile
{
    version     2.0;
    format      ascii;
    class       volScalarField;
    location    "5";
    object      k;
}
// * * * * * * * * * * * * * * * * * * * * * * * * * * * * * * * * * * * * * //

dimensions      [0 2 -2 0 0 0 0];


internalField   nonuniform List<scalar> 
8000
(
5.95545e-05
5.28274e-05
3.56914e-05
1.84604e-05
2.06428e-05
5.41904e-05
7.26179e-05
6.68011e-05
5.84058e-05
5.19671e-05
4.65007e-05
4.20399e-05
3.8205e-05
3.56346e-05
3.48589e-05
3.63355e-05
4.03764e-05
4.72478e-05
5.733e-05
7.11917e-05
8.92487e-05
0.000111433
0.000137305
0.000169599
0.000217419
0.000278052
0.000349201
0.000437018
0.000543756
0.000675922
0.000840019
0.00104587
0.00130185
0.00160827
0.00196141
0.00237114
0.0028443
0.00336495
0.00383456
0.00398227
0.0037329
0.00334818
0.00296821
0.00262689
0.00232765
0.00206672
0.00183841
0.00163652
0.00145631
0.00129626
0.00115651
0.00103575
0.000931773
0.000842096
0.000764468
0.000696971
0.00063804
0.000586391
0.000540976
0.000500913
0.000465484
0.000434067
0.000406168
0.000381331
0.000359244
0.000339569
0.00032217
0.000306736
0.000293384
0.000281737
0.000272482
0.000264926
0.000260849
0.000258618
0.000263431
0.000270602
0.000298072
0.000360703
0.000394375
0.000400065
0.000383608
0.000357261
0.000326237
0.000294036
0.000264188
0.000238289
0.000214859
0.000193638
0.000176678
0.000163151
0.000153295
0.00015056
0.000155146
0.000165439
0.000185141
0.00019799
0.00015456
0.000104142
6.91322e-05
5.27343e-05
0.00112051
0.0009993
0.000674275
0.000347501
0.000354301
0.000905815
0.00119957
0.00110579
0.000966987
0.00085987
0.000769785
0.000696699
0.000634428
0.000592684
0.000580328
0.000605033
0.000672311
0.000786931
0.000955016
0.00118478
0.00148078
0.00183801
0.00224341
0.00273001
0.00340542
0.00417798
0.00496695
0.0057756
0.00656663
0.00732584
0.0080308
0.00866687
0.00921571
0.00966011
0.00999433
0.0102269
0.0103678
0.0104338
0.0104558
0.0104794
0.0105198
0.0105459
0.0105356
0.0104819
0.0103852
0.0102489
0.010077
0.009873
0.00963843
0.00937701
0.00909625
0.00880213
0.00849964
0.00819281
0.00788485
0.00757842
0.00727578
0.00697893
0.00668963
0.00640932
0.00613931
0.00588058
0.00563409
0.00540032
0.00518021
0.0049736
0.00478206
0.00460502
0.00444563
0.00430182
0.00418256
0.00408194
0.00402055
0.00398146
0.00402138
0.00408708
0.00435567
0.00492612
0.00524906
0.00538235
0.0053503
0.00520408
0.00495649
0.00462874
0.00427333
0.00393322
0.00360555
0.00329745
0.00304241
0.00283531
0.00268566
0.00265201
0.00274173
0.00293751
0.00328591
0.00352892
0.00288568
0.00199018
0.00133838
0.00102265
0.00431355
0.00387839
0.0026064
0.00134652
0.00126268
0.00313331
0.00403266
0.00370062
0.00323818
0.00288178
0.0025863
0.00234808
0.00214719
0.00201229
0.00197205
0.00205089
0.00226351
0.00261581
0.00310679
0.00372776
0.00445155
0.00524056
0.00607581
0.0070398
0.00821471
0.00934667
0.010343
0.0112245
0.0119826
0.0126231
0.0131464
0.0135547
0.0138477
0.0140278
0.0141021
0.0140772
0.0139626
0.0137844
0.0136133
0.0135864
0.0137368
0.0139425
0.0141272
0.0142667
0.0143568
0.0144004
0.0144023
0.0143675
0.0142985
0.0141978
0.0140704
0.0139197
0.0137492
0.013562
0.0133608
0.0131479
0.0129255
0.0126952
0.0124589
0.012218
0.0119741
0.0117285
0.0114827
0.011238
0.010996
0.0107577
0.0105254
0.0102994
0.0100844
0.0098803
0.00969755
0.00953318
0.00940843
0.00930989
0.00929128
0.00930032
0.0094779
0.00997153
0.0103768
0.0107267
0.0110197
0.0112636
0.011434
0.0114807
0.0113858
0.0111692
0.0108191
0.0103625
0.00990728
0.00949127
0.00917765
0.00916379
0.00950614
0.0101858
0.0112907
0.0121146
0.0104967
0.00751817
0.00520869
0.00406773
0.0107277
0.00973105
0.00659952
0.00348889
0.00299839
0.00698704
0.00827506
0.00743246
0.00649874
0.00579531
0.00523904
0.00479777
0.00443714
0.0041949
0.00411601
0.00423788
0.00456845
0.00508377
0.00574433
0.00651001
0.0073404
0.00821592
0.0091585
0.0102642
0.0115196
0.0126473
0.013599
0.0144081
0.0150801
0.015625
0.0160477
0.0163529
0.0165437
0.0166262
0.0166099
0.0165004
0.0163072
0.016059
0.0158356
0.015794
0.0159711
0.0162259
0.0164684
0.0166683
0.0168198
0.016925
0.0169887
0.0170162
0.0170103
0.0169731
0.0169093
0.0168217
0.0167133
0.016587
0.0164454
0.0162907
0.0161249
0.0159495
0.015766
0.0155756
0.0153795
0.0151789
0.0149746
0.0147676
0.0145591
0.0143495
0.0141405
0.0139324
0.0137277
0.0135271
0.013338
0.0131599
0.0130061
0.0128709
0.012786
0.0127219
0.0127554
0.0130741
0.0134764
0.0139522
0.0144853
0.0150744
0.0157069
0.0163286
0.0168823
0.0173358
0.017631
0.0177481
0.0177869
0.0178067
0.0179031
0.0183658
0.0193281
0.0207949
0.0228079
0.0243927
0.0225764
0.0172883
0.01269
0.0104193
0.0197943
0.0181107
0.0129056
0.00732535
0.00590906
0.0118454
0.0125048
0.0109403
0.00952679
0.00849633
0.00772495
0.00712966
0.0066673
0.0063609
0.00624599
0.00635391
0.00667868
0.00717909
0.00781139
0.00854284
0.00934681
0.0102221
0.0112047
0.0123722
0.0136573
0.0147885
0.0157358
0.0165319
0.0171861
0.0177089
0.0181067
0.0183846
0.018547
0.0186014
0.0185578
0.0184221
0.0182049
0.0179363
0.017699
0.0176518
0.0178311
0.0180964
0.0183543
0.0185721
0.0187425
0.018867
0.0189501
0.0189972
0.019011
0.0189938
0.0189502
0.0188828
0.0187945
0.0186882
0.0185664
0.0184314
0.018285
0.0181287
0.017964
0.0177921
0.0176138
0.0174302
0.0172421
0.0170501
0.0168552
0.0166577
0.0164586
0.0162584
0.0160587
0.0158598
0.0156676
0.0154827
0.0153149
0.0151612
0.0150449
0.0149466
0.0149237
0.0151671
0.0155692
0.0161142
0.0167794
0.0175618
0.0184563
0.0194155
0.0203785
0.0213024
0.0221231
0.0228122
0.023461
0.02414
0.0249547
0.0261837
0.0279577
0.0302445
0.0329524
0.0351293
0.0341281
0.0284164
0.0225039
0.0196931
0.0282686
0.0260886
0.0200211
0.0128858
0.010361
0.0166125
0.0161222
0.0138158
0.0119453
0.0106212
0.00966348
0.00894198
0.00840268
0.00804892
0.00789793
0.00796856
0.00824854
0.00869892
0.00928578
0.00998566
0.0107793
0.0116715
0.0126997
0.0139239
0.0152501
0.0164123
0.0173863
0.0182021
0.0188703
0.019402
0.0198043
0.0200832
0.0202442
0.0202957
0.0202479
0.020108
0.0198874
0.0196176
0.0193816
0.0193319
0.019503
0.0197624
0.0200183
0.0202365
0.0204086
0.0205354
0.0206212
0.0206711
0.0206878
0.0206735
0.0206329
0.0205687
0.0204835
0.0203802
0.0202614
0.0201293
0.0199857
0.0198322
0.0196701
0.0195006
0.0193247
0.0191431
0.0189568
0.0187662
0.0185721
0.018375
0.0181756
0.0179743
0.0177725
0.0175702
0.017373
0.0171817
0.0170052
0.0168417
0.0167123
0.0166026
0.0165671
0.0167884
0.0171995
0.017791
0.0185382
0.0194379
0.0204862
0.0216379
0.0228321
0.0240231
0.0251488
0.0261878
0.0272342
0.0283707
0.0297151
0.0315212
0.0338818
0.0367097
0.0397908
0.0422437
0.0419261
0.0372336
0.0314266
0.0285793
0.0344992
0.0320908
0.0261525
0.0190394
0.016068
0.0209844
0.0193768
0.0163263
0.0139917
0.0123769
0.0112325
0.0103845
0.00976328
0.009355
0.00916228
0.00919402
0.00943508
0.00985112
0.0104154
0.011109
0.0119156
0.0128417
0.0139232
0.0152081
0.0165862
0.0177926
0.0188065
0.0196552
0.0203502
0.0209031
0.0213218
0.0216133
0.0217842
0.0218435
0.021802
0.0216677
0.0214535
0.0211917
0.0209639
0.020913
0.0210704
0.0213154
0.0215598
0.0217693
0.0219342
0.0220549
0.0221351
0.0221799
0.0221916
0.0221722
0.0221271
0.0220583
0.0219687
0.0218611
0.021738
0.0216015
0.0214536
0.0212957
0.0211293
0.0209554
0.020775
0.0205889
0.020398
0.0202028
0.0200039
0.0198018
0.0195972
0.0193905
0.0191831
0.0189751
0.0187715
0.0185739
0.018391
0.0182217
0.0180874
0.0179771
0.0179466
0.0181685
0.0185953
0.0192244
0.0200319
0.0210139
0.0221657
0.0234415
0.0247799
0.026133
0.0274409
0.0286902
0.0299785
0.0313982
0.0330761
0.0352471
0.0379701
0.0411178
0.0444002
0.0469838
0.0470161
0.0432393
0.0381032
0.035274
0.0388708
0.0363902
0.0308991
0.0245169
0.0218412
0.0251425
0.022545
0.0187208
0.0158894
0.013966
0.0126218
0.0116371
0.0109223
0.0104483
0.0102068
0.0101999
0.0104102
0.010806
0.011364
0.012067
0.0128994
0.0138679
0.0150068
0.0163557
0.0177916
0.0190483
0.0201081
0.0209956
0.0217231
0.0223028
0.0227435
0.0230532
0.0232394
0.0233119
0.023282
0.0231587
0.022956
0.0227071
0.022491
0.0224389
0.0225794
0.0228045
0.0230317
0.0232267
0.0233792
0.0234887
0.0235585
0.0235935
0.0235957
0.0235671
0.023513
0.0234357
0.0233378
0.0232221
0.0230909
0.0229464
0.0227906
0.0226249
0.0224507
0.0222691
0.0220811
0.0218874
0.021689
0.0214862
0.0212799
0.0210704
0.0208585
0.0206445
0.0204299
0.0202151
0.0200047
0.019801
0.0196129
0.0194401
0.019305
0.0191995
0.0191809
0.0194133
0.0198604
0.0205238
0.0213811
0.0224285
0.0236589
0.0250258
0.0264665
0.0279314
0.029363
0.0307542
0.0322052
0.0338156
0.0357183
0.0381351
0.0411013
0.0444622
0.0478785
0.0505404
0.0507503
0.0475083
0.0429277
0.0400769
0.0421114
0.0396024
0.0345665
0.0289423
0.026844
0.0291759
0.0257871
0.0211572
0.0177779
0.0155137
0.0139486
0.0128121
0.0119906
0.0114394
0.0111416
0.0110937
0.0112762
0.0116584
0.0122181
0.0129381
0.0138025
0.0148176
0.0160162
0.0174315
0.0189288
0.0202393
0.0213482
0.0222778
0.023041
0.0236506
0.0241163
0.0244472
0.0246517
0.0247405
0.0247251
0.0246157
0.0244276
0.0241941
0.0239912
0.0239375
0.0240589
0.0242605
0.0244665
0.024643
0.0247792
0.024874
0.0249301
0.0249523
0.0249417
0.0249012
0.0248358
0.0247474
0.0246387
0.0245124
0.024371
0.0242164
0.0240506
0.0238751
0.0236912
0.0235001
0.0233027
0.0230998
0.0228922
0.0226805
0.0224654
0.0222472
0.0220269
0.0218047
0.0215823
0.0213601
0.0211429
0.0209334
0.0207409
0.0205661
0.0204324
0.0203347
0.0203309
0.0205783
0.0210488
0.0217456
0.0226478
0.0237514
0.0250472
0.0264873
0.0280083
0.0295593
0.0310854
0.0325848
0.0341599
0.0359158
0.0379901
0.0405937
0.0437452
0.0472668
0.0507808
0.0534865
0.0537888
0.0508521
0.0466095
0.0436767
0.0447156
0.0421826
0.0375272
0.0324696
0.0309216
0.0329923
0.0291904
0.0237419
0.0197502
0.0171004
0.0152859
0.0139779
0.0130341
0.0123933
0.0120301
0.0119364
0.0120902
0.0124602
0.0130246
0.013765
0.0146646
0.0157287
0.0169885
0.0184723
0.0200335
0.0214005
0.0225609
0.0235347
0.0243357
0.0249771
0.0254698
0.0258238
0.0260485
0.0261553
0.0261563
0.0260626
0.0258905
0.0256737
0.0254845
0.0254285
0.0255291
0.0257047
0.0258863
0.0260412
0.0261582
0.0262355
0.0262754
0.0262823
0.0262566
0.0262024
0.0261235
0.0260222
0.025901
0.0257626
0.0256093
0.0254432
0.025266
0.0250794
0.0248846
0.0246827
0.0244748
0.0242616
0.0240439
0.0238223
0.0235975
0.02337
0.0231406
0.0229097
0.0226791
0.0224494
0.0222255
0.0220105
0.0218143
0.0216387
0.0215078
0.0214199
0.0214319
0.0216963
0.0221924
0.0229229
0.0238677
0.0250224
0.0263757
0.0278787
0.0294673
0.0310898
0.0326943
0.0342842
0.0359635
0.037842
0.0400608
0.0428203
0.0461244
0.0497729
0.0533533
0.0560671
0.056406
0.0536576
0.0496189
0.046574
0.0469491
0.0443904
0.0400424
0.0353626
0.0341797
0.0364571
0.0327476
0.0265534
0.0218796
0.0187874
0.0166866
0.0151818
0.0140968
0.0133516
0.0129121
0.0127653
0.0128864
0.0132431
0.0138123
0.0145742
0.0155105
0.016625
0.0179475
0.0195019
0.0211291
0.0225549
0.0237688
0.0247887
0.0256291
0.0263038
0.0268249
0.0272031
0.0274493
0.0275752
0.0275936
0.0275167
0.0273616
0.0271619
0.026986
0.0269266
0.0270052
0.0271527
0.0273074
0.0274381
0.0275333
0.0275908
0.0276123
0.0276017
0.0275594
0.0274896
0.0273957
0.0272799
0.0271449
0.026993
0.0268266
0.0266478
0.0264582
0.0262594
0.0260527
0.0258392
0.0256199
0.0253956
0.0251671
0.024935
0.0247
0.0244626
0.0242237
0.0239839
0.0237448
0.0235076
0.023277
0.023057
0.0228575
0.022682
0.0225551
0.0224781
0.0225062
0.0227884
0.0233118
0.024077
0.0250634
0.0262664
0.0276724
0.0292317
0.0308799
0.0325649
0.0342384
0.035909
0.0376815
0.0396703
0.0420183
0.0449149
0.0483487
0.0520957
0.0557102
0.0583944
0.0587259
0.0561013
0.0521996
0.0490453
0.0489443
0.0463613
0.0422666
0.0378393
0.0367964
0.0394602
0.0363655
0.0296477
0.0242315
0.020629
0.018196
0.0164628
0.0152134
0.0143459
0.0138163
0.0136068
0.013689
0.0140286
0.014601
0.0153841
0.0163576
0.0175238
0.0189105
0.0205372
0.0222327
0.0237195
0.0249887
0.0260562
0.0269374
0.0276467
0.0281972
0.0286007
0.0288691
0.0290148
0.0290513
0.0289916
0.0288537
0.0286712
0.0285075
0.0284435
0.028499
0.0286169
0.0287425
0.0288467
0.0289179
0.0289534
0.0289546
0.0289245
0.0288641
0.0287772
0.0286668
0.0285353
0.0283851
0.0282186
0.028038
0.0278454
0.0276424
0.0274305
0.0272111
0.0269852
0.0267539
0.0265179
0.0262779
0.0260347
0.025789
0.0255414
0.0252927
0.0250436
0.0247961
0.0245512
0.0243142
0.0240894
0.0238873
0.0237126
0.0235906
0.0235253
0.0235694
0.0238697
0.0244216
0.0252224
0.0262506
0.0275002
0.0289559
0.030567
0.0322694
0.0340111
0.0357478
0.0374931
0.0393528
0.0414445
0.0439123
0.0469322
0.0504757
0.0542932
0.0579074
0.0605231
0.0608099
0.0582702
0.054474
0.0512309
0.0507674
0.0481655
0.0442863
0.0400427
0.0389485
0.0419474
0.0398878
0.0330453
0.0268673
0.0226795
0.0198584
0.0178578
0.0164155
0.0154035
0.0147669
0.0144823
0.0145171
0.014834
0.0154064
0.0162092
0.0172198
0.0184383
0.0198908
0.0215919
0.0233575
0.0249074
0.0262337
0.0273505
0.0282738
0.0290188
0.0295995
0.0300291
0.0303202
0.0304862
0.030541
0.0304987
0.0303778
0.0302117
0.0300588
0.029989
0.0300206
0.0301074
0.030202
0.0302777
0.0303228
0.0303344
0.0303133
0.0302621
0.030182
0.0300764
0.0299481
0.0297995
0.0296329
0.0294507
0.0292549
0.0290476
0.0288303
0.0286045
0.0283716
0.0281326
0.0278885
0.0276402
0.0273883
0.0271335
0.0268767
0.0266184
0.0263597
0.0261012
0.0258451
0.0255927
0.0253494
0.0251202
0.0249159
0.0247427
0.0246262
0.0245732
0.0246331
0.0249514
0.0255325
0.0263701
0.0274403
0.0287358
0.030239
0.031899
0.0336518
0.035446
0.0372422
0.0390587
0.0410019
0.043192
0.0457723
0.0489031
0.0525364
0.056395
0.0599723
0.0624801
0.0626901
0.0602109
0.0565069
0.0532025
0.0524516
0.0498392
0.0461495
0.0420569
0.040782
0.0439262
0.04316
0.0366821
0.0298417
0.0249951
0.0217208
0.0194056
0.0177354
0.0165519
0.0157875
0.015412
0.0153881
0.0156748
0.0162423
0.0170622
0.0181089
0.0193804
0.0209002
0.0226774
0.0245151
0.02613
0.0275152
0.0286826
0.0296493
0.0304309
0.0310427
0.0314988
0.031813
0.0319995
0.0320726
0.0320473
0.031943
0.0317924
0.0316483
0.0315712
0.0315781
0.0316327
0.0316948
0.0317399
0.031757
0.0317427
0.0316976
0.0316236
0.0315222
0.0313964
0.0312489
0.031082
0.0308979
0.0306988
0.0304868
0.0302637
0.0300312
0.0297907
0.0295436
0.0292908
0.0290333
0.028772
0.0285076
0.0282408
0.0279725
0.0277032
0.0274341
0.0271661
0.0269013
0.0266414
0.026392
0.0261587
0.0259528
0.0257817
0.0256714
0.025631
0.0257063
0.0260423
0.0266531
0.0275284
0.0286413
0.0299823
0.0315316
0.033238
0.0350381
0.036882
0.0387352
0.0406206
0.042645
0.0449301
0.0476162
0.0508454
0.0545467
0.0584144
0.0619158
0.0642771
0.0643827
0.0619489
0.0583343
0.054998
0.0540131
0.0514007
0.0478827
0.0439289
0.0424053
0.0454545
0.0460358
0.040418
0.0331931
0.0276349
0.0238348
0.0211488
0.0192087
0.0178209
0.0169027
0.0164167
0.0163199
0.0165663
0.0171223
0.0179555
0.0190367
0.0203612
0.0219495
0.0238046
0.025716
0.0273976
0.0288431
0.0300625
0.0310736
0.0318927
0.0325361
0.033019
0.0333565
0.0335633
0.0336545
0.0336457
0.0335571
0.0334205
0.0332833
0.0331973
0.0331789
0.0332004
0.0332284
0.0332412
0.0332284
0.0331864
0.0331154
0.033017
0.0328927
0.0327452
0.0325771
0.0323905
0.0321877
0.0319706
0.0317413
0.0315015
0.031253
0.0309969
0.0307347
0.0304674
0.0301959
0.029921
0.0296436
0.0293643
0.0290841
0.0288035
0.0285239
0.0282461
0.0279726
0.0277053
0.0274499
0.0272129
0.0270058
0.0268374
0.0267339
0.0267061
0.0267965
0.02715
0.0277904
0.0287041
0.0298602
0.0312465
0.0328407
0.0345917
0.0364368
0.038328
0.0402363
0.0421891
0.044293
0.0466696
0.0494545
0.0527677
0.0565125
0.0603544
0.0637393
0.0659168
0.0658954
0.0634983
0.0599763
0.0566373
0.0554586
0.0528579
0.0494997
0.0456843
0.0438925
0.0466204
0.0484058
0.0440857
0.0368831
0.0306551
0.0262574
0.0231363
0.0208762
0.0192443
0.0181407
0.0175199
0.0173319
0.017525
0.0180608
0.0189019
0.0200148
0.0213917
0.0230496
0.0249843
0.0269703
0.0287199
0.0302269
0.0314992
0.0325554
0.0334125
0.0340879
0.0345978
0.0349584
0.0351851
0.0352938
0.0353008
0.0352269
0.0351025
0.0349698
0.0348734
0.0348289
0.0348166
0.0348092
0.0347881
0.0347436
0.034672
0.0345734
0.034449
0.0343002
0.0341295
0.0339394
0.0337319
0.033509
0.0332728
0.0330252
0.0327678
0.0325022
0.0322297
0.0319517
0.0316691
0.0313828
0.0310938
0.0308028
0.0305106
0.0302181
0.0299259
0.0296355
0.0293479
0.0290655
0.0287909
0.0285299
0.0282895
0.0280817
0.0279165
0.0278201
0.0278051
0.0279103
0.0282808
0.0289506
0.0299029
0.0311027
0.0325339
0.034172
0.0359656
0.0378536
0.0397903
0.0417522
0.0437711
0.0459525
0.0484169
0.0512916
0.0546719
0.0584325
0.0622105
0.0654372
0.0673964
0.0672299
0.064866
0.0614439
0.0581299
0.0567889
0.0542123
0.0510064
0.0473363
0.0452905
0.0475226
0.050217
0.0474955
0.0407878
0.0340981
0.0290493
0.0254231
0.0227851
0.020862
0.0195347
0.0187487
0.0184467
0.0185701
0.0190742
0.0199157
0.0210562
0.0224839
0.0242118
0.0262274
0.028288
0.0301062
0.0316751
0.0330009
0.0341026
0.0349979
0.0357052
0.0362419
0.0366252
0.0368713
0.0369966
0.0370182
0.0369576
0.0368433
0.0367128
0.0366044
0.0365333
0.0364865
0.0364427
0.0363862
0.0363082
0.0362054
0.0360774
0.0359253
0.0357504
0.0355552
0.0353416
0.0351118
0.0348677
0.0346112
0.0343441
0.0340681
0.0337845
0.0334948
0.0332001
0.0329015
0.0325999
0.0322961
0.031991
0.0316854
0.0313802
0.0310761
0.0307746
0.0304771
0.030186
0.0299041
0.0296376
0.0293942
0.0291863
0.0290247
0.0289359
0.0289336
0.0290531
0.0294403
0.030139
0.0311298
0.0323731
0.0338488
0.0355295
0.037364
0.0392928
0.041273
0.043287
0.0453704
0.0476271
0.0501739
0.0531274
0.0565544
0.0602991
0.0639725
0.0669993
0.0687093
0.0683851
0.0660546
0.062742
0.0594794
0.0580011
0.0554614
0.0524037
0.0488897
0.0466273
0.0482543
0.0514788
0.0504602
0.044743
0.0379229
0.0322679
0.0280705
0.0249905
0.0227213
0.0211242
0.0201359
0.0196914
0.0197239
0.0201814
0.0210135
0.0221755
0.0236512
0.0254485
0.0275454
0.0296795
0.0315658
0.0331962
0.0345751
0.035722
0.0366552
0.0373939
0.0379569
0.038362
0.0386265
0.0387671
0.0388023
0.0387533
0.0386468
0.038516
0.038394
0.0382959
0.0382141
0.038133
0.0380397
0.0379268
0.0377911
0.0376322
0.0374508
0.0372483
0.0370269
0.0367885
0.0365352
0.0362686
0.0359907
0.035703
0.0354073
0.0351048
0.034797
0.0344849
0.0341695
0.0338519
0.0335328
0.0332131
0.0328936
0.0325753
0.0322591
0.0319464
0.0316388
0.031339
0.03105
0.0307784
0.0305324
0.0303248
0.0301674
0.0300864
0.0300966
0.0302302
0.0306337
0.0313602
0.0323888
0.033675
0.0351942
0.036916
0.0387894
0.0407567
0.0427785
0.0448428
0.0469886
0.0493168
0.0519389
0.054957
0.0584064
0.0620997
0.0656253
0.0684117
0.0698466
0.0693575
0.0670637
0.0638716
0.060685
0.0590894
0.0565996
0.0536887
0.0503442
0.0479165
0.0488944
0.0522571
0.0528281
0.0485354
0.0420095
0.0359376
0.0311414
0.0275543
0.0248777
0.0229571
0.0217215
0.021099
0.0210138
0.0214055
0.0222148
0.0233899
0.0249088
0.0267735
0.0289497
0.0311556
0.033108
0.0347981
0.0362287
0.0374195
0.0383895
0.0391585
0.0397465
0.0401723
0.0404535
0.0406082
0.0406554
0.040616
0.0405149
0.0403814
0.0402443
0.0401187
0.0400018
0.0398827
0.0397517
0.0396024
0.0394323
0.0392409
0.0390289
0.0387972
0.0385483
0.0382838
0.0380056
0.0377154
0.0374149
0.0371057
0.0367893
0.0364671
0.0361402
0.03581
0.0354772
0.0351429
0.0348079
0.0344732
0.0341394
0.0338078
0.0334792
0.0331552
0.0328375
0.0325291
0.0322333
0.0319569
0.0317087
0.0315019
0.0313491
0.0312762
0.0312986
0.031446
0.0318654
0.0326185
0.0336835
0.0350113
0.0365724
0.0383333
0.040243
0.0422462
0.0443071
0.0464194
0.0486243
0.0510187
0.0537062
0.0567709
0.060214
0.0638166
0.0671502
0.0696582
0.070798
0.0701424
0.067891
0.0648309
0.061743
0.0600462
0.0576191
0.0548557
0.051695
0.0491618
0.049503
0.0526574
0.0545127
0.0519268
0.0461846
0.0399848
0.0346884
0.0305434
0.0273954
0.0250905
0.0235543
0.0227102
0.0224737
0.0227747
0.0235437
0.0247199
0.0262745
0.0282027
0.0304542
0.0327278
0.0347421
0.0364881
0.0379674
0.0391995
0.040204
0.0410014
0.0416125
0.0420569
0.042353
0.0425201
0.0425776
0.0425457
0.0424474
0.0423088
0.0421553
0.042002
0.0418499
0.0416926
0.041523
0.0413365
0.0411307
0.0409055
0.0406614
0.0403994
0.0401216
0.0398298
0.0395256
0.0392106
0.0388865
0.0385548
0.0382169
0.037874
0.0375275
0.0371783
0.0368275
0.036476
0.0361247
0.0357745
0.0354262
0.0350809
0.0347398
0.0344045
0.0340769
0.03376
0.0334577
0.033177
0.0329272
0.0327216
0.0325739
0.0325091
0.0325435
0.0327045
0.0331392
0.0339172
0.0350165
0.0363839
0.0379844
0.0397816
0.0417245
0.0437603
0.0458572
0.0480139
0.0502732
0.052726
0.0554656
0.0585545
0.0619581
0.0654277
0.0685252
0.0707211
0.0715528
0.0707344
0.068533
0.0656162
0.0626476
0.0608621
0.0585107
0.0558971
0.052934
0.0503591
0.0501202
0.0528034
0.0555106
0.0546933
0.0502063
0.0442828
0.0386773
0.0340183
0.0303446
0.0275912
0.0256931
0.0245753
0.0241455
0.0243241
0.0250295
0.0261904
0.0277696
0.0297551
0.0320744
0.0344081
0.0364772
0.0382727
0.0397955
0.0410644
0.0420999
0.0429224
0.0435535
0.0440135
0.0443226
0.0445004
0.0445662
0.0445393
0.0444412
0.0442954
0.0441245
0.0439435
0.0437565
0.043561
0.0433525
0.0431279
0.0428856
0.0426255
0.0423483
0.0420548
0.0417472
0.041427
0.0410958
0.0407551
0.0404066
0.0400515
0.0396913
0.0393271
0.0389602
0.0385917
0.0382224
0.0378533
0.0374853
0.0371193
0.0367563
0.0363973
0.0360437
0.0356971
0.0353597
0.0350348
0.0347264
0.0344418
0.034191
0.0339873
0.0338449
0.0337885
0.0338346
0.0340087
0.0344581
0.0352591
0.03639
0.0377936
0.0394302
0.0412599
0.0432319
0.0452961
0.0474248
0.0496208
0.0519274
0.054428
0.0572022
0.0602884
0.063615
0.066907
0.069726
0.0715818
0.0720999
0.0711277
0.068985
0.0662222
0.0633912
0.0615268
0.0592637
0.0568034
0.0540504
0.0514976
0.0507671
0.0528166
0.0559
0.0566719
0.0537901
0.0486205
0.0430103
0.0379708
0.033792
0.0305337
0.0282076
0.0267553
0.0260811
0.0260971
0.0267087
0.0278318
0.0294194
0.0314513
0.0338272
0.0362091
0.038322
0.0401568
0.0417151
0.0430138
0.0440749
0.0449168
0.0455635
0.0460366
0.0463565
0.0465427
0.0466143
0.04659
0.0464898
0.0463348
0.0461456
0.0459371
0.0457159
0.0454827
0.0452355
0.0449726
0.0446933
0.0443978
0.0440867
0.0437611
0.0434228
0.0430735
0.0427146
0.0423476
0.0419739
0.0415949
0.0412119
0.040826
0.0404383
0.04005
0.0396619
0.0392749
0.0388901
0.0385083
0.0381305
0.037758
0.037392
0.0370345
0.0366877
0.0363552
0.0360413
0.0357537
0.0355024
0.0353012
0.0351646
0.0351165
0.0351739
0.035361
0.0358244
0.0366458
0.0378046
0.0392402
0.0409082
0.0427654
0.0447612
0.0468483
0.0490028
0.0512311
0.0535752
0.0561091
0.0588962
0.0619475
0.0651558
0.0682249
0.0707265
0.0722219
0.0724289
0.0713166
0.0692417
0.0666426
0.0639654
0.0620292
0.0598663
0.0575639
0.0550315
0.052561
0.0514477
0.0527997
0.0558226
0.0577993
0.0566584
0.0527064
0.0475073
0.0423233
0.0377398
0.0339898
0.0311753
0.0293225
0.0283435
0.0281472
0.0286258
0.0296813
0.0312543
0.033315
0.0357319
0.0381436
0.0402839
0.0421432
0.0437252
0.0450436
0.0461198
0.0469754
0.0476336
0.0481162
0.0484437
0.0486355
0.0487102
0.0486859
0.0485813
0.0484156
0.0482077
0.0479724
0.0477183
0.0474484
0.0471633
0.0468625
0.0465464
0.0462154
0.0458704
0.0455123
0.0451431
0.0447643
0.0443775
0.0439838
0.0435848
0.0431816
0.0427756
0.0423677
0.0419592
0.041551
0.0411441
0.0407394
0.0403379
0.0399404
0.0395482
0.0391624
0.0387845
0.0384166
0.0380611
0.0377217
0.0374032
0.0371132
0.0368624
0.0366643
0.036534
0.0364943
0.0365627
0.0367624
0.0372388
0.0380778
0.0392598
0.0407217
0.0424148
0.0442931
0.0463059
0.0484087
0.0505812
0.052832
0.0552002
0.0577487
0.0605216
0.0635014
0.0665473
0.0693494
0.0715006
0.0726236
0.0725302
0.0712953
0.0692975
0.0668704
0.0643605
0.0623573
0.0603063
0.0581668
0.0558631
0.0535288
0.0521506
0.0528263
0.055452
0.0581297
0.0586026
0.0562058
0.0518873
0.0469149
0.0421233
0.0379613
0.0346708
0.0323574
0.0310066
0.0305385
0.0308351
0.0317838
0.0333107
0.0353749
0.0378087
0.0402236
0.0423685
0.044231
0.0458165
0.0471406
0.0482228
0.0490846
0.0497485
0.0502358
0.0505668
0.0507607
0.0508356
0.0508089
0.0506979
0.0505206
0.0502941
0.0500333
0.0497479
0.0494433
0.0491217
0.0487844
0.0484323
0.0480666
0.0476881
0.047298
0.0468983
0.0464904
0.0460758
0.0456558
0.0452317
0.0448046
0.0443758
0.0439464
0.0435173
0.0430897
0.0426644
0.0422423
0.0418246
0.0414121
0.041006
0.0406076
0.0402186
0.0398411
0.0394778
0.0391326
0.0388105
0.0385194
0.0382699
0.0380759
0.0379522
0.0379212
0.0380001
0.0382121
0.0387004
0.0395534
0.0407529
0.0422341
0.0439445
0.0458354
0.0478565
0.0499657
0.0521455
0.0544056
0.0567808
0.0593201
0.0620469
0.0649145
0.0677529
0.0702469
0.0720223
0.072771
0.0723953
0.0710585
0.0691469
0.066898
0.0645667
0.0624992
0.0605708
0.0585994
0.05653
0.0543774
0.0528516
0.0529365
0.0549588
0.0578227
0.0595406
0.0588066
0.0557902
0.0514715
0.0467884
0.0423923
0.0386949
0.0359235
0.0341508
0.0333447
0.0333999
0.034192
0.035631
0.0376629
0.0400788
0.0424582
0.0445685
0.0464075
0.0479768
0.0492903
0.0503658
0.0512236
0.0518849
0.0523706
0.0527001
0.0528922
0.0529641
0.0529326
0.0528138
0.0526243
0.0523802
0.0520958
0.0517819
0.0514452
0.0510898
0.0507182
0.0503321
0.0499333
0.0495229
0.0491022
0.0486731
0.0482373
0.047796
0.0473506
0.0469023
0.0464523
0.0460017
0.0455516
0.0451029
0.0446568
0.044214
0.0437757
0.0433427
0.0429162
0.0424974
0.0420876
0.0416887
0.041303
0.0409332
0.0405836
0.0402593
0.0399685
0.0397217
0.0395326
0.0394163
0.039394
0.0394833
0.0397071
0.0402058
0.0410688
0.0422791
0.0437708
0.0454886
0.0473816
0.0493997
0.0515033
0.0536767
0.0559292
0.0582893
0.0607909
0.0634349
0.0661466
0.068733
0.0708838
0.0722677
0.0726499
0.072017
0.070601
0.0687845
0.0667179
0.0645736
0.0624429
0.0606468
0.0588486
0.0570167
0.0550813
0.0535169
0.0531374
0.0544812
0.0571027
0.0595461
0.0603016
0.0588381
0.055616
0.0514567
0.0471223
0.0431863
0.0400225
0.0378232
0.0366356
0.0363886
0.0369644
0.0382622
0.0402068
0.0425438
0.04484
0.0468784
0.0486611
0.0501878
0.0514692
0.0525209
0.0533612
0.0540095
0.0544854
0.0548074
0.0549931
0.0550589
0.0550204
0.054893
0.0546918
0.0544317
0.0541267
0.0537878
0.053423
0.0530376
0.0526353
0.0522185
0.0517896
0.05135
0.0509011
0.0504452
0.0499835
0.0495177
0.0490489
0.0485784
0.0481073
0.0476367
0.0471676
0.0467011
0.0462381
0.0457797
0.0453267
0.0448802
0.0444414
0.0440116
0.0435923
0.0431853
0.0427932
0.0424189
0.0420667
0.0417422
0.0414534
0.0412108
0.0410279
0.0409198
0.0409066
0.0410062
0.0412414
0.0417487
0.0426169
0.0438298
0.0453215
0.0470347
0.0489169
0.0509181
0.0530007
0.0551501
0.0573736
0.0596918
0.0621222
0.0646428
0.067154
0.0694475
0.071228
0.0722154
0.0722492
0.0713896
0.0699183
0.0682047
0.0663226
0.0643712
0.0621766
0.0605214
0.0589009
0.0573074
0.0556148
0.0541059
0.0534068
0.0541072
0.0562049
0.0588323
0.060658
0.0607299
0.0589248
0.0557298
0.0518545
0.047965
0.0445737
0.0420119
0.0404373
0.0398449
0.0401443
0.0412356
0.0430197
0.0452101
0.0473647
0.0492834
0.0509691
0.0524195
0.0536416
0.0546478
0.0554535
0.0560759
0.0565321
0.0568393
0.0570136
0.0570701
0.0570233
0.0568871
0.0566755
0.0564024
0.0560809
0.055722
0.0553345
0.0549245
0.0544965
0.0540539
0.0535995
0.053135
0.052662
0.0521829
0.0516991
0.0512122
0.0507233
0.0502337
0.0497445
0.0492568
0.0487717
0.0482901
0.047813
0.0473415
0.0468765
0.0464192
0.0459707
0.0455325
0.0451061
0.0446937
0.0442977
0.0439214
0.0435693
0.043247
0.0429625
0.0427261
0.042551
0.0424521
0.0424486
0.0425584
0.0428046
0.0433185
0.0441865
0.0453925
0.0468717
0.0485659
0.0504214
0.0523887
0.0544314
0.056535
0.0587034
0.0609481
0.0632696
0.065624
0.0678913
0.0698568
0.0712501
0.0718479
0.0715606
0.0705091
0.0690065
0.0674023
0.0657047
0.0639496
0.0616891
0.0601821
0.0587429
0.0573865
0.0559526
0.0545751
0.0537005
0.0538688
0.0553233
0.0576929
0.0600395
0.061341
0.0610295
0.0591445
0.0561585
0.0527005
0.0493616
0.0466004
0.0447024
0.0437599
0.0437382
0.0445568
0.0460993
0.048064
0.0500086
0.0517505
0.0532905
0.0546245
0.0557546
0.0566893
0.0574402
0.058021
0.0584463
0.0587307
0.0588883
0.0589327
0.0588767
0.0587328
0.0585136
0.0582317
0.0578993
0.057527
0.0571238
0.0566964
0.0562499
0.0557884
0.0553149
0.0548317
0.0543406
0.0538439
0.0533434
0.0528404
0.0523363
0.0518323
0.0513296
0.0508292
0.0503322
0.0498396
0.0493525
0.0488718
0.0483986
0.0479341
0.0474796
0.0470366
0.0466068
0.0461924
0.045796
0.0454211
0.0450723
0.0447553
0.044478
0.0442505
0.0440853
0.043997
0.0440042
0.0441244
0.0443812
0.0448992
0.0457608
0.0469488
0.0484012
0.0500595
0.0518695
0.0537822
0.0557621
0.0577938
0.0598766
0.0620121
0.0641839
0.0663291
0.0683133
0.0699246
0.0709257
0.0711523
0.0705791
0.0693728
0.0678623
0.0663726
0.0648577
0.0632998
0.0609703
0.0596171
0.0583616
0.0572389
0.0560709
0.054881
0.05396
0.0537472
0.0545786
0.0564201
0.0587613
0.0607829
0.061741
0.0612845
0.0595312
0.0569189
0.0540056
0.051319
0.0492584
0.0480299
0.047682
0.0481748
0.0493994
0.0510542
0.0527144
0.0542168
0.0555578
0.0567309
0.0577325
0.0585667
0.05924
0.0597622
0.0601442
0.0603974
0.0605334
0.0605634
0.0604985
0.0603493
0.0601269
0.0598423
0.0595064
0.0591293
0.0587195
0.0582841
0.0578285
0.0573571
0.0568735
0.0563801
0.055879
0.0553726
0.0548627
0.0543509
0.0538385
0.0533267
0.0528168
0.0523099
0.051807
0.0513091
0.0508174
0.050333
0.0498569
0.0493904
0.0489348
0.0484919
0.0480634
0.0476516
0.0472594
0.0468903
0.046549
0.0462414
0.045975
0.0457594
0.0456067
0.0455311
0.0455503
0.0456816
0.0459487
0.046468
0.0473166
0.0484738
0.0498828
0.0514858
0.0532285
0.0550623
0.0569527
0.0588823
0.0608449
0.0628325
0.0648132
0.0667088
0.0683775
0.0696193
0.0702362
0.0701211
0.069303
0.0679802
0.0664834
0.0651118
0.0637761
0.0624138
0.060011
0.0588154
0.0577443
0.0568501
0.0559479
0.054983
0.0541208
0.0536857
0.0540079
0.0552335
0.0571912
0.0593794
0.0611389
0.0619259
0.0615242
0.0600771
0.0579779
0.0557205
0.0537603
0.0524027
0.0517922
0.051949
0.0527981
0.0540666
0.0553725
0.0565753
0.0576654
0.0586333
0.05947
0.0601741
0.060747
0.0611934
0.0615198
0.0617341
0.0618445
0.0618593
0.0617873
0.0616371
0.0614177
0.0611384
0.0608087
0.0604374
0.0600327
0.0596011
0.0591484
0.058679
0.0581967
0.0577043
0.057204
0.0566982
0.056189
0.055678
0.0551664
0.0546558
0.0541472
0.0536419
0.053141
0.0526456
0.0521568
0.0516757
0.0512036
0.0507419
0.0502919
0.0498554
0.0494344
0.0490313
0.0486491
0.0482914
0.0479629
0.0476696
0.0474187
0.0472191
0.0470823
0.0470221
0.0470552
0.0471986
0.0474758
0.0479933
0.0488199
0.0499334
0.051281
0.0528069
0.0544575
0.0561852
0.0579557
0.0597496
0.0615552
0.0633552
0.0651051
0.0667162
0.068047
0.0689171
0.0691702
0.0687519
0.0677341
0.0663321
0.0648689
0.0636174
0.0624553
0.0612848
0.0588037
0.0577675
0.0568797
0.0562064
0.055564
0.0548444
0.0541191
0.0536052
0.0535769
0.0542428
0.0556394
0.0575571
0.0595644
0.0611486
0.061912
0.0617163
0.0607047
0.0592222
0.0576848
0.0564425
0.0557189
0.0555997
0.056061
0.0568958
0.0577989
0.0586578
0.0594569
0.0601841
0.0608257
0.0613748
0.0618277
0.0621838
0.0624449
0.0626145
0.0626972
0.062698
0.0626229
0.062478
0.0622701
0.0620065
0.0616949
0.0613427
0.0609569
0.0605437
0.0601085
0.0596557
0.0591892
0.0587118
0.0582258
0.0577339
0.0572381
0.05674
0.0562412
0.0557431
0.0552469
0.0547538
0.0542651
0.053782
0.0533056
0.0528371
0.052378
0.0519296
0.0514935
0.0510715
0.0506658
0.050279
0.049914
0.0495746
0.0492656
0.0489928
0.048763
0.0485843
0.0484678
0.0484264
0.0484761
0.0486332
0.0489208
0.0494331
0.0502285
0.0512838
0.0525507
0.0539758
0.0555072
0.0570988
0.0587167
0.0603396
0.0619508
0.0635254
0.0650098
0.0663104
0.0672931
0.0678024
0.067724
0.0670482
0.0658772
0.0644316
0.0630194
0.0618882
0.0608928
0.0599077
0.057343
0.0564656
0.0557576
0.0552956
0.0549018
0.0544339
0.0538969
0.0534194
0.0532031
0.0534492
0.0542868
0.0557016
0.0574989
0.0593344
0.0608167
0.0616528
0.0617533
0.0612473
0.0604132
0.0595607
0.0589405
0.0586857
0.0588164
0.0592256
0.0597209
0.060225
0.0607192
0.0611901
0.0616214
0.062002
0.0623238
0.0625815
0.0627724
0.0628956
0.0629517
0.0629425
0.0628707
0.0627398
0.0625542
0.0623188
0.0620393
0.0617214
0.0613709
0.0609931
0.0605926
0.0601736
0.0597399
0.0592943
0.0588391
0.058377
0.0579101
0.05744
0.0569684
0.0564967
0.0560264
0.0555586
0.0550948
0.0546361
0.0541839
0.0537395
0.0533043
0.0528799
0.0524679
0.0520704
0.0516897
0.0513283
0.0509893
0.0506767
0.050395
0.05015
0.049948
0.0497963
0.0497052
0.0496872
0.0497569
0.0499301
0.0502287
0.0507325
0.0514875
0.0524697
0.0536354
0.0549351
0.0563191
0.0577435
0.0591757
0.0605929
0.0619748
0.0632913
0.0644837
0.0654593
0.0660973
0.0662699
0.0659017
0.0650184
0.0637403
0.0622837
0.0609372
0.0599252
0.0590878
0.0582796
0.0556255
0.0549039
0.0543698
0.054107
0.0539466
0.0537257
0.0534047
0.0530456
0.0527813
0.0527739
0.05317
0.0540504
0.0553867
0.0570223
0.0586912
0.0601013
0.0610414
0.0614513
0.0614265
0.0611585
0.0608536
0.0606516
0.0605816
0.0606462
0.0607903
0.0609785
0.0611935
0.061424
0.0616541
0.0618714
0.0620651
0.0622269
0.0623503
0.062431
0.062466
0.0624539
0.0623943
0.0622881
0.0621369
0.0619436
0.0617115
0.0614445
0.0611469
0.0608226
0.0604756
0.0601096
0.0597277
0.0593327
0.0589269
0.0585128
0.0580925
0.0576677
0.0572401
0.0568113
0.0563826
0.0559555
0.0555313
0.0551115
0.0546974
0.0542904
0.0538922
0.0535043
0.0531287
0.0527674
0.0524228
0.0520976
0.0517951
0.051519
0.0512739
0.0510652
0.0508988
0.050781
0.0507217
0.0507324
0.0508267
0.0510191
0.05133
0.0518224
0.052528
0.0534223
0.0544669
0.0556167
0.0568257
0.0580531
0.0592687
0.0604492
0.0615727
0.062607
0.0634923
0.0641422
0.0644527
0.0643245
0.0637153
0.0626758
0.0613344
0.0598959
0.0586272
0.0577316
0.0570419
0.0563999
0.0536508
0.0530793
0.0527105
0.0526324
0.0526865
0.0526992
0.0526026
0.0524124
0.0522053
0.0520967
0.0522139
0.052663
0.0534983
0.0546963
0.0561341
0.0576148
0.0589306
0.0599303
0.0605631
0.0608802
0.0609892
0.0609869
0.060883
0.0607473
0.0606568
0.0606194
0.0606247
0.0606666
0.0607339
0.0608157
0.0609018
0.0609828
0.0610508
0.061099
0.0611222
0.0611165
0.061079
0.0610082
0.0609034
0.0607652
0.0605948
0.0603943
0.0601662
0.0599132
0.0596381
0.0593438
0.0590328
0.0587077
0.0583704
0.0580234
0.0576684
0.0573074
0.0569419
0.0565735
0.0562037
0.055834
0.0554659
0.0551008
0.0547402
0.0543857
0.0540389
0.0537017
0.053376
0.0530639
0.0527681
0.0524912
0.0522365
0.0520078
0.0518095
0.0516467
0.0515245
0.0514485
0.0514281
0.0514738
0.0515979
0.0518136
0.0521388
0.0526178
0.0532658
0.0540589
0.0549644
0.0559427
0.0569522
0.057957
0.0589305
0.0598509
0.0606966
0.0614363
0.0620134
0.0623511
0.0623645
0.0619806
0.0611831
0.0600382
0.0586736
0.0572783
0.0560967
0.0553132
0.0547597
0.0542708
0.0514219
0.050992
0.050777
0.0508663
0.0511128
0.0513391
0.0514606
0.0514629
0.051381
0.0512892
0.0512835
0.0514595
0.0518947
0.05263
0.0536425
0.0548403
0.0560864
0.057235
0.0581744
0.0588579
0.0592934
0.0595072
0.0594874
0.0593024
0.0591165
0.0589701
0.0588616
0.058792
0.0587566
0.0587489
0.0587616
0.0587871
0.058818
0.0588474
0.0588692
0.0588783
0.0588704
0.0588422
0.0587914
0.0587166
0.0586174
0.058494
0.0583473
0.0581786
0.0579897
0.0577822
0.057558
0.0573191
0.0570672
0.0568042
0.0565319
0.0562517
0.0559654
0.0556744
0.0553803
0.0550845
0.0547886
0.0544942
0.0542027
0.0539158
0.0536354
0.0533632
0.0531014
0.0528522
0.0526181
0.052402
0.0522072
0.0520372
0.0518963
0.0517892
0.0517198
0.051694
0.0517201
0.0518075
0.0519672
0.0522108
0.0525531
0.0530175
0.053602
0.0542837
0.0550362
0.0558262
0.0566184
0.057383
0.0580984
0.0587464
0.0593081
0.0597556
0.0600384
0.0600918
0.0598497
0.0592613
0.0583293
0.0571269
0.0557748
0.054444
0.0533564
0.0526793
0.0522489
0.0518981
0.0489457
0.0486462
0.0485703
0.0488071
0.0492208
0.0496355
0.0499578
0.050155
0.0502338
0.0502366
0.0502299
0.0502867
0.0504774
0.0508593
0.0514558
0.0522454
0.0531636
0.0541143
0.0549946
0.0557261
0.0562605
0.0565701
0.0566299
0.0564759
0.0562912
0.0561276
0.0559884
0.0558788
0.0557995
0.0557488
0.0557232
0.0557183
0.0557289
0.0557498
0.0557755
0.0558011
0.0558222
0.0558349
0.0558358
0.0558226
0.0557934
0.0557472
0.0556834
0.0556022
0.055504
0.0553895
0.0552597
0.0551157
0.054959
0.0547908
0.0546123
0.0544251
0.0542304
0.0540297
0.0538243
0.0536157
0.0534054
0.0531949
0.0529858
0.0527798
0.0525787
0.0523843
0.0521989
0.0520247
0.0518643
0.0517204
0.0515963
0.0514954
0.0514216
0.051379
0.0513706
0.0514024
0.051482
0.0516175
0.0518187
0.0520949
0.0524574
0.0529073
0.0534252
0.0539901
0.0545824
0.055176
0.0557431
0.0562615
0.0567163
0.0570946
0.0573818
0.0575556
0.0575732
0.0573827
0.056935
0.0561968
0.0551829
0.0539667
0.0526582
0.0514092
0.0504202
0.0498426
0.0495209
0.0492915
0.046234
0.0460506
0.0460964
0.0464578
0.0470109
0.0475846
0.0480826
0.0484616
0.0487103
0.0488492
0.0489213
0.0489778
0.0490715
0.0492531
0.0495567
0.0499919
0.05054
0.0511528
0.051762
0.0523019
0.0527146
0.0529541
0.0529962
0.0528564
0.0526866
0.0525311
0.0523922
0.0522744
0.0521802
0.0521103
0.0520639
0.0520393
0.0520339
0.0520443
0.0520671
0.0520985
0.0521347
0.0521723
0.052208
0.0522391
0.0522631
0.0522782
0.0522829
0.0522765
0.0522582
0.052228
0.0521858
0.052132
0.0520674
0.0519926
0.0519084
0.0518156
0.0517154
0.0516087
0.0514969
0.0513811
0.0512626
0.0511429
0.0510235
0.0509059
0.050792
0.0506836
0.0505827
0.0504915
0.0504127
0.0503488
0.050303
0.0502782
0.0502781
0.0503059
0.0503638
0.0504587
0.0505968
0.0507853
0.0510321
0.0513445
0.0517297
0.0521664
0.0526185
0.0530679
0.0535018
0.0539025
0.0542503
0.0545319
0.0547403
0.0548685
0.054908
0.0548425
0.0546378
0.0542541
0.0536561
0.0528234
0.0517769
0.0505857
0.0493471
0.0481941
0.0473061
0.0468199
0.0465916
0.0464651
0.043304
0.04322
0.0433672
0.043828
0.0444899
0.04519
0.0458327
0.0463694
0.0467784
0.0470655
0.0472579
0.0473889
0.0474952
0.0476134
0.0477719
0.047987
0.0482597
0.0485711
0.0488848
0.04916
0.0493537
0.049427
0.0493634
0.0491785
0.0489817
0.0488038
0.0486442
0.0485044
0.0483856
0.0482883
0.0482125
0.0481577
0.0481226
0.0481057
0.0481048
0.0481178
0.048142
0.048175
0.0482141
0.0482569
0.0483013
0.048345
0.0483865
0.0484243
0.0484572
0.0484843
0.048505
0.0485189
0.0485262
0.0485268
0.0485208
0.0485087
0.048491
0.0484683
0.0484415
0.0484115
0.0483793
0.048346
0.0483129
0.0482814
0.0482531
0.0482297
0.048213
0.0482051
0.0482083
0.0482251
0.0482582
0.0483104
0.0483843
0.0484816
0.0486071
0.048766
0.0489636
0.0492059
0.0494991
0.0498484
0.0502567
0.0506814
0.0510725
0.0514153
0.051704
0.0519291
0.0520796
0.0521515
0.0521455
0.0520613
0.0518961
0.05164
0.0512668
0.050747
0.0500561
0.0491823
0.0481482
0.0470159
0.0458691
0.0448229
0.0440364
0.0436326
0.0434813
0.0434381
0.0401787
0.0401757
0.0404023
0.0409353
0.0416739
0.0424655
0.0432178
0.0438809
0.0444271
0.0448536
0.0451768
0.0454183
0.0456017
0.0457512
0.0458851
0.0460153
0.0461471
0.0462748
0.0463816
0.0464477
0.0464488
0.0463612
0.0461761
0.045915
0.0456572
0.0454233
0.0452117
0.0450216
0.0448532
0.0447059
0.0445795
0.0444735
0.0443871
0.0443196
0.0442698
0.0442364
0.0442179
0.0442127
0.0442192
0.0442356
0.0442603
0.0442916
0.044328
0.044368
0.0444105
0.0444542
0.0444982
0.0445417
0.0445845
0.0446258
0.0446656
0.0447035
0.0447398
0.0447747
0.0448084
0.0448415
0.0448746
0.0449085
0.0449441
0.0449826
0.045025
0.0450729
0.0451278
0.0451914
0.0452657
0.0453529
0.0454553
0.045575
0.0457138
0.0458726
0.0460579
0.0462737
0.0465243
0.0468142
0.0471483
0.0475295
0.0479568
0.0483692
0.0487073
0.0489604
0.0491287
0.0492102
0.0492021
0.0491084
0.048937
0.0486932
0.0483796
0.0479916
0.0475103
0.0469141
0.0461866
0.045321
0.0443389
0.043294
0.0422566
0.0413249
0.0406383
0.0403064
0.040215
0.040235
0.0368873
0.0369467
0.0372308
0.0378095
0.0385927
0.0394403
0.0402653
0.0410189
0.0416709
0.0422135
0.0426565
0.0430138
0.0433005
0.0435312
0.0437153
0.043858
0.0439619
0.0440246
0.0440386
0.0439962
0.0438873
0.0437008
0.0434345
0.0431127
0.0427983
0.0425067
0.042237
0.0419886
0.0417611
0.0415539
0.0413666
0.0411987
0.0410496
0.0409187
0.0408053
0.0407088
0.0406282
0.0405627
0.0405114
0.0404731
0.040447
0.040432
0.040427
0.040431
0.0404431
0.0404622
0.0404875
0.0405183
0.0405541
0.0405941
0.040638
0.0406853
0.040736
0.0407897
0.0408467
0.040907
0.040971
0.041039
0.0411117
0.0411897
0.0412739
0.0413654
0.0414652
0.0415749
0.0416959
0.0418299
0.0419787
0.0421436
0.0423248
0.0425271
0.0427545
0.04301
0.0432971
0.0436193
0.0439797
0.0443796
0.0448143
0.0452097
0.0455048
0.0456921
0.0457754
0.045758
0.045643
0.0454408
0.0451643
0.0448231
0.0444239
0.0439663
0.0434375
0.0428223
0.0421094
0.0412951
0.040398
0.0394628
0.0385475
0.0377343
0.0371429
0.0368701
0.0368206
0.0368846
0.0335967
0.0337014
0.034024
0.0346263
0.0354267
0.0362973
0.0371583
0.0379635
0.0386828
0.0393062
0.0398398
0.040293
0.0406757
0.0409969
0.0412594
0.0414627
0.0416051
0.0416828
0.0416904
0.0416255
0.0414847
0.0412647
0.0409676
0.0406193
0.0402761
0.0399514
0.039645
0.0393567
0.0390864
0.0388337
0.0385985
0.0383802
0.0381786
0.0379932
0.0378237
0.0376695
0.0375302
0.0374053
0.0372942
0.0371964
0.0371118
0.0370395
0.0369789
0.0369294
0.0368905
0.0368616
0.0368423
0.0368319
0.0368301
0.0368365
0.0368506
0.0368722
0.036901
0.0369369
0.0369799
0.0370299
0.0370871
0.0371517
0.0372241
0.0373047
0.037394
0.0374929
0.0376021
0.0377228
0.0378559
0.0380029
0.0381649
0.0383427
0.0385367
0.038753
0.0389937
0.0392611
0.0395577
0.0398861
0.0402484
0.0406444
0.0410664
0.0414326
0.0416887
0.0418301
0.0418616
0.0417889
0.0416189
0.041365
0.0410429
0.0406647
0.0402394
0.0397697
0.0392468
0.0386602
0.0380019
0.0372695
0.0364787
0.0356659
0.0348786
0.0341854
0.0336879
0.0334706
0.0334555
0.0335513
0.0305722
0.030705
0.0310444
0.0316454
0.032435
0.0332976
0.0341605
0.0349808
0.0357294
0.0363955
0.0369834
0.0374998
0.0379518
0.0383451
0.0386788
0.0389483
0.0391483
0.0392724
0.0393144
0.0392727
0.0391464
0.038935
0.038643
0.0382985
0.0379559
0.0376273
0.037313
0.0370129
0.0367271
0.0364555
0.036198
0.0359545
0.0357246
0.0355083
0.0353052
0.035115
0.0349377
0.0347727
0.0346199
0.0344789
0.0343499
0.0342323
0.0341258
0.0340301
0.0339451
0.0338704
0.0338057
0.033751
0.0337058
0.0336702
0.0336438
0.0336265
0.0336183
0.0336192
0.033629
0.0336479
0.033676
0.0337135
0.0337607
0.033818
0.0338857
0.0339645
0.034055
0.0341581
0.0342746
0.0344054
0.0345512
0.0347116
0.034892
0.035094
0.0353194
0.0355699
0.0358477
0.0361547
0.0364923
0.0368595
0.037247
0.0375714
0.0377871
0.0378923
0.0378921
0.0377933
0.0376041
0.0373388
0.0370136
0.0366414
0.0362317
0.0357886
0.035306
0.0347758
0.0341924
0.0335539
0.0328734
0.032181
0.0315159
0.0309358
0.0305274
0.0303644
0.0303795
0.0304976
0.0279155
0.0280611
0.0283968
0.0289719
0.0297243
0.0305514
0.0313877
0.0321933
0.0329405
0.0336182
0.0342291
0.0347783
0.0352711
0.0357113
0.0360959
0.0364181
0.0366701
0.0368432
0.0369298
0.0369275
0.0368355
0.0366542
0.0363886
0.036068
0.0357459
0.035434
0.0351325
0.0348417
0.0345617
0.0342927
0.0340345
0.0337873
0.0335509
0.0333251
0.03311
0.0329054
0.0327111
0.0325271
0.032353
0.0321887
0.0320346
0.0318902
0.0317553
0.0316299
0.0315139
0.0314073
0.0313098
0.0312215
0.0311423
0.0310722
0.0310112
0.0309593
0.0309165
0.030883
0.0308587
0.0308438
0.0308386
0.0308433
0.0308582
0.0308835
0.0309198
0.0309675
0.0310273
0.0310997
0.0311856
0.0312856
0.0314001
0.0315301
0.0316793
0.031849
0.0320407
0.032256
0.0324963
0.0327633
0.0330581
0.0333794
0.0337177
0.0339943
0.034171
0.0342472
0.034228
0.0341202
0.0339321
0.0336777
0.0333724
0.0330282
0.0326545
0.0322557
0.0318271
0.0313626
0.0308577
0.0303109
0.0297329
0.029149
0.0285917
0.0281097
0.0277773
0.0276586
0.0276941
0.0278235
0.0255989
0.0257474
0.0260677
0.0266034
0.0273027
0.0280763
0.0288658
0.0296352
0.0303583
0.0310239
0.0316335
0.032191
0.0327004
0.0331643
0.0335786
0.0339352
0.034225
0.0344378
0.0345644
0.0346014
0.0345472
0.0344019
0.0341706
0.033883
0.0335915
0.033307
0.03303
0.0327606
0.0324992
0.0322459
0.0320007
0.0317638
0.0315352
0.0313148
0.0311026
0.0308986
0.0307028
0.030515
0.0303352
0.0301633
0.0299995
0.0298437
0.0296957
0.0295555
0.0294231
0.0292985
0.0291818
0.029073
0.028972
0.0288791
0.0287942
0.0287175
0.028649
0.028589
0.0285376
0.0284949
0.0284614
0.0284371
0.0284225
0.0284179
0.0284236
0.0284403
0.0284683
0.0285085
0.0285612
0.028627
0.028706
0.0288013
0.0289141
0.0290456
0.0291971
0.02937
0.0295655
0.0297851
0.0300296
0.0302978
0.0305809
0.0308077
0.0309463
0.0309973
0.030965
0.0308561
0.0306781
0.0304439
0.0301672
0.0298591
0.029528
0.029178
0.0288056
0.0284057
0.0279747
0.0275113
0.0270244
0.0265348
0.0260699
0.025671
0.0254014
0.0253172
0.0253654
0.0254984
0.023589
0.0237341
0.0240326
0.0245226
0.0251613
0.0258715
0.0266023
0.0273213
0.0280045
0.028641
0.0292315
0.0297786
0.0302856
0.0307541
0.0311796
0.0315532
0.0318654
0.032105
0.032262
0.0323317
0.0323117
0.0322013
0.0320055
0.0317539
0.0314966
0.031244
0.0309965
0.0307544
0.0305178
0.0302871
0.0300623
0.0298436
0.029631
0.0294246
0.0292245
0.0290305
0.0288428
0.0286613
0.028486
0.0283168
0.0281541
0.0279976
0.0278473
0.0277032
0.0275655
0.0274341
0.027309
0.0271905
0.0270784
0.0269731
0.0268745
0.0267829
0.0266983
0.026621
0.0265512
0.0264891
0.026435
0.0263891
0.0263518
0.0263235
0.0263045
0.0262953
0.0262963
0.0263083
0.0263316
0.0263667
0.026414
0.0264761
0.0265539
0.0266483
0.0267606
0.0268917
0.027043
0.0272156
0.0274102
0.0276259
0.0278548
0.0280339
0.0281372
0.0281657
0.0281235
0.0280162
0.027851
0.027639
0.0273924
0.0271207
0.0268313
0.0265279
0.0262078
0.0258666
0.0255013
0.0251106
0.0247019
0.0242926
0.0239054
0.0235757
0.0233574
0.0232996
0.0233548
0.0234861
0.0218501
0.021988
0.0222621
0.0227048
0.0232809
0.0239242
0.0245905
0.0252514
0.0258852
0.0264816
0.0270406
0.0275641
0.0280546
0.0285131
0.0289349
0.0293112
0.0296321
0.0298862
0.030063
0.030157
0.0301649
0.0300854
0.0299231
0.0297068
0.0294839
0.0292638
0.029047
0.0288337
0.0286243
0.0284189
0.0282176
0.0280207
0.0278281
0.0276401
0.0274567
0.0272778
0.0271036
0.0269341
0.0267693
0.0266092
0.026454
0.0263036
0.026158
0.0260173
0.0258815
0.0257507
0.025625
0.0255045
0.0253892
0.0252793
0.025175
0.0250763
0.0249835
0.0248968
0.0248163
0.0247424
0.0246752
0.0246151
0.0245623
0.0245173
0.0244803
0.0244518
0.0244323
0.0244223
0.0244222
0.0244323
0.0244537
0.0244879
0.0245358
0.0245983
0.0246762
0.0247707
0.0248827
0.0250132
0.0251629
0.0253312
0.0255111
0.0256479
0.0257201
0.0257293
0.025679
0.0255745
0.0254219
0.0252311
0.0250123
0.0247739
0.0245222
0.0242606
0.0239865
0.0236963
0.0233874
0.0230586
0.0227158
0.0223737
0.0220512
0.0217787
0.0216019
0.021564
0.0216222
0.0217487
0.020347
0.0204757
0.0207248
0.0211215
0.0216368
0.022214
0.022815
0.023415
0.0239947
0.0245448
0.0250648
0.0255561
0.0260205
0.0264587
0.026866
0.0272338
0.0275524
0.0278107
0.0279978
0.0281079
0.0281371
0.0280835
0.0279511
0.0277677
0.027577
0.0273879
0.0272006
0.0270156
0.026833
0.0266529
0.0264757
0.0263014
0.0261301
0.0259619
0.0257971
0.0256355
0.0254773
0.0253225
0.0251712
0.0250234
0.0248793
0.0247388
0.0246019
0.0244688
0.0243394
0.024214
0.0240924
0.0239749
0.0238616
0.0237525
0.0236479
0.0235478
0.0234525
0.0233622
0.0232769
0.0231971
0.0231229
0.0230545
0.0229924
0.0229368
0.022888
0.0228464
0.0228125
0.0227866
0.0227694
0.0227606
0.0227621
0.0227746
0.0227988
0.0228355
0.0228855
0.0229498
0.0230291
0.0231244
0.0232363
0.0233643
0.0235025
0.0236035
0.0236498
0.0236431
0.0235867
0.0234854
0.0233446
0.0231727
0.0229787
0.0227696
0.0225508
0.0223251
0.0220905
0.0218437
0.0215824
0.0213055
0.0210177
0.0207315
0.0204626
0.020237
0.0200937
0.020071
0.0201296
0.0202495
0.0190469
0.0191657
0.0193905
0.0197442
0.0202026
0.0207171
0.021255
0.0217949
0.0223197
0.022821
0.0232983
0.0237525
0.024185
0.0245962
0.0249816
0.025333
0.0256413
0.0258956
0.0260854
0.0262047
0.026249
0.0262163
0.0261098
0.0259557
0.0257942
0.0256333
0.0254733
0.0253143
0.0251568
0.0250007
0.0248463
0.0246937
0.0245432
0.0243947
0.0242484
0.0241044
0.0239627
0.0238235
0.0236868
0.0235525
0.023421
0.0232921
0.0231659
0.0230425
0.022922
0.0228044
0.0226898
0.0225783
0.0224701
0.0223652
0.0222638
0.022166
0.022072
0.021982
0.0218961
0.0218146
0.0217378
0.0216658
0.0215989
0.0215375
0.0214817
0.0214321
0.0213888
0.0213525
0.0213234
0.0213015
0.0212885
0.0212848
0.0212911
0.0213081
0.0213365
0.021377
0.0214304
0.0214975
0.0215788
0.021674
0.0217782
0.0218503
0.0218758
0.0218567
0.0217963
0.0216987
0.0215687
0.0214138
0.0212414
0.0210577
0.0208671
0.0206722
0.0204711
0.0202608
0.0200395
0.0198059
0.019564
0.0193241
0.0190994
0.0189124
0.0187962
0.0187848
0.0188423
0.0189547
0.0179207
0.0180295
0.0182315
0.0185458
0.0189522
0.0194089
0.0198879
0.0203705
0.020842
0.021295
0.0217286
0.0221438
0.0225414
0.0229219
0.0232809
0.0236109
0.0239033
0.0241479
0.0243346
0.0244574
0.0245117
0.0244952
0.0244105
0.0242819
0.0241462
0.0240102
0.0238743
0.0237387
0.0236036
0.0234692
0.0233357
0.0232032
0.0230718
0.0229417
0.0228129
0.0226856
0.0225599
0.0224358
0.0223134
0.0221928
0.022074
0.0219572
0.0218423
0.0217295
0.0216187
0.0215102
0.0214039
0.0213
0.0211985
0.0210997
0.0210035
0.0209102
0.0208199
0.0207328
0.020649
0.0205688
0.0204924
0.0204199
0.0203516
0.0202879
0.0202288
0.0201749
0.0201263
0.0200835
0.0200469
0.0200164
0.0199934
0.0199784
0.0199719
0.0199744
0.0199866
0.0200091
0.0200426
0.0200878
0.0201452
0.0202146
0.0202917
0.020341
0.0203507
0.0203226
0.0202601
0.0201669
0.0200471
0.0199073
0.019754
0.0195923
0.0194261
0.0192575
0.0190848
0.0189054
0.0187176
0.0185202
0.0183165
0.0181151
0.0179271
0.0177719
0.0176776
0.0176747
0.01773
0.0178344
0.0169433
0.0170424
0.0172232
0.0175019
0.0178615
0.0182658
0.0186908
0.0191204
0.0195418
0.0199483
0.0203394
0.0207156
0.0210777
0.0214259
0.0217564
0.0220621
0.0223352
0.0225662
0.0227457
0.0228678
0.022928
0.0229235
0.0228567
0.0227499
0.0226362
0.0225217
0.0224067
0.0222914
0.022176
0.0220607
0.0219456
0.0218308
0.0217166
0.021603
0.0214902
0.0213782
0.0212671
0.021157
0.0210481
0.0209404
0.0208339
0.0207287
0.0206249
0.0205225
0.0204217
0.0203225
0.020225
0.0201292
0.0200354
0.0199435
0.0198537
0.0197661
0.0196809
0.0195983
0.0195183
0.0194412
0.0193671
0.0192963
0.019229
0.0191654
0.0191057
0.0190502
0.0189993
0.0189532
0.0189122
0.0188766
0.0188473
0.0188247
0.0188093
0.0188017
0.0188023
0.0188116
0.0188303
0.018859
0.0188981
0.0189475
0.0190037
0.0190357
0.0190336
0.0189997
0.0189369
0.0188486
0.0187387
0.0186127
0.0184764
0.018334
0.018189
0.0180429
0.0178945
0.0177413
0.0175818
0.0174149
0.0172431
0.017074
0.0169165
0.0167877
0.0167111
0.0167146
0.0167669
0.0168634
0.0160938
0.0161834
0.0163446
0.0165913
0.016909
0.0172663
0.0176424
0.0180236
0.0183987
0.0187618
0.0191125
0.0194512
0.0197785
0.0200946
0.020396
0.0206763
0.0209284
0.0211436
0.0213131
0.0214314
0.021494
0.0214982
0.0214459
0.0213572
0.021262
0.0211656
0.0210683
0.0209703
0.0208717
0.0207727
0.0206735
0.0205742
0.0204749
0.0203758
0.0202769
0.0201785
0.0200805
0.0199831
0.0198864
0.0197904
0.0196952
0.0196009
0.0195075
0.0194151
0.0193238
0.0192337
0.0191449
0.0190573
0.0189712
0.0188867
0.0188037
0.0187225
0.0186431
0.0185658
0.0184906
0.0184178
0.0183474
0.0182797
0.0182149
0.0181532
0.0180947
0.0180397
0.0179886
0.0179414
0.0178985
0.0178604
0.0178276
0.0178005
0.0177795
0.0177651
0.0177576
0.0177577
0.0177657
0.0177822
0.0178077
0.0178421
0.0178823
0.0179014
0.0178912
0.0178539
0.0177924
0.0177097
0.0176094
0.0174962
0.0173752
0.01725
0.0171235
0.0169972
0.0168698
0.016739
0.0166036
0.0164625
0.0163178
0.0161758
0.0160439
0.0159371
0.015875
0.0158831
0.0159318
0.0160204
0.0153548
0.0154352
0.0155783
0.0157961
0.0160762
0.0163913
0.0167235
0.0170609
0.0173936
0.0177168
0.0180299
0.0183332
0.0186274
0.0189125
0.0191853
0.0194402
0.0196707
0.0198689
0.0200268
0.0201392
0.0202018
0.0202118
0.0201708
0.0200969
0.0200171
0.0199357
0.0198531
0.0197694
0.0196849
0.0195997
0.0195139
0.0194276
0.0193411
0.0192544
0.0191677
0.019081
0.0189945
0.0189082
0.0188223
0.0187368
0.0186518
0.0185673
0.0184835
0.0184004
0.018318
0.0182366
0.018156
0.0180764
0.017998
0.0179207
0.0178447
0.01777
0.0176969
0.0176254
0.0175556
0.0174877
0.0174219
0.0173583
0.0172971
0.0172384
0.0171824
0.0171294
0.0170796
0.0170332
0.0169904
0.0169516
0.0169174
0.0168881
0.0168639
0.0168454
0.0168328
0.0168266
0.0168272
0.016835
0.0168506
0.0168738
0.0169021
0.016912
0.0168964
0.0168579
0.016799
0.0167225
0.0166316
0.0165305
0.0164235
0.0163139
0.0162039
0.016095
0.0159859
0.0158746
0.01576
0.0156411
0.0155194
0.0154004
0.0152902
0.0152018
0.0151514
0.0151627
0.0152075
0.0152881
0.0147122
0.0147836
0.0149096
0.0151012
0.0153474
0.0156245
0.0159172
0.016215
0.0165093
0.0167959
0.0170743
0.0173448
0.0176079
0.0178636
0.0181091
0.0183393
0.0185485
0.0187294
0.0188748
0.0189798
0.0190404
0.019054
0.0190216
0.0189596
0.0188921
0.0188229
0.0187523
0.0186804
0.0186075
0.0185336
0.018459
0.0183837
0.0183079
0.0182317
0.0181553
0.0180787
0.018002
0.0179254
0.0178489
0.0177727
0.0176968
0.0176212
0.017546
0.0174713
0.0173973
0.0173238
0.0172511
0.0171791
0.017108
0.0170379
0.0169688
0.0169008
0.016834
0.0167686
0.0167046
0.0166421
0.0165814
0.0165226
0.0164657
0.0164109
0.0163585
0.0163086
0.0162613
0.0162169
0.0161757
0.0161378
0.0161038
0.016074
0.0160487
0.0160281
0.0160125
0.0160025
0.0159982
0.0160002
0.0160088
0.0160239
0.0160436
0.016047
0.0160284
0.0159903
0.015935
0.0158652
0.0157836
0.015694
0.0156001
0.0155047
0.0154098
0.0153164
0.0152235
0.0151294
0.0150329
0.0149332
0.0148314
0.0147322
0.0146403
0.0145674
0.0145265
0.0145395
0.0145798
0.0146524
0.0141545
0.0142169
0.0143266
0.0144941
0.0147095
0.0149523
0.0152091
0.015471
0.0157305
0.0159837
0.0162302
0.0164704
0.0167045
0.0169327
0.0171524
0.0173591
0.0175475
0.0177113
0.0178439
0.0179406
0.017998
0.0180132
0.0179871
0.0179345
0.0178767
0.0178172
0.0177562
0.0176938
0.0176302
0.0175656
0.0175001
0.0174338
0.017367
0.0172996
0.0172318
0.0171638
0.0170956
0.0170273
0.0169591
0.0168911
0.0168231
0.0167554
0.0166881
0.0166212
0.0165547
0.0164887
0.0164234
0.0163587
0.0162947
0.0162315
0.0161692
0.0161079
0.0160476
0.0159884
0.0159304
0.0158738
0.0158186
0.015765
0.0157131
0.0156631
0.015615
0.0155689
0.0155252
0.0154839
0.0154453
0.0154096
0.0153772
0.0153484
0.0153233
0.0153023
0.0152857
0.0152736
0.0152666
0.0152648
0.0152687
0.0152783
0.0152917
0.0152909
0.0152711
0.0152347
0.0151839
0.0151211
0.0150489
0.0149704
0.0148888
0.0148066
0.0147254
0.0146461
0.0145679
0.014489
0.0144085
0.0143255
0.014241
0.0141588
0.0140826
0.0140226
0.013989
0.0140026
0.0140378
0.0141021
0.0136725
0.0137256
0.0138196
0.0139645
0.0141516
0.0143629
0.0145872
0.0148164
0.0150439
0.0152665
0.0154837
0.0156958
0.0159031
0.0161057
0.0163012
0.0164856
0.0166543
0.0168014
0.0169211
0.0170091
0.0170621
0.0170774
0.0170558
0.0170102
0.01696
0.0169081
0.0168546
0.0167997
0.0167436
0.0166864
0.0166283
0.0165695
0.0165099
0.0164499
0.0163894
0.0163286
0.0162677
0.0162067
0.0161457
0.0160848
0.016024
0.0159635
0.0159033
0.0158435
0.0157841
0.0157252
0.0156669
0.0156092
0.0155522
0.0154958
0.0154403
0.0153857
0.015332
0.0152792
0.0152276
0.0151772
0.015128
0.0150802
0.0150338
0.014989
0.0149459
0.0149047
0.0148653
0.0148279
0.014793
0.0147605
0.0147308
0.0147042
0.0146807
0.0146607
0.0146443
0.0146318
0.0146235
0.0146198
0.0146207
0.0146266
0.0146358
0.0146324
0.0146127
0.0145791
0.0145335
0.0144781
0.0144152
0.0143474
0.0142777
0.0142079
0.0141395
0.0140731
0.0140081
0.0139428
0.0138764
0.0138082
0.0137386
0.013671
0.0136078
0.0135585
0.0135302
0.013543
0.0135723
0.013628
0.0132583
0.0133017
0.0133801
0.0135037
0.0136644
0.0138468
0.014041
0.0142401
0.0144384
0.0146327
0.0148229
0.015009
0.0151914
0.01537
0.0155428
0.0157063
0.0158562
0.0159873
0.0160942
0.0161732
0.016221
0.0162353
0.0162164
0.016176
0.0161316
0.0160854
0.0160377
0.0159886
0.0159384
0.0158872
0.015835
0.0157822
0.0157287
0.0156748
0.0156205
0.0155659
0.0155113
0.0154566
0.015402
0.0153476
0.0152934
0.0152395
0.0151859
0.0151328
0.0150802
0.0150281
0.0149767
0.0149258
0.0148757
0.0148263
0.0147777
0.0147299
0.0146831
0.0146372
0.0145923
0.0145484
0.0145057
0.0144643
0.0144241
0.0143853
0.014348
0.0143122
0.014278
0.0142454
0.0142151
0.0141868
0.0141609
0.0141374
0.0141166
0.0140987
0.0140838
0.0140721
0.0140638
0.0140593
0.0140588
0.0140623
0.0140687
0.0140641
0.0140455
0.0140155
0.0139756
0.0139279
0.0138742
0.013817
0.0137586
0.0137005
0.013644
0.0135895
0.0135364
0.0134833
0.0134293
0.0133738
0.0133169
0.0132614
0.0132089
0.0131677
0.0131428
0.0131534
0.0131759
0.0132222
0.0129046
0.0129378
0.0130007
0.0131041
0.0132401
0.0133955
0.0135619
0.0137332
0.0139042
0.0140724
0.0142375
0.0143994
0.0145585
0.0147147
0.0148663
0.01501
0.015142
0.0152576
0.0153521
0.0154219
0.0154641
0.0154763
0.0154588
0.0154221
0.0153817
0.0153398
0.0152965
0.0152519
0.0152063
0.0151597
0.0151124
0.0150645
0.0150161
0.0149673
0.0149184
0.0148693
0.0148202
0.0147713
0.0147226
0.0146742
0.0146261
0.0145785
0.0145313
0.0144848
0.0144389
0.0143936
0.0143491
0.0143053
0.0142622
0.01422
0.0141787
0.0141382
0.0140987
0.0140601
0.0140225
0.0139859
0.0139504
0.0139161
0.0138828
0.0138508
0.0138201
0.0137907
0.0137626
0.0137358
0.013711
0.0136878
0.0136666
0.0136473
0.0136301
0.0136152
0.0136027
0.0135928
0.0135856
0.0135814
0.0135803
0.0135826
0.0135871
0.0135821
0.0135654
0.0135394
0.0135057
0.0134658
0.0134213
0.0133743
0.0133266
0.0132795
0.013234
0.0131902
0.0131477
0.0131051
0.0130616
0.0130167
0.01297
0.012924
0.0128794
0.0128438
0.0128201
0.0128269
0.0128415
0.0128779
0.0126048
0.012627
0.0126746
0.0127587
0.0128714
0.0130015
0.013142
0.0132874
0.0134331
0.0135769
0.0137185
0.0138578
0.0139951
0.0141303
0.0142618
0.0143868
0.0145019
0.0146027
0.014685
0.0147456
0.0147816
0.014791
0.0147739
0.0147395
0.0147021
0.0146632
0.0146231
0.0145819
0.0145399
0.0144971
0.0144538
0.01441
0.014366
0.0143218
0.0142776
0.0142335
0.0141897
0.0141461
0.0141031
0.0140605
0.0140185
0.0139772
0.0139366
0.0138968
0.0138578
0.0138196
0.0137824
0.0137461
0.0137107
0.0136763
0.0136428
0.0136104
0.0135789
0.0135485
0.0135191
0.0134907
0.0134633
0.0134371
0.0134118
0.0133877
0.0133646
0.0133425
0.0133215
0.0133017
0.0132834
0.0132663
0.0132506
0.0132364
0.0132238
0.0132127
0.0132034
0.0131959
0.0131905
0.0131872
0.0131862
0.0131878
0.013191
0.0131861
0.0131716
0.0131499
0.0131223
0.01309
0.0130544
0.0130171
0.0129794
0.0129423
0.0129064
0.0128718
0.0128381
0.012804
0.0127688
0.0127318
0.0126926
0.0126531
0.0126134
0.0125804
0.0125554
0.0125568
0.0125623
0.0125881
0.0123516
0.0123625
0.0123948
0.0124606
0.0125514
0.012658
0.0127743
0.0128955
0.0130177
0.0131387
0.0132582
0.0133763
0.0134931
0.0136085
0.0137212
0.0138285
0.0139274
0.014014
0.0140844
0.0141358
0.0141655
0.0141715
0.0141538
0.0141208
0.0140853
0.0140485
0.0140108
0.0139723
0.0139331
0.0138935
0.0138536
0.0138136
0.0137736
0.0137337
0.0136941
0.013655
0.0136163
0.0135783
0.013541
0.0135046
0.013469
0.0134343
0.0134007
0.0133682
0.0133368
0.0133065
0.0132774
0.0132494
0.0132226
0.013197
0.0131726
0.0131493
0.0131272
0.0131061
0.0130862
0.0130673
0.0130495
0.0130326
0.0130167
0.0130017
0.0129875
0.0129742
0.0129615
0.0129497
0.012939
0.012929
0.0129199
0.0129116
0.0129041
0.0128975
0.0128919
0.0128873
0.0128838
0.0128816
0.0128808
0.0128818
0.0128836
0.0128787
0.0128662
0.0128486
0.0128267
0.0128015
0.0127739
0.0127452
0.0127161
0.0126873
0.0126592
0.0126317
0.0126044
0.0125761
0.0125462
0.0125139
0.0124787
0.0124422
0.0124039
0.0123704
0.0123414
0.0123357
0.0123311
0.0123455
0.0121373
0.0121365
0.012154
0.0122026
0.0122731
0.012358
0.0124521
0.0125509
0.0126511
0.0127508
0.0128497
0.0129479
0.0130454
0.0131423
0.0132371
0.0133277
0.0134112
0.0134843
0.0135432
0.0135855
0.0136087
0.0136109
0.0135921
0.0135598
0.0135255
0.0134903
0.0134544
0.0134181
0.0133815
0.0133449
0.0133083
0.013272
0.013236
0.0132006
0.0131659
0.013132
0.013099
0.013067
0.0130362
0.0130066
0.0129783
0.0129513
0.0129257
0.0129017
0.012879
0.0128579
0.0128383
0.0128202
0.0128036
0.0127884
0.0127747
0.0127623
0.0127512
0.0127414
0.0127327
0.0127252
0.0127186
0.0127129
0.0127081
0.0127039
0.0127002
0.0126969
0.0126941
0.0126916
0.0126896
0.0126875
0.0126856
0.0126837
0.0126818
0.0126798
0.0126778
0.0126759
0.0126741
0.0126725
0.0126714
0.012671
0.0126707
0.0126649
0.0126536
0.012639
0.0126217
0.0126021
0.0125809
0.0125586
0.0125359
0.0125128
0.0124896
0.0124661
0.0124418
0.0124159
0.0123875
0.012356
0.0123208
0.0122833
0.0122425
0.0122051
0.0121696
0.0121552
0.0121396
0.0121424
0.0119533
0.011941
0.0119445
0.0119775
0.0120295
0.0120947
0.0121685
0.0122469
0.0123269
0.0124069
0.0124867
0.0125664
0.0126459
0.0127254
0.0128035
0.0128783
0.0129474
0.0130075
0.0130555
0.0130889
0.0131057
0.0131039
0.0130837
0.0130516
0.0130182
0.0129844
0.0129503
0.0129162
0.0128823
0.0128488
0.0128159
0.0127837
0.0127525
0.0127222
0.0126932
0.0126655
0.0126393
0.0126146
0.0125916
0.0125703
0.0125508
0.0125332
0.0125176
0.0125038
0.012492
0.0124822
0.0124744
0.0124684
0.0124643
0.0124619
0.0124613
0.0124622
0.0124647
0.0124685
0.0124735
0.0124796
0.0124866
0.0124943
0.0125024
0.0125109
0.0125194
0.0125278
0.012536
0.0125438
0.0125511
0.0125574
0.0125629
0.0125672
0.0125704
0.0125724
0.0125731
0.0125728
0.0125713
0.012569
0.012566
0.0125625
0.0125583
0.01255
0.0125381
0.0125244
0.0125092
0.0124926
0.0124748
0.0124558
0.0124358
0.0124147
0.0123924
0.0123687
0.0123431
0.0123151
0.0122838
0.0122487
0.0122091
0.0121663
0.0121191
0.0120744
0.01203
0.0120058
0.0119785
0.0119697
0.0117905
0.0117672
0.0117577
0.011777
0.011813
0.0118609
0.0119167
0.0119768
0.0120386
0.0121008
0.0121632
0.0122258
0.0122888
0.0123522
0.0124149
0.0124751
0.0125307
0.0125787
0.0126163
0.0126414
0.0126521
0.0126466
0.0126249
0.0125932
0.0125609
0.0125286
0.0124967
0.0124654
0.012435
0.0124055
0.0123773
0.0123505
0.0123252
0.0123017
0.01228
0.0122604
0.0122429
0.0122276
0.0122147
0.0122042
0.0121962
0.0121907
0.0121877
0.0121873
0.0121895
0.0121941
0.0122012
0.0122106
0.0122222
0.012236
0.0122517
0.0122692
0.0122882
0.0123087
0.0123302
0.0123526
0.0123755
0.0123987
0.0124219
0.0124446
0.0124666
0.0124877
0.0125074
0.0125254
0.0125416
0.0125556
0.0125673
0.0125764
0.0125829
0.0125868
0.0125881
0.0125869
0.0125833
0.0125775
0.0125698
0.0125605
0.0125496
0.0125359
0.0125202
0.0125042
0.0124874
0.0124698
0.0124509
0.0124305
0.0124083
0.0123842
0.0123578
0.0123289
0.0122971
0.0122621
0.0122232
0.0121798
0.0121313
0.0120791
0.0120218
0.0119668
0.0119115
0.0118768
0.0118378
0.011818
0.0116386
0.0116053
0.0115844
0.0115924
0.011615
0.0116486
0.0116892
0.0117336
0.0117797
0.0118262
0.0118732
0.0119207
0.011969
0.012018
0.0120667
0.0121138
0.0121571
0.0121941
0.0122224
0.01224
0.0122452
0.0122365
0.0122139
0.0121832
0.0121527
0.012123
0.0120944
0.0120673
0.0120418
0.0120182
0.0119966
0.0119773
0.0119605
0.0119463
0.0119349
0.0119264
0.0119209
0.0119185
0.0119193
0.0119234
0.0119307
0.0119414
0.0119553
0.0119725
0.0119928
0.0120161
0.0120424
0.0120713
0.0121028
0.0121365
0.0121723
0.0122098
0.0122487
0.0122886
0.0123292
0.0123701
0.0124107
0.0124507
0.0124897
0.012527
0.0125623
0.012595
0.0126248
0.0126512
0.012674
0.0126928
0.0127076
0.0127181
0.0127244
0.0127264
0.0127243
0.0127182
0.0127084
0.0126953
0.0126791
0.0126603
0.012639
0.0126163
0.0125929
0.01257
0.0125468
0.0125227
0.0124972
0.0124696
0.0124396
0.0124066
0.0123706
0.0123312
0.0122883
0.0122415
0.0121903
0.0121344
0.0120729
0.0120076
0.0119371
0.0118694
0.0118019
0.0117566
0.0117063
0.0116768
0.0114861
0.0114437
0.0114135
0.0114131
0.0114258
0.0114485
0.0114774
0.0115095
0.0115428
0.0115764
0.0116106
0.0116454
0.0116812
0.0117179
0.0117548
0.0117905
0.0118233
0.011851
0.0118714
0.0118828
0.0118838
0.011873
0.0118509
0.0118226
0.0117956
0.0117703
0.0117473
0.0117268
0.011709
0.0116943
0.0116828
0.0116747
0.0116702
0.0116695
0.0116727
0.0116799
0.0116913
0.0117068
0.0117265
0.0117504
0.0117784
0.0118106
0.0118468
0.0118867
0.0119303
0.0119772
0.0120272
0.0120799
0.012135
0.0121922
0.0122509
0.0123109
0.0123715
0.0124323
0.0124927
0.0125521
0.01261
0.0126657
0.0127185
0.0127678
0.012813
0.0128536
0.0128892
0.0129193
0.0129436
0.0129622
0.0129747
0.0129812
0.0129818
0.0129767
0.0129661
0.0129503
0.0129297
0.0129047
0.0128758
0.0128436
0.0128084
0.0127727
0.0127374
0.0127027
0.0126676
0.0126314
0.0125933
0.0125526
0.0125089
0.0124616
0.0124107
0.0123561
0.0122976
0.012235
0.0121677
0.0120956
0.012018
0.0119367
0.0118507
0.0117687
0.0116881
0.0116328
0.011572
0.0115344
0.0113182
0.0112679
0.0112304
0.0112251
0.0112321
0.0112486
0.0112702
0.0112941
0.0113186
0.0113431
0.0113679
0.0113933
0.0114197
0.0114472
0.0114749
0.011502
0.0115269
0.0115476
0.0115623
0.0115697
0.0115686
0.0115578
0.0115384
0.011515
0.0114943
0.0114768
0.011463
0.0114531
0.0114474
0.0114462
0.0114496
0.011458
0.0114714
0.0114899
0.0115137
0.0115428
0.0115772
0.0116169
0.0116617
0.0117115
0.0117662
0.0118255
0.0118891
0.0119566
0.0120276
0.0121017
0.0121783
0.0122571
0.0123374
0.0124187
0.0125005
0.0125822
0.0126631
0.0127426
0.01282
0.0128945
0.0129652
0.0130313
0.0130923
0.0131474
0.013196
0.0132377
0.0132722
0.013299
0.013318
0.0133295
0.0133333
0.0133297
0.0133188
0.0133011
0.0132769
0.0132469
0.0132113
0.0131709
0.013126
0.0130775
0.0130258
0.0129741
0.0129233
0.0128725
0.0128209
0.0127675
0.0127118
0.012653
0.0125907
0.0125247
0.0124549
0.0123815
0.0123041
0.0122228
0.0121367
0.012046
0.0119499
0.0118506
0.0117472
0.0116495
0.0115552
0.0114907
0.0114202
0.0113764
0.0111143
0.011056
0.011014
0.0110077
0.0110144
0.0110303
0.0110506
0.011072
0.0110931
0.0111136
0.0111339
0.0111546
0.011176
0.0111985
0.0112214
0.0112438
0.0112645
0.0112818
0.0112943
0.011301
0.0113012
0.0112936
0.0112805
0.0112659
0.0112557
0.0112506
0.0112509
0.0112569
0.011269
0.0112872
0.0113119
0.011343
0.0113808
0.0114251
0.0114759
0.0115331
0.0115966
0.011666
0.0117411
0.0118214
0.0119066
0.0119962
0.0120895
0.012186
0.012285
0.0123858
0.0124878
0.0125904
0.0126929
0.0127948
0.0128952
0.0129937
0.0130894
0.0131814
0.0132686
0.0133505
0.0134261
0.0134948
0.0135558
0.0136086
0.0136527
0.0136877
0.0137136
0.0137302
0.0137372
0.0137356
0.0137252
0.0137064
0.0136797
0.0136457
0.0136048
0.0135577
0.013505
0.0134473
0.0133851
0.0133193
0.0132503
0.0131813
0.0131131
0.0130436
0.0129724
0.0128986
0.0128218
0.0127416
0.0126577
0.0125701
0.012479
0.0123845
0.0122864
0.0121844
0.0120779
0.0119668
0.0118502
0.011731
0.0116084
0.0114935
0.0113845
0.0113113
0.0112313
0.0111832
0.0108425
0.0107745
0.0107304
0.0107276
0.0107407
0.0107638
0.0107905
0.0108173
0.0108426
0.0108662
0.0108889
0.0109114
0.0109344
0.0109582
0.0109823
0.0110059
0.0110281
0.0110475
0.011063
0.0110741
0.0110804
0.011081
0.0110783
0.0110768
0.0110818
0.011094
0.0111137
0.011141
0.0111762
0.0112194
0.0112706
0.0113296
0.0113964
0.0114708
0.0115525
0.011641
0.0117359
0.0118367
0.0119428
0.0120535
0.0121681
0.012286
0.0124061
0.0125277
0.0126499
0.012772
0.0128934
0.0130134
0.0131314
0.0132468
0.0133586
0.013466
0.0135681
0.0136641
0.0137532
0.0138346
0.0139074
0.013971
0.0140248
0.0140684
0.0141016
0.0141242
0.0141362
0.0141378
0.014129
0.0141108
0.0140835
0.0140474
0.0140033
0.0139519
0.0138937
0.0138295
0.0137598
0.0136854
0.0136069
0.0135249
0.0134399
0.0133543
0.0132682
0.0131795
0.0130876
0.0129921
0.0128927
0.0127895
0.0126826
0.0125722
0.0124586
0.012342
0.0122221
0.0120983
0.0119698
0.0118364
0.0116973
0.0115556
0.0114108
0.0112759
0.0111496
0.0110671
0.0109761
0.0109249
0.0104538
0.0103719
0.0103278
0.0103328
0.01036
0.0103997
0.0104429
0.0104853
0.0105248
0.0105612
0.0105956
0.010629
0.0106624
0.0106963
0.01073
0.0107633
0.0107949
0.010824
0.0108497
0.0108718
0.0108903
0.0109041
0.0109156
0.0109297
0.0109525
0.0109845
0.011026
0.011077
0.0111373
0.0112069
0.0112856
0.0113729
0.0114685
0.0115719
0.0116825
0.0117997
0.0119227
0.0120508
0.0121831
0.0123186
0.0124567
0.0125962
0.0127361
0.0128754
0.0130135
0.0131496
0.0132832
0.0134138
0.0135403
0.0136622
0.0137786
0.0138886
0.0139914
0.0140861
0.0141717
0.0142476
0.014313
0.0143673
0.0144102
0.0144415
0.014461
0.014469
0.0144656
0.0144512
0.014426
0.0143913
0.0143474
0.0142949
0.0142347
0.0141675
0.0140939
0.0140147
0.0139305
0.0138419
0.0137496
0.0136543
0.0135562
0.013456
0.0133535
0.0132464
0.0131343
0.0130171
0.0128951
0.0127686
0.0126383
0.0125046
0.0123679
0.0122283
0.0120853
0.0119381
0.0117853
0.0116265
0.0114609
0.0112921
0.0111198
0.0109595
0.0108105
0.0107158
0.0106093
0.010555
0.00987682
0.00977338
0.00973119
0.00974754
0.00979689
0.00986349
0.0099347
0.0100046
0.01007
0.0101307
0.010188
0.0102433
0.0102979
0.0103526
0.0104067
0.0104598
0.0105108
0.0105586
0.0106026
0.0106425
0.0106784
0.010708
0.0107334
0.0107607
0.0107987
0.0108477
0.0109078
0.0109786
0.0110599
0.0111513
0.0112522
0.011362
0.0114802
0.011606
0.0117387
0.0118773
0.0120212
0.0121693
0.0123206
0.012474
0.0126287
0.0127834
0.0129369
0.0130884
0.0132373
0.0133832
0.0135254
0.0136632
0.0137959
0.0139224
0.014042
0.0141534
0.0142559
0.0143483
0.0144299
0.0144999
0.0145578
0.0146031
0.0146356
0.0146553
0.0146624
0.0146572
0.0146402
0.0146119
0.0145728
0.0145243
0.0144668
0.0144012
0.0143282
0.0142486
0.0141632
0.0140727
0.0139776
0.0138787
0.0137765
0.0136715
0.0135641
0.0134525
0.0133356
0.0132116
0.0130802
0.0129419
0.0127974
0.0126475
0.0124932
0.0123352
0.012174
0.0120095
0.0118406
0.0116663
0.0114845
0.0112946
0.0110954
0.0108917
0.010683
0.0104884
0.0103075
0.0101947
0.0100641
0.0100052
0.00902293
0.00888837
0.00885054
0.00887904
0.00895654
0.00905844
0.00916734
0.00927533
0.00937759
0.00947318
0.00956396
0.00965169
0.00973795
0.00982386
0.00990872
0.00999174
0.0100715
0.0101464
0.010215
0.010277
0.0103315
0.0103743
0.0104074
0.0104393
0.0104836
0.0105408
0.0106105
0.010692
0.0107849
0.0108885
0.0110022
0.0111254
0.0112574
0.0113972
0.0115442
0.0116975
0.0118561
0.012019
0.0121851
0.012353
0.0125218
0.0126898
0.012856
0.0130199
0.0131812
0.0133394
0.0134935
0.0136426
0.0137855
0.013921
0.014048
0.0141651
0.0142714
0.0143658
0.0144475
0.0145157
0.0145701
0.0146104
0.0146366
0.0146489
0.0146477
0.0146336
0.0146073
0.0145696
0.014521
0.0144631
0.0143966
0.0143222
0.0142408
0.0141533
0.0140605
0.0139629
0.0138613
0.0137562
0.0136481
0.0135376
0.0134248
0.0133047
0.0131756
0.0130359
0.0128856
0.0127259
0.0125579
0.0123831
0.0122027
0.0120175
0.0118279
0.0116337
0.0114332
0.0112247
0.0110058
0.0107753
0.0105321
0.0102821
0.010025
0.00978468
0.00956013
0.00942096
0.00925459
0.00918811
0.0078156
0.00764424
0.00761417
0.00765036
0.00775498
0.00789255
0.00804079
0.00818978
0.00833249
0.00846711
0.00859576
0.00872057
0.00884357
0.00896623
0.00908757
0.0092061
0.00931949
0.00942495
0.00951974
0.00960231
0.00967029
0.00971763
0.00974784
0.00977194
0.00981062
0.00986412
0.00993149
0.0100121
0.0101053
0.0102106
0.0103275
0.0104554
0.0105936
0.0107415
0.0108983
0.0110631
0.0112349
0.0114126
0.0115951
0.0117804
0.0119672
0.0121532
0.0123391
0.0125244
0.0127082
0.0128891
0.0130658
0.0132368
0.0134004
0.0135552
0.0136994
0.0138318
0.013951
0.0140561
0.014146
0.0142203
0.0142786
0.014321
0.0143476
0.0143589
0.0143557
0.0143387
0.0143089
0.0142673
0.0142145
0.0141525
0.0140818
0.0140034
0.0139184
0.0138275
0.0137315
0.0136312
0.013527
0.0134197
0.0133096
0.0131974
0.0130826
0.0129567
0.0128163
0.0126604
0.0124898
0.0123064
0.0121117
0.0119076
0.0116958
0.0114771
0.0112519
0.0110196
0.0107781
0.0105252
0.0102581
0.00997559
0.00967672
0.00936955
0.00905377
0.00875902
0.00848207
0.00830975
0.00809818
0.00802244
0.00626086
0.00606273
0.00604462
0.00607701
0.00619483
0.00635209
0.00652362
0.00669874
0.00686843
0.00702994
0.00718555
0.00733767
0.00748867
0.00764042
0.00779147
0.00793926
0.00808018
0.00820954
0.00832244
0.0084156
0.00848344
0.00852391
0.00854018
0.0085454
0.00856712
0.00860531
0.00865872
0.00872694
0.00880972
0.00890689
0.00901823
0.00914351
0.00928237
0.00943433
0.00959877
0.0097749
0.00996174
0.0101581
0.0103626
0.0105724
0.0107851
0.0110025
0.0112232
0.0114457
0.0116682
0.0118886
0.0121047
0.0123142
0.0125149
0.0127045
0.0128812
0.013043
0.0131887
0.0133169
0.0134268
0.013518
0.0135904
0.0136442
0.0136798
0.0136982
0.0137002
0.0136871
0.0136601
0.0136205
0.013569
0.0135078
0.0134378
0.0133599
0.0132753
0.013185
0.0130896
0.01299
0.0128866
0.0127803
0.0126712
0.0125601
0.0124463
0.0123156
0.0121631
0.0119882
0.0117933
0.011581
0.0113533
0.0111127
0.0108614
0.0106002
0.0103298
0.0100497
0.00975752
0.00945118
0.00912806
0.00878773
0.00843011
0.00806602
0.00769541
0.00735296
0.00703124
0.0068297
0.00657902
0.00649831
0.00453617
0.00434355
0.00434008
0.00435533
0.00446124
0.00460565
0.00476483
0.00492972
0.00509091
0.00524533
0.00539534
0.00554339
0.00569202
0.00584338
0.00599576
0.00614567
0.00628834
0.00641727
0.0065253
0.00660739
0.00665537
0.0066778
0.00667356
0.00665549
0.00665387
0.00666873
0.00669898
0.0067449
0.00680681
0.0068851
0.00698012
0.00709218
0.00722146
0.00736799
0.00753164
0.00771203
0.0079085
0.0081201
0.00834534
0.00858008
0.00882755
0.00908597
0.00935314
0.00962645
0.00990293
0.0101793
0.0104522
0.0107182
0.010974
0.0112166
0.0114431
0.0116513
0.0118392
0.0120055
0.0121493
0.0122702
0.0123681
0.0124438
0.0124979
0.0125318
0.0125468
0.0125444
0.0125262
0.0124939
0.0124486
0.0123927
0.0123272
0.0122534
0.0121725
0.0120856
0.0119936
0.0118972
0.0117971
0.011694
0.011588
0.0114801
0.0113691
0.0112336
0.0110658
0.0108675
0.0106431
0.0103963
0.0101296
0.00984667
0.0095502
0.0092419
0.00892314
0.00859438
0.00825371
0.0079002
0.00753249
0.00715181
0.00675972
0.00636933
0.00598075
0.00562918
0.00530235
0.00509715
0.0048424
0.00477007
0.00295427
0.00280155
0.00281008
0.00280498
0.00288026
0.00298462
0.00309979
0.00321985
0.00333698
0.00344866
0.00355713
0.00366453
0.00377315
0.00388507
0.00399876
0.00411076
0.00421645
0.00430915
0.00438137
0.00442788
0.00444458
0.00444392
0.00442292
0.00439053
0.00437142
0.00436562
0.00437249
0.00439277
0.00442711
0.00447625
0.00454093
0.00462192
0.00472
0.00483592
0.00497034
0.00512384
0.00529677
0.00548924
0.00570051
0.00593223
0.00618566
0.00645906
0.00675011
0.00705575
0.00737222
0.00769514
0.00801972
0.00834103
0.00865417
0.00895455
0.009238
0.00950095
0.00974055
0.00995465
0.0101419
0.0103017
0.0104341
0.0105397
0.0106198
0.0106759
0.0107098
0.0107235
0.010719
0.0106983
0.010663
0.0106158
0.010558
0.0104913
0.0104168
0.010336
0.0102498
0.0101592
0.0100647
0.00996724
0.00986685
0.00976462
0.00965898
0.00951963
0.00933555
0.00911416
0.00886258
0.00858583
0.00828771
0.00797307
0.00764612
0.00730996
0.00696738
0.00662033
0.00626837
0.00591215
0.00555188
0.00519005
0.00482895
0.00448062
0.00414411
0.00384747
0.00357598
0.00340551
0.00319562
0.00314486
0.00174284
0.001641
0.00165483
0.00163782
0.00168217
0.0017438
0.00181108
0.00188093
0.00194792
0.0020105
0.0020704
0.00212915
0.00218835
0.00224954
0.00231157
0.00237192
0.00242731
0.00247298
0.00250352
0.00251563
0.00251129
0.00249876
0.00247562
0.00244654
0.00242614
0.00241408
0.00240994
0.00241436
0.00242784
0.00245093
0.00248423
0.00252843
0.00258426
0.00265253
0.00273412
0.00282994
0.00294092
0.00306797
0.00321246
0.0033787
0.00356748
0.0037788
0.00401226
0.00426673
0.00454019
0.00482967
0.00513127
0.00544025
0.00575128
0.00605867
0.00635673
0.00664011
0.00690409
0.00714485
0.00735953
0.00754637
0.0077046
0.00783438
0.0079366
0.00801275
0.00806476
0.00809479
0.00810515
0.00809813
0.00807572
0.00804058
0.00799443
0.00793904
0.00787598
0.00780657
0.00773193
0.0076531
0.00757071
0.00748572
0.00739805
0.00730889
0.00721681
0.00708396
0.0068983
0.00667654
0.00642869
0.00616062
0.0058771
0.00558384
0.00528588
0.00498702
0.0046905
0.00439858
0.00411131
0.00382936
0.00355286
0.00328333
0.00302178
0.00277578
0.00254329
0.00234168
0.00215885
0.00204302
0.00190174
0.00187316
0.00093173
0.000872328
0.000885566
0.000867044
0.000889989
0.000921048
0.000954295
0.000988465
0.00102032
0.00104908
0.00107592
0.00110174
0.00112747
0.001154
0.00118064
0.00120589
0.00122798
0.00124428
0.0012519
0.00124941
0.00124083
0.00122921
0.0012134
0.00119545
0.00118232
0.00117351
0.00116875
0.00116842
0.00117277
0.00118208
0.00119669
0.00121696
0.00124332
0.00127624
0.00131627
0.00136399
0.00142006
0.00148516
0.00156091
0.00165042
0.00175437
0.00187329
0.00200764
0.00215761
0.002323
0.00250303
0.00269631
0.00290071
0.00311333
0.0033306
0.00354839
0.00376225
0.00396771
0.00416062
0.00433741
0.0044953
0.00463244
0.00474789
0.00484158
0.00491414
0.00496678
0.0050011
0.00501892
0.00502218
0.00501267
0.00499252
0.00496336
0.00492676
0.00488405
0.00483644
0.00478488
0.00473027
0.00467312
0.00461429
0.00455359
0.00449203
0.00442894
0.0043288
0.00418332
0.00401428
0.00383216
0.00364071
0.00344323
0.00324366
0.00304539
0.00285077
0.00266167
0.00247917
0.00230294
0.00213298
0.00196896
0.00181128
0.00166013
0.00151928
0.00138725
0.00127301
0.00116963
0.00110259
0.00102229
0.00100825
0.000440559
0.000410297
0.000419721
0.000405994
0.000416606
0.000429943
0.000443877
0.000458028
0.000470732
0.000481694
0.000491591
0.000500873
0.00050999
0.000519395
0.000528719
0.000537241
0.00054416
0.000548286
0.000548346
0.000543876
0.000537991
0.000531157
0.000523022
0.000514361
0.000508006
0.000503576
0.000500935
0.000500262
0.000501654
0.000505244
0.00051118
0.000519629
0.000530788
0.000544879
0.000562157
0.000582905
0.000607436
0.000636089
0.000669847
0.000710285
0.000757728
0.000812487
0.000874887
0.000945176
0.00102346
0.00110964
0.00120334
0.00130385
0.00141004
0.00152037
0.0016329
0.00174536
0.00185532
0.00196037
0.00205827
0.00214716
0.0022256
0.00229273
0.00234819
0.00239207
0.00242488
0.00244739
0.00246058
0.00246552
0.00246325
0.00245496
0.00244161
0.00242411
0.00240325
0.00237971
0.00235405
0.00232679
0.00229819
0.00226877
0.00223834
0.00220749
0.00217629
0.0021218
0.0020407
0.00194889
0.00185387
0.00175625
0.00165707
0.00155793
0.00146027
0.00136507
0.00127311
0.0011848
0.00109989
0.00101827
0.000939715
0.000864318
0.000792127
0.000724808
0.000661742
0.000606845
0.000557206
0.000523877
0.000485182
0.000478785
0.000171897
0.000159304
0.000164212
0.000157046
0.000161125
0.000165708
0.000170389
0.000175078
0.000179084
0.000182339
0.000185149
0.000187695
0.000190155
0.00019271
0.000195203
0.000197356
0.000198882
0.000199349
0.000198306
0.00019575
0.000192972
0.000190041
0.00018684
0.000183599
0.000181252
0.000179607
0.000178608
0.000178323
0.000178785
0.000180046
0.000182159
0.000185191
0.000189213
0.000194311
0.000200581
0.000208133
0.000217086
0.000227573
0.000240025
0.000255063
0.000272801
0.000293364
0.00031689
0.000343497
0.000373257
0.000406178
0.000442169
0.000481007
0.000522304
0.000565493
0.000609829
0.00065442
0.000698284
0.000740423
0.000779903
0.000815924
0.000847875
0.000875358
0.000898193
0.000916398
0.000930156
0.000939773
0.000945635
0.00094818
0.000947835
0.000945064
0.000940269
0.000933816
0.000926023
0.000917169
0.00090747
0.000897144
0.000886284
0.0008751
0.000863498
0.000851704
0.000839988
0.000817784
0.000784391
0.00074733
0.000710402
0.000673087
0.000635476
0.000598025
0.000561194
0.000525312
0.000490639
0.00045732
0.00042525
0.000394383
0.000364631
0.000336003
0.000308533
0.000282804
0.00025865
0.00023742
0.000218223
0.000204829
0.000189792
0.000187243
4.49561e-05
4.1506e-05
4.30536e-05
4.08159e-05
4.18575e-05
4.28893e-05
4.39248e-05
4.49461e-05
4.57645e-05
4.63762e-05
4.68713e-05
4.72969e-05
4.76992e-05
4.81267e-05
4.85345e-05
4.88515e-05
4.901e-05
4.89044e-05
4.84284e-05
4.76247e-05
4.6821e-05
4.60252e-05
4.52091e-05
4.44175e-05
4.38565e-05
4.34666e-05
4.32339e-05
4.31745e-05
4.32979e-05
4.36166e-05
4.4145e-05
4.48993e-05
4.58985e-05
4.71642e-05
4.87212e-05
5.05974e-05
5.28235e-05
5.54339e-05
5.85502e-05
6.23319e-05
6.68053e-05
7.20024e-05
7.79598e-05
8.47099e-05
9.22758e-05
0.000100665
0.00010986
0.00011981
0.00013042
0.000141547
0.000152997
0.000164536
0.000175904
0.000186836
0.000197084
0.000206436
0.00021473
0.000221862
0.000227785
0.000232505
0.000236072
0.000238567
0.000240091
0.00024076
0.000240687
0.000239991
0.000238775
0.000237136
0.000235154
0.000232901
0.000230433
0.000227804
0.000225037
0.000222187
0.000219225
0.000216205
0.000213263
0.000207341
0.000198482
0.000188851
0.000179589
0.00017035
0.00016109
0.00015189
0.000142842
0.000134015
0.00012547
0.000117237
0.000109292
0.000101621
9.42057e-05
8.7044e-05
8.01477e-05
7.36553e-05
6.75372e-05
6.21113e-05
5.71858e-05
5.3647e-05
4.97303e-05
4.90534e-05
2.42585e-06
2.23837e-06
2.32818e-06
2.19409e-06
2.24888e-06
2.29579e-06
2.34232e-06
2.38732e-06
2.42048e-06
2.44234e-06
2.45818e-06
2.47049e-06
2.48175e-06
2.49457e-06
2.50632e-06
2.51331e-06
2.51219e-06
2.49762e-06
2.46436e-06
2.41638e-06
2.3707e-06
2.32738e-06
2.28493e-06
2.24526e-06
2.21792e-06
2.19919e-06
2.18837e-06
2.18634e-06
2.1936e-06
2.21084e-06
2.23881e-06
2.27838e-06
2.33055e-06
2.39647e-06
2.47747e-06
2.57503e-06
2.69077e-06
2.82654e-06
2.98918e-06
3.18712e-06
3.42159e-06
3.6943e-06
4.00722e-06
4.36213e-06
4.76038e-06
5.20251e-06
5.68784e-06
6.21384e-06
6.77559e-06
7.36543e-06
7.97296e-06
8.58549e-06
9.18893e-06
9.76889e-06
1.0312e-05
1.08068e-05
1.12448e-05
1.16205e-05
1.19316e-05
1.21785e-05
1.23642e-05
1.24929e-05
1.25704e-05
1.26028e-05
1.25961e-05
1.25567e-05
1.24901e-05
1.24013e-05
1.22946e-05
1.21737e-05
1.20415e-05
1.1901e-05
1.1753e-05
1.16006e-05
1.14423e-05
1.12802e-05
1.11256e-05
1.08011e-05
1.03229e-05
9.81366e-06
9.3382e-06
8.86846e-06
8.40017e-06
7.93608e-06
7.47994e-06
7.03461e-06
6.60269e-06
6.1856e-06
5.78191e-06
5.39105e-06
5.01197e-06
4.6446e-06
4.28945e-06
3.95382e-06
3.63568e-06
3.35223e-06
3.09188e-06
2.90306e-06
2.6894e-06
2.65384e-06
)
;

boundaryField
{
    inlet
    {
        type            cyclic;
    }
    outlet
    {
        type            cyclic;
    }
    top
    {
        type            fixedValue;
        value           uniform 1e-15;
    }
    hills
    {
        type            fixedValue;
        value           uniform 1e-15;
    }
    front
    {
        type            empty;
    }
    back
    {
        type            empty;
    }
}


// ************************************************************************* //
